     -8.91926e-17     5.48548e-16    -0.162598
     1.99451e-11     1.24679e-12    15.9971
     3.98788e-11     2.4923e-12    16.0008
     5.97862e-11     3.73712e-12    15.9979
     7.96565e-11     4.97934e-12    15.9974
     9.94766e-11     6.21742e-12    15.9997
     1.19234e-10     7.45118e-12    16.0021
     1.38915e-10     8.68272e-12    15.999
     1.58509e-10     9.90688e-12    15.9999
     1.78003e-10     1.11254e-11    15.9997
     1.97384e-10     1.23369e-11    15.9995
     2.1664e-10     1.35405e-11    15.9994
     2.3576e-10     1.47352e-11    15.9999
     2.54731e-10     1.59213e-11    15.9994
     2.73542e-10     1.70965e-11    15.9999
     2.92179e-10     1.82618e-11    15.9995
     3.10632e-10     1.94159e-11    15.9989
     3.28888e-10     2.05563e-11    15.9994
     3.46937e-10     2.16844e-11    15.9994
     3.64766e-10     2.27995e-11    15.9989
     3.82367e-10     2.38978e-11    16.0001
     3.99723e-10     2.49847e-11    15.9987
     4.16828e-10     2.60528e-11    15.9994
     4.3367e-10     2.71054e-11    15.9994
     4.50239e-10     2.81416e-11    15.999
     4.66523e-10     2.91579e-11    15.9999
     4.82511e-10     3.01608e-11    15.998
     4.98195e-10     3.114e-11    15.9986
     5.13566e-10     3.21001e-11    15.9989
     5.28613e-10     3.30402e-11    15.9991
     5.43324e-10     3.39599e-11    15.999
     5.5769e-10     3.48581e-11    15.9989
     5.71707e-10     3.57341e-11    15.9989
     5.8536e-10     3.65887e-11    15.9984
     5.98647e-10     3.74183e-11    15.9988
     6.11555e-10     3.82225e-11    15.9999
     6.24074e-10     3.90062e-11    15.9993
     6.362e-10     3.97662e-11    15.9985
     6.47925e-10     4.04992e-11    15.9985
     6.59242e-10     4.12067e-11    15.9984
     6.70137e-10     4.18882e-11    15.9982
     6.80614e-10     4.2542e-11    15.9987
     6.90661e-10     4.31696e-11    15.9988
     7.00271e-10     4.37675e-11    15.9998
     7.09439e-10     4.43442e-11    15.9985
     7.18157e-10     4.48908e-11    15.9979
     7.26422e-10     4.54066e-11    15.9982
     7.34232e-10     4.58935e-11    15.9986
     7.41576e-10     4.63497e-11    15.9996
     7.48448e-10     4.67794e-11    15.9995
     7.54847e-10     4.7184e-11    15.9979
     7.60775e-10     4.75509e-11    15.9992
     7.66218e-10     4.78916e-11    15.999
     7.71183e-10     4.82018e-11    15.9991
     7.75655e-10     4.84801e-11    15.9994
     7.79638e-10     4.87309e-11    15.9988
     7.83129e-10     4.8949e-11    15.9989
     7.86126e-10     4.91344e-11    15.9995
     7.88625e-10     4.92903e-11    15.9996
     7.90628e-10     4.94149e-11    15.9998
     7.92131e-10     4.95104e-11    15.9993
     7.9313e-10     4.95733e-11    15.9991
     7.93633e-10     4.96051e-11    15.999
     7.93633e-10     4.96047e-11    15.9992
     7.93133e-10     4.95727e-11    15.9994
     7.92132e-10     4.95104e-11    15.9993
     7.90627e-10     4.94149e-11    15.9998
     7.88627e-10     4.92919e-11    15.9991
     7.86126e-10     4.91361e-11    15.9989
     7.8313e-10     4.8948e-11    15.9992
     7.79638e-10     4.87297e-11    15.9992
     7.75654e-10     4.84794e-11    15.9996
     7.71184e-10     4.81994e-11    15.9998
     7.66218e-10     4.78904e-11    15.9994
     7.60777e-10     4.75502e-11    15.9995
     7.5485e-10     4.71798e-11    15.9994
     7.48447e-10     4.67805e-11    15.9991
     7.41573e-10     4.63487e-11    15.9999
     7.34228e-10     4.58953e-11    15.9979
     7.26422e-10     4.54037e-11    15.9992
     7.18159e-10     4.48864e-11    15.9995
     7.09441e-10     4.43429e-11    15.999
     7.00271e-10     4.3769e-11    15.9992
     6.90662e-10     4.31686e-11    15.9992
     6.80616e-10     4.25409e-11    15.9991
     6.70138e-10     4.18864e-11    15.9989
     6.59241e-10     4.12053e-11    15.9989
     6.47925e-10     4.04983e-11    15.9988
     6.36202e-10     3.9766e-11    15.9987
     6.24075e-10     3.9007e-11    15.9991
     6.11554e-10     3.82246e-11    15.999
     5.98647e-10     3.74181e-11    15.9989
     5.85362e-10     3.65886e-11    15.9985
     5.71708e-10     3.57352e-11    15.9984
     5.5769e-10     3.48582e-11    15.9988
     5.43324e-10     3.39603e-11    15.9988
     5.28612e-10     3.30402e-11    15.999
     5.13567e-10     3.21005e-11    15.9987
     4.98196e-10     3.11401e-11    15.9985
     4.82512e-10     3.01597e-11    15.9986
     4.66523e-10     2.9159e-11    15.9993
     4.5024e-10     2.8142e-11    15.9988
     4.3367e-10     2.7107e-11    15.9985
     4.16829e-10     2.60535e-11    15.999
     3.99724e-10     2.49837e-11    15.9994
     3.82366e-10     2.39003e-11    15.9984
     3.64766e-10     2.28015e-11    15.9974
     3.46938e-10     2.16854e-11    15.9987
     3.28889e-10     2.05556e-11    16
     3.10633e-10     1.94153e-11    15.9994
     2.92179e-10     1.82629e-11    15.9985
     2.73542e-10     1.70978e-11    15.9986
     2.54731e-10     1.59213e-11    15.9994
     2.35761e-10     1.4735e-11    16.0001
     2.1664e-10     1.35407e-11    15.9992
     1.97385e-10     1.2337e-11    15.9993
     1.78004e-10     1.11249e-11    16.0005
     1.58509e-10     9.90744e-12    15.999
     1.38915e-10     8.68261e-12    15.9992
     1.19234e-10     7.45201e-12    16.0002
     9.94771e-11     6.21683e-12    16.0013
     7.96567e-11     4.97873e-12    15.9994
     5.97862e-11     3.73686e-12    15.9991
     3.98787e-11     2.49287e-12    15.9971
     1.99453e-11     1.24679e-12    15.9973
     -2.25737e-16     4.75688e-16    -0.474549
     -1.99454e-11     -1.24646e-12    16.0016
     -3.98791e-11     -2.4924e-12    16.0002
     -5.9786e-11     -3.73664e-12    16
     -7.96572e-11     -4.97821e-12    16.0012
     -9.94767e-11     -6.21786e-12    15.9985
     -1.19234e-10     -7.45171e-12    16.0009
     -1.38915e-10     -8.68314e-12    15.9982
     -1.58509e-10     -9.90855e-12    15.9972
     -1.78003e-10     -1.11262e-11    15.9985
     -1.97385e-10     -1.23377e-11    15.9985
     -2.16641e-10     -1.35418e-11    15.9979
     -2.35761e-10     -1.47352e-11    15.9999
     -2.54732e-10     -1.59213e-11    15.9995
     -2.73542e-10     -1.70978e-11    15.9986
     -2.9218e-10     -1.82613e-11    16
     -3.10632e-10     -1.94153e-11    15.9993
     -3.28888e-10     -2.05561e-11    15.9995
     -3.46936e-10     -2.16849e-11    15.999
     -3.64767e-10     -2.27998e-11    15.9987
     -3.82367e-10     -2.38985e-11    15.9996
     -3.99723e-10     -2.49847e-11    15.9987
     -4.16829e-10     -2.60527e-11    15.9995
     -4.33671e-10     -2.71059e-11    15.9992
     -4.50239e-10     -2.81408e-11    15.9995
     -4.66522e-10     -2.91601e-11    15.9986
     -4.82512e-10     -3.01593e-11    15.9988
     -4.98195e-10     -3.114e-11    15.9986
     -5.13566e-10     -3.21002e-11    15.9988
     -5.28612e-10     -3.30388e-11    15.9997
     -5.43322e-10     -3.39601e-11    15.9989
     -5.57691e-10     -3.48559e-11    15.9999
     -5.71708e-10     -3.5733e-11    15.9994
     -5.85362e-10     -3.65863e-11    15.9995
     -5.98645e-10     -3.74174e-11    15.9991
     -6.11554e-10     -3.82241e-11    15.9992
     -6.24076e-10     -3.90071e-11    15.999
     -6.362e-10     -3.97655e-11    15.9988
     -6.47924e-10     -4.04998e-11    15.9982
     -6.5924e-10     -4.12047e-11    15.9991
     -6.70137e-10     -4.18867e-11    15.9988
     -6.80614e-10     -4.2541e-11    15.999
     -6.90661e-10     -4.31681e-11    15.9993
     -7.00271e-10     -4.3768e-11    15.9996
     -7.0944e-10     -4.43409e-11    15.9997
     -7.18158e-10     -4.48868e-11    15.9993
     -7.26422e-10     -4.5403e-11    15.9994
     -7.34232e-10     -4.58911e-11    15.9995
     -7.41574e-10     -4.63503e-11    15.9994
     -7.48448e-10     -4.67806e-11    15.9991
     -7.54851e-10     -4.71783e-11    16
     -7.60776e-10     -4.75509e-11    15.9992
     -7.66218e-10     -4.78917e-11    15.999
     -7.71184e-10     -4.82001e-11    15.9996
     -7.75653e-10     -4.84788e-11    15.9999
     -7.79638e-10     -4.87299e-11    15.9992
     -7.8313e-10     -4.8947e-11    15.9996
     -7.86126e-10     -4.91348e-11    15.9994
     -7.88626e-10     -4.92896e-11    15.9999
     -7.90626e-10     -4.94165e-11    15.9992
     -7.92131e-10     -4.95076e-11    16.0002
     -7.93131e-10     -4.95735e-11    15.9991
     -7.93632e-10     -4.96047e-11    15.9991
     -7.93634e-10     -4.96024e-11    15.9999
     -7.93132e-10     -4.95718e-11    15.9997
     -7.9213e-10     -4.95113e-11    15.999
     -7.90625e-10     -4.94168e-11    15.9991
     -7.88626e-10     -4.92925e-11    15.9989
     -7.86127e-10     -4.91334e-11    15.9999
     -7.83129e-10     -4.89471e-11    15.9995
     -7.79639e-10     -4.87301e-11    15.9991
     -7.75654e-10     -4.84819e-11    15.9988
     -7.71183e-10     -4.82014e-11    15.9992
     -7.66219e-10     -4.78888e-11    16
     -7.60775e-10     -4.75522e-11    15.9987
     -7.54852e-10     -4.71772e-11    16.0004
     -7.48447e-10     -4.6782e-11    15.9986
     -7.41572e-10     -4.63508e-11    15.9991
     -7.34231e-10     -4.58918e-11    15.9992
     -7.26421e-10     -4.54069e-11    15.998
     -7.18159e-10     -4.48868e-11    15.9994
     -7.09439e-10     -4.4343e-11    15.9989
     -7.00271e-10     -4.37699e-11    15.9989
     -6.9066e-10     -4.31699e-11    15.9986
     -6.80614e-10     -4.25406e-11    15.9991
     -6.70138e-10     -4.18853e-11    15.9994
     -6.5924e-10     -4.12067e-11    15.9984
     -6.47925e-10     -4.04974e-11    15.9992
     -6.36202e-10     -3.97643e-11    15.9993
     -6.24077e-10     -3.90055e-11    15.9997
     -6.11556e-10     -3.82223e-11    16
     -5.98647e-10     -3.74182e-11    15.9988
     -5.85361e-10     -3.65877e-11    15.9988
     -5.71708e-10     -3.57337e-11    15.9991
     -5.57691e-10     -3.48581e-11    15.9989
     -5.43324e-10     -3.39604e-11    15.9988
     -5.28614e-10     -3.30382e-11    16.0001
     -5.13565e-10     -3.20994e-11    15.9992
     -4.98196e-10     -3.11383e-11    15.9995
     -4.82512e-10     -3.01595e-11    15.9987
     -4.66522e-10     -2.91606e-11    15.9984
     -4.50239e-10     -2.8141e-11    15.9994
     -4.33672e-10     -2.71053e-11    15.9995
     -4.1683e-10     -2.60533e-11    15.9991
     -3.99723e-10     -2.49852e-11    15.9984
     -3.82367e-10     -2.39001e-11    15.9986
     -3.64767e-10     -2.28009e-11    15.9979
     -3.46937e-10     -2.16859e-11    15.9983
     -3.28888e-10     -2.05578e-11    15.9982
     -3.10632e-10     -1.94157e-11    15.999
     -2.92179e-10     -1.82622e-11    15.9991
     -2.73544e-10     -1.70957e-11    16.0007
     -2.54732e-10     -1.59218e-11    15.999
     -2.35761e-10     -1.47367e-11    15.9982
     -2.1664e-10     -1.35411e-11    15.9988
     -1.97385e-10     -1.23365e-11    16
     -1.78003e-10     -1.11266e-11    15.998
     -1.5851e-10     -9.90655e-12    16.0005
     -1.38915e-10     -8.68389e-12    15.9968
     -1.19235e-10     -7.45221e-12    15.9999
     -9.94765e-11     -6.21853e-12    15.9968
     -7.96566e-11     -4.9791e-12    15.9982
     -5.97859e-11     -3.73672e-12    15.9996
     -3.98785e-11     -2.49252e-12    15.9993
     -1.99457e-11     -1.24607e-12    16.0069
     -9.46969e-17     3.14247e-16    -0.301346
     1.99448e-11     1.24754e-12    15.9873
     3.98785e-11     2.49203e-12    16.0024
     5.97864e-11     3.73696e-12    15.9987
     7.96566e-11     4.97931e-12    15.9975
     9.94771e-11     6.21715e-12    16.0004
     1.19234e-10     7.45234e-12    15.9995
     1.38915e-10     8.6835e-12    15.9976
     1.5851e-10     9.90788e-12    15.9984
     1.78003e-10     1.11267e-11    15.9978
     1.97384e-10     1.23374e-11    15.9988
     2.16641e-10     1.35411e-11    15.9987
     2.3576e-10     1.47354e-11    15.9995
     2.54731e-10     1.59213e-11    15.9994
     2.73542e-10     1.70969e-11    15.9995
     2.92179e-10     1.82621e-11    15.9992
     3.10631e-10     1.94155e-11    15.9992
     3.28887e-10     2.05566e-11    15.9991
     3.46938e-10     2.16837e-11    16
     3.64767e-10     2.27998e-11    15.9987
     3.82366e-10     2.38989e-11    15.9993
     3.99724e-10     2.49841e-11    15.9991
     4.16829e-10     2.60527e-11    15.9995
     4.33671e-10     2.71057e-11    15.9992
     4.50239e-10     2.8142e-11    15.9988
     4.66523e-10     2.91592e-11    15.9991
     4.82513e-10     3.0157e-11    16.0001
     4.98195e-10     3.11389e-11    15.9991
     5.13567e-10     3.20967e-11    16.0006
     5.28611e-10     3.30393e-11    15.9994
     5.43324e-10     3.39586e-11    15.9996
     5.57691e-10     3.4856e-11    15.9999
     5.71708e-10     3.57323e-11    15.9997
     5.85362e-10     3.65856e-11    15.9998
     5.98647e-10     3.74165e-11    15.9995
     6.11554e-10     3.82242e-11    15.9991
     6.24076e-10     3.9004e-11    16.0003
     6.36203e-10     3.9764e-11    15.9995
     6.47926e-10     4.04984e-11    15.9988
     6.59241e-10     4.12044e-11    15.9993
     6.70139e-10     4.18869e-11    15.9988
     6.80615e-10     4.25407e-11    15.9991
     6.90662e-10     4.31692e-11    15.9989
     7.00273e-10     4.3769e-11    15.9993
     7.0944e-10     4.43426e-11    15.9991
     7.18158e-10     4.48863e-11    15.9995
     7.26425e-10     4.54001e-11    16.0005
     7.34232e-10     4.58918e-11    15.9992
     7.41574e-10     4.63494e-11    15.9997
     7.48449e-10     4.678e-11    15.9993
     7.54851e-10     4.71783e-11    16
     7.60775e-10     4.75497e-11    15.9996
     7.66219e-10     4.78918e-11    15.999
     7.71183e-10     4.82016e-11    15.9991
     7.75656e-10     4.84799e-11    15.9995
     7.79639e-10     4.87282e-11    15.9997
     7.83127e-10     4.89498e-11    15.9986
     7.86127e-10     4.91344e-11    15.9995
     7.88626e-10     4.929e-11    15.9997
     7.90625e-10     4.94176e-11    15.9989
     7.92131e-10     4.95116e-11    15.9989
     7.93132e-10     4.95731e-11    15.9992
     7.93634e-10     4.9603e-11    15.9997
     7.93634e-10     4.96033e-11    15.9996
     7.93133e-10     4.9572e-11    15.9996
     7.92132e-10     4.95105e-11    15.9993
     7.90626e-10     4.94167e-11    15.9992
     7.88626e-10     4.92916e-11    15.9992
     7.86127e-10     4.91347e-11    15.9994
     7.8313e-10     4.89467e-11    15.9996
     7.79639e-10     4.87301e-11    15.9991
     7.75655e-10     4.84783e-11    16
     7.71182e-10     4.82004e-11    15.9995
     7.66217e-10     4.78926e-11    15.9987
     7.60776e-10     4.75509e-11    15.9992
     7.5485e-10     4.7179e-11    15.9997
     7.48449e-10     4.67785e-11    15.9999
     7.41574e-10     4.63501e-11    15.9994
     7.3423e-10     4.58926e-11    15.9989
     7.26424e-10     4.54015e-11    16
     7.18158e-10     4.48868e-11    15.9993
     7.0944e-10     4.43418e-11    15.9994
     7.00272e-10     4.37694e-11    15.9991
     6.90662e-10     4.31681e-11    15.9993
     6.80616e-10     4.25392e-11    15.9997
     6.70139e-10     4.18859e-11    15.9991
     6.59241e-10     4.12045e-11    15.9993
     6.47926e-10     4.04972e-11    15.9993
     6.36201e-10     3.97642e-11    15.9993
     6.24074e-10     3.90059e-11    15.9995
     6.11554e-10     3.82239e-11    15.9993
     5.98646e-10     3.74174e-11    15.9991
     5.85361e-10     3.65885e-11    15.9985
     5.71709e-10     3.57324e-11    15.9997
     5.57691e-10     3.48571e-11    15.9994
     5.43323e-10     3.39598e-11    15.999
     5.28613e-10     3.3038e-11    16.0002
     5.13567e-10     3.20997e-11    15.9991
     4.98196e-10     3.11392e-11    15.999
     4.82513e-10     3.01581e-11    15.9995
     4.66523e-10     2.91583e-11    15.9997
     4.50241e-10     2.81402e-11    15.9999
     4.33671e-10     2.71054e-11    15.9995
     4.16829e-10     2.60516e-11    16.0001
     3.99724e-10     2.49839e-11    15.9993
     3.82366e-10     2.38987e-11    15.9994
     3.64768e-10     2.27979e-11    16.0001
     3.46937e-10     2.16842e-11    15.9995
     3.28888e-10     2.05557e-11    15.9998
     3.10632e-10     1.94154e-11    15.9992
     2.9218e-10     1.82617e-11    15.9996
     2.73542e-10     1.70964e-11    16
     2.54731e-10     1.59212e-11    15.9995
     2.35761e-10     1.47339e-11    16.0013
     2.16641e-10     1.35397e-11    16.0004
     1.97385e-10     1.23366e-11    15.9999
     1.78004e-10     1.11248e-11    16.0006
     1.58509e-10     9.90627e-12    16.0009
     1.38915e-10     8.6823e-12    15.9997
     1.19234e-10     7.45168e-12    16.0009
     9.9476e-11     6.21758e-12    15.9991
     7.9657e-11     4.97832e-12    16.0008
     5.97861e-11     3.73725e-12    15.9974
     3.98789e-11     2.49173e-12    16.0045
     1.99452e-11     1.24679e-12    15.9972
     -2.81589e-17     1.21284e-16    -0.232174
     -1.99447e-11     -1.24705e-12    15.9936
     -3.98784e-11     -2.49205e-12    16.0023
     -5.97858e-11     -3.73732e-12    15.997
     -7.96568e-11     -4.97791e-12    16.0021
     -9.94769e-11     -6.21721e-12    16.0003
     -1.19234e-10     -7.4506e-12    16.0033
     -1.38915e-10     -8.6823e-12    15.9998
     -1.58509e-10     -9.90671e-12    16.0001
     -1.78003e-10     -1.11256e-11    15.9993
     -1.97385e-10     -1.2337e-11    15.9994
     -2.16641e-10     -1.35404e-11    15.9996
     -2.35761e-10     -1.47352e-11    15.9998
     -2.54732e-10     -1.59212e-11    15.9995
     -2.73542e-10     -1.70978e-11    15.9986
     -2.9218e-10     -1.82618e-11    15.9995
     -3.10633e-10     -1.9413e-11    16.0013
     -3.28888e-10     -2.05558e-11    15.9997
     -3.46937e-10     -2.16843e-11    15.9995
     -3.64767e-10     -2.27976e-11    16.0003
     -3.82367e-10     -2.38981e-11    15.9999
     -3.99724e-10     -2.49835e-11    15.9995
     -4.16828e-10     -2.60529e-11    15.9993
     -4.33671e-10     -2.71054e-11    15.9994
     -4.50239e-10     -2.81413e-11    15.9992
     -4.66523e-10     -2.91585e-11    15.9996
     -4.82513e-10     -3.0156e-11    16.0006
     -4.98196e-10     -3.11385e-11    15.9993
     -5.13566e-10     -3.20977e-11    16.0001
     -5.28612e-10     -3.30371e-11    16.0006
     -5.43323e-10     -3.39592e-11    15.9993
     -5.5769e-10     -3.48567e-11    15.9995
     -5.71706e-10     -3.57319e-11    15.9999
     -5.85362e-10     -3.6587e-11    15.9992
     -5.98646e-10     -3.74175e-11    15.9991
     -6.11554e-10     -3.82223e-11    15.9999
     -6.24075e-10     -3.90069e-11    15.9991
     -6.36201e-10     -3.97636e-11    15.9996
     -6.47925e-10     -4.04975e-11    15.9992
     -6.59241e-10     -4.12047e-11    15.9992
     -6.70138e-10     -4.18843e-11    15.9998
     -6.80617e-10     -4.25402e-11    15.9994
     -6.90661e-10     -4.31685e-11    15.9992
     -7.00271e-10     -4.37693e-11    15.9991
     -7.0944e-10     -4.43408e-11    15.9997
     -7.18158e-10     -4.48865e-11    15.9994
     -7.26423e-10     -4.54047e-11    15.9989
     -7.34229e-10     -4.58937e-11    15.9985
     -7.41574e-10     -4.63526e-11    15.9985
     -7.48449e-10     -4.67788e-11    15.9997
     -7.54849e-10     -4.71804e-11    15.9992
     -7.60775e-10     -4.75517e-11    15.9989
     -7.66218e-10     -4.7891e-11    15.9992
     -7.71183e-10     -4.81998e-11    15.9997
     -7.75653e-10     -4.84802e-11    15.9994
     -7.7964e-10     -4.87308e-11    15.9989
     -7.8313e-10     -4.89472e-11    15.9995
     -7.86126e-10     -4.91353e-11    15.9992
     -7.88627e-10     -4.92913e-11    15.9993
     -7.90628e-10     -4.94136e-11    16.0002
     -7.9213e-10     -4.95132e-11    15.9984
     -7.93131e-10     -4.95743e-11    15.9988
     -7.93634e-10     -4.96041e-11    15.9994
     -7.93632e-10     -4.96063e-11    15.9986
     -7.9313e-10     -4.95735e-11    15.9991
     -7.92132e-10     -4.95108e-11    15.9992
     -7.90625e-10     -4.94175e-11    15.9989
     -7.88625e-10     -4.9291e-11    15.9994
     -7.86126e-10     -4.91349e-11    15.9993
     -7.83129e-10     -4.89486e-11    15.999
     -7.79639e-10     -4.87302e-11    15.9991
     -7.75654e-10     -4.84812e-11    15.9991
     -7.71185e-10     -4.82007e-11    15.9995
     -7.66218e-10     -4.78908e-11    15.9993
     -7.60775e-10     -4.75516e-11    15.9989
     -7.54852e-10     -4.71765e-11    16.0006
     -7.48447e-10     -4.67801e-11    15.9993
     -7.41571e-10     -4.63529e-11    15.9984
     -7.34232e-10     -4.58931e-11    15.9988
     -7.26424e-10     -4.54038e-11    15.9992
     -7.18158e-10     -4.48873e-11    15.9991
     -7.09441e-10     -4.43416e-11    15.9994
     -7.0027e-10     -4.37695e-11    15.999
     -6.9066e-10     -4.31691e-11    15.9989
     -6.80615e-10     -4.25419e-11    15.9987
     -6.70138e-10     -4.18856e-11    15.9993
     -6.59243e-10     -4.12045e-11    15.9993
     -6.47926e-10     -4.04968e-11    15.9994
     -6.36202e-10     -3.97625e-11    16
     -6.24075e-10     -3.90055e-11    15.9997
     -6.11553e-10     -3.82249e-11    15.9988
     -5.98646e-10     -3.74177e-11    15.999
     -5.85361e-10     -3.65887e-11    15.9984
     -5.71708e-10     -3.57323e-11    15.9998
     -5.57692e-10     -3.48551e-11    16.0003
     -5.43325e-10     -3.39598e-11    15.9991
     -5.28611e-10     -3.30415e-11    15.9984
     -5.13568e-10     -3.20974e-11    16.0003
     -4.98195e-10     -3.11398e-11    15.9987
     -4.82513e-10     -3.01573e-11    15.9999
     -4.66523e-10     -2.91581e-11    15.9998
     -4.50239e-10     -2.81408e-11    15.9995
     -4.33671e-10     -2.71058e-11    15.9992
     -4.1683e-10     -2.60526e-11    15.9995
     -3.99723e-10     -2.49855e-11    15.9982
     -3.82366e-10     -2.38995e-11    15.9989
     -3.64767e-10     -2.2799e-11    15.9992
     -3.46937e-10     -2.1685e-11    15.9989
     -3.28888e-10     -2.05582e-11    15.9979
     -3.10633e-10     -1.94141e-11    16.0004
     -2.92178e-10     -1.8263e-11    15.9984
     -2.73542e-10     -1.70965e-11    15.9999
     -2.54732e-10     -1.59208e-11    16
     -2.3576e-10     -1.4736e-11    15.9988
     -2.1664e-10     -1.35398e-11    16.0003
     -1.97385e-10     -1.2337e-11    15.9994
     -1.78003e-10     -1.11261e-11    15.9987
     -1.58509e-10     -9.90746e-12    15.9989
     -1.38915e-10     -8.68269e-12    15.9991
     -1.19234e-10     -7.45143e-12    16.0015
     -9.94763e-11     -6.21704e-12    16.0006
     -7.96563e-11     -4.97859e-12    15.9998
     -5.97862e-11     -3.73693e-12    15.9988
     -3.98789e-11     -2.49174e-12    16.0045
     -1.99459e-11     -1.24708e-12    15.994
     -8.91926e-17     5.48548e-16    -0.162598
     1.99451e-11     1.24679e-12    15.9971
     3.98788e-11     2.4923e-12    16.0008
     5.97862e-11     3.73712e-12    15.9979
     7.96565e-11     4.97934e-12    15.9974
     9.94766e-11     6.21742e-12    15.9997
     1.19234e-10     7.45118e-12    16.0021
     1.38915e-10     8.68272e-12    15.999
     1.58509e-10     9.90688e-12    15.9999
     1.78003e-10     1.11254e-11    15.9997
     1.97384e-10     1.23369e-11    15.9995
     2.1664e-10     1.35405e-11    15.9994
     2.3576e-10     1.47352e-11    15.9999
     2.54731e-10     1.59213e-11    15.9994
     2.73542e-10     1.70965e-11    15.9999
     2.92179e-10     1.82618e-11    15.9995
     3.10632e-10     1.94159e-11    15.9989
     3.28888e-10     2.05563e-11    15.9994
     3.46937e-10     2.16844e-11    15.9994
     3.64766e-10     2.27995e-11    15.9989
     3.82367e-10     2.38978e-11    16.0001
     3.99723e-10     2.49847e-11    15.9987
     4.16828e-10     2.60528e-11    15.9994
     4.3367e-10     2.71054e-11    15.9994
     4.50239e-10     2.81416e-11    15.999
     4.66523e-10     2.91579e-11    15.9999
     4.82511e-10     3.01608e-11    15.998
     4.98195e-10     3.114e-11    15.9986
     5.13566e-10     3.21001e-11    15.9989
     5.28613e-10     3.30402e-11    15.9991
     5.43324e-10     3.39599e-11    15.999
     5.5769e-10     3.48581e-11    15.9989
     5.71707e-10     3.57341e-11    15.9989
     5.8536e-10     3.65887e-11    15.9984
     5.98647e-10     3.74183e-11    15.9988
     6.11555e-10     3.82225e-11    15.9999
     6.24074e-10     3.90062e-11    15.9993
     6.362e-10     3.97662e-11    15.9985
     6.47925e-10     4.04992e-11    15.9985
     6.59242e-10     4.12067e-11    15.9984
     6.70137e-10     4.18882e-11    15.9982
     6.80614e-10     4.2542e-11    15.9987
     6.90661e-10     4.31696e-11    15.9988
     7.00271e-10     4.37675e-11    15.9998
     7.09439e-10     4.43442e-11    15.9985
     7.18157e-10     4.48908e-11    15.9979
     7.26422e-10     4.54066e-11    15.9982
     7.34232e-10     4.58935e-11    15.9986
     7.41576e-10     4.63497e-11    15.9996
     7.48448e-10     4.67794e-11    15.9995
     7.54847e-10     4.7184e-11    15.9979
     7.60775e-10     4.75509e-11    15.9992
     7.66218e-10     4.78916e-11    15.999
     7.71183e-10     4.82018e-11    15.9991
     7.75655e-10     4.84801e-11    15.9994
     7.79638e-10     4.87309e-11    15.9988
     7.83129e-10     4.8949e-11    15.9989
     7.86126e-10     4.91344e-11    15.9995
     7.88625e-10     4.92903e-11    15.9996
     7.90628e-10     4.94149e-11    15.9998
     7.92131e-10     4.95104e-11    15.9993
     7.9313e-10     4.95733e-11    15.9991
     7.93633e-10     4.96051e-11    15.999
     7.93633e-10     4.96047e-11    15.9992
     7.93133e-10     4.95727e-11    15.9994
     7.92132e-10     4.95104e-11    15.9993
     7.90627e-10     4.94149e-11    15.9998
     7.88627e-10     4.92919e-11    15.9991
     7.86126e-10     4.91361e-11    15.9989
     7.8313e-10     4.8948e-11    15.9992
     7.79638e-10     4.87297e-11    15.9992
     7.75654e-10     4.84794e-11    15.9996
     7.71184e-10     4.81994e-11    15.9998
     7.66218e-10     4.78904e-11    15.9994
     7.60777e-10     4.75502e-11    15.9995
     7.5485e-10     4.71798e-11    15.9994
     7.48447e-10     4.67805e-11    15.9991
     7.41573e-10     4.63487e-11    15.9999
     7.34228e-10     4.58953e-11    15.9979
     7.26422e-10     4.54037e-11    15.9992
     7.18159e-10     4.48864e-11    15.9995
     7.09441e-10     4.43429e-11    15.999
     7.00271e-10     4.3769e-11    15.9992
     6.90662e-10     4.31686e-11    15.9992
     6.80616e-10     4.25409e-11    15.9991
     6.70138e-10     4.18864e-11    15.9989
     6.59241e-10     4.12053e-11    15.9989
     6.47925e-10     4.04983e-11    15.9988
     6.36202e-10     3.9766e-11    15.9987
     6.24075e-10     3.9007e-11    15.9991
     6.11554e-10     3.82246e-11    15.999
     5.98647e-10     3.74181e-11    15.9989
     5.85362e-10     3.65886e-11    15.9985
     5.71708e-10     3.57352e-11    15.9984
     5.5769e-10     3.48582e-11    15.9988
     5.43324e-10     3.39603e-11    15.9988
     5.28612e-10     3.30402e-11    15.999
     5.13567e-10     3.21005e-11    15.9987
     4.98196e-10     3.11401e-11    15.9985
     4.82512e-10     3.01597e-11    15.9986
     4.66523e-10     2.9159e-11    15.9993
     4.5024e-10     2.8142e-11    15.9988
     4.3367e-10     2.7107e-11    15.9985
     4.16829e-10     2.60535e-11    15.999
     3.99724e-10     2.49837e-11    15.9994
     3.82366e-10     2.39003e-11    15.9984
     3.64766e-10     2.28015e-11    15.9974
     3.46938e-10     2.16854e-11    15.9987
     3.28889e-10     2.05556e-11    16
     3.10633e-10     1.94153e-11    15.9994
     2.92179e-10     1.82629e-11    15.9985
     2.73542e-10     1.70978e-11    15.9986
     2.54731e-10     1.59213e-11    15.9994
     2.35761e-10     1.4735e-11    16.0001
     2.1664e-10     1.35407e-11    15.9992
     1.97385e-10     1.2337e-11    15.9993
     1.78004e-10     1.11249e-11    16.0005
     1.58509e-10     9.90744e-12    15.999
     1.38915e-10     8.68261e-12    15.9992
     1.19234e-10     7.45201e-12    16.0002
     9.94771e-11     6.21683e-12    16.0013
     7.96567e-11     4.97873e-12    15.9994
     5.97862e-11     3.73686e-12    15.9991
     3.98787e-11     2.49287e-12    15.9971
     1.99453e-11     1.24679e-12    15.9973
     -2.25737e-16     4.75688e-16    -0.474549
     -1.99454e-11     -1.24646e-12    16.0016
     -3.98791e-11     -2.4924e-12    16.0002
     -5.9786e-11     -3.73664e-12    16
     -7.96572e-11     -4.97821e-12    16.0012
     -9.94767e-11     -6.21786e-12    15.9985
     -1.19234e-10     -7.45171e-12    16.0009
     -1.38915e-10     -8.68314e-12    15.9982
     -1.58509e-10     -9.90855e-12    15.9972
     -1.78003e-10     -1.11262e-11    15.9985
     -1.97385e-10     -1.23377e-11    15.9985
     -2.16641e-10     -1.35418e-11    15.9979
     -2.35761e-10     -1.47352e-11    15.9999
     -2.54732e-10     -1.59213e-11    15.9995
     -2.73542e-10     -1.70978e-11    15.9986
     -2.9218e-10     -1.82613e-11    16
     -3.10632e-10     -1.94153e-11    15.9993
     -3.28888e-10     -2.05561e-11    15.9995
     -3.46936e-10     -2.16849e-11    15.999
     -3.64767e-10     -2.27998e-11    15.9987
     -3.82367e-10     -2.38985e-11    15.9996
     -3.99723e-10     -2.49847e-11    15.9987
     -4.16829e-10     -2.60527e-11    15.9995
     -4.33671e-10     -2.71059e-11    15.9992
     -4.50239e-10     -2.81408e-11    15.9995
     -4.66522e-10     -2.91601e-11    15.9986
     -4.82512e-10     -3.01593e-11    15.9988
     -4.98195e-10     -3.114e-11    15.9986
     -5.13566e-10     -3.21002e-11    15.9988
     -5.28612e-10     -3.30388e-11    15.9997
     -5.43322e-10     -3.39601e-11    15.9989
     -5.57691e-10     -3.48559e-11    15.9999
     -5.71708e-10     -3.5733e-11    15.9994
     -5.85362e-10     -3.65863e-11    15.9995
     -5.98645e-10     -3.74174e-11    15.9991
     -6.11554e-10     -3.82241e-11    15.9992
     -6.24076e-10     -3.90071e-11    15.999
     -6.362e-10     -3.97655e-11    15.9988
     -6.47924e-10     -4.04998e-11    15.9982
     -6.5924e-10     -4.12047e-11    15.9991
     -6.70137e-10     -4.18867e-11    15.9988
     -6.80614e-10     -4.2541e-11    15.999
     -6.90661e-10     -4.31681e-11    15.9993
     -7.00271e-10     -4.3768e-11    15.9996
     -7.0944e-10     -4.43409e-11    15.9997
     -7.18158e-10     -4.48868e-11    15.9993
     -7.26422e-10     -4.5403e-11    15.9994
     -7.34232e-10     -4.58911e-11    15.9995
     -7.41574e-10     -4.63503e-11    15.9994
     -7.48448e-10     -4.67806e-11    15.9991
     -7.54851e-10     -4.71783e-11    16
     -7.60776e-10     -4.75509e-11    15.9992
     -7.66218e-10     -4.78917e-11    15.999
     -7.71184e-10     -4.82001e-11    15.9996
     -7.75653e-10     -4.84788e-11    15.9999
     -7.79638e-10     -4.87299e-11    15.9992
     -7.8313e-10     -4.8947e-11    15.9996
     -7.86126e-10     -4.91348e-11    15.9994
     -7.88626e-10     -4.92896e-11    15.9999
     -7.90626e-10     -4.94165e-11    15.9992
     -7.92131e-10     -4.95076e-11    16.0002
     -7.93131e-10     -4.95735e-11    15.9991
     -7.93632e-10     -4.96047e-11    15.9991
     -7.93634e-10     -4.96024e-11    15.9999
     -7.93132e-10     -4.95718e-11    15.9997
     -7.9213e-10     -4.95113e-11    15.999
     -7.90625e-10     -4.94168e-11    15.9991
     -7.88626e-10     -4.92925e-11    15.9989
     -7.86127e-10     -4.91334e-11    15.9999
     -7.83129e-10     -4.89471e-11    15.9995
     -7.79639e-10     -4.87301e-11    15.9991
     -7.75654e-10     -4.84819e-11    15.9988
     -7.71183e-10     -4.82014e-11    15.9992
     -7.66219e-10     -4.78888e-11    16
     -7.60775e-10     -4.75522e-11    15.9987
     -7.54852e-10     -4.71772e-11    16.0004
     -7.48447e-10     -4.6782e-11    15.9986
     -7.41572e-10     -4.63508e-11    15.9991
     -7.34231e-10     -4.58918e-11    15.9992
     -7.26421e-10     -4.54069e-11    15.998
     -7.18159e-10     -4.48868e-11    15.9994
     -7.09439e-10     -4.4343e-11    15.9989
     -7.00271e-10     -4.37699e-11    15.9989
     -6.9066e-10     -4.31699e-11    15.9986
     -6.80614e-10     -4.25406e-11    15.9991
     -6.70138e-10     -4.18853e-11    15.9994
     -6.5924e-10     -4.12067e-11    15.9984
     -6.47925e-10     -4.04974e-11    15.9992
     -6.36202e-10     -3.97643e-11    15.9993
     -6.24077e-10     -3.90055e-11    15.9997
     -6.11556e-10     -3.82223e-11    16
     -5.98647e-10     -3.74182e-11    15.9988
     -5.85361e-10     -3.65877e-11    15.9988
     -5.71708e-10     -3.57337e-11    15.9991
     -5.57691e-10     -3.48581e-11    15.9989
     -5.43324e-10     -3.39604e-11    15.9988
     -5.28614e-10     -3.30382e-11    16.0001
     -5.13565e-10     -3.20994e-11    15.9992
     -4.98196e-10     -3.11383e-11    15.9995
     -4.82512e-10     -3.01595e-11    15.9987
     -4.66522e-10     -2.91606e-11    15.9984
     -4.50239e-10     -2.8141e-11    15.9994
     -4.33672e-10     -2.71053e-11    15.9995
     -4.1683e-10     -2.60533e-11    15.9991
     -3.99723e-10     -2.49852e-11    15.9984
     -3.82367e-10     -2.39001e-11    15.9986
     -3.64767e-10     -2.28009e-11    15.9979
     -3.46937e-10     -2.16859e-11    15.9983
     -3.28888e-10     -2.05578e-11    15.9982
     -3.10632e-10     -1.94157e-11    15.999
     -2.92179e-10     -1.82622e-11    15.9991
     -2.73544e-10     -1.70957e-11    16.0007
     -2.54732e-10     -1.59218e-11    15.999
     -2.35761e-10     -1.47367e-11    15.9982
     -2.1664e-10     -1.35411e-11    15.9988
     -1.97385e-10     -1.23365e-11    16
     -1.78003e-10     -1.11266e-11    15.998
     -1.5851e-10     -9.90655e-12    16.0005
     -1.38915e-10     -8.68389e-12    15.9968
     -1.19235e-10     -7.45221e-12    15.9999
     -9.94765e-11     -6.21853e-12    15.9968
     -7.96566e-11     -4.9791e-12    15.9982
     -5.97859e-11     -3.73672e-12    15.9996
     -3.98785e-11     -2.49252e-12    15.9993
     -1.99457e-11     -1.24607e-12    16.0069
     -9.46969e-17     3.14247e-16    -0.301346
     1.99448e-11     1.24754e-12    15.9873
     3.98785e-11     2.49203e-12    16.0024
     5.97864e-11     3.73696e-12    15.9987
     7.96566e-11     4.97931e-12    15.9975
     9.94771e-11     6.21715e-12    16.0004
     1.19234e-10     7.45234e-12    15.9995
     1.38915e-10     8.6835e-12    15.9976
     1.5851e-10     9.90788e-12    15.9984
     1.78003e-10     1.11267e-11    15.9978
     1.97384e-10     1.23374e-11    15.9988
     2.16641e-10     1.35411e-11    15.9987
     2.3576e-10     1.47354e-11    15.9995
     2.54731e-10     1.59213e-11    15.9994
     2.73542e-10     1.70969e-11    15.9995
     2.92179e-10     1.82621e-11    15.9992
     3.10631e-10     1.94155e-11    15.9992
     3.28887e-10     2.05566e-11    15.9991
     3.46938e-10     2.16837e-11    16
     3.64767e-10     2.27998e-11    15.9987
     3.82366e-10     2.38989e-11    15.9993
     3.99724e-10     2.49841e-11    15.9991
     4.16829e-10     2.60527e-11    15.9995
     4.33671e-10     2.71057e-11    15.9992
     4.50239e-10     2.8142e-11    15.9988
     4.66523e-10     2.91592e-11    15.9991
     4.82513e-10     3.0157e-11    16.0001
     4.98195e-10     3.11389e-11    15.9991
     5.13567e-10     3.20967e-11    16.0006
     5.28611e-10     3.30393e-11    15.9994
     5.43324e-10     3.39586e-11    15.9996
     5.57691e-10     3.4856e-11    15.9999
     5.71708e-10     3.57323e-11    15.9997
     5.85362e-10     3.65856e-11    15.9998
     5.98647e-10     3.74165e-11    15.9995
     6.11554e-10     3.82242e-11    15.9991
     6.24076e-10     3.9004e-11    16.0003
     6.36203e-10     3.9764e-11    15.9995
     6.47926e-10     4.04984e-11    15.9988
     6.59241e-10     4.12044e-11    15.9993
     6.70139e-10     4.18869e-11    15.9988
     6.80615e-10     4.25407e-11    15.9991
     6.90662e-10     4.31692e-11    15.9989
     7.00273e-10     4.3769e-11    15.9993
     7.0944e-10     4.43426e-11    15.9991
     7.18158e-10     4.48863e-11    15.9995
     7.26425e-10     4.54001e-11    16.0005
     7.34232e-10     4.58918e-11    15.9992
     7.41574e-10     4.63494e-11    15.9997
     7.48449e-10     4.678e-11    15.9993
     7.54851e-10     4.71783e-11    16
     7.60775e-10     4.75497e-11    15.9996
     7.66219e-10     4.78918e-11    15.999
     7.71183e-10     4.82016e-11    15.9991
     7.75656e-10     4.84799e-11    15.9995
     7.79639e-10     4.87282e-11    15.9997
     7.83127e-10     4.89498e-11    15.9986
     7.86127e-10     4.91344e-11    15.9995
     7.88626e-10     4.929e-11    15.9997
     7.90625e-10     4.94176e-11    15.9989
     7.92131e-10     4.95116e-11    15.9989
     7.93132e-10     4.95731e-11    15.9992
     7.93634e-10     4.9603e-11    15.9997
     7.93634e-10     4.96033e-11    15.9996
     7.93133e-10     4.9572e-11    15.9996
     7.92132e-10     4.95105e-11    15.9993
     7.90626e-10     4.94167e-11    15.9992
     7.88626e-10     4.92916e-11    15.9992
     7.86127e-10     4.91347e-11    15.9994
     7.8313e-10     4.89467e-11    15.9996
     7.79639e-10     4.87301e-11    15.9991
     7.75655e-10     4.84783e-11    16
     7.71182e-10     4.82004e-11    15.9995
     7.66217e-10     4.78926e-11    15.9987
     7.60776e-10     4.75509e-11    15.9992
     7.5485e-10     4.7179e-11    15.9997
     7.48449e-10     4.67785e-11    15.9999
     7.41574e-10     4.63501e-11    15.9994
     7.3423e-10     4.58926e-11    15.9989
     7.26424e-10     4.54015e-11    16
     7.18158e-10     4.48868e-11    15.9993
     7.0944e-10     4.43418e-11    15.9994
     7.00272e-10     4.37694e-11    15.9991
     6.90662e-10     4.31681e-11    15.9993
     6.80616e-10     4.25392e-11    15.9997
     6.70139e-10     4.18859e-11    15.9991
     6.59241e-10     4.12045e-11    15.9993
     6.47926e-10     4.04972e-11    15.9993
     6.36201e-10     3.97642e-11    15.9993
     6.24074e-10     3.90059e-11    15.9995
     6.11554e-10     3.82239e-11    15.9993
     5.98646e-10     3.74174e-11    15.9991
     5.85361e-10     3.65885e-11    15.9985
     5.71709e-10     3.57324e-11    15.9997
     5.57691e-10     3.48571e-11    15.9994
     5.43323e-10     3.39598e-11    15.999
     5.28613e-10     3.3038e-11    16.0002
     5.13567e-10     3.20997e-11    15.9991
     4.98196e-10     3.11392e-11    15.999
     4.82513e-10     3.01581e-11    15.9995
     4.66523e-10     2.91583e-11    15.9997
     4.50241e-10     2.81402e-11    15.9999
     4.33671e-10     2.71054e-11    15.9995
     4.16829e-10     2.60516e-11    16.0001
     3.99724e-10     2.49839e-11    15.9993
     3.82366e-10     2.38987e-11    15.9994
     3.64768e-10     2.27979e-11    16.0001
     3.46937e-10     2.16842e-11    15.9995
     3.28888e-10     2.05557e-11    15.9998
     3.10632e-10     1.94154e-11    15.9992
     2.9218e-10     1.82617e-11    15.9996
     2.73542e-10     1.70964e-11    16
     2.54731e-10     1.59212e-11    15.9995
     2.35761e-10     1.47339e-11    16.0013
     2.16641e-10     1.35397e-11    16.0004
     1.97385e-10     1.23366e-11    15.9999
     1.78004e-10     1.11248e-11    16.0006
     1.58509e-10     9.90627e-12    16.0009
     1.38915e-10     8.6823e-12    15.9997
     1.19234e-10     7.45168e-12    16.0009
     9.9476e-11     6.21758e-12    15.9991
     7.9657e-11     4.97832e-12    16.0008
     5.97861e-11     3.73725e-12    15.9974
     3.98789e-11     2.49173e-12    16.0045
     1.99452e-11     1.24679e-12    15.9972
     -2.81589e-17     1.21284e-16    -0.232174
     -1.99447e-11     -1.24705e-12    15.9936
     -3.98784e-11     -2.49205e-12    16.0023
     -5.97858e-11     -3.73732e-12    15.997
     -7.96568e-11     -4.97791e-12    16.0021
     -9.94769e-11     -6.21721e-12    16.0003
     -1.19234e-10     -7.4506e-12    16.0033
     -1.38915e-10     -8.6823e-12    15.9998
     -1.58509e-10     -9.90671e-12    16.0001
     -1.78003e-10     -1.11256e-11    15.9993
     -1.97385e-10     -1.2337e-11    15.9994
     -2.16641e-10     -1.35404e-11    15.9996
     -2.35761e-10     -1.47352e-11    15.9998
     -2.54732e-10     -1.59212e-11    15.9995
     -2.73542e-10     -1.70978e-11    15.9986
     -2.9218e-10     -1.82618e-11    15.9995
     -3.10633e-10     -1.9413e-11    16.0013
     -3.28888e-10     -2.05558e-11    15.9997
     -3.46937e-10     -2.16843e-11    15.9995
     -3.64767e-10     -2.27976e-11    16.0003
     -3.82367e-10     -2.38981e-11    15.9999
     -3.99724e-10     -2.49835e-11    15.9995
     -4.16828e-10     -2.60529e-11    15.9993
     -4.33671e-10     -2.71054e-11    15.9994
     -4.50239e-10     -2.81413e-11    15.9992
     -4.66523e-10     -2.91585e-11    15.9996
     -4.82513e-10     -3.0156e-11    16.0006
     -4.98196e-10     -3.11385e-11    15.9993
     -5.13566e-10     -3.20977e-11    16.0001
     -5.28612e-10     -3.30371e-11    16.0006
     -5.43323e-10     -3.39592e-11    15.9993
     -5.5769e-10     -3.48567e-11    15.9995
     -5.71706e-10     -3.57319e-11    15.9999
     -5.85362e-10     -3.6587e-11    15.9992
     -5.98646e-10     -3.74175e-11    15.9991
     -6.11554e-10     -3.82223e-11    15.9999
     -6.24075e-10     -3.90069e-11    15.9991
     -6.36201e-10     -3.97636e-11    15.9996
     -6.47925e-10     -4.04975e-11    15.9992
     -6.59241e-10     -4.12047e-11    15.9992
     -6.70138e-10     -4.18843e-11    15.9998
     -6.80617e-10     -4.25402e-11    15.9994
     -6.90661e-10     -4.31685e-11    15.9992
     -7.00271e-10     -4.37693e-11    15.9991
     -7.0944e-10     -4.43408e-11    15.9997
     -7.18158e-10     -4.48865e-11    15.9994
     -7.26423e-10     -4.54047e-11    15.9989
     -7.34229e-10     -4.58937e-11    15.9985
     -7.41574e-10     -4.63526e-11    15.9985
     -7.48449e-10     -4.67788e-11    15.9997
     -7.54849e-10     -4.71804e-11    15.9992
     -7.60775e-10     -4.75517e-11    15.9989
     -7.66218e-10     -4.7891e-11    15.9992
     -7.71183e-10     -4.81998e-11    15.9997
     -7.75653e-10     -4.84802e-11    15.9994
     -7.7964e-10     -4.87308e-11    15.9989
     -7.8313e-10     -4.89472e-11    15.9995
     -7.86126e-10     -4.91353e-11    15.9992
     -7.88627e-10     -4.92913e-11    15.9993
     -7.90628e-10     -4.94136e-11    16.0002
     -7.9213e-10     -4.95132e-11    15.9984
     -7.93131e-10     -4.95743e-11    15.9988
     -7.93634e-10     -4.96041e-11    15.9994
     -7.93632e-10     -4.96063e-11    15.9986
     -7.9313e-10     -4.95735e-11    15.9991
     -7.92132e-10     -4.95108e-11    15.9992
     -7.90625e-10     -4.94175e-11    15.9989
     -7.88625e-10     -4.9291e-11    15.9994
     -7.86126e-10     -4.91349e-11    15.9993
     -7.83129e-10     -4.89486e-11    15.999
     -7.79639e-10     -4.87302e-11    15.9991
     -7.75654e-10     -4.84812e-11    15.9991
     -7.71185e-10     -4.82007e-11    15.9995
     -7.66218e-10     -4.78908e-11    15.9993
     -7.60775e-10     -4.75516e-11    15.9989
     -7.54852e-10     -4.71765e-11    16.0006
     -7.48447e-10     -4.67801e-11    15.9993
     -7.41571e-10     -4.63529e-11    15.9984
     -7.34232e-10     -4.58931e-11    15.9988
     -7.26424e-10     -4.54038e-11    15.9992
     -7.18158e-10     -4.48873e-11    15.9991
     -7.09441e-10     -4.43416e-11    15.9994
     -7.0027e-10     -4.37695e-11    15.999
     -6.9066e-10     -4.31691e-11    15.9989
     -6.80615e-10     -4.25419e-11    15.9987
     -6.70138e-10     -4.18856e-11    15.9993
     -6.59243e-10     -4.12045e-11    15.9993
     -6.47926e-10     -4.04968e-11    15.9994
     -6.36202e-10     -3.97625e-11    16
     -6.24075e-10     -3.90055e-11    15.9997
     -6.11553e-10     -3.82249e-11    15.9988
     -5.98646e-10     -3.74177e-11    15.999
     -5.85361e-10     -3.65887e-11    15.9984
     -5.71708e-10     -3.57323e-11    15.9998
     -5.57692e-10     -3.48551e-11    16.0003
     -5.43325e-10     -3.39598e-11    15.9991
     -5.28611e-10     -3.30415e-11    15.9984
     -5.13568e-10     -3.20974e-11    16.0003
     -4.98195e-10     -3.11398e-11    15.9987
     -4.82513e-10     -3.01573e-11    15.9999
     -4.66523e-10     -2.91581e-11    15.9998
     -4.50239e-10     -2.81408e-11    15.9995
     -4.33671e-10     -2.71058e-11    15.9992
     -4.1683e-10     -2.60526e-11    15.9995
     -3.99723e-10     -2.49855e-11    15.9982
     -3.82366e-10     -2.38995e-11    15.9989
     -3.64767e-10     -2.2799e-11    15.9992
     -3.46937e-10     -2.1685e-11    15.9989
     -3.28888e-10     -2.05582e-11    15.9979
     -3.10633e-10     -1.94141e-11    16.0004
     -2.92178e-10     -1.8263e-11    15.9984
     -2.73542e-10     -1.70965e-11    15.9999
     -2.54732e-10     -1.59208e-11    16
     -2.3576e-10     -1.4736e-11    15.9988
     -2.1664e-10     -1.35398e-11    16.0003
     -1.97385e-10     -1.2337e-11    15.9994
     -1.78003e-10     -1.11261e-11    15.9987
     -1.58509e-10     -9.90746e-12    15.9989
     -1.38915e-10     -8.68269e-12    15.9991
     -1.19234e-10     -7.45143e-12    16.0015
     -9.94763e-11     -6.21704e-12    16.0006
     -7.96563e-11     -4.97859e-12    15.9998
     -5.97862e-11     -3.73693e-12    15.9988
     -3.98789e-11     -2.49174e-12    16.0045
     -1.99459e-11     -1.24708e-12    15.994
