0 -4.64251e-17
0.01 0.0624327
0.02 0.124619
0.03 0.186313
0.04 0.247273
0.05 0.307256
0.06 0.366027
0.07 0.423353
0.08 0.479008
0.09 0.532773
0.1 0.584435
0.11 0.633791
0.12 0.680646
0.13 0.724814
0.14 0.766122
0.15 0.804406
0.16 0.839516
0.17 0.871312
0.18 0.89967
0.19 0.924477
0.2 0.945636
0.21 0.963063
0.22 0.976689
0.23 0.98646
0.24 0.992339
0.25 0.994301
0.26 0.992339
0.27 0.98646
0.28 0.976689
0.29 0.963063
0.3 0.945636
0.31 0.924477
0.32 0.89967
0.33 0.871312
0.34 0.839516
0.35 0.804406
0.36 0.766122
0.37 0.724814
0.38 0.680646
0.39 0.633791
0.4 0.584435
0.41 0.532773
0.42 0.479008
0.43 0.423353
0.44 0.366027
0.45 0.307256
0.46 0.247273
0.47 0.186313
0.48 0.124619
0.49 0.0624327
0.5 1.07706e-16
0.51 -0.0624327
0.52 -0.124619
0.53 -0.186313
0.54 -0.247273
0.55 -0.307256
0.56 -0.366027
0.57 -0.423353
0.58 -0.479008
0.59 -0.532773
0.6 -0.584435
0.61 -0.633791
0.62 -0.680646
0.63 -0.724814
0.64 -0.766122
0.65 -0.804406
0.66 -0.839516
0.67 -0.871312
0.68 -0.89967
0.69 -0.924477
0.7 -0.945636
0.71 -0.963063
0.72 -0.976689
0.73 -0.98646
0.74 -0.992339
0.75 -0.994301
0.76 -0.992339
0.77 -0.98646
0.78 -0.976689
0.79 -0.963063
0.8 -0.945636
0.81 -0.924477
0.82 -0.89967
0.83 -0.871312
0.84 -0.839516
0.85 -0.804406
0.86 -0.766122
0.87 -0.724814
0.88 -0.680646
0.89 -0.633791
0.9 -0.584435
0.91 -0.532773
0.92 -0.479008
0.93 -0.423353
0.94 -0.366027
0.95 -0.307256
0.96 -0.247273
0.97 -0.186313
0.98 -0.124619
0.99 -0.0624327
