-1 2.17613
-0.998 2.17622
-0.996 2.17649
-0.994 2.17695
-0.992 2.17759
-0.99 2.17841
-0.988 2.1794
-0.986 2.18055
-0.984 2.18187
-0.982 2.18334
-0.98 2.18496
-0.978 2.18671
-0.976 2.18859
-0.974 2.19059
-0.972 2.19269
-0.97 2.19489
-0.968 2.19716
-0.966 2.19951
-0.964 2.2019
-0.962 2.20434
-0.96 2.20679
-0.958 2.20926
-0.956 2.21171
-0.954 2.21414
-0.952 2.21652
-0.95 2.21884
-0.948 2.22108
-0.946 2.22323
-0.944 2.22526
-0.942 2.22715
-0.94 2.22889
-0.938 2.23046
-0.936 2.23184
-0.934 2.23301
-0.932 2.23396
-0.93 2.23465
-0.928 2.23509
-0.926 2.23524
-0.924 2.23509
-0.922 2.23462
-0.92 2.23382
-0.918 2.23267
-0.916 2.23115
-0.914 2.22925
-0.912 2.22695
-0.91 2.22424
-0.908 2.2211
-0.906 2.21752
-0.904 2.21349
-0.902 2.20899
-0.9 2.20402
-0.898 2.19856
-0.896 2.19261
-0.894 2.18615
-0.892 2.17918
-0.89 2.17169
-0.888 2.16368
-0.886 2.15513
-0.884 2.14605
-0.882 2.13643
-0.88 2.12627
-0.878 2.11556
-0.876 2.10432
-0.874 2.09252
-0.872 2.08019
-0.87 2.06731
-0.868 2.05389
-0.866 2.03994
-0.864 2.02546
-0.862 2.01046
-0.86 1.99493
-0.858 1.9789
-0.856 1.96236
-0.854 1.94533
-0.852 1.92781
-0.85 1.90982
-0.848 1.89137
-0.846 1.87247
-0.844 1.85312
-0.842 1.83335
-0.84 1.81317
-0.838 1.79259
-0.836 1.77163
-0.834 1.75029
-0.832 1.72861
-0.83 1.70659
-0.828 1.68425
-0.826 1.66161
-0.824 1.63868
-0.822 1.61548
-0.82 1.59204
-0.818 1.56836
-0.816 1.54447
-0.814 1.52039
-0.812 1.49613
-0.81 1.47171
-0.808 1.44715
-0.806 1.42247
-0.804 1.3977
-0.802 1.37283
-0.8 1.34791
-0.798 1.32293
-0.796 1.29793
-0.794 1.27292
-0.792 1.24792
-0.79 1.22295
-0.788 1.19801
-0.786 1.17314
-0.784 1.14834
-0.782 1.12364
-0.78 1.09904
-0.778 1.07457
-0.776 1.05024
-0.774 1.02607
-0.772 1.00206
-0.77 0.978236
-0.768 0.954607
-0.766 0.931188
-0.764 0.90799
-0.762 0.885025
-0.76 0.862305
-0.758 0.839841
-0.756 0.817642
-0.754 0.795718
-0.752 0.77408
-0.75 0.752734
-0.748 0.731691
-0.746 0.710956
-0.744 0.690538
-0.742 0.670443
-0.74 0.650676
-0.738 0.631243
-0.736 0.61215
-0.734 0.5934
-0.732 0.574998
-0.73 0.556946
-0.728 0.539248
-0.726 0.521907
-0.724 0.504923
-0.722 0.488298
-0.72 0.472035
-0.718 0.456132
-0.716 0.44059
-0.714 0.42541
-0.712 0.41059
-0.71 0.396128
-0.708 0.382025
-0.706 0.368277
-0.704 0.354884
-0.702 0.341841
-0.7 0.329147
-0.698 0.316799
-0.696 0.304793
-0.694 0.293125
-0.692 0.281792
-0.69 0.270789
-0.688 0.260112
-0.686 0.249757
-0.684 0.239718
-0.682 0.229992
-0.68 0.220572
-0.678 0.211454
-0.676 0.202632
-0.674 0.194101
-0.672 0.185854
-0.67 0.177888
-0.668 0.170195
-0.666 0.162769
-0.664 0.155606
-0.662 0.148698
-0.66 0.142041
-0.658 0.135627
-0.656 0.129452
-0.654 0.123508
-0.652 0.11779
-0.65 0.112292
-0.648 0.107008
-0.646 0.101932
-0.644 0.097058
-0.642 0.0923801
-0.64 0.0878926
-0.638 0.0835896
-0.636 0.0794656
-0.634 0.0755149
-0.632 0.071732
-0.63 0.0681113
-0.628 0.0646476
-0.626 0.0613355
-0.624 0.0581699
-0.622 0.0551456
-0.62 0.0522577
-0.618 0.0495012
-0.616 0.0468714
-0.614 0.0443635
-0.612 0.0419731
-0.61 0.0396956
-0.608 0.0375267
-0.606 0.0354621
-0.604 0.0334977
-0.602 0.0316295
-0.6 0.0298535
-0.598 0.028166
-0.596 0.0265633
-0.594 0.0250418
-0.592 0.0235979
-0.59 0.0222285
-0.588 0.0209301
-0.586 0.0196997
-0.584 0.0185342
-0.582 0.0174307
-0.58 0.0163864
-0.578 0.0153984
-0.576 0.0144643
-0.574 0.0135814
-0.572 0.0127472
-0.57 0.0119596
-0.568 0.0112161
-0.566 0.0105146
-0.564 0.00985305
-0.562 0.00922944
-0.56 0.00864184
-0.558 0.00808841
-0.556 0.0075674
-0.554 0.00707712
-0.552 0.00661596
-0.55 0.00618238
-0.548 0.0057749
-0.546 0.00539212
-0.544 0.0050327
-0.542 0.00469536
-0.54 0.00437888
-0.538 0.0040821
-0.536 0.00380391
-0.534 0.00354326
-0.532 0.00329915
-0.53 0.00307063
-0.528 0.0028568
-0.526 0.0026568
-0.524 0.00246981
-0.522 0.00229506
-0.52 0.00213182
-0.518 0.0019794
-0.516 0.00183715
-0.514 0.00170444
-0.512 0.00158068
-0.51 0.00146532
-0.508 0.00135783
-0.506 0.00125773
-0.504 0.00116454
-0.502 0.00107783
-0.5 0.000997171
-0.498 0.000922181
-0.496 0.000852489
-0.494 0.000787749
-0.492 0.000727635
-0.49 0.000671839
-0.488 0.000620073
-0.486 0.000572067
-0.484 0.000527567
-0.482 0.000486334
-0.48 0.000448144
-0.478 0.000412788
-0.476 0.000380069
-0.474 0.000349804
-0.472 0.00032182
-0.47 0.000295956
-0.468 0.000272062
-0.466 0.000249997
-0.464 0.00022963
-0.462 0.000210838
-0.46 0.000193506
-0.458 0.000177528
-0.456 0.000162804
-0.454 0.000149242
-0.452 0.000136754
-0.45 0.000125262
-0.448 0.000114689
-0.446 0.000104967
-0.444 9.60304e-05
-0.442 8.78196e-05
-0.44 8.02787e-05
-0.438 7.33559e-05
-0.436 6.70034e-05
-0.434 6.11765e-05
-0.432 5.58339e-05
-0.43 5.09376e-05
-0.428 4.64521e-05
-0.426 4.23446e-05
-0.424 3.85849e-05
-0.422 3.51449e-05
-0.42 3.19988e-05
-0.418 2.91227e-05
-0.416 2.64945e-05
-0.414 2.40939e-05
-0.412 2.1902e-05
-0.41 1.99015e-05
-0.408 1.80766e-05
-0.406 1.64124e-05
-0.404 1.48954e-05
-0.402 1.35133e-05
-0.4 1.22545e-05
-0.398 1.11085e-05
-0.396 1.00657e-05
-0.394 9.11711e-06
-0.392 8.25461e-06
-0.39 7.47072e-06
-0.388 6.75857e-06
-0.386 6.11186e-06
-0.384 5.52482e-06
-0.382 4.99216e-06
-0.38 4.50906e-06
-0.378 4.07108e-06
-0.376 3.67417e-06
-0.374 3.31463e-06
-0.372 2.98908e-06
-0.37 2.69443e-06
-0.368 2.42785e-06
-0.366 2.18677e-06
-0.364 1.96884e-06
-0.362 1.77192e-06
-0.36 1.59406e-06
-0.358 1.43348e-06
-0.356 1.28856e-06
-0.354 1.15782e-06
-0.352 1.03994e-06
-0.35 9.33681e-07
-0.348 8.37946e-07
-0.346 7.51727e-07
-0.344 6.7411e-07
-0.342 6.04264e-07
-0.34 5.41439e-07
-0.338 4.84952e-07
-0.336 4.34185e-07
-0.334 3.88576e-07
-0.332 3.47619e-07
-0.33 3.10855e-07
-0.328 2.77868e-07
-0.326 2.48282e-07
-0.324 2.21758e-07
-0.322 1.97988e-07
-0.32 1.76695e-07
-0.318 1.57629e-07
-0.316 1.40564e-07
-0.314 1.25296e-07
-0.312 1.11642e-07
-0.31 9.94364e-08
-0.308 8.85297e-08
-0.306 7.87877e-08
-0.304 7.00897e-08
-0.302 6.2327e-08
-0.3 5.54019e-08
-0.298 4.92265e-08
-0.296 4.3722e-08
-0.294 3.88175e-08
-0.292 3.44493e-08
-0.29 3.05605e-08
-0.288 2.70998e-08
-0.286 2.40214e-08
-0.284 2.12842e-08
-0.282 1.88513e-08
-0.28 1.66899e-08
-0.278 1.47704e-08
-0.276 1.30664e-08
-0.274 1.15543e-08
-0.272 1.02132e-08
-0.27 9.02409e-09
-0.268 7.97025e-09
-0.266 7.03667e-09
-0.264 6.20996e-09
-0.262 5.47818e-09
-0.26 4.8307e-09
-0.258 4.25804e-09
-0.256 3.75177e-09
-0.254 3.30437e-09
-0.252 2.90917e-09
-0.25 2.5602e-09
-0.248 2.25219e-09
-0.246 1.98044e-09
-0.244 1.74079e-09
-0.242 1.52953e-09
-0.24 1.34336e-09
-0.238 1.17939e-09
-0.236 1.03501e-09
-0.234 9.07949e-10
-0.232 7.96167e-10
-0.23 6.97861e-10
-0.228 6.11456e-10
-0.226 5.35531e-10
-0.224 4.6885e-10
-0.222 4.10304e-10
-0.22 3.58928e-10
-0.218 3.13857e-10
-0.216 2.74339e-10
-0.214 2.39696e-10
-0.212 2.09349e-10
-0.21 1.8277e-10
-0.208 1.59502e-10
-0.206 1.3914e-10
-0.204 1.21329e-10
-0.202 1.05753e-10
-0.2 9.21416e-11
-0.198 8.02484e-11
-0.196 6.98653e-11
-0.194 6.07994e-11
-0.192 5.28889e-11
-0.19 4.59901e-11
-0.188 3.99746e-11
-0.186 3.47328e-11
-0.184 3.0161e-11
-0.182 2.61905e-11
-0.18 2.27277e-11
-0.178 1.97161e-11
-0.176 1.70941e-11
-0.174 1.48182e-11
-0.172 1.2838e-11
-0.17 1.11231e-11
-0.168 9.62465e-12
-0.166 8.33462e-12
-0.164 7.20591e-12
-0.162 6.23183e-12
-0.16 5.38704e-12
-0.158 4.65385e-12
-0.156 4.02271e-12
-0.154 3.47486e-12
-0.152 2.99749e-12
-0.15 2.5798e-12
-0.148 2.23323e-12
-0.146 1.91853e-12
-0.144 1.65897e-12
-0.142 1.42505e-12
-0.14 1.22876e-12
-0.138 1.05908e-12
-0.136 9.09247e-13
-0.134 7.8308e-13
-0.132 6.69845e-13
-0.13 5.78098e-13
-0.128 4.98058e-13
-0.126 4.251e-13
-0.124 3.66644e-13
-0.122 3.15083e-13
-0.12 2.7026e-13
-0.118 2.30637e-13
-0.116 2.00845e-13
-0.114 1.67737e-13
-0.112 1.46713e-13
-0.11 1.24782e-13
-0.108 1.10957e-13
-0.106 9.31131e-14
-0.104 7.76621e-14
-0.102 6.64194e-14
-0.1 6.14736e-14
-0.098 5.13589e-14
-0.096 3.85891e-14
-0.094 3.92656e-14
-0.092 2.99311e-14
-0.09 2.42211e-14
-0.088 2.50361e-14
-0.086 2.15173e-14
-0.084 1.88027e-14
-0.082 1.68774e-14
-0.08 1.45753e-14
-0.078 1.2234e-14
-0.076 9.32331e-15
-0.074 9.57061e-15
-0.072 5.46762e-15
-0.07 6.38269e-15
-0.068 8.66267e-15
-0.066 5.42043e-15
-0.064 5.37651e-15
-0.062 5.77192e-15
-0.06 4.0779e-15
-0.058 8.15567e-15
-0.056 2.05493e-15
-0.054 4.62237e-15
-0.052 1.76208e-15
-0.05 2.23071e-15
-0.048 1.59323e-15
-0.046 3.78584e-15
-0.044 8.4083e-16
-0.042 1.95939e-15
-0.04 -1.12644e-15
-0.038 1.28554e-15
-0.036 9.22916e-16
-0.034 2.73207e-16
-0.032 1.86678e-15
-0.03 2.07575e-15
-0.028 4.39263e-15
-0.026 1.50201e-15
-0.024 9.72775e-17
-0.022 1.5985e-15
-0.02 3.80354e-15
-0.018 5.37084e-16
-0.016 2.62656e-15
-0.014 -8.96107e-16
-0.012 2.87707e-15
-0.01 3.54466e-15
-0.008 1.82901e-15
-0.006 -2.97093e-16
-0.004 3.34661e-15
-0.002 -1.25213e-15
0 2.67926e-15
0.002 1.69022e-15
0.004 -1.5857e-15
0.006 1.70705e-16
0.008 1.04473e-15
0.01 -1.98999e-15
0.012 2.10149e-15
0.014 -1.46754e-15
0.016 3.49709e-15
0.018 -7.0465e-16
0.02 1.18063e-17
0.022 -1.9534e-15
0.024 9.93689e-16
0.026 -2.80282e-15
0.028 -4.50003e-16
0.03 -2.12066e-16
0.032 -9.04628e-16
0.034 1.87079e-15
0.036 -1.17738e-15
0.038 8.25794e-16
0.04 1.07522e-15
0.042 -5.21847e-16
0.044 5.72079e-16
0.046 2.22986e-15
0.048 1.66298e-15
0.05 3.6907e-15
0.052 -9.34147e-16
0.054 1.89323e-16
0.056 1.12903e-15
0.058 2.49052e-15
0.06 -3.13947e-16
0.062 4.66055e-15
0.064 2.05485e-15
0.066 2.95636e-15
0.068 4.08206e-15
0.07 6.19672e-15
0.072 4.89149e-15
0.074 5.23836e-15
0.076 9.39719e-15
0.078 8.32459e-15
0.08 1.07545e-14
0.082 1.35849e-14
0.084 1.83179e-14
0.086 1.78555e-14
0.088 2.52909e-14
0.09 2.48562e-14
0.092 2.90956e-14
0.094 3.43678e-14
0.096 4.17349e-14
0.098 4.59261e-14
0.1 5.63453e-14
0.102 6.8017e-14
0.104 7.41943e-14
0.106 9.03227e-14
0.108 1.05608e-13
0.11 1.21647e-13
0.112 1.40531e-13
0.114 1.68278e-13
0.116 1.95436e-13
0.118 2.29003e-13
0.12 2.7042e-13
0.122 3.12588e-13
0.124 3.63042e-13
0.126 4.25204e-13
0.128 4.92392e-13
0.13 5.78952e-13
0.132 6.68059e-13
0.134 7.79558e-13
0.136 9.09496e-13
0.138 1.05305e-12
0.14 1.22685e-12
0.142 1.42353e-12
0.144 1.65325e-12
0.146 1.91842e-12
0.148 2.22723e-12
0.15 2.58106e-12
0.152 2.99457e-12
0.154 3.4643e-12
0.156 4.01881e-12
0.158 4.65041e-12
0.16 5.38334e-12
0.162 6.23204e-12
0.164 7.20371e-12
0.166 8.33044e-12
0.168 9.6258e-12
0.17 1.11191e-11
0.172 1.2839e-11
0.174 1.48153e-11
0.176 1.70925e-11
0.178 1.97091e-11
0.18 2.27241e-11
0.182 2.61849e-11
0.184 3.01633e-11
0.186 3.47318e-11
0.188 3.99732e-11
0.19 4.59884e-11
0.192 5.28869e-11
0.194 6.07938e-11
0.196 6.98611e-11
0.198 8.02417e-11
0.2 9.21396e-11
0.202 1.0575e-10
0.204 1.21324e-10
0.206 1.39134e-10
0.208 1.59495e-10
0.21 1.82768e-10
0.212 2.09345e-10
0.214 2.39694e-10
0.216 2.74333e-10
0.218 3.13855e-10
0.22 3.58921e-10
0.222 4.10305e-10
0.224 4.68848e-10
0.226 5.3553e-10
0.228 6.11454e-10
0.23 6.97863e-10
0.232 7.96165e-10
0.234 9.07947e-10
0.236 1.03501e-09
0.238 1.17939e-09
0.24 1.34336e-09
0.242 1.52952e-09
0.244 1.74079e-09
0.246 1.98044e-09
0.248 2.25219e-09
0.25 2.5602e-09
0.252 2.90916e-09
0.254 3.30437e-09
0.256 3.75177e-09
0.258 4.25804e-09
0.26 4.83069e-09
0.262 5.47818e-09
0.264 6.20995e-09
0.266 7.03667e-09
0.268 7.97024e-09
0.27 9.02408e-09
0.272 1.02132e-08
0.274 1.15543e-08
0.276 1.30664e-08
0.278 1.47703e-08
0.28 1.66899e-08
0.282 1.88513e-08
0.284 2.12842e-08
0.286 2.40214e-08
0.288 2.70998e-08
0.29 3.05605e-08
0.292 3.44493e-08
0.294 3.88175e-08
0.296 4.3722e-08
0.298 4.92265e-08
0.3 5.54019e-08
0.302 6.2327e-08
0.304 7.00897e-08
0.306 7.87877e-08
0.308 8.85297e-08
0.31 9.94364e-08
0.312 1.11642e-07
0.314 1.25296e-07
0.316 1.40564e-07
0.318 1.57629e-07
0.32 1.76695e-07
0.322 1.97988e-07
0.324 2.21758e-07
0.326 2.48282e-07
0.328 2.77868e-07
0.33 3.10855e-07
0.332 3.47619e-07
0.334 3.88576e-07
0.336 4.34185e-07
0.338 4.84952e-07
0.34 5.41439e-07
0.342 6.04264e-07
0.344 6.7411e-07
0.346 7.51727e-07
0.348 8.37946e-07
0.35 9.33681e-07
0.352 1.03994e-06
0.354 1.15782e-06
0.356 1.28856e-06
0.358 1.43348e-06
0.36 1.59406e-06
0.362 1.77192e-06
0.364 1.96884e-06
0.366 2.18677e-06
0.368 2.42785e-06
0.37 2.69443e-06
0.372 2.98908e-06
0.374 3.31463e-06
0.376 3.67417e-06
0.378 4.07108e-06
0.38 4.50906e-06
0.382 4.99216e-06
0.384 5.52482e-06
0.386 6.11186e-06
0.388 6.75857e-06
0.39 7.47072e-06
0.392 8.25461e-06
0.394 9.11711e-06
0.396 1.00657e-05
0.398 1.11085e-05
0.4 1.22545e-05
0.402 1.35133e-05
0.404 1.48954e-05
0.406 1.64124e-05
0.408 1.80766e-05
0.41 1.99015e-05
0.412 2.1902e-05
0.414 2.40939e-05
0.416 2.64945e-05
0.418 2.91227e-05
0.42 3.19988e-05
0.422 3.51449e-05
0.424 3.85849e-05
0.426 4.23446e-05
0.428 4.64521e-05
0.43 5.09376e-05
0.432 5.58339e-05
0.434 6.11765e-05
0.436 6.70034e-05
0.438 7.33559e-05
0.44 8.02787e-05
0.442 8.78196e-05
0.444 9.60304e-05
0.446 0.000104967
0.448 0.000114689
0.45 0.000125262
0.452 0.000136754
0.454 0.000149242
0.456 0.000162804
0.458 0.000177528
0.46 0.000193506
0.462 0.000210838
0.464 0.00022963
0.466 0.000249997
0.468 0.000272062
0.47 0.000295956
0.472 0.00032182
0.474 0.000349804
0.476 0.000380069
0.478 0.000412788
0.48 0.000448144
0.482 0.000486334
0.484 0.000527567
0.486 0.000572067
0.488 0.000620073
0.49 0.000671839
0.492 0.000727635
0.494 0.000787749
0.496 0.000852489
0.498 0.000922181
0.5 0.000997171
0.502 0.00107783
0.504 0.00116454
0.506 0.00125773
0.508 0.00135783
0.51 0.00146532
0.512 0.00158068
0.514 0.00170444
0.516 0.00183715
0.518 0.0019794
0.52 0.00213182
0.522 0.00229506
0.524 0.00246981
0.526 0.0026568
0.528 0.0028568
0.53 0.00307063
0.532 0.00329915
0.534 0.00354326
0.536 0.00380391
0.538 0.0040821
0.54 0.00437888
0.542 0.00469536
0.544 0.0050327
0.546 0.00539212
0.548 0.0057749
0.55 0.00618238
0.552 0.00661596
0.554 0.00707712
0.556 0.0075674
0.558 0.00808841
0.56 0.00864184
0.562 0.00922944
0.564 0.00985305
0.566 0.0105146
0.568 0.0112161
0.57 0.0119596
0.572 0.0127472
0.574 0.0135814
0.576 0.0144643
0.578 0.0153984
0.58 0.0163864
0.582 0.0174307
0.584 0.0185342
0.586 0.0196997
0.588 0.0209301
0.59 0.0222285
0.592 0.0235979
0.594 0.0250418
0.596 0.0265633
0.598 0.028166
0.6 0.0298535
0.602 0.0316295
0.604 0.0334977
0.606 0.0354621
0.608 0.0375267
0.61 0.0396956
0.612 0.0419731
0.614 0.0443635
0.616 0.0468714
0.618 0.0495012
0.62 0.0522577
0.622 0.0551456
0.624 0.0581699
0.626 0.0613355
0.628 0.0646476
0.63 0.0681113
0.632 0.071732
0.634 0.0755149
0.636 0.0794656
0.638 0.0835896
0.64 0.0878926
0.642 0.0923801
0.644 0.097058
0.646 0.101932
0.648 0.107008
0.65 0.112292
0.652 0.11779
0.654 0.123508
0.656 0.129452
0.658 0.135627
0.66 0.142041
0.662 0.148698
0.664 0.155606
0.666 0.162769
0.668 0.170195
0.67 0.177888
0.672 0.185854
0.674 0.194101
0.676 0.202632
0.678 0.211454
0.68 0.220572
0.682 0.229992
0.684 0.239718
0.686 0.249757
0.688 0.260112
0.69 0.270789
0.692 0.281792
0.694 0.293125
0.696 0.304793
0.698 0.316799
0.7 0.329147
0.702 0.341841
0.704 0.354884
0.706 0.368277
0.708 0.382025
0.71 0.396128
0.712 0.41059
0.714 0.42541
0.716 0.44059
0.718 0.456132
0.72 0.472035
0.722 0.488298
0.724 0.504923
0.726 0.521907
0.728 0.539248
0.73 0.556946
0.732 0.574998
0.734 0.5934
0.736 0.61215
0.738 0.631243
0.74 0.650676
0.742 0.670443
0.744 0.690538
0.746 0.710956
0.748 0.731691
0.75 0.752734
0.752 0.77408
0.754 0.795718
0.756 0.817642
0.758 0.839841
0.76 0.862305
0.762 0.885025
0.764 0.90799
0.766 0.931188
0.768 0.954607
0.77 0.978236
0.772 1.00206
0.774 1.02607
0.776 1.05024
0.778 1.07457
0.78 1.09904
0.782 1.12364
0.784 1.14834
0.786 1.17314
0.788 1.19801
0.79 1.22295
0.792 1.24792
0.794 1.27292
0.796 1.29793
0.798 1.32293
0.8 1.34791
0.802 1.37283
0.804 1.3977
0.806 1.42247
0.808 1.44715
0.81 1.47171
0.812 1.49613
0.814 1.52039
0.816 1.54447
0.818 1.56836
0.82 1.59204
0.822 1.61548
0.824 1.63868
0.826 1.66161
0.828 1.68425
0.83 1.70659
0.832 1.72861
0.834 1.75029
0.836 1.77163
0.838 1.79259
0.84 1.81317
0.842 1.83335
0.844 1.85312
0.846 1.87247
0.848 1.89137
0.85 1.90982
0.852 1.92781
0.854 1.94533
0.856 1.96236
0.858 1.9789
0.86 1.99493
0.862 2.01046
0.864 2.02546
0.866 2.03994
0.868 2.05389
0.87 2.06731
0.872 2.08019
0.874 2.09252
0.876 2.10432
0.878 2.11556
0.88 2.12627
0.882 2.13643
0.884 2.14605
0.886 2.15513
0.888 2.16368
0.89 2.17169
0.892 2.17918
0.894 2.18615
0.896 2.19261
0.898 2.19856
0.9 2.20402
0.902 2.20899
0.904 2.21349
0.906 2.21752
0.908 2.2211
0.91 2.22424
0.912 2.22695
0.914 2.22925
0.916 2.23115
0.918 2.23267
0.92 2.23382
0.922 2.23462
0.924 2.23509
0.926 2.23524
0.928 2.23509
0.93 2.23465
0.932 2.23396
0.934 2.23301
0.936 2.23184
0.938 2.23046
0.94 2.22889
0.942 2.22715
0.944 2.22526
0.946 2.22323
0.948 2.22108
0.95 2.21884
0.952 2.21652
0.954 2.21414
0.956 2.21171
0.958 2.20926
0.96 2.20679
0.962 2.20434
0.964 2.2019
0.966 2.19951
0.968 2.19716
0.97 2.19489
0.972 2.19269
0.974 2.19059
0.976 2.18859
0.978 2.18671
0.98 2.18496
0.982 2.18334
0.984 2.18187
0.986 2.18055
0.988 2.1794
0.99 2.17841
0.992 2.17759
0.994 2.17695
0.996 2.17649
0.998 2.17622
