-1 0.195761
-0.99 0.196069
-0.98 0.196006
-0.97 0.196707
-0.96 0.196765
-0.95 0.197914
-0.94 0.198161
-0.93 0.199484
-0.92 0.200414
-0.91 0.201306
-0.9 0.203243
-0.89 0.204173
-0.88 0.20563
-0.87 0.208145
-0.86 0.209557
-0.85 0.210627
-0.84 0.213744
-0.83 0.219173
-0.82 0.225714
-0.81 0.232531
-0.8 0.239421
-0.79 0.246401
-0.78 0.253488
-0.77 0.260684
-0.76 0.267987
-0.75 0.275393
-0.74 0.2829
-0.73 0.290505
-0.72 0.298205
-0.71 0.305998
-0.7 0.313879
-0.69 0.321845
-0.68 0.329893
-0.67 0.338019
-0.66 0.346219
-0.65 0.354488
-0.64 0.362823
-0.63 0.371218
-0.62 0.379669
-0.61 0.388171
-0.6 0.396719
-0.59 0.405308
-0.58 0.413932
-0.57 0.422586
-0.56 0.431264
-0.55 0.439961
-0.54 0.44867
-0.53 0.457386
-0.52 0.466102
-0.51 0.474812
-0.5 0.483509
-0.49 0.492188
-0.48 0.500841
-0.47 0.509462
-0.46 0.518043
-0.45 0.526579
-0.44 0.535063
-0.43 0.543486
-0.42 0.551843
-0.41 0.560126
-0.4 0.568328
-0.39 0.576442
-0.38 0.584462
-0.37 0.592379
-0.36 0.600188
-0.35 0.60788
-0.34 0.615449
-0.33 0.622889
-0.32 0.630191
-0.31 0.637349
-0.3 0.644358
-0.29 0.651209
-0.28 0.657896
-0.27 0.664413
-0.26 0.670754
-0.25 0.676912
-0.24 0.682881
-0.23 0.688656
-0.22 0.69423
-0.21 0.699598
-0.2 0.704755
-0.19 0.709696
-0.18 0.714414
-0.17 0.718907
-0.16 0.723168
-0.15 0.727193
-0.14 0.730979
-0.13 0.734522
-0.12 0.737817
-0.11 0.740862
-0.1 0.743653
-0.09 0.746187
-0.08 0.748461
-0.07 0.750473
-0.06 0.752222
-0.05 0.753705
-0.04 0.75492
-0.03 0.755867
-0.02 0.756543
-0.01 0.75695
0 0.757085
0.01 0.75695
0.02 0.756543
0.03 0.755867
0.04 0.75492
0.05 0.753705
0.06 0.752222
0.07 0.750473
0.08 0.748461
0.09 0.746187
0.1 0.743653
0.11 0.740862
0.12 0.737817
0.13 0.734522
0.14 0.730979
0.15 0.727193
0.16 0.723168
0.17 0.718907
0.18 0.714414
0.19 0.709696
0.2 0.704755
0.21 0.699598
0.22 0.69423
0.23 0.688656
0.24 0.682881
0.25 0.676912
0.26 0.670754
0.27 0.664413
0.28 0.657896
0.29 0.651209
0.3 0.644358
0.31 0.637349
0.32 0.630191
0.33 0.622889
0.34 0.615449
0.35 0.60788
0.36 0.600188
0.37 0.592379
0.38 0.584462
0.39 0.576442
0.4 0.568328
0.41 0.560126
0.42 0.551843
0.43 0.543486
0.44 0.535063
0.45 0.526579
0.46 0.518043
0.47 0.509462
0.48 0.500841
0.49 0.492188
0.5 0.483509
0.51 0.474812
0.52 0.466102
0.53 0.457386
0.54 0.44867
0.55 0.439961
0.56 0.431264
0.57 0.422586
0.58 0.413932
0.59 0.405308
0.6 0.396719
0.61 0.388171
0.62 0.379669
0.63 0.371218
0.64 0.362823
0.65 0.354488
0.66 0.346219
0.67 0.338019
0.68 0.329893
0.69 0.321845
0.7 0.313879
0.71 0.305998
0.72 0.298205
0.73 0.290505
0.74 0.2829
0.75 0.275393
0.76 0.267987
0.77 0.260684
0.78 0.253488
0.79 0.246401
0.8 0.239421
0.81 0.232531
0.82 0.225714
0.83 0.219173
0.84 0.213744
0.85 0.210627
0.86 0.209557
0.87 0.208145
0.88 0.20563
0.89 0.204173
0.9 0.203243
0.91 0.201306
0.92 0.200414
0.93 0.199484
0.94 0.198161
0.95 0.197914
0.96 0.196765
0.97 0.196707
0.98 0.196006
0.99 0.196069
