-1 0.784801
-0.99 0.784604
-0.98 0.784198
-0.97 0.783385
-0.96 0.782389
-0.95 0.780952
-0.94 0.779385
-0.93 0.777319
-0.92 0.775195
-0.91 0.772503
-0.9 0.769838
-0.89 0.766532
-0.88 0.763331
-0.87 0.759438
-0.86 0.755698
-0.85 0.751264
-0.84 0.746964
-0.83 0.742051
-0.82 0.737165
-0.81 0.731844
-0.8 0.726348
-0.79 0.720675
-0.78 0.71458
-0.77 0.708568
-0.76 0.701944
-0.75 0.695542
-0.74 0.688522
-0.73 0.681638
-0.72 0.674371
-0.71 0.666936
-0.7 0.659504
-0.69 0.651566
-0.68 0.643902
-0.67 0.635661
-0.66 0.627592
-0.65 0.619275
-0.64 0.610706
-0.63 0.602354
-0.62 0.593447
-0.61 0.584847
-0.6 0.575931
-0.59 0.566877
-0.58 0.558063
-0.57 0.548725
-0.56 0.539723
-0.55 0.530516
-0.54 0.52109
-0.53 0.512049
-0.52 0.50253
-0.51 0.493214
-0.5 0.484024
-0.49 0.4744
-0.48 0.465225
-0.47 0.455891
-0.46 0.446333
-0.45 0.437279
-0.44 0.42789
-0.43 0.418487
-0.42 0.409559
-0.41 0.400226
-0.4 0.39101
-0.39 0.382251
-0.38 0.373072
-0.37 0.364046
-0.36 0.355514
-0.35 0.346586
-0.34 0.337735
-0.33 0.329473
-0.32 0.320912
-0.31 0.312229
-0.3 0.304209
-0.29 0.296154
-0.28 0.287711
-0.27 0.279799
-0.26 0.272311
-0.25 0.264368
-0.24 0.256441
-0.23 0.249266
-0.22 0.24217
-0.21 0.234548
-0.2 0.227172
-0.19 0.220611
-0.18 0.214091
-0.17 0.206964
-0.16 0.199896
-0.15 0.193736
-0.14 0.18813
-0.13 0.182041
-0.12 0.17521
-0.11 0.16853
-0.1 0.163146
-0.09 0.159536
-0.08 0.157404
-0.07 0.156146
-0.06 0.155277
-0.05 0.154568
-0.04 0.153964
-0.03 0.153478
-0.02 0.153125
-0.01 0.152912
0 0.152842
0.01 0.152912
0.02 0.153125
0.03 0.153478
0.04 0.153964
0.05 0.154568
0.06 0.155277
0.07 0.156146
0.08 0.157404
0.09 0.159536
0.1 0.163146
0.11 0.16853
0.12 0.17521
0.13 0.182041
0.14 0.18813
0.15 0.193736
0.16 0.199896
0.17 0.206964
0.18 0.214091
0.19 0.220611
0.2 0.227172
0.21 0.234548
0.22 0.24217
0.23 0.249266
0.24 0.256441
0.25 0.264368
0.26 0.272311
0.27 0.279799
0.28 0.287711
0.29 0.296154
0.3 0.304209
0.31 0.312229
0.32 0.320912
0.33 0.329473
0.34 0.337735
0.35 0.346586
0.36 0.355514
0.37 0.364046
0.38 0.373072
0.39 0.382251
0.4 0.39101
0.41 0.400226
0.42 0.409559
0.43 0.418487
0.44 0.42789
0.45 0.437279
0.46 0.446333
0.47 0.455891
0.48 0.465225
0.49 0.4744
0.5 0.484024
0.51 0.493214
0.52 0.50253
0.53 0.512049
0.54 0.52109
0.55 0.530516
0.56 0.539723
0.57 0.548725
0.58 0.558063
0.59 0.566877
0.6 0.575931
0.61 0.584847
0.62 0.593447
0.63 0.602354
0.64 0.610706
0.65 0.619275
0.66 0.627592
0.67 0.635661
0.68 0.643902
0.69 0.651566
0.7 0.659504
0.71 0.666936
0.72 0.674371
0.73 0.681638
0.74 0.688522
0.75 0.695542
0.76 0.701944
0.77 0.708568
0.78 0.71458
0.79 0.720675
0.8 0.726348
0.81 0.731844
0.82 0.737165
0.83 0.742051
0.84 0.746964
0.85 0.751264
0.86 0.755698
0.87 0.759438
0.88 0.763331
0.89 0.766532
0.9 0.769838
0.91 0.772503
0.92 0.775195
0.93 0.777319
0.94 0.779385
0.95 0.780952
0.96 0.782389
0.97 0.783385
0.98 0.784198
0.99 0.784604
