-1 0.316569
-0.99 0.316387
-0.98 0.316772
-0.97 0.316841
-0.96 0.317375
-0.95 0.317754
-0.94 0.318363
-0.93 0.319122
-0.92 0.319734
-0.91 0.320905
-0.9 0.321536
-0.89 0.322999
-0.88 0.323858
-0.87 0.325289
-0.86 0.326708
-0.85 0.32786
-0.84 0.329798
-0.83 0.331056
-0.82 0.332798
-0.81 0.334833
-0.8 0.336183
-0.79 0.338334
-0.78 0.340473
-0.77 0.341942
-0.76 0.344253
-0.75 0.346721
-0.74 0.348276
-0.73 0.350293
-0.72 0.353241
-0.71 0.355534
-0.7 0.356826
-0.69 0.358791
-0.68 0.362743
-0.67 0.368433
-0.66 0.374928
-0.65 0.381588
-0.64 0.388215
-0.63 0.394802
-0.62 0.401369
-0.61 0.40792
-0.6 0.414453
-0.59 0.420961
-0.58 0.427443
-0.57 0.433893
-0.56 0.440309
-0.55 0.446686
-0.54 0.453022
-0.53 0.459312
-0.52 0.465552
-0.51 0.47174
-0.5 0.477872
-0.49 0.483943
-0.48 0.489951
-0.47 0.495893
-0.46 0.501764
-0.45 0.507561
-0.44 0.513281
-0.43 0.518921
-0.42 0.524478
-0.41 0.529948
-0.4 0.535328
-0.39 0.540616
-0.38 0.545808
-0.37 0.550901
-0.36 0.555892
-0.35 0.56078
-0.34 0.56556
-0.33 0.570231
-0.32 0.57479
-0.31 0.579234
-0.3 0.583561
-0.29 0.587768
-0.28 0.591854
-0.27 0.595816
-0.26 0.599652
-0.25 0.60336
-0.24 0.606938
-0.23 0.610384
-0.22 0.613696
-0.21 0.616873
-0.2 0.619914
-0.19 0.622815
-0.18 0.625577
-0.17 0.628197
-0.16 0.630675
-0.15 0.633008
-0.14 0.635197
-0.13 0.637239
-0.12 0.639134
-0.11 0.640881
-0.1 0.642479
-0.09 0.643927
-0.08 0.645224
-0.07 0.64637
-0.06 0.647365
-0.05 0.648207
-0.04 0.648897
-0.03 0.649434
-0.02 0.649818
-0.01 0.650048
0 0.650125
0.01 0.650048
0.02 0.649818
0.03 0.649434
0.04 0.648897
0.05 0.648207
0.06 0.647365
0.07 0.64637
0.08 0.645224
0.09 0.643927
0.1 0.642479
0.11 0.640881
0.12 0.639134
0.13 0.637239
0.14 0.635197
0.15 0.633008
0.16 0.630675
0.17 0.628197
0.18 0.625577
0.19 0.622815
0.2 0.619914
0.21 0.616873
0.22 0.613696
0.23 0.610384
0.24 0.606938
0.25 0.60336
0.26 0.599652
0.27 0.595816
0.28 0.591854
0.29 0.587768
0.3 0.583561
0.31 0.579234
0.32 0.57479
0.33 0.570231
0.34 0.56556
0.35 0.56078
0.36 0.555892
0.37 0.550901
0.38 0.545808
0.39 0.540616
0.4 0.535328
0.41 0.529948
0.42 0.524478
0.43 0.518921
0.44 0.513281
0.45 0.507561
0.46 0.501764
0.47 0.495893
0.48 0.489951
0.49 0.483943
0.5 0.477872
0.51 0.47174
0.52 0.465552
0.53 0.459312
0.54 0.453022
0.55 0.446686
0.56 0.440309
0.57 0.433893
0.58 0.427443
0.59 0.420961
0.6 0.414453
0.61 0.40792
0.62 0.401369
0.63 0.394802
0.64 0.388215
0.65 0.381588
0.66 0.374928
0.67 0.368433
0.68 0.362743
0.69 0.358791
0.7 0.356826
0.71 0.355534
0.72 0.353241
0.73 0.350293
0.74 0.348276
0.75 0.346721
0.76 0.344253
0.77 0.341942
0.78 0.340473
0.79 0.338334
0.8 0.336183
0.81 0.334833
0.82 0.332798
0.83 0.331056
0.84 0.329798
0.85 0.32786
0.86 0.326708
0.87 0.325289
0.88 0.323858
0.89 0.322999
0.9 0.321536
0.91 0.320905
0.92 0.319734
0.93 0.319122
0.94 0.318363
0.95 0.317754
0.96 0.317375
0.97 0.316841
0.98 0.316772
0.99 0.316387
