-1 6.04002e-08
-0.998 6.08236e-08
-0.996 6.2099e-08
-0.994 6.42421e-08
-0.992 6.72796e-08
-0.99 7.12488e-08
-0.988 7.61988e-08
-0.986 8.21903e-08
-0.984 8.92966e-08
-0.982 9.76046e-08
-0.98 1.07215e-07
-0.978 1.18244e-07
-0.976 1.30825e-07
-0.974 1.45108e-07
-0.972 1.61263e-07
-0.97 1.79481e-07
-0.968 1.99976e-07
-0.966 2.22988e-07
-0.964 2.48784e-07
-0.962 2.77661e-07
-0.96 3.0995e-07
-0.958 3.46016e-07
-0.956 3.86268e-07
-0.954 4.31156e-07
-0.952 4.81179e-07
-0.95 5.36887e-07
-0.948 5.98891e-07
-0.946 6.67863e-07
-0.944 7.44547e-07
-0.942 8.29761e-07
-0.94 9.24409e-07
-0.938 1.02949e-06
-0.936 1.14609e-06
-0.934 1.27542e-06
-0.932 1.41881e-06
-0.93 1.57771e-06
-0.928 1.75373e-06
-0.926 1.94863e-06
-0.924 2.16434e-06
-0.922 2.40298e-06
-0.92 2.66689e-06
-0.918 2.9586e-06
-0.916 3.28092e-06
-0.914 3.63691e-06
-0.912 4.02992e-06
-0.91 4.46362e-06
-0.908 4.94203e-06
-0.906 5.46953e-06
-0.904 6.05091e-06
-0.902 6.69142e-06
-0.9 7.39677e-06
-0.898 8.17321e-06
-0.896 9.02754e-06
-0.894 9.96719e-06
-0.892 1.10002e-05
-0.89 1.21355e-05
-0.888 1.33826e-05
-0.886 1.47519e-05
-0.884 1.62549e-05
-0.882 1.79038e-05
-0.88 1.97121e-05
-0.878 2.16943e-05
-0.876 2.38664e-05
-0.874 2.62454e-05
-0.872 2.885e-05
-0.87 3.17004e-05
-0.868 3.48185e-05
-0.866 3.8228e-05
-0.864 4.19546e-05
-0.862 4.6026e-05
-0.86 5.04724e-05
-0.858 5.53261e-05
-0.856 6.06224e-05
-0.854 6.63992e-05
-0.852 7.26973e-05
-0.85 7.9561e-05
-0.848 8.70379e-05
-0.846 9.51793e-05
-0.844 0.000104041
-0.842 0.000113682
-0.84 0.000124166
-0.838 0.000135564
-0.836 0.000147948
-0.834 0.000161399
-0.832 0.000176003
-0.83 0.000191851
-0.828 0.000209043
-0.826 0.000227684
-0.824 0.000247888
-0.822 0.000269778
-0.82 0.000293483
-0.818 0.000319143
-0.816 0.000346907
-0.814 0.000376937
-0.812 0.000409402
-0.81 0.000444485
-0.808 0.000482382
-0.806 0.000523301
-0.804 0.000567463
-0.802 0.000615107
-0.8 0.000666484
-0.798 0.000721863
-0.796 0.000781531
-0.794 0.000845793
-0.792 0.000914973
-0.79 0.000989416
-0.788 0.00106949
-0.786 0.00115558
-0.784 0.0012481
-0.782 0.00134748
-0.78 0.0014542
-0.778 0.00156875
-0.776 0.00169164
-0.774 0.00182343
-0.772 0.0019647
-0.77 0.00211606
-0.768 0.00227818
-0.766 0.00245174
-0.764 0.00263746
-0.762 0.00283612
-0.76 0.00304852
-0.758 0.00327552
-0.756 0.00351801
-0.754 0.00377695
-0.752 0.00405332
-0.75 0.00434818
-0.748 0.00466261
-0.746 0.00499779
-0.744 0.00535492
-0.742 0.00573528
-0.74 0.00614019
-0.738 0.00657106
-0.736 0.00702936
-0.734 0.00751661
-0.732 0.00803442
-0.73 0.00858447
-0.728 0.00916851
-0.726 0.00978837
-0.724 0.010446
-0.722 0.0111433
-0.72 0.0118824
-0.718 0.0126654
-0.716 0.0134947
-0.714 0.0143725
-0.712 0.0153013
-0.71 0.0162835
-0.708 0.017322
-0.706 0.0184192
-0.704 0.0195782
-0.702 0.0208017
-0.7 0.0220929
-0.698 0.0234548
-0.696 0.0248907
-0.694 0.026404
-0.692 0.027998
-0.69 0.0296765
-0.688 0.0314429
-0.686 0.0333012
-0.684 0.0352552
-0.682 0.037309
-0.68 0.0394666
-0.678 0.0417322
-0.676 0.0441103
-0.674 0.0466053
-0.672 0.0492217
-0.67 0.0519641
-0.668 0.0548375
-0.666 0.0578466
-0.664 0.0609963
-0.662 0.0642919
-0.66 0.0677384
-0.658 0.0713412
-0.656 0.0751055
-0.654 0.0790368
-0.652 0.0831407
-0.65 0.0874226
-0.648 0.0918883
-0.646 0.0965435
-0.644 0.101394
-0.642 0.106446
-0.64 0.111704
-0.638 0.117176
-0.636 0.122866
-0.634 0.128781
-0.632 0.134927
-0.63 0.14131
-0.628 0.147935
-0.626 0.154809
-0.624 0.161938
-0.622 0.169327
-0.62 0.176983
-0.618 0.184911
-0.616 0.193117
-0.614 0.201606
-0.612 0.210384
-0.61 0.219456
-0.608 0.228829
-0.606 0.238506
-0.604 0.248493
-0.602 0.258794
-0.6 0.269415
-0.598 0.28036
-0.596 0.291632
-0.594 0.303237
-0.592 0.315177
-0.59 0.327456
-0.588 0.340078
-0.586 0.353044
-0.584 0.366359
-0.582 0.380024
-0.58 0.394041
-0.578 0.408411
-0.576 0.423136
-0.574 0.438217
-0.572 0.453654
-0.57 0.469446
-0.568 0.485595
-0.566 0.502097
-0.564 0.518953
-0.562 0.536161
-0.56 0.553717
-0.558 0.57162
-0.556 0.589865
-0.554 0.60845
-0.552 0.627369
-0.55 0.646617
-0.548 0.666189
-0.546 0.68608
-0.544 0.706282
-0.542 0.726787
-0.54 0.74759
-0.538 0.76868
-0.536 0.790048
-0.534 0.811686
-0.532 0.833584
-0.53 0.855729
-0.528 0.878112
-0.526 0.90072
-0.524 0.92354
-0.522 0.94656
-0.52 0.969765
-0.518 0.993143
-0.516 1.01668
-0.514 1.04035
-0.512 1.06415
-0.51 1.08806
-0.508 1.11207
-0.506 1.13614
-0.504 1.16028
-0.502 1.18445
-0.5 1.20864
-0.498 1.23284
-0.496 1.25701
-0.494 1.28115
-0.492 1.30523
-0.49 1.32923
-0.488 1.35313
-0.486 1.37691
-0.484 1.40054
-0.482 1.42401
-0.48 1.4473
-0.478 1.47038
-0.476 1.49323
-0.474 1.51582
-0.472 1.53815
-0.47 1.56018
-0.468 1.58189
-0.466 1.60326
-0.464 1.62427
-0.462 1.6449
-0.46 1.66512
-0.458 1.68492
-0.456 1.70427
-0.454 1.72316
-0.452 1.74156
-0.45 1.75945
-0.448 1.77681
-0.446 1.79363
-0.444 1.80988
-0.442 1.82555
-0.44 1.84061
-0.438 1.85506
-0.436 1.86888
-0.434 1.88204
-0.432 1.89455
-0.43 1.90637
-0.428 1.91749
-0.426 1.92791
-0.424 1.93762
-0.422 1.94659
-0.42 1.95482
-0.418 1.9623
-0.416 1.96903
-0.414 1.97498
-0.412 1.98016
-0.41 1.98456
-0.408 1.98818
-0.406 1.991
-0.404 1.99304
-0.402 1.99427
-0.4 1.99471
-0.398 1.99435
-0.396 1.99319
-0.394 1.99124
-0.392 1.9885
-0.39 1.98496
-0.388 1.98064
-0.386 1.97553
-0.384 1.96966
-0.382 1.96301
-0.38 1.9556
-0.378 1.94745
-0.376 1.93855
-0.374 1.92892
-0.372 1.91857
-0.37 1.90751
-0.368 1.89576
-0.366 1.88332
-0.364 1.87023
-0.362 1.85647
-0.36 1.84209
-0.358 1.82708
-0.356 1.81147
-0.354 1.79528
-0.352 1.77852
-0.35 1.76121
-0.348 1.74337
-0.346 1.72502
-0.344 1.70618
-0.342 1.68688
-0.34 1.66712
-0.338 1.64694
-0.336 1.62635
-0.334 1.60538
-0.332 1.58404
-0.33 1.56236
-0.328 1.54036
-0.326 1.51807
-0.324 1.4955
-0.322 1.47267
-0.32 1.44962
-0.318 1.42635
-0.316 1.4029
-0.314 1.37928
-0.312 1.35551
-0.31 1.33162
-0.308 1.30763
-0.306 1.28356
-0.304 1.25943
-0.302 1.23526
-0.3 1.21106
-0.298 1.18687
-0.296 1.16269
-0.294 1.13855
-0.292 1.11447
-0.29 1.09046
-0.288 1.06654
-0.286 1.04273
-0.284 1.01904
-0.282 0.995489
-0.28 0.972096
-0.278 0.948872
-0.276 0.925833
-0.274 0.902992
-0.272 0.880363
-0.27 0.857957
-0.268 0.835787
-0.266 0.813865
-0.264 0.7922
-0.262 0.770804
-0.26 0.749686
-0.258 0.728855
-0.256 0.708319
-0.254 0.688086
-0.252 0.668164
-0.25 0.64856
-0.248 0.629279
-0.246 0.610327
-0.244 0.591709
-0.242 0.573429
-0.24 0.555492
-0.238 0.537901
-0.236 0.520658
-0.234 0.503767
-0.232 0.487229
-0.23 0.471045
-0.228 0.455217
-0.226 0.439745
-0.224 0.424628
-0.222 0.409868
-0.22 0.395462
-0.218 0.38141
-0.216 0.36771
-0.214 0.35436
-0.212 0.341359
-0.21 0.328703
-0.208 0.31639
-0.206 0.304416
-0.204 0.292778
-0.202 0.281472
-0.2 0.270495
-0.198 0.259842
-0.196 0.249509
-0.194 0.239491
-0.192 0.229783
-0.19 0.22038
-0.188 0.211278
-0.186 0.202471
-0.184 0.193953
-0.182 0.185719
-0.18 0.177764
-0.178 0.170081
-0.176 0.162665
-0.174 0.155511
-0.172 0.148612
-0.17 0.141961
-0.168 0.135555
-0.166 0.129385
-0.164 0.123448
-0.162 0.117735
-0.16 0.112242
-0.158 0.106962
-0.156 0.10189
-0.154 0.0970202
-0.152 0.0923458
-0.15 0.0878614
-0.148 0.0835614
-0.146 0.0794401
-0.144 0.0754918
-0.142 0.0717111
-0.14 0.0680926
-0.138 0.0646308
-0.136 0.0613204
-0.134 0.0581564
-0.132 0.0551337
-0.13 0.0522471
-0.128 0.049492
-0.126 0.0468634
-0.124 0.0443567
-0.122 0.0419674
-0.12 0.0396909
-0.118 0.037523
-0.116 0.0354594
-0.114 0.0334959
-0.112 0.0316286
-0.11 0.0298536
-0.108 0.028167
-0.106 0.0265652
-0.104 0.0250446
-0.102 0.0236017
-0.1 0.0222333
-0.098 0.020936
-0.096 0.0197067
-0.094 0.0185423
-0.092 0.0174401
-0.09 0.016397
-0.088 0.0154105
-0.086 0.0144779
-0.084 0.0135966
-0.082 0.0127643
-0.08 0.0119785
-0.078 0.0112371
-0.076 0.0105379
-0.074 0.00987888
-0.072 0.00925796
-0.07 0.0086733
-0.068 0.00812308
-0.066 0.00760556
-0.064 0.00711908
-0.062 0.00666207
-0.06 0.006233
-0.058 0.00583045
-0.056 0.00545305
-0.054 0.00509948
-0.052 0.00476852
-0.05 0.00445898
-0.048 0.00416976
-0.046 0.0038998
-0.044 0.0036481
-0.042 0.00341373
-0.04 0.00319579
-0.038 0.00299347
-0.036 0.00280596
-0.034 0.00263254
-0.032 0.00247252
-0.03 0.00232527
-0.028 0.00219019
-0.026 0.00206673
-0.024 0.00195439
-0.022 0.0018527
-0.02 0.00176124
-0.018 0.00167962
-0.016 0.00160751
-0.014 0.00154459
-0.012 0.00149059
-0.01 0.00144529
-0.008 0.00140849
-0.006 0.00138003
-0.004 0.0013598
-0.002 0.00134769
0 0.00134366
0.002 0.00134769
0.004 0.0013598
0.006 0.00138003
0.008 0.00140849
0.01 0.00144529
0.012 0.00149059
0.014 0.00154459
0.016 0.00160751
0.018 0.00167962
0.02 0.00176124
0.022 0.0018527
0.024 0.00195439
0.026 0.00206673
0.028 0.00219019
0.03 0.00232527
0.032 0.00247252
0.034 0.00263254
0.036 0.00280596
0.038 0.00299347
0.04 0.00319579
0.042 0.00341373
0.044 0.0036481
0.046 0.0038998
0.048 0.00416976
0.05 0.00445898
0.052 0.00476852
0.054 0.00509948
0.056 0.00545305
0.058 0.00583045
0.06 0.006233
0.062 0.00666207
0.064 0.00711908
0.066 0.00760556
0.068 0.00812308
0.07 0.0086733
0.072 0.00925796
0.074 0.00987888
0.076 0.0105379
0.078 0.0112371
0.08 0.0119785
0.082 0.0127643
0.084 0.0135966
0.086 0.0144779
0.088 0.0154105
0.09 0.016397
0.092 0.0174401
0.094 0.0185423
0.096 0.0197067
0.098 0.020936
0.1 0.0222333
0.102 0.0236017
0.104 0.0250446
0.106 0.0265652
0.108 0.028167
0.11 0.0298536
0.112 0.0316286
0.114 0.0334959
0.116 0.0354594
0.118 0.037523
0.12 0.0396909
0.122 0.0419674
0.124 0.0443567
0.126 0.0468634
0.128 0.049492
0.13 0.0522471
0.132 0.0551337
0.134 0.0581564
0.136 0.0613204
0.138 0.0646308
0.14 0.0680926
0.142 0.0717111
0.144 0.0754918
0.146 0.0794401
0.148 0.0835614
0.15 0.0878614
0.152 0.0923458
0.154 0.0970202
0.156 0.10189
0.158 0.106962
0.16 0.112242
0.162 0.117735
0.164 0.123448
0.166 0.129385
0.168 0.135555
0.17 0.141961
0.172 0.148612
0.174 0.155511
0.176 0.162665
0.178 0.170081
0.18 0.177764
0.182 0.185719
0.184 0.193953
0.186 0.202471
0.188 0.211278
0.19 0.22038
0.192 0.229783
0.194 0.239491
0.196 0.249509
0.198 0.259842
0.2 0.270495
0.202 0.281472
0.204 0.292778
0.206 0.304416
0.208 0.31639
0.21 0.328703
0.212 0.341359
0.214 0.35436
0.216 0.36771
0.218 0.38141
0.22 0.395462
0.222 0.409868
0.224 0.424628
0.226 0.439745
0.228 0.455217
0.23 0.471045
0.232 0.487229
0.234 0.503767
0.236 0.520658
0.238 0.537901
0.24 0.555492
0.242 0.573429
0.244 0.591709
0.246 0.610327
0.248 0.629279
0.25 0.64856
0.252 0.668164
0.254 0.688086
0.256 0.708319
0.258 0.728855
0.26 0.749686
0.262 0.770804
0.264 0.7922
0.266 0.813865
0.268 0.835787
0.27 0.857957
0.272 0.880363
0.274 0.902992
0.276 0.925833
0.278 0.948872
0.28 0.972096
0.282 0.995489
0.284 1.01904
0.286 1.04273
0.288 1.06654
0.29 1.09046
0.292 1.11447
0.294 1.13855
0.296 1.16269
0.298 1.18687
0.3 1.21106
0.302 1.23526
0.304 1.25943
0.306 1.28356
0.308 1.30763
0.31 1.33162
0.312 1.35551
0.314 1.37928
0.316 1.4029
0.318 1.42635
0.32 1.44962
0.322 1.47267
0.324 1.4955
0.326 1.51807
0.328 1.54036
0.33 1.56236
0.332 1.58404
0.334 1.60538
0.336 1.62635
0.338 1.64694
0.34 1.66712
0.342 1.68688
0.344 1.70618
0.346 1.72502
0.348 1.74337
0.35 1.76121
0.352 1.77852
0.354 1.79528
0.356 1.81147
0.358 1.82708
0.36 1.84209
0.362 1.85647
0.364 1.87023
0.366 1.88332
0.368 1.89576
0.37 1.90751
0.372 1.91857
0.374 1.92892
0.376 1.93855
0.378 1.94745
0.38 1.9556
0.382 1.96301
0.384 1.96966
0.386 1.97553
0.388 1.98064
0.39 1.98496
0.392 1.9885
0.394 1.99124
0.396 1.99319
0.398 1.99435
0.4 1.99471
0.402 1.99427
0.404 1.99304
0.406 1.991
0.408 1.98818
0.41 1.98456
0.412 1.98016
0.414 1.97498
0.416 1.96903
0.418 1.9623
0.42 1.95482
0.422 1.94659
0.424 1.93762
0.426 1.92791
0.428 1.91749
0.43 1.90637
0.432 1.89455
0.434 1.88204
0.436 1.86888
0.438 1.85506
0.44 1.84061
0.442 1.82555
0.444 1.80988
0.446 1.79363
0.448 1.77681
0.45 1.75945
0.452 1.74156
0.454 1.72316
0.456 1.70427
0.458 1.68492
0.46 1.66512
0.462 1.6449
0.464 1.62427
0.466 1.60326
0.468 1.58189
0.47 1.56018
0.472 1.53815
0.474 1.51582
0.476 1.49323
0.478 1.47038
0.48 1.4473
0.482 1.42401
0.484 1.40054
0.486 1.37691
0.488 1.35313
0.49 1.32923
0.492 1.30523
0.494 1.28115
0.496 1.25701
0.498 1.23284
0.5 1.20864
0.502 1.18445
0.504 1.16028
0.506 1.13614
0.508 1.11207
0.51 1.08806
0.512 1.06415
0.514 1.04035
0.516 1.01668
0.518 0.993143
0.52 0.969765
0.522 0.94656
0.524 0.92354
0.526 0.90072
0.528 0.878112
0.53 0.855729
0.532 0.833584
0.534 0.811686
0.536 0.790048
0.538 0.76868
0.54 0.74759
0.542 0.726787
0.544 0.706282
0.546 0.68608
0.548 0.666189
0.55 0.646617
0.552 0.627369
0.554 0.60845
0.556 0.589865
0.558 0.57162
0.56 0.553717
0.562 0.536161
0.564 0.518953
0.566 0.502097
0.568 0.485595
0.57 0.469446
0.572 0.453654
0.574 0.438217
0.576 0.423136
0.578 0.408411
0.58 0.394041
0.582 0.380024
0.584 0.366359
0.586 0.353044
0.588 0.340078
0.59 0.327456
0.592 0.315177
0.594 0.303237
0.596 0.291632
0.598 0.28036
0.6 0.269415
0.602 0.258794
0.604 0.248493
0.606 0.238506
0.608 0.228829
0.61 0.219456
0.612 0.210384
0.614 0.201606
0.616 0.193117
0.618 0.184911
0.62 0.176983
0.622 0.169327
0.624 0.161938
0.626 0.154809
0.628 0.147935
0.63 0.14131
0.632 0.134927
0.634 0.128781
0.636 0.122866
0.638 0.117176
0.64 0.111704
0.642 0.106446
0.644 0.101394
0.646 0.0965435
0.648 0.0918883
0.65 0.0874226
0.652 0.0831407
0.654 0.0790368
0.656 0.0751055
0.658 0.0713412
0.66 0.0677384
0.662 0.0642919
0.664 0.0609963
0.666 0.0578466
0.668 0.0548375
0.67 0.0519641
0.672 0.0492217
0.674 0.0466053
0.676 0.0441103
0.678 0.0417322
0.68 0.0394666
0.682 0.037309
0.684 0.0352552
0.686 0.0333012
0.688 0.0314429
0.69 0.0296765
0.692 0.027998
0.694 0.026404
0.696 0.0248907
0.698 0.0234548
0.7 0.0220929
0.702 0.0208017
0.704 0.0195782
0.706 0.0184192
0.708 0.017322
0.71 0.0162835
0.712 0.0153013
0.714 0.0143725
0.716 0.0134947
0.718 0.0126654
0.72 0.0118824
0.722 0.0111433
0.724 0.010446
0.726 0.00978837
0.728 0.00916851
0.73 0.00858447
0.732 0.00803442
0.734 0.00751661
0.736 0.00702936
0.738 0.00657106
0.74 0.00614019
0.742 0.00573528
0.744 0.00535492
0.746 0.00499779
0.748 0.00466261
0.75 0.00434818
0.752 0.00405332
0.754 0.00377695
0.756 0.00351801
0.758 0.00327552
0.76 0.00304852
0.762 0.00283612
0.764 0.00263746
0.766 0.00245174
0.768 0.00227818
0.77 0.00211606
0.772 0.0019647
0.774 0.00182343
0.776 0.00169164
0.778 0.00156875
0.78 0.0014542
0.782 0.00134748
0.784 0.0012481
0.786 0.00115558
0.788 0.00106949
0.79 0.000989416
0.792 0.000914973
0.794 0.000845793
0.796 0.000781531
0.798 0.000721863
0.8 0.000666484
0.802 0.000615107
0.804 0.000567463
0.806 0.000523301
0.808 0.000482382
0.81 0.000444485
0.812 0.000409402
0.814 0.000376937
0.816 0.000346907
0.818 0.000319143
0.82 0.000293483
0.822 0.000269778
0.824 0.000247888
0.826 0.000227684
0.828 0.000209043
0.83 0.000191851
0.832 0.000176003
0.834 0.000161399
0.836 0.000147948
0.838 0.000135564
0.84 0.000124166
0.842 0.000113682
0.844 0.000104041
0.846 9.51793e-05
0.848 8.70379e-05
0.85 7.9561e-05
0.852 7.26973e-05
0.854 6.63992e-05
0.856 6.06224e-05
0.858 5.53261e-05
0.86 5.04724e-05
0.862 4.6026e-05
0.864 4.19546e-05
0.866 3.8228e-05
0.868 3.48185e-05
0.87 3.17004e-05
0.872 2.885e-05
0.874 2.62454e-05
0.876 2.38664e-05
0.878 2.16943e-05
0.88 1.97121e-05
0.882 1.79038e-05
0.884 1.62549e-05
0.886 1.47519e-05
0.888 1.33826e-05
0.89 1.21355e-05
0.892 1.10002e-05
0.894 9.96719e-06
0.896 9.02754e-06
0.898 8.17321e-06
0.9 7.39677e-06
0.902 6.69142e-06
0.904 6.05091e-06
0.906 5.46953e-06
0.908 4.94203e-06
0.91 4.46362e-06
0.912 4.02992e-06
0.914 3.63691e-06
0.916 3.28092e-06
0.918 2.9586e-06
0.92 2.66689e-06
0.922 2.40298e-06
0.924 2.16434e-06
0.926 1.94863e-06
0.928 1.75373e-06
0.93 1.57771e-06
0.932 1.41881e-06
0.934 1.27542e-06
0.936 1.14609e-06
0.938 1.02949e-06
0.94 9.24409e-07
0.942 8.29761e-07
0.944 7.44547e-07
0.946 6.67863e-07
0.948 5.98891e-07
0.95 5.36887e-07
0.952 4.81179e-07
0.954 4.31156e-07
0.956 3.86268e-07
0.958 3.46016e-07
0.96 3.0995e-07
0.962 2.77661e-07
0.964 2.48784e-07
0.966 2.22988e-07
0.968 1.99976e-07
0.97 1.79481e-07
0.972 1.61263e-07
0.974 1.45108e-07
0.976 1.30825e-07
0.978 1.18244e-07
0.98 1.07215e-07
0.982 9.76046e-08
0.984 8.92966e-08
0.986 8.21903e-08
0.988 7.61988e-08
0.99 7.12488e-08
0.992 6.72796e-08
0.994 6.42421e-08
0.996 6.2099e-08
0.998 6.08236e-08
