-1 3.53398e-07
-0.998 3.55625e-07
-0.996 3.6233e-07
-0.994 3.73588e-07
-0.992 3.8952e-07
-0.99 4.10302e-07
-0.988 4.36159e-07
-0.986 4.67374e-07
-0.984 5.04286e-07
-0.982 5.47291e-07
-0.98 5.96854e-07
-0.978 6.53505e-07
-0.976 7.17846e-07
-0.974 7.9056e-07
-0.972 8.72412e-07
-0.97 9.64259e-07
-0.968 1.06706e-06
-0.966 1.18186e-06
-0.964 1.30986e-06
-0.962 1.45235e-06
-0.96 1.61077e-06
-0.958 1.78672e-06
-0.956 1.98194e-06
-0.954 2.19836e-06
-0.952 2.4381e-06
-0.95 2.70349e-06
-0.948 2.99709e-06
-0.946 3.32171e-06
-0.944 3.68043e-06
-0.942 4.07661e-06
-0.94 4.51395e-06
-0.938 4.99648e-06
-0.936 5.52863e-06
-0.934 6.11523e-06
-0.932 6.76155e-06
-0.93 7.47336e-06
-0.928 8.25695e-06
-0.926 9.11918e-06
-0.924 1.00675e-05
-0.922 1.11102e-05
-0.92 1.2256e-05
-0.918 1.35146e-05
-0.916 1.48966e-05
-0.914 1.64134e-05
-0.912 1.80775e-05
-0.91 1.99024e-05
-0.908 2.19027e-05
-0.906 2.40946e-05
-0.904 2.64952e-05
-0.902 2.91233e-05
-0.9 3.19994e-05
-0.898 3.51454e-05
-0.896 3.85853e-05
-0.894 4.2345e-05
-0.892 4.64525e-05
-0.89 5.0938e-05
-0.888 5.58343e-05
-0.886 6.11768e-05
-0.884 6.70037e-05
-0.882 7.33562e-05
-0.88 8.02789e-05
-0.878 8.78198e-05
-0.876 9.60306e-05
-0.874 0.000104967
-0.872 0.000114689
-0.87 0.000125262
-0.868 0.000136754
-0.866 0.000149242
-0.864 0.000162804
-0.862 0.000177528
-0.86 0.000193506
-0.858 0.000210837
-0.856 0.000229629
-0.854 0.000249997
-0.852 0.000272061
-0.85 0.000295955
-0.848 0.000321818
-0.846 0.000349802
-0.844 0.000380067
-0.842 0.000412785
-0.84 0.000448141
-0.838 0.00048633
-0.836 0.000527563
-0.834 0.000572062
-0.832 0.000620067
-0.83 0.000671832
-0.828 0.000727626
-0.826 0.00078774
-0.824 0.000852478
-0.822 0.000922169
-0.82 0.000997157
-0.818 0.00107781
-0.816 0.00116452
-0.814 0.00125771
-0.812 0.00135781
-0.81 0.00146529
-0.808 0.00158065
-0.806 0.0017044
-0.804 0.00183711
-0.802 0.00197936
-0.8 0.00213177
-0.798 0.002295
-0.796 0.00246974
-0.794 0.00265672
-0.792 0.00285672
-0.79 0.00307054
-0.788 0.00329905
-0.786 0.00354314
-0.784 0.00380377
-0.782 0.00408194
-0.78 0.00437871
-0.778 0.00469517
-0.776 0.00503248
-0.774 0.00539188
-0.772 0.00577463
-0.77 0.00618207
-0.768 0.00661562
-0.766 0.00707674
-0.764 0.00756698
-0.762 0.00808794
-0.76 0.00864131
-0.758 0.00922884
-0.756 0.00985239
-0.754 0.0105139
-0.752 0.0112152
-0.75 0.0119586
-0.748 0.0127462
-0.746 0.0135802
-0.744 0.014463
-0.742 0.015397
-0.74 0.0163848
-0.738 0.017429
-0.736 0.0185323
-0.734 0.0196975
-0.732 0.0209277
-0.73 0.0222258
-0.728 0.023595
-0.726 0.0250385
-0.724 0.0265597
-0.722 0.028162
-0.72 0.0298491
-0.718 0.0316246
-0.716 0.0334923
-0.714 0.0354561
-0.712 0.03752
-0.71 0.0396882
-0.708 0.0419649
-0.706 0.0443545
-0.704 0.0468614
-0.702 0.0494902
-0.7 0.0522455
-0.698 0.0551322
-0.696 0.0581551
-0.694 0.0613193
-0.692 0.0646297
-0.69 0.0680916
-0.688 0.0717103
-0.686 0.0754911
-0.684 0.0794394
-0.682 0.0835608
-0.68 0.0878608
-0.678 0.0923452
-0.676 0.0970197
-0.674 0.10189
-0.672 0.106962
-0.67 0.112242
-0.668 0.117735
-0.666 0.123447
-0.664 0.129385
-0.662 0.135555
-0.66 0.141961
-0.658 0.148611
-0.656 0.155511
-0.654 0.162665
-0.652 0.170081
-0.65 0.177764
-0.648 0.185719
-0.646 0.193953
-0.644 0.202471
-0.642 0.211278
-0.64 0.22038
-0.638 0.229783
-0.636 0.239491
-0.634 0.249509
-0.632 0.259842
-0.63 0.270495
-0.628 0.281472
-0.626 0.292778
-0.624 0.304416
-0.622 0.31639
-0.62 0.328703
-0.618 0.341359
-0.616 0.35436
-0.614 0.36771
-0.612 0.38141
-0.61 0.395462
-0.608 0.409868
-0.606 0.424628
-0.604 0.439745
-0.602 0.455217
-0.6 0.471045
-0.598 0.487229
-0.596 0.503767
-0.594 0.520658
-0.592 0.537901
-0.59 0.555492
-0.588 0.573429
-0.586 0.591709
-0.584 0.610327
-0.582 0.629279
-0.58 0.64856
-0.578 0.668164
-0.576 0.688086
-0.574 0.708319
-0.572 0.728855
-0.57 0.749686
-0.568 0.770804
-0.566 0.7922
-0.564 0.813865
-0.562 0.835787
-0.56 0.857957
-0.558 0.880363
-0.556 0.902992
-0.554 0.925833
-0.552 0.948872
-0.55 0.972096
-0.548 0.995489
-0.546 1.01904
-0.544 1.04273
-0.542 1.06654
-0.54 1.09046
-0.538 1.11447
-0.536 1.13855
-0.534 1.16269
-0.532 1.18687
-0.53 1.21106
-0.528 1.23526
-0.526 1.25943
-0.524 1.28356
-0.522 1.30763
-0.52 1.33162
-0.518 1.35551
-0.516 1.37928
-0.514 1.4029
-0.512 1.42635
-0.51 1.44962
-0.508 1.47267
-0.506 1.4955
-0.504 1.51807
-0.502 1.54036
-0.5 1.56236
-0.498 1.58404
-0.496 1.60538
-0.494 1.62635
-0.492 1.64694
-0.49 1.66712
-0.488 1.68688
-0.486 1.70618
-0.484 1.72502
-0.482 1.74337
-0.48 1.76121
-0.478 1.77852
-0.476 1.79528
-0.474 1.81147
-0.472 1.82708
-0.47 1.84209
-0.468 1.85647
-0.466 1.87023
-0.464 1.88333
-0.462 1.89576
-0.46 1.90751
-0.458 1.91857
-0.456 1.92892
-0.454 1.93855
-0.452 1.94745
-0.45 1.9556
-0.448 1.96301
-0.446 1.96966
-0.444 1.97553
-0.442 1.98064
-0.44 1.98496
-0.438 1.9885
-0.436 1.99124
-0.434 1.99319
-0.432 1.99435
-0.43 1.99471
-0.428 1.99427
-0.426 1.99304
-0.424 1.991
-0.422 1.98818
-0.42 1.98456
-0.418 1.98016
-0.416 1.97498
-0.414 1.96903
-0.412 1.9623
-0.41 1.95482
-0.408 1.94659
-0.406 1.93762
-0.404 1.92791
-0.402 1.91749
-0.4 1.90637
-0.398 1.89455
-0.396 1.88204
-0.394 1.86888
-0.392 1.85506
-0.39 1.84061
-0.388 1.82555
-0.386 1.80988
-0.384 1.79363
-0.382 1.77681
-0.38 1.75945
-0.378 1.74156
-0.376 1.72316
-0.374 1.70427
-0.372 1.68492
-0.37 1.66512
-0.368 1.6449
-0.366 1.62427
-0.364 1.60326
-0.362 1.58189
-0.36 1.56018
-0.358 1.53815
-0.356 1.51582
-0.354 1.49323
-0.352 1.47038
-0.35 1.4473
-0.348 1.42401
-0.346 1.40054
-0.344 1.37691
-0.342 1.35313
-0.34 1.32923
-0.338 1.30523
-0.336 1.28115
-0.334 1.25701
-0.332 1.23284
-0.33 1.20864
-0.328 1.18445
-0.326 1.16028
-0.324 1.13614
-0.322 1.11207
-0.32 1.08806
-0.318 1.06415
-0.316 1.04035
-0.314 1.01668
-0.312 0.993143
-0.31 0.969765
-0.308 0.94656
-0.306 0.92354
-0.304 0.90072
-0.302 0.878112
-0.3 0.855729
-0.298 0.833584
-0.296 0.811686
-0.294 0.790048
-0.292 0.76868
-0.29 0.74759
-0.288 0.726788
-0.286 0.706282
-0.284 0.68608
-0.282 0.666189
-0.28 0.646617
-0.278 0.627369
-0.276 0.60845
-0.274 0.589865
-0.272 0.57162
-0.27 0.553717
-0.268 0.536161
-0.266 0.518953
-0.264 0.502097
-0.262 0.485595
-0.26 0.469446
-0.258 0.453654
-0.256 0.438217
-0.254 0.423136
-0.252 0.408411
-0.25 0.394041
-0.248 0.380024
-0.246 0.366359
-0.244 0.353044
-0.242 0.340078
-0.24 0.327456
-0.238 0.315177
-0.236 0.303237
-0.234 0.291632
-0.232 0.28036
-0.23 0.269415
-0.228 0.258794
-0.226 0.248493
-0.224 0.238506
-0.222 0.228829
-0.22 0.219457
-0.218 0.210384
-0.216 0.201606
-0.214 0.193117
-0.212 0.184911
-0.21 0.176983
-0.208 0.169327
-0.206 0.161938
-0.204 0.154809
-0.202 0.147935
-0.2 0.14131
-0.198 0.134927
-0.196 0.128781
-0.194 0.122866
-0.192 0.117176
-0.19 0.111704
-0.188 0.106446
-0.186 0.101394
-0.184 0.0965436
-0.182 0.0918883
-0.18 0.0874226
-0.178 0.0831407
-0.176 0.0790369
-0.174 0.0751055
-0.172 0.0713412
-0.17 0.0677385
-0.168 0.064292
-0.166 0.0609964
-0.164 0.0578466
-0.162 0.0548375
-0.16 0.0519642
-0.158 0.0492217
-0.156 0.0466054
-0.154 0.0441104
-0.152 0.0417323
-0.15 0.0394667
-0.148 0.0373091
-0.146 0.0352554
-0.144 0.0333014
-0.142 0.0314431
-0.14 0.0296766
-0.138 0.0279982
-0.136 0.0264042
-0.134 0.0248909
-0.132 0.0234551
-0.13 0.0220932
-0.128 0.020802
-0.126 0.0195785
-0.124 0.0184196
-0.122 0.0173224
-0.12 0.0162841
-0.118 0.0153018
-0.116 0.0143731
-0.114 0.0134954
-0.112 0.0126662
-0.11 0.0118833
-0.108 0.0111443
-0.106 0.0104471
-0.104 0.00978964
-0.102 0.00916993
-0.1 0.00858604
-0.098 0.00803617
-0.096 0.00751855
-0.094 0.00703152
-0.092 0.00657346
-0.09 0.00614285
-0.088 0.00573823
-0.086 0.00535819
-0.084 0.00500142
-0.082 0.00466664
-0.08 0.00435263
-0.078 0.00405826
-0.076 0.00378241
-0.074 0.00352406
-0.072 0.00328221
-0.07 0.00305591
-0.068 0.00284429
-0.066 0.00264648
-0.064 0.0024617
-0.062 0.00228918
-0.06 0.00212819
-0.058 0.00197807
-0.056 0.00183817
-0.054 0.00170789
-0.052 0.00158665
-0.05 0.00147391
-0.048 0.00136917
-0.046 0.00127196
-0.044 0.00118182
-0.042 0.00109833
-0.04 0.00102111
-0.038 0.000949788
-0.036 0.000884017
-0.034 0.000823482
-0.032 0.000767885
-0.03 0.000716952
-0.028 0.000670429
-0.026 0.000628082
-0.024 0.000589697
-0.022 0.000555076
-0.02 0.000524043
-0.018 0.000496437
-0.016 0.000472113
-0.014 0.000450945
-0.012 0.000432821
-0.01 0.000417646
-0.008 0.000405338
-0.006 0.000395834
-0.004 0.00038908
-0.002 0.000385043
0 0.000383699
0.002 0.000385043
0.004 0.00038908
0.006 0.000395834
0.008 0.000405338
0.01 0.000417646
0.012 0.000432821
0.014 0.000450945
0.016 0.000472113
0.018 0.000496437
0.02 0.000524043
0.022 0.000555076
0.024 0.000589697
0.026 0.000628082
0.028 0.000670429
0.03 0.000716952
0.032 0.000767885
0.034 0.000823482
0.036 0.000884017
0.038 0.000949788
0.04 0.00102111
0.042 0.00109833
0.044 0.00118182
0.046 0.00127196
0.048 0.00136917
0.05 0.00147391
0.052 0.00158665
0.054 0.00170789
0.056 0.00183817
0.058 0.00197807
0.06 0.00212819
0.062 0.00228918
0.064 0.0024617
0.066 0.00264648
0.068 0.00284429
0.07 0.00305591
0.072 0.00328221
0.074 0.00352406
0.076 0.00378241
0.078 0.00405826
0.08 0.00435263
0.082 0.00466664
0.084 0.00500142
0.086 0.00535819
0.088 0.00573823
0.09 0.00614285
0.092 0.00657346
0.094 0.00703152
0.096 0.00751855
0.098 0.00803617
0.1 0.00858604
0.102 0.00916993
0.104 0.00978964
0.106 0.0104471
0.108 0.0111443
0.11 0.0118833
0.112 0.0126662
0.114 0.0134954
0.116 0.0143731
0.118 0.0153018
0.12 0.0162841
0.122 0.0173224
0.124 0.0184196
0.126 0.0195785
0.128 0.020802
0.13 0.0220932
0.132 0.0234551
0.134 0.0248909
0.136 0.0264042
0.138 0.0279982
0.14 0.0296766
0.142 0.0314431
0.144 0.0333014
0.146 0.0352554
0.148 0.0373091
0.15 0.0394667
0.152 0.0417323
0.154 0.0441104
0.156 0.0466054
0.158 0.0492217
0.16 0.0519642
0.162 0.0548375
0.164 0.0578466
0.166 0.0609964
0.168 0.064292
0.17 0.0677385
0.172 0.0713412
0.174 0.0751055
0.176 0.0790369
0.178 0.0831407
0.18 0.0874226
0.182 0.0918883
0.184 0.0965436
0.186 0.101394
0.188 0.106446
0.19 0.111704
0.192 0.117176
0.194 0.122866
0.196 0.128781
0.198 0.134927
0.2 0.14131
0.202 0.147935
0.204 0.154809
0.206 0.161938
0.208 0.169327
0.21 0.176983
0.212 0.184911
0.214 0.193117
0.216 0.201606
0.218 0.210384
0.22 0.219457
0.222 0.228829
0.224 0.238506
0.226 0.248493
0.228 0.258794
0.23 0.269415
0.232 0.28036
0.234 0.291632
0.236 0.303237
0.238 0.315177
0.24 0.327456
0.242 0.340078
0.244 0.353044
0.246 0.366359
0.248 0.380024
0.25 0.394041
0.252 0.408411
0.254 0.423136
0.256 0.438217
0.258 0.453654
0.26 0.469446
0.262 0.485595
0.264 0.502097
0.266 0.518953
0.268 0.536161
0.27 0.553717
0.272 0.57162
0.274 0.589865
0.276 0.60845
0.278 0.627369
0.28 0.646617
0.282 0.666189
0.284 0.68608
0.286 0.706282
0.288 0.726788
0.29 0.74759
0.292 0.76868
0.294 0.790048
0.296 0.811686
0.298 0.833584
0.3 0.855729
0.302 0.878112
0.304 0.90072
0.306 0.92354
0.308 0.94656
0.31 0.969765
0.312 0.993143
0.314 1.01668
0.316 1.04035
0.318 1.06415
0.32 1.08806
0.322 1.11207
0.324 1.13614
0.326 1.16028
0.328 1.18445
0.33 1.20864
0.332 1.23284
0.334 1.25701
0.336 1.28115
0.338 1.30523
0.34 1.32923
0.342 1.35313
0.344 1.37691
0.346 1.40054
0.348 1.42401
0.35 1.4473
0.352 1.47038
0.354 1.49323
0.356 1.51582
0.358 1.53815
0.36 1.56018
0.362 1.58189
0.364 1.60326
0.366 1.62427
0.368 1.6449
0.37 1.66512
0.372 1.68492
0.374 1.70427
0.376 1.72316
0.378 1.74156
0.38 1.75945
0.382 1.77681
0.384 1.79363
0.386 1.80988
0.388 1.82555
0.39 1.84061
0.392 1.85506
0.394 1.86888
0.396 1.88204
0.398 1.89455
0.4 1.90637
0.402 1.91749
0.404 1.92791
0.406 1.93762
0.408 1.94659
0.41 1.95482
0.412 1.9623
0.414 1.96903
0.416 1.97498
0.418 1.98016
0.42 1.98456
0.422 1.98818
0.424 1.991
0.426 1.99304
0.428 1.99427
0.43 1.99471
0.432 1.99435
0.434 1.99319
0.436 1.99124
0.438 1.9885
0.44 1.98496
0.442 1.98064
0.444 1.97553
0.446 1.96966
0.448 1.96301
0.45 1.9556
0.452 1.94745
0.454 1.93855
0.456 1.92892
0.458 1.91857
0.46 1.90751
0.462 1.89576
0.464 1.88333
0.466 1.87023
0.468 1.85647
0.47 1.84209
0.472 1.82708
0.474 1.81147
0.476 1.79528
0.478 1.77852
0.48 1.76121
0.482 1.74337
0.484 1.72502
0.486 1.70618
0.488 1.68688
0.49 1.66712
0.492 1.64694
0.494 1.62635
0.496 1.60538
0.498 1.58404
0.5 1.56236
0.502 1.54036
0.504 1.51807
0.506 1.4955
0.508 1.47267
0.51 1.44962
0.512 1.42635
0.514 1.4029
0.516 1.37928
0.518 1.35551
0.52 1.33162
0.522 1.30763
0.524 1.28356
0.526 1.25943
0.528 1.23526
0.53 1.21106
0.532 1.18687
0.534 1.16269
0.536 1.13855
0.538 1.11447
0.54 1.09046
0.542 1.06654
0.544 1.04273
0.546 1.01904
0.548 0.995489
0.55 0.972096
0.552 0.948872
0.554 0.925833
0.556 0.902992
0.558 0.880363
0.56 0.857957
0.562 0.835787
0.564 0.813865
0.566 0.7922
0.568 0.770804
0.57 0.749686
0.572 0.728855
0.574 0.708319
0.576 0.688086
0.578 0.668164
0.58 0.64856
0.582 0.629279
0.584 0.610327
0.586 0.591709
0.588 0.573429
0.59 0.555492
0.592 0.537901
0.594 0.520658
0.596 0.503767
0.598 0.487229
0.6 0.471045
0.602 0.455217
0.604 0.439745
0.606 0.424628
0.608 0.409868
0.61 0.395462
0.612 0.38141
0.614 0.36771
0.616 0.35436
0.618 0.341359
0.62 0.328703
0.622 0.31639
0.624 0.304416
0.626 0.292778
0.628 0.281472
0.63 0.270495
0.632 0.259842
0.634 0.249509
0.636 0.239491
0.638 0.229783
0.64 0.22038
0.642 0.211278
0.644 0.202471
0.646 0.193953
0.648 0.185719
0.65 0.177764
0.652 0.170081
0.654 0.162665
0.656 0.155511
0.658 0.148611
0.66 0.141961
0.662 0.135555
0.664 0.129385
0.666 0.123447
0.668 0.117735
0.67 0.112242
0.672 0.106962
0.674 0.10189
0.676 0.0970197
0.678 0.0923452
0.68 0.0878608
0.682 0.0835608
0.684 0.0794394
0.686 0.0754911
0.688 0.0717103
0.69 0.0680916
0.692 0.0646297
0.694 0.0613193
0.696 0.0581551
0.698 0.0551322
0.7 0.0522455
0.702 0.0494902
0.704 0.0468614
0.706 0.0443545
0.708 0.0419649
0.71 0.0396882
0.712 0.03752
0.714 0.0354561
0.716 0.0334923
0.718 0.0316246
0.72 0.0298491
0.722 0.028162
0.724 0.0265597
0.726 0.0250385
0.728 0.023595
0.73 0.0222258
0.732 0.0209277
0.734 0.0196975
0.736 0.0185323
0.738 0.017429
0.74 0.0163848
0.742 0.015397
0.744 0.014463
0.746 0.0135802
0.748 0.0127462
0.75 0.0119586
0.752 0.0112152
0.754 0.0105139
0.756 0.00985239
0.758 0.00922884
0.76 0.00864131
0.762 0.00808794
0.764 0.00756698
0.766 0.00707674
0.768 0.00661562
0.77 0.00618207
0.772 0.00577463
0.774 0.00539188
0.776 0.00503248
0.778 0.00469517
0.78 0.00437871
0.782 0.00408194
0.784 0.00380377
0.786 0.00354314
0.788 0.00329905
0.79 0.00307054
0.792 0.00285672
0.794 0.00265672
0.796 0.00246974
0.798 0.002295
0.8 0.00213177
0.802 0.00197936
0.804 0.00183711
0.806 0.0017044
0.808 0.00158065
0.81 0.00146529
0.812 0.00135781
0.814 0.00125771
0.816 0.00116452
0.818 0.00107781
0.82 0.000997157
0.822 0.000922169
0.824 0.000852478
0.826 0.00078774
0.828 0.000727626
0.83 0.000671832
0.832 0.000620067
0.834 0.000572062
0.836 0.000527563
0.838 0.00048633
0.84 0.000448141
0.842 0.000412785
0.844 0.000380067
0.846 0.000349802
0.848 0.000321818
0.85 0.000295955
0.852 0.000272061
0.854 0.000249997
0.856 0.000229629
0.858 0.000210837
0.86 0.000193506
0.862 0.000177528
0.864 0.000162804
0.866 0.000149242
0.868 0.000136754
0.87 0.000125262
0.872 0.000114689
0.874 0.000104967
0.876 9.60306e-05
0.878 8.78198e-05
0.88 8.02789e-05
0.882 7.33562e-05
0.884 6.70037e-05
0.886 6.11768e-05
0.888 5.58343e-05
0.89 5.0938e-05
0.892 4.64525e-05
0.894 4.2345e-05
0.896 3.85853e-05
0.898 3.51454e-05
0.9 3.19994e-05
0.902 2.91233e-05
0.904 2.64952e-05
0.906 2.40946e-05
0.908 2.19027e-05
0.91 1.99024e-05
0.912 1.80775e-05
0.914 1.64134e-05
0.916 1.48966e-05
0.918 1.35146e-05
0.92 1.2256e-05
0.922 1.11102e-05
0.924 1.00675e-05
0.926 9.11918e-06
0.928 8.25695e-06
0.93 7.47336e-06
0.932 6.76155e-06
0.934 6.11523e-06
0.936 5.52863e-06
0.938 4.99648e-06
0.94 4.51395e-06
0.942 4.07661e-06
0.944 3.68043e-06
0.946 3.32171e-06
0.948 2.99709e-06
0.95 2.70349e-06
0.952 2.4381e-06
0.954 2.19836e-06
0.956 1.98194e-06
0.958 1.78672e-06
0.96 1.61077e-06
0.962 1.45235e-06
0.964 1.30986e-06
0.966 1.18186e-06
0.968 1.06706e-06
0.97 9.64259e-07
0.972 8.72412e-07
0.974 7.9056e-07
0.976 7.17846e-07
0.978 6.53505e-07
0.98 5.96854e-07
0.982 5.47291e-07
0.984 5.04286e-07
0.986 4.67374e-07
0.988 4.36159e-07
0.99 4.10302e-07
0.992 3.8952e-07
0.994 3.73588e-07
0.996 3.6233e-07
0.998 3.55625e-07
