-1 0.173444
-0.99 0.172944
-0.98 0.173728
-0.97 0.173537
-0.96 0.174494
-0.95 0.174873
-0.94 0.175568
-0.93 0.17698
-0.92 0.177313
-0.91 0.178919
-0.9 0.180729
-0.89 0.181204
-0.88 0.182739
-0.87 0.186929
-0.86 0.192799
-0.85 0.199161
-0.84 0.205627
-0.83 0.212189
-0.82 0.218872
-0.81 0.225682
-0.8 0.232615
-0.79 0.239671
-0.78 0.246848
-0.77 0.254143
-0.76 0.261555
-0.75 0.269082
-0.74 0.27672
-0.73 0.284468
-0.72 0.292322
-0.71 0.30028
-0.7 0.308338
-0.69 0.316492
-0.68 0.32474
-0.67 0.333077
-0.66 0.341499
-0.65 0.350002
-0.64 0.358582
-0.63 0.367233
-0.62 0.375951
-0.61 0.384731
-0.6 0.393568
-0.59 0.402456
-0.58 0.41139
-0.57 0.420364
-0.56 0.429372
-0.55 0.438408
-0.54 0.447465
-0.53 0.456538
-0.52 0.46562
-0.51 0.474703
-0.5 0.483782
-0.49 0.492848
-0.48 0.501896
-0.47 0.510918
-0.46 0.519907
-0.45 0.528855
-0.44 0.537754
-0.43 0.546598
-0.42 0.555379
-0.41 0.564089
-0.4 0.57272
-0.39 0.581265
-0.38 0.589716
-0.37 0.598065
-0.36 0.606305
-0.35 0.614427
-0.34 0.622425
-0.33 0.63029
-0.32 0.638015
-0.31 0.645592
-0.3 0.653015
-0.29 0.660274
-0.28 0.667365
-0.27 0.674278
-0.26 0.681007
-0.25 0.687546
-0.24 0.693887
-0.23 0.700025
-0.22 0.705952
-0.21 0.711662
-0.2 0.717149
-0.19 0.722408
-0.18 0.727433
-0.17 0.732218
-0.16 0.736758
-0.15 0.741049
-0.14 0.745086
-0.13 0.748864
-0.12 0.752379
-0.11 0.755627
-0.1 0.758605
-0.09 0.76131
-0.08 0.763738
-0.07 0.765887
-0.06 0.767754
-0.05 0.769337
-0.04 0.770635
-0.03 0.771646
-0.02 0.772369
-0.01 0.772803
0 0.772948
0.01 0.772803
0.02 0.772369
0.03 0.771646
0.04 0.770635
0.05 0.769337
0.06 0.767754
0.07 0.765887
0.08 0.763738
0.09 0.76131
0.1 0.758605
0.11 0.755627
0.12 0.752379
0.13 0.748864
0.14 0.745086
0.15 0.741049
0.16 0.736758
0.17 0.732218
0.18 0.727433
0.19 0.722408
0.2 0.717149
0.21 0.711662
0.22 0.705952
0.23 0.700025
0.24 0.693887
0.25 0.687546
0.26 0.681007
0.27 0.674278
0.28 0.667365
0.29 0.660274
0.3 0.653015
0.31 0.645592
0.32 0.638015
0.33 0.63029
0.34 0.622425
0.35 0.614427
0.36 0.606305
0.37 0.598065
0.38 0.589716
0.39 0.581265
0.4 0.57272
0.41 0.564089
0.42 0.555379
0.43 0.546598
0.44 0.537754
0.45 0.528855
0.46 0.519907
0.47 0.510918
0.48 0.501896
0.49 0.492848
0.5 0.483782
0.51 0.474703
0.52 0.46562
0.53 0.456538
0.54 0.447465
0.55 0.438408
0.56 0.429372
0.57 0.420364
0.58 0.41139
0.59 0.402456
0.6 0.393568
0.61 0.384731
0.62 0.375951
0.63 0.367233
0.64 0.358582
0.65 0.350002
0.66 0.341499
0.67 0.333077
0.68 0.32474
0.69 0.316492
0.7 0.308338
0.71 0.30028
0.72 0.292322
0.73 0.284468
0.74 0.27672
0.75 0.269082
0.76 0.261555
0.77 0.254143
0.78 0.246848
0.79 0.239671
0.8 0.232615
0.81 0.225682
0.82 0.218872
0.83 0.212189
0.84 0.205627
0.85 0.199161
0.86 0.192799
0.87 0.186929
0.88 0.182739
0.89 0.181204
0.9 0.180729
0.91 0.178919
0.92 0.177313
0.93 0.17698
0.94 0.175568
0.95 0.174873
0.96 0.174494
0.97 0.173537
0.98 0.173728
0.99 0.172944
