-1 0.642695
-0.99 0.642381
-0.98 0.642402
-0.97 0.641801
-0.96 0.641523
-0.95 0.640644
-0.94 0.640057
-0.93 0.638917
-0.92 0.637999
-0.91 0.636627
-0.9 0.63535
-0.89 0.633782
-0.88 0.632114
-0.87 0.630382
-0.86 0.628307
-0.85 0.626414
-0.84 0.62396
-0.83 0.621857
-0.82 0.619114
-0.81 0.616689
-0.8 0.613794
-0.79 0.610921
-0.78 0.607979
-0.77 0.604627
-0.76 0.601593
-0.75 0.597915
-0.74 0.594566
-0.73 0.590832
-0.72 0.586953
-0.71 0.583265
-0.7 0.578957
-0.69 0.575038
-0.68 0.570704
-0.67 0.56621
-0.66 0.561993
-0.65 0.557125
-0.64 0.552563
-0.63 0.54786
-0.62 0.542682
-0.61 0.537965
-0.6 0.532788
-0.59 0.527413
-0.58 0.522461
-0.57 0.516906
-0.56 0.511338
-0.55 0.506146
-0.54 0.50031
-0.53 0.4945
-0.52 0.489111
-0.51 0.483098
-0.5 0.476978
-0.49 0.471408
-0.48 0.465379
-0.47 0.458915
-0.46 0.453042
-0.45 0.44719
-0.44 0.440584
-0.43 0.434109
-0.42 0.428304
-0.41 0.422163
-0.4 0.41525
-0.39 0.408603
-0.38 0.402787
-0.37 0.396877
-0.36 0.389969
-0.35 0.382574
-0.34 0.376043
-0.33 0.371209
-0.32 0.367914
-0.31 0.365495
-0.3 0.363381
-0.29 0.361305
-0.28 0.359211
-0.27 0.357118
-0.26 0.355048
-0.25 0.35301
-0.24 0.35101
-0.23 0.349053
-0.22 0.347143
-0.21 0.345284
-0.2 0.34348
-0.19 0.341736
-0.18 0.340055
-0.17 0.338443
-0.16 0.336901
-0.15 0.335434
-0.14 0.334046
-0.13 0.332739
-0.12 0.331516
-0.11 0.330381
-0.1 0.329335
-0.09 0.328382
-0.08 0.327523
-0.07 0.326761
-0.06 0.326096
-0.05 0.325532
-0.04 0.325068
-0.03 0.324706
-0.02 0.324447
-0.01 0.324291
0 0.324239
0.01 0.324291
0.02 0.324447
0.03 0.324706
0.04 0.325068
0.05 0.325532
0.06 0.326096
0.07 0.326761
0.08 0.327523
0.09 0.328382
0.1 0.329335
0.11 0.330381
0.12 0.331516
0.13 0.332739
0.14 0.334046
0.15 0.335434
0.16 0.336901
0.17 0.338443
0.18 0.340055
0.19 0.341736
0.2 0.34348
0.21 0.345284
0.22 0.347143
0.23 0.349053
0.24 0.35101
0.25 0.35301
0.26 0.355048
0.27 0.357118
0.28 0.359211
0.29 0.361305
0.3 0.363381
0.31 0.365495
0.32 0.367914
0.33 0.371209
0.34 0.376043
0.35 0.382574
0.36 0.389969
0.37 0.396877
0.38 0.402787
0.39 0.408603
0.4 0.41525
0.41 0.422163
0.42 0.428304
0.43 0.434109
0.44 0.440584
0.45 0.44719
0.46 0.453042
0.47 0.458915
0.48 0.465379
0.49 0.471408
0.5 0.476978
0.51 0.483098
0.52 0.489111
0.53 0.4945
0.54 0.50031
0.55 0.506146
0.56 0.511338
0.57 0.516906
0.58 0.522461
0.59 0.527413
0.6 0.532788
0.61 0.537965
0.62 0.542682
0.63 0.54786
0.64 0.552563
0.65 0.557125
0.66 0.561993
0.67 0.56621
0.68 0.570704
0.69 0.575038
0.7 0.578957
0.71 0.583265
0.72 0.586953
0.73 0.590832
0.74 0.594566
0.75 0.597915
0.76 0.601593
0.77 0.604627
0.78 0.607979
0.79 0.610921
0.8 0.613794
0.81 0.616689
0.82 0.619114
0.83 0.621857
0.84 0.62396
0.85 0.626414
0.86 0.628307
0.87 0.630382
0.88 0.632114
0.89 0.633782
0.9 0.63535
0.91 0.636627
0.92 0.637999
0.93 0.638917
0.94 0.640057
0.95 0.640644
0.96 0.641523
0.97 0.641801
0.98 0.642402
0.99 0.642381
