-1 0.787544
-0.99 0.787269
-0.98 0.786929
-0.97 0.786049
-0.96 0.785084
-0.95 0.783614
-0.94 0.782017
-0.93 0.779978
-0.92 0.777743
-0.91 0.775157
-0.9 0.772281
-0.89 0.769174
-0.88 0.765657
-0.87 0.762052
-0.86 0.757908
-0.85 0.753816
-0.84 0.749079
-0.83 0.744493
-0.82 0.739223
-0.81 0.734113
-0.8 0.728392
-0.79 0.722716
-0.78 0.716635
-0.77 0.710363
-0.76 0.703983
-0.75 0.697139
-0.74 0.690452
-0.73 0.683141
-0.72 0.676064
-0.71 0.668454
-0.7 0.660875
-0.69 0.653114
-0.68 0.645008
-0.67 0.637102
-0.66 0.628616
-0.65 0.620407
-0.64 0.611801
-0.63 0.603122
-0.62 0.594536
-0.61 0.585457
-0.6 0.576734
-0.59 0.567584
-0.58 0.558457
-0.57 0.549454
-0.56 0.539981
-0.55 0.530904
-0.54 0.521511
-0.53 0.512037
-0.52 0.502883
-0.51 0.493241
-0.5 0.483909
-0.49 0.474593
-0.48 0.464918
-0.47 0.455727
-0.46 0.446287
-0.45 0.436731
-0.44 0.427658
-0.43 0.4182
-0.42 0.408832
-0.41 0.399892
-0.4 0.390524
-0.39 0.381366
-0.38 0.372612
-0.37 0.363426
-0.36 0.354475
-0.35 0.345975
-0.34 0.337059
-0.33 0.328296
-0.32 0.320096
-0.31 0.311564
-0.3 0.302973
-0.29 0.295049
-0.28 0.287044
-0.27 0.278686
-0.26 0.270896
-0.25 0.263493
-0.24 0.255628
-0.23 0.247823
-0.22 0.240774
-0.21 0.233771
-0.2 0.226254
-0.19 0.219015
-0.18 0.212587
-0.17 0.206179
-0.16 0.199168
-0.15 0.19224
-0.14 0.186225
-0.13 0.18075
-0.12 0.174788
-0.11 0.16809
-0.1 0.161553
-0.09 0.156314
-0.08 0.152846
-0.07 0.150854
-0.06 0.149736
-0.05 0.149009
-0.04 0.148442
-0.03 0.147982
-0.02 0.147638
-0.01 0.147426
0 0.147355
0.01 0.147426
0.02 0.147638
0.03 0.147982
0.04 0.148442
0.05 0.149009
0.06 0.149736
0.07 0.150854
0.08 0.152846
0.09 0.156314
0.1 0.161553
0.11 0.16809
0.12 0.174788
0.13 0.18075
0.14 0.186225
0.15 0.19224
0.16 0.199168
0.17 0.206179
0.18 0.212587
0.19 0.219015
0.2 0.226254
0.21 0.233771
0.22 0.240774
0.23 0.247823
0.24 0.255628
0.25 0.263493
0.26 0.270896
0.27 0.278686
0.28 0.287044
0.29 0.295049
0.3 0.302973
0.31 0.311564
0.32 0.320096
0.33 0.328296
0.34 0.337059
0.35 0.345975
0.36 0.354475
0.37 0.363426
0.38 0.372612
0.39 0.381366
0.4 0.390524
0.41 0.399892
0.42 0.408832
0.43 0.4182
0.44 0.427658
0.45 0.436731
0.46 0.446287
0.47 0.455727
0.48 0.464918
0.49 0.474593
0.5 0.483909
0.51 0.493241
0.52 0.502883
0.53 0.512037
0.54 0.521511
0.55 0.530904
0.56 0.539981
0.57 0.549454
0.58 0.558457
0.59 0.567584
0.6 0.576734
0.61 0.585457
0.62 0.594536
0.63 0.603122
0.64 0.611801
0.65 0.620407
0.66 0.628616
0.67 0.637102
0.68 0.645008
0.69 0.653114
0.7 0.660875
0.71 0.668454
0.72 0.676064
0.73 0.683141
0.74 0.690452
0.75 0.697139
0.76 0.703983
0.77 0.710363
0.78 0.716635
0.79 0.722716
0.8 0.728392
0.81 0.734113
0.82 0.739223
0.83 0.744493
0.84 0.749079
0.85 0.753816
0.86 0.757908
0.87 0.762052
0.88 0.765657
0.89 0.769174
0.9 0.772281
0.91 0.775157
0.92 0.777743
0.93 0.779978
0.94 0.782017
0.95 0.783614
0.96 0.785084
0.97 0.786049
0.98 0.786929
0.99 0.787269
