-1 1.98879e-07
-0.998 2.00178e-07
-0.996 2.0409e-07
-0.994 2.10659e-07
-0.992 2.19962e-07
-0.99 2.32103e-07
-0.988 2.47221e-07
-0.986 2.65487e-07
-0.984 2.87107e-07
-0.982 3.12325e-07
-0.98 3.41424e-07
-0.978 3.74728e-07
-0.976 4.12607e-07
-0.974 4.55479e-07
-0.972 5.03815e-07
-0.97 5.58141e-07
-0.968 6.19048e-07
-0.966 6.8719e-07
-0.964 7.63296e-07
-0.962 8.48176e-07
-0.96 9.42723e-07
-0.958 1.04793e-06
-0.956 1.16488e-06
-0.954 1.29479e-06
-0.952 1.43898e-06
-0.95 1.59891e-06
-0.948 1.77621e-06
-0.946 1.97262e-06
-0.944 2.19011e-06
-0.942 2.43079e-06
-0.94 2.69703e-06
-0.938 2.99138e-06
-0.936 3.31666e-06
-0.934 3.67596e-06
-0.932 4.07266e-06
-0.93 4.51046e-06
-0.928 4.9934e-06
-0.926 5.52592e-06
-0.924 6.11283e-06
-0.922 6.75944e-06
-0.92 7.4715e-06
-0.918 8.25531e-06
-0.916 9.11773e-06
-0.914 1.00663e-05
-0.912 1.1109e-05
-0.91 1.2255e-05
-0.908 1.35137e-05
-0.906 1.48958e-05
-0.904 1.64127e-05
-0.902 1.80769e-05
-0.9 1.99019e-05
-0.898 2.19023e-05
-0.896 2.40942e-05
-0.894 2.64948e-05
-0.892 2.9123e-05
-0.89 3.19991e-05
-0.888 3.51452e-05
-0.886 3.85851e-05
-0.884 4.23448e-05
-0.882 4.64523e-05
-0.88 5.09378e-05
-0.878 5.58342e-05
-0.876 6.11767e-05
-0.874 6.70036e-05
-0.872 7.33561e-05
-0.87 8.02788e-05
-0.868 8.78197e-05
-0.866 9.60305e-05
-0.864 0.000104967
-0.862 0.000114689
-0.86 0.000125262
-0.858 0.000136754
-0.856 0.000149242
-0.854 0.000162804
-0.852 0.000177528
-0.85 0.000193506
-0.848 0.000210837
-0.846 0.000229629
-0.844 0.000249997
-0.842 0.000272061
-0.84 0.000295955
-0.838 0.000321818
-0.836 0.000349802
-0.834 0.000380067
-0.832 0.000412785
-0.83 0.000448141
-0.828 0.00048633
-0.826 0.000527563
-0.824 0.000572062
-0.822 0.000620067
-0.82 0.000671832
-0.818 0.000727626
-0.816 0.00078774
-0.814 0.000852478
-0.812 0.000922169
-0.81 0.000997157
-0.808 0.00107781
-0.806 0.00116452
-0.804 0.00125771
-0.802 0.00135781
-0.8 0.00146529
-0.798 0.00158065
-0.796 0.0017044
-0.794 0.00183711
-0.792 0.00197936
-0.79 0.00213177
-0.788 0.002295
-0.786 0.00246974
-0.784 0.00265672
-0.782 0.00285672
-0.78 0.00307054
-0.778 0.00329905
-0.776 0.00354314
-0.774 0.00380377
-0.772 0.00408194
-0.77 0.00437871
-0.768 0.00469517
-0.766 0.00503248
-0.764 0.00539188
-0.762 0.00577463
-0.76 0.00618207
-0.758 0.00661562
-0.756 0.00707674
-0.754 0.00756698
-0.752 0.00808794
-0.75 0.00864131
-0.748 0.00922884
-0.746 0.00985239
-0.744 0.0105139
-0.742 0.0112152
-0.74 0.0119586
-0.738 0.0127462
-0.736 0.0135802
-0.734 0.014463
-0.732 0.015397
-0.73 0.0163848
-0.728 0.017429
-0.726 0.0185323
-0.724 0.0196975
-0.722 0.0209277
-0.72 0.0222258
-0.718 0.023595
-0.716 0.0250385
-0.714 0.0265597
-0.712 0.028162
-0.71 0.0298491
-0.708 0.0316246
-0.706 0.0334923
-0.704 0.0354561
-0.702 0.03752
-0.7 0.0396882
-0.698 0.0419649
-0.696 0.0443545
-0.694 0.0468614
-0.692 0.0494902
-0.69 0.0522455
-0.688 0.0551322
-0.686 0.0581551
-0.684 0.0613193
-0.682 0.0646297
-0.68 0.0680916
-0.678 0.0717103
-0.676 0.0754911
-0.674 0.0794394
-0.672 0.0835608
-0.67 0.0878608
-0.668 0.0923452
-0.666 0.0970197
-0.664 0.10189
-0.662 0.106962
-0.66 0.112242
-0.658 0.117735
-0.656 0.123447
-0.654 0.129385
-0.652 0.135555
-0.65 0.141961
-0.648 0.148611
-0.646 0.155511
-0.644 0.162665
-0.642 0.170081
-0.64 0.177764
-0.638 0.185719
-0.636 0.193953
-0.634 0.202471
-0.632 0.211278
-0.63 0.22038
-0.628 0.229783
-0.626 0.239491
-0.624 0.249509
-0.622 0.259842
-0.62 0.270495
-0.618 0.281472
-0.616 0.292778
-0.614 0.304416
-0.612 0.31639
-0.61 0.328703
-0.608 0.341359
-0.606 0.35436
-0.604 0.36771
-0.602 0.38141
-0.6 0.395462
-0.598 0.409868
-0.596 0.424628
-0.594 0.439745
-0.592 0.455217
-0.59 0.471045
-0.588 0.487229
-0.586 0.503767
-0.584 0.520658
-0.582 0.537901
-0.58 0.555492
-0.578 0.573429
-0.576 0.591709
-0.574 0.610327
-0.572 0.629279
-0.57 0.64856
-0.568 0.668164
-0.566 0.688086
-0.564 0.708319
-0.562 0.728855
-0.56 0.749686
-0.558 0.770804
-0.556 0.7922
-0.554 0.813865
-0.552 0.835787
-0.55 0.857957
-0.548 0.880363
-0.546 0.902992
-0.544 0.925833
-0.542 0.948872
-0.54 0.972096
-0.538 0.995489
-0.536 1.01904
-0.534 1.04273
-0.532 1.06654
-0.53 1.09046
-0.528 1.11447
-0.526 1.13855
-0.524 1.16269
-0.522 1.18687
-0.52 1.21106
-0.518 1.23526
-0.516 1.25943
-0.514 1.28356
-0.512 1.30763
-0.51 1.33162
-0.508 1.35551
-0.506 1.37928
-0.504 1.4029
-0.502 1.42635
-0.5 1.44962
-0.498 1.47267
-0.496 1.4955
-0.494 1.51807
-0.492 1.54036
-0.49 1.56236
-0.488 1.58404
-0.486 1.60538
-0.484 1.62635
-0.482 1.64694
-0.48 1.66712
-0.478 1.68688
-0.476 1.70618
-0.474 1.72502
-0.472 1.74337
-0.47 1.76121
-0.468 1.77852
-0.466 1.79528
-0.464 1.81147
-0.462 1.82708
-0.46 1.84209
-0.458 1.85647
-0.456 1.87023
-0.454 1.88333
-0.452 1.89576
-0.45 1.90751
-0.448 1.91857
-0.446 1.92892
-0.444 1.93855
-0.442 1.94745
-0.44 1.9556
-0.438 1.96301
-0.436 1.96966
-0.434 1.97553
-0.432 1.98064
-0.43 1.98496
-0.428 1.9885
-0.426 1.99124
-0.424 1.99319
-0.422 1.99435
-0.42 1.99471
-0.418 1.99427
-0.416 1.99304
-0.414 1.991
-0.412 1.98818
-0.41 1.98456
-0.408 1.98016
-0.406 1.97498
-0.404 1.96903
-0.402 1.9623
-0.4 1.95482
-0.398 1.94659
-0.396 1.93762
-0.394 1.92791
-0.392 1.91749
-0.39 1.90637
-0.388 1.89455
-0.386 1.88204
-0.384 1.86888
-0.382 1.85506
-0.38 1.84061
-0.378 1.82555
-0.376 1.80988
-0.374 1.79363
-0.372 1.77681
-0.37 1.75945
-0.368 1.74156
-0.366 1.72316
-0.364 1.70427
-0.362 1.68492
-0.36 1.66512
-0.358 1.6449
-0.356 1.62427
-0.354 1.60326
-0.352 1.58189
-0.35 1.56018
-0.348 1.53815
-0.346 1.51582
-0.344 1.49323
-0.342 1.47038
-0.34 1.4473
-0.338 1.42401
-0.336 1.40054
-0.334 1.37691
-0.332 1.35313
-0.33 1.32923
-0.328 1.30523
-0.326 1.28115
-0.324 1.25701
-0.322 1.23284
-0.32 1.20864
-0.318 1.18445
-0.316 1.16028
-0.314 1.13614
-0.312 1.11207
-0.31 1.08806
-0.308 1.06415
-0.306 1.04035
-0.304 1.01668
-0.302 0.993143
-0.3 0.969765
-0.298 0.94656
-0.296 0.92354
-0.294 0.90072
-0.292 0.878112
-0.29 0.855729
-0.288 0.833584
-0.286 0.811686
-0.284 0.790048
-0.282 0.76868
-0.28 0.74759
-0.278 0.726788
-0.276 0.706282
-0.274 0.68608
-0.272 0.666189
-0.27 0.646617
-0.268 0.627369
-0.266 0.60845
-0.264 0.589865
-0.262 0.57162
-0.26 0.553717
-0.258 0.536161
-0.256 0.518953
-0.254 0.502097
-0.252 0.485595
-0.25 0.469446
-0.248 0.453654
-0.246 0.438217
-0.244 0.423136
-0.242 0.408411
-0.24 0.394041
-0.238 0.380024
-0.236 0.366359
-0.234 0.353044
-0.232 0.340078
-0.23 0.327456
-0.228 0.315177
-0.226 0.303237
-0.224 0.291632
-0.222 0.28036
-0.22 0.269415
-0.218 0.258794
-0.216 0.248493
-0.214 0.238506
-0.212 0.228829
-0.21 0.219457
-0.208 0.210384
-0.206 0.201606
-0.204 0.193117
-0.202 0.184911
-0.2 0.176983
-0.198 0.169327
-0.196 0.161938
-0.194 0.154809
-0.192 0.147935
-0.19 0.14131
-0.188 0.134927
-0.186 0.128781
-0.184 0.122866
-0.182 0.117176
-0.18 0.111704
-0.178 0.106446
-0.176 0.101394
-0.174 0.0965436
-0.172 0.0918884
-0.17 0.0874227
-0.168 0.0831407
-0.166 0.0790369
-0.164 0.0751056
-0.162 0.0713413
-0.16 0.0677386
-0.158 0.064292
-0.156 0.0609965
-0.154 0.0578467
-0.152 0.0548376
-0.15 0.0519643
-0.148 0.0492219
-0.146 0.0466055
-0.144 0.0441106
-0.142 0.0417325
-0.14 0.0394669
-0.138 0.0373093
-0.136 0.0352556
-0.134 0.0333017
-0.132 0.0314434
-0.13 0.029677
-0.128 0.0279986
-0.126 0.0264046
-0.124 0.0248914
-0.122 0.0234556
-0.12 0.0220938
-0.118 0.0208027
-0.116 0.0195793
-0.114 0.0184205
-0.112 0.0173234
-0.11 0.0162851
-0.108 0.015303
-0.106 0.0143744
-0.104 0.0134968
-0.102 0.0126678
-0.1 0.011885
-0.098 0.0111462
-0.096 0.0104492
-0.094 0.009792
-0.092 0.00917254
-0.09 0.00858893
-0.088 0.00803936
-0.086 0.00752207
-0.084 0.0070354
-0.082 0.00657775
-0.08 0.00614758
-0.078 0.00574344
-0.076 0.00536394
-0.074 0.00500775
-0.072 0.00467361
-0.07 0.0043603
-0.068 0.0040667
-0.066 0.00379169
-0.064 0.00353426
-0.062 0.00329342
-0.06 0.00306823
-0.058 0.00285781
-0.056 0.00266132
-0.054 0.00247798
-0.052 0.00230703
-0.05 0.00214776
-0.048 0.00199951
-0.046 0.00186165
-0.044 0.00173359
-0.042 0.00161477
-0.04 0.00150467
-0.038 0.0014028
-0.036 0.00130871
-0.034 0.00122197
-0.032 0.00114218
-0.03 0.00106897
-0.028 0.00100201
-0.026 0.000940968
-0.024 0.000885568
-0.022 0.00083554
-0.02 0.000790646
-0.018 0.000750666
-0.016 0.000715407
-0.014 0.000684696
-0.012 0.000658381
-0.01 0.000636333
-0.008 0.000618441
-0.006 0.000604617
-0.004 0.000594792
-0.002 0.000588917
0 0.000586961
0.002 0.000588917
0.004 0.000594792
0.006 0.000604617
0.008 0.000618441
0.01 0.000636333
0.012 0.000658381
0.014 0.000684696
0.016 0.000715407
0.018 0.000750666
0.02 0.000790646
0.022 0.00083554
0.024 0.000885568
0.026 0.000940968
0.028 0.00100201
0.03 0.00106897
0.032 0.00114218
0.034 0.00122197
0.036 0.00130871
0.038 0.0014028
0.04 0.00150467
0.042 0.00161477
0.044 0.00173359
0.046 0.00186165
0.048 0.00199951
0.05 0.00214776
0.052 0.00230703
0.054 0.00247798
0.056 0.00266132
0.058 0.00285781
0.06 0.00306823
0.062 0.00329342
0.064 0.00353426
0.066 0.00379169
0.068 0.0040667
0.07 0.0043603
0.072 0.00467361
0.074 0.00500775
0.076 0.00536394
0.078 0.00574344
0.08 0.00614758
0.082 0.00657775
0.084 0.0070354
0.086 0.00752207
0.088 0.00803936
0.09 0.00858893
0.092 0.00917254
0.094 0.009792
0.096 0.0104492
0.098 0.0111462
0.1 0.011885
0.102 0.0126678
0.104 0.0134968
0.106 0.0143744
0.108 0.015303
0.11 0.0162851
0.112 0.0173234
0.114 0.0184205
0.116 0.0195793
0.118 0.0208027
0.12 0.0220938
0.122 0.0234556
0.124 0.0248914
0.126 0.0264046
0.128 0.0279986
0.13 0.029677
0.132 0.0314434
0.134 0.0333017
0.136 0.0352556
0.138 0.0373093
0.14 0.0394669
0.142 0.0417325
0.144 0.0441106
0.146 0.0466055
0.148 0.0492219
0.15 0.0519643
0.152 0.0548376
0.154 0.0578467
0.156 0.0609965
0.158 0.064292
0.16 0.0677386
0.162 0.0713413
0.164 0.0751056
0.166 0.0790369
0.168 0.0831407
0.17 0.0874227
0.172 0.0918884
0.174 0.0965436
0.176 0.101394
0.178 0.106446
0.18 0.111704
0.182 0.117176
0.184 0.122866
0.186 0.128781
0.188 0.134927
0.19 0.14131
0.192 0.147935
0.194 0.154809
0.196 0.161938
0.198 0.169327
0.2 0.176983
0.202 0.184911
0.204 0.193117
0.206 0.201606
0.208 0.210384
0.21 0.219457
0.212 0.228829
0.214 0.238506
0.216 0.248493
0.218 0.258794
0.22 0.269415
0.222 0.28036
0.224 0.291632
0.226 0.303237
0.228 0.315177
0.23 0.327456
0.232 0.340078
0.234 0.353044
0.236 0.366359
0.238 0.380024
0.24 0.394041
0.242 0.408411
0.244 0.423136
0.246 0.438217
0.248 0.453654
0.25 0.469446
0.252 0.485595
0.254 0.502097
0.256 0.518953
0.258 0.536161
0.26 0.553717
0.262 0.57162
0.264 0.589865
0.266 0.60845
0.268 0.627369
0.27 0.646617
0.272 0.666189
0.274 0.68608
0.276 0.706282
0.278 0.726788
0.28 0.74759
0.282 0.76868
0.284 0.790048
0.286 0.811686
0.288 0.833584
0.29 0.855729
0.292 0.878112
0.294 0.90072
0.296 0.92354
0.298 0.94656
0.3 0.969765
0.302 0.993143
0.304 1.01668
0.306 1.04035
0.308 1.06415
0.31 1.08806
0.312 1.11207
0.314 1.13614
0.316 1.16028
0.318 1.18445
0.32 1.20864
0.322 1.23284
0.324 1.25701
0.326 1.28115
0.328 1.30523
0.33 1.32923
0.332 1.35313
0.334 1.37691
0.336 1.40054
0.338 1.42401
0.34 1.4473
0.342 1.47038
0.344 1.49323
0.346 1.51582
0.348 1.53815
0.35 1.56018
0.352 1.58189
0.354 1.60326
0.356 1.62427
0.358 1.6449
0.36 1.66512
0.362 1.68492
0.364 1.70427
0.366 1.72316
0.368 1.74156
0.37 1.75945
0.372 1.77681
0.374 1.79363
0.376 1.80988
0.378 1.82555
0.38 1.84061
0.382 1.85506
0.384 1.86888
0.386 1.88204
0.388 1.89455
0.39 1.90637
0.392 1.91749
0.394 1.92791
0.396 1.93762
0.398 1.94659
0.4 1.95482
0.402 1.9623
0.404 1.96903
0.406 1.97498
0.408 1.98016
0.41 1.98456
0.412 1.98818
0.414 1.991
0.416 1.99304
0.418 1.99427
0.42 1.99471
0.422 1.99435
0.424 1.99319
0.426 1.99124
0.428 1.9885
0.43 1.98496
0.432 1.98064
0.434 1.97553
0.436 1.96966
0.438 1.96301
0.44 1.9556
0.442 1.94745
0.444 1.93855
0.446 1.92892
0.448 1.91857
0.45 1.90751
0.452 1.89576
0.454 1.88333
0.456 1.87023
0.458 1.85647
0.46 1.84209
0.462 1.82708
0.464 1.81147
0.466 1.79528
0.468 1.77852
0.47 1.76121
0.472 1.74337
0.474 1.72502
0.476 1.70618
0.478 1.68688
0.48 1.66712
0.482 1.64694
0.484 1.62635
0.486 1.60538
0.488 1.58404
0.49 1.56236
0.492 1.54036
0.494 1.51807
0.496 1.4955
0.498 1.47267
0.5 1.44962
0.502 1.42635
0.504 1.4029
0.506 1.37928
0.508 1.35551
0.51 1.33162
0.512 1.30763
0.514 1.28356
0.516 1.25943
0.518 1.23526
0.52 1.21106
0.522 1.18687
0.524 1.16269
0.526 1.13855
0.528 1.11447
0.53 1.09046
0.532 1.06654
0.534 1.04273
0.536 1.01904
0.538 0.995489
0.54 0.972096
0.542 0.948872
0.544 0.925833
0.546 0.902992
0.548 0.880363
0.55 0.857957
0.552 0.835787
0.554 0.813865
0.556 0.7922
0.558 0.770804
0.56 0.749686
0.562 0.728855
0.564 0.708319
0.566 0.688086
0.568 0.668164
0.57 0.64856
0.572 0.629279
0.574 0.610327
0.576 0.591709
0.578 0.573429
0.58 0.555492
0.582 0.537901
0.584 0.520658
0.586 0.503767
0.588 0.487229
0.59 0.471045
0.592 0.455217
0.594 0.439745
0.596 0.424628
0.598 0.409868
0.6 0.395462
0.602 0.38141
0.604 0.36771
0.606 0.35436
0.608 0.341359
0.61 0.328703
0.612 0.31639
0.614 0.304416
0.616 0.292778
0.618 0.281472
0.62 0.270495
0.622 0.259842
0.624 0.249509
0.626 0.239491
0.628 0.229783
0.63 0.22038
0.632 0.211278
0.634 0.202471
0.636 0.193953
0.638 0.185719
0.64 0.177764
0.642 0.170081
0.644 0.162665
0.646 0.155511
0.648 0.148611
0.65 0.141961
0.652 0.135555
0.654 0.129385
0.656 0.123447
0.658 0.117735
0.66 0.112242
0.662 0.106962
0.664 0.10189
0.666 0.0970197
0.668 0.0923452
0.67 0.0878608
0.672 0.0835608
0.674 0.0794394
0.676 0.0754911
0.678 0.0717103
0.68 0.0680916
0.682 0.0646297
0.684 0.0613193
0.686 0.0581551
0.688 0.0551322
0.69 0.0522455
0.692 0.0494902
0.694 0.0468614
0.696 0.0443545
0.698 0.0419649
0.7 0.0396882
0.702 0.03752
0.704 0.0354561
0.706 0.0334923
0.708 0.0316246
0.71 0.0298491
0.712 0.028162
0.714 0.0265597
0.716 0.0250385
0.718 0.023595
0.72 0.0222258
0.722 0.0209277
0.724 0.0196975
0.726 0.0185323
0.728 0.017429
0.73 0.0163848
0.732 0.015397
0.734 0.014463
0.736 0.0135802
0.738 0.0127462
0.74 0.0119586
0.742 0.0112152
0.744 0.0105139
0.746 0.00985239
0.748 0.00922884
0.75 0.00864131
0.752 0.00808794
0.754 0.00756698
0.756 0.00707674
0.758 0.00661562
0.76 0.00618207
0.762 0.00577463
0.764 0.00539188
0.766 0.00503248
0.768 0.00469517
0.77 0.00437871
0.772 0.00408194
0.774 0.00380377
0.776 0.00354314
0.778 0.00329905
0.78 0.00307054
0.782 0.00285672
0.784 0.00265672
0.786 0.00246974
0.788 0.002295
0.79 0.00213177
0.792 0.00197936
0.794 0.00183711
0.796 0.0017044
0.798 0.00158065
0.8 0.00146529
0.802 0.00135781
0.804 0.00125771
0.806 0.00116452
0.808 0.00107781
0.81 0.000997157
0.812 0.000922169
0.814 0.000852478
0.816 0.00078774
0.818 0.000727626
0.82 0.000671832
0.822 0.000620067
0.824 0.000572062
0.826 0.000527563
0.828 0.00048633
0.83 0.000448141
0.832 0.000412785
0.834 0.000380067
0.836 0.000349802
0.838 0.000321818
0.84 0.000295955
0.842 0.000272061
0.844 0.000249997
0.846 0.000229629
0.848 0.000210837
0.85 0.000193506
0.852 0.000177528
0.854 0.000162804
0.856 0.000149242
0.858 0.000136754
0.86 0.000125262
0.862 0.000114689
0.864 0.000104967
0.866 9.60305e-05
0.868 8.78197e-05
0.87 8.02788e-05
0.872 7.33561e-05
0.874 6.70036e-05
0.876 6.11767e-05
0.878 5.58342e-05
0.88 5.09378e-05
0.882 4.64523e-05
0.884 4.23448e-05
0.886 3.85851e-05
0.888 3.51452e-05
0.89 3.19991e-05
0.892 2.9123e-05
0.894 2.64948e-05
0.896 2.40942e-05
0.898 2.19023e-05
0.9 1.99019e-05
0.902 1.80769e-05
0.904 1.64127e-05
0.906 1.48958e-05
0.908 1.35137e-05
0.91 1.2255e-05
0.912 1.1109e-05
0.914 1.00663e-05
0.916 9.11773e-06
0.918 8.25531e-06
0.92 7.4715e-06
0.922 6.75944e-06
0.924 6.11283e-06
0.926 5.52592e-06
0.928 4.9934e-06
0.93 4.51046e-06
0.932 4.07266e-06
0.934 3.67596e-06
0.936 3.31666e-06
0.938 2.99138e-06
0.94 2.69703e-06
0.942 2.43079e-06
0.944 2.19011e-06
0.946 1.97262e-06
0.948 1.77621e-06
0.95 1.59891e-06
0.952 1.43898e-06
0.954 1.29479e-06
0.956 1.16488e-06
0.958 1.04793e-06
0.96 9.42723e-07
0.962 8.48176e-07
0.964 7.63296e-07
0.966 6.8719e-07
0.968 6.19048e-07
0.97 5.58141e-07
0.972 5.03815e-07
0.974 4.55479e-07
0.976 4.12607e-07
0.978 3.74728e-07
0.98 3.41424e-07
0.982 3.12325e-07
0.984 2.87107e-07
0.986 2.65487e-07
0.988 2.47221e-07
0.99 2.32103e-07
0.992 2.19962e-07
0.994 2.10659e-07
0.996 2.0409e-07
0.998 2.00178e-07
