-1 7.08479e-10
-0.998 7.14716e-10
-0.996 7.33497e-10
-0.994 7.65145e-10
-0.992 8.10143e-10
-0.99 8.69233e-10
-0.988 9.4332e-10
-0.986 1.03361e-09
-0.984 1.1415e-09
-0.982 1.26871e-09
-0.98 1.41721e-09
-0.978 1.58934e-09
-0.976 1.78774e-09
-0.974 2.01549e-09
-0.972 2.27608e-09
-0.97 2.57352e-09
-0.968 2.91228e-09
-0.966 3.29751e-09
-0.964 3.73496e-09
-0.962 4.23118e-09
-0.96 4.79351e-09
-0.958 5.43023e-09
-0.956 6.15065e-09
-0.954 6.96524e-09
-0.952 7.88574e-09
-0.95 8.92536e-09
-0.948 1.00989e-08
-0.946 1.14229e-08
-0.944 1.29161e-08
-0.942 1.45991e-08
-0.94 1.64954e-08
-0.938 1.86309e-08
-0.936 2.10349e-08
-0.934 2.37399e-08
-0.932 2.67823e-08
-0.93 3.02028e-08
-0.928 3.40467e-08
-0.926 3.83646e-08
-0.924 4.32131e-08
-0.922 4.86549e-08
-0.92 5.47602e-08
-0.918 6.16071e-08
-0.916 6.92825e-08
-0.914 7.7883e-08
-0.912 8.75162e-08
-0.91 9.83016e-08
-0.908 1.10372e-07
-0.906 1.23875e-07
-0.904 1.38975e-07
-0.902 1.55853e-07
-0.9 1.7471e-07
-0.898 1.95771e-07
-0.896 2.19284e-07
-0.894 2.45522e-07
-0.892 2.74789e-07
-0.89 3.07422e-07
-0.888 3.43793e-07
-0.886 3.84314e-07
-0.884 4.29438e-07
-0.882 4.79669e-07
-0.88 5.35562e-07
-0.878 5.97728e-07
-0.876 6.66843e-07
-0.874 7.43652e-07
-0.872 8.28977e-07
-0.87 9.23722e-07
-0.868 1.02888e-06
-0.866 1.14556e-06
-0.864 1.27496e-06
-0.862 1.4184e-06
-0.86 1.57736e-06
-0.858 1.75342e-06
-0.856 1.94836e-06
-0.854 2.16411e-06
-0.852 2.40278e-06
-0.85 2.66671e-06
-0.848 2.95845e-06
-0.846 3.28079e-06
-0.844 3.6368e-06
-0.842 4.02982e-06
-0.84 4.46354e-06
-0.838 4.94196e-06
-0.836 5.46946e-06
-0.834 6.05086e-06
-0.832 6.69137e-06
-0.83 7.39673e-06
-0.828 8.17318e-06
-0.826 9.02751e-06
-0.824 9.96717e-06
-0.822 1.10002e-05
-0.82 1.21355e-05
-0.818 1.33826e-05
-0.816 1.47519e-05
-0.814 1.62549e-05
-0.812 1.79038e-05
-0.81 1.97121e-05
-0.808 2.16943e-05
-0.806 2.38664e-05
-0.804 2.62454e-05
-0.802 2.885e-05
-0.8 3.17004e-05
-0.798 3.48185e-05
-0.796 3.8228e-05
-0.794 4.19546e-05
-0.792 4.6026e-05
-0.79 5.04724e-05
-0.788 5.53262e-05
-0.786 6.06225e-05
-0.784 6.63992e-05
-0.782 7.26973e-05
-0.78 7.9561e-05
-0.778 8.70379e-05
-0.776 9.51794e-05
-0.774 0.000104041
-0.772 0.000113682
-0.77 0.000124166
-0.768 0.000135564
-0.766 0.000147948
-0.764 0.000161399
-0.762 0.000176003
-0.76 0.000191851
-0.758 0.000209043
-0.756 0.000227684
-0.754 0.000247889
-0.752 0.000269778
-0.75 0.000293483
-0.748 0.000319143
-0.746 0.000346908
-0.744 0.000376937
-0.742 0.000409402
-0.74 0.000444485
-0.738 0.000482382
-0.736 0.000523301
-0.734 0.000567464
-0.732 0.000615107
-0.73 0.000666484
-0.728 0.000721863
-0.726 0.000781532
-0.724 0.000845794
-0.722 0.000914974
-0.72 0.000989416
-0.718 0.00106949
-0.716 0.00115558
-0.714 0.0012481
-0.712 0.00134748
-0.71 0.0014542
-0.708 0.00156875
-0.706 0.00169164
-0.704 0.00182343
-0.702 0.0019647
-0.7 0.00211606
-0.698 0.00227818
-0.696 0.00245174
-0.694 0.00263746
-0.692 0.00283612
-0.69 0.00304852
-0.688 0.00327552
-0.686 0.00351801
-0.684 0.00377695
-0.682 0.00405332
-0.68 0.00434818
-0.678 0.00466261
-0.676 0.00499779
-0.674 0.00535492
-0.672 0.00573528
-0.67 0.00614019
-0.668 0.00657106
-0.666 0.00702936
-0.664 0.00751661
-0.662 0.00803443
-0.66 0.00858448
-0.658 0.00916851
-0.656 0.00978837
-0.654 0.010446
-0.652 0.0111433
-0.65 0.0118824
-0.648 0.0126654
-0.646 0.0134947
-0.644 0.0143725
-0.642 0.0153013
-0.64 0.0162835
-0.638 0.017322
-0.636 0.0184192
-0.634 0.0195782
-0.632 0.0208017
-0.63 0.0220929
-0.628 0.0234548
-0.626 0.0248907
-0.624 0.026404
-0.622 0.027998
-0.62 0.0296765
-0.618 0.0314429
-0.616 0.0333012
-0.614 0.0352552
-0.612 0.037309
-0.61 0.0394666
-0.608 0.0417322
-0.606 0.0441103
-0.604 0.0466053
-0.602 0.0492217
-0.6 0.0519641
-0.598 0.0548375
-0.596 0.0578466
-0.594 0.0609963
-0.592 0.0642919
-0.59 0.0677384
-0.588 0.0713412
-0.586 0.0751055
-0.584 0.0790368
-0.582 0.0831407
-0.58 0.0874226
-0.578 0.0918883
-0.576 0.0965435
-0.574 0.101394
-0.572 0.106446
-0.57 0.111704
-0.568 0.117176
-0.566 0.122866
-0.564 0.128781
-0.562 0.134927
-0.56 0.14131
-0.558 0.147935
-0.556 0.154809
-0.554 0.161938
-0.552 0.169327
-0.55 0.176983
-0.548 0.184911
-0.546 0.193117
-0.544 0.201606
-0.542 0.210384
-0.54 0.219456
-0.538 0.228829
-0.536 0.238506
-0.534 0.248493
-0.532 0.258794
-0.53 0.269415
-0.528 0.28036
-0.526 0.291632
-0.524 0.303237
-0.522 0.315177
-0.52 0.327456
-0.518 0.340078
-0.516 0.353044
-0.514 0.366359
-0.512 0.380024
-0.51 0.394041
-0.508 0.408411
-0.506 0.423136
-0.504 0.438217
-0.502 0.453654
-0.5 0.469446
-0.498 0.485595
-0.496 0.502097
-0.494 0.518953
-0.492 0.536161
-0.49 0.553717
-0.488 0.57162
-0.486 0.589865
-0.484 0.60845
-0.482 0.627369
-0.48 0.646617
-0.478 0.666189
-0.476 0.68608
-0.474 0.706282
-0.472 0.726787
-0.47 0.74759
-0.468 0.76868
-0.466 0.790048
-0.464 0.811686
-0.462 0.833584
-0.46 0.855729
-0.458 0.878112
-0.456 0.90072
-0.454 0.92354
-0.452 0.94656
-0.45 0.969765
-0.448 0.993143
-0.446 1.01668
-0.444 1.04035
-0.442 1.06415
-0.44 1.08806
-0.438 1.11207
-0.436 1.13614
-0.434 1.16028
-0.432 1.18445
-0.43 1.20864
-0.428 1.23284
-0.426 1.25701
-0.424 1.28115
-0.422 1.30523
-0.42 1.32923
-0.418 1.35313
-0.416 1.37691
-0.414 1.40054
-0.412 1.42401
-0.41 1.4473
-0.408 1.47038
-0.406 1.49323
-0.404 1.51582
-0.402 1.53815
-0.4 1.56018
-0.398 1.58189
-0.396 1.60326
-0.394 1.62427
-0.392 1.6449
-0.39 1.66512
-0.388 1.68492
-0.386 1.70427
-0.384 1.72316
-0.382 1.74156
-0.38 1.75945
-0.378 1.77681
-0.376 1.79363
-0.374 1.80988
-0.372 1.82555
-0.37 1.84061
-0.368 1.85506
-0.366 1.86888
-0.364 1.88204
-0.362 1.89455
-0.36 1.90637
-0.358 1.91749
-0.356 1.92791
-0.354 1.93762
-0.352 1.94659
-0.35 1.95482
-0.348 1.9623
-0.346 1.96903
-0.344 1.97498
-0.342 1.98016
-0.34 1.98456
-0.338 1.98818
-0.336 1.991
-0.334 1.99304
-0.332 1.99427
-0.33 1.99471
-0.328 1.99435
-0.326 1.99319
-0.324 1.99124
-0.322 1.9885
-0.32 1.98496
-0.318 1.98064
-0.316 1.97553
-0.314 1.96966
-0.312 1.96301
-0.31 1.9556
-0.308 1.94745
-0.306 1.93855
-0.304 1.92892
-0.302 1.91857
-0.3 1.90751
-0.298 1.89576
-0.296 1.88332
-0.294 1.87023
-0.292 1.85647
-0.29 1.84209
-0.288 1.82708
-0.286 1.81147
-0.284 1.79528
-0.282 1.77852
-0.28 1.76121
-0.278 1.74337
-0.276 1.72502
-0.274 1.70618
-0.272 1.68688
-0.27 1.66712
-0.268 1.64694
-0.266 1.62635
-0.264 1.60538
-0.262 1.58404
-0.26 1.56236
-0.258 1.54036
-0.256 1.51807
-0.254 1.4955
-0.252 1.47267
-0.25 1.44962
-0.248 1.42635
-0.246 1.4029
-0.244 1.37928
-0.242 1.35551
-0.24 1.33162
-0.238 1.30763
-0.236 1.28356
-0.234 1.25943
-0.232 1.23526
-0.23 1.21106
-0.228 1.18687
-0.226 1.16269
-0.224 1.13855
-0.222 1.11447
-0.22 1.09046
-0.218 1.06654
-0.216 1.04273
-0.214 1.01904
-0.212 0.99549
-0.21 0.972096
-0.208 0.948873
-0.206 0.925834
-0.204 0.902994
-0.202 0.880364
-0.2 0.857959
-0.198 0.835789
-0.196 0.813867
-0.194 0.792202
-0.192 0.770806
-0.19 0.749688
-0.188 0.728858
-0.186 0.708322
-0.184 0.68809
-0.182 0.668168
-0.18 0.648564
-0.178 0.629284
-0.176 0.610332
-0.174 0.591715
-0.172 0.573436
-0.17 0.555499
-0.168 0.537909
-0.166 0.520668
-0.164 0.503777
-0.162 0.48724
-0.16 0.471058
-0.158 0.455231
-0.156 0.43976
-0.154 0.424645
-0.152 0.409886
-0.15 0.395482
-0.148 0.381432
-0.146 0.367734
-0.144 0.354387
-0.142 0.341388
-0.14 0.328735
-0.138 0.316425
-0.136 0.304454
-0.134 0.29282
-0.132 0.281519
-0.13 0.270546
-0.128 0.259898
-0.126 0.24957
-0.124 0.239558
-0.122 0.229856
-0.12 0.220461
-0.118 0.211366
-0.116 0.202567
-0.114 0.194058
-0.112 0.185834
-0.11 0.177889
-0.108 0.170218
-0.106 0.162815
-0.104 0.155673
-0.102 0.148789
-0.1 0.142155
-0.098 0.135765
-0.096 0.129615
-0.094 0.123697
-0.092 0.118007
-0.09 0.112538
-0.088 0.107284
-0.086 0.10224
-0.084 0.0973998
-0.082 0.0927581
-0.08 0.088309
-0.078 0.0840471
-0.076 0.079967
-0.074 0.0760631
-0.072 0.0723304
-0.07 0.0687635
-0.068 0.0653573
-0.066 0.062107
-0.064 0.0590076
-0.062 0.0560544
-0.06 0.0532427
-0.058 0.050568
-0.056 0.0480259
-0.054 0.0456122
-0.052 0.0433227
-0.05 0.0411535
-0.048 0.0391006
-0.046 0.0371605
-0.044 0.0353294
-0.042 0.0336039
-0.04 0.0319808
-0.038 0.030457
-0.036 0.0290294
-0.034 0.0276952
-0.032 0.0264517
-0.03 0.0252963
-0.028 0.0242267
-0.026 0.0232407
-0.024 0.022336
-0.022 0.0215109
-0.02 0.0207635
-0.018 0.0200922
-0.016 0.0194955
-0.014 0.0189721
-0.012 0.0185208
-0.01 0.0181407
-0.008 0.0178309
-0.006 0.0175906
-0.004 0.0174194
-0.002 0.0173168
0 0.0172826
0.002 0.0173168
0.004 0.0174194
0.006 0.0175906
0.008 0.0178309
0.01 0.0181407
0.012 0.0185208
0.014 0.0189721
0.016 0.0194955
0.018 0.0200922
0.02 0.0207635
0.022 0.0215109
0.024 0.022336
0.026 0.0232407
0.028 0.0242267
0.03 0.0252963
0.032 0.0264517
0.034 0.0276952
0.036 0.0290294
0.038 0.030457
0.04 0.0319808
0.042 0.0336039
0.044 0.0353294
0.046 0.0371605
0.048 0.0391006
0.05 0.0411535
0.052 0.0433227
0.054 0.0456122
0.056 0.0480259
0.058 0.050568
0.06 0.0532427
0.062 0.0560544
0.064 0.0590076
0.066 0.062107
0.068 0.0653573
0.07 0.0687635
0.072 0.0723304
0.074 0.0760631
0.076 0.079967
0.078 0.0840471
0.08 0.088309
0.082 0.0927581
0.084 0.0973998
0.086 0.10224
0.088 0.107284
0.09 0.112538
0.092 0.118007
0.094 0.123697
0.096 0.129615
0.098 0.135765
0.1 0.142155
0.102 0.148789
0.104 0.155673
0.106 0.162815
0.108 0.170218
0.11 0.177889
0.112 0.185834
0.114 0.194058
0.116 0.202567
0.118 0.211366
0.12 0.220461
0.122 0.229856
0.124 0.239558
0.126 0.24957
0.128 0.259898
0.13 0.270546
0.132 0.281519
0.134 0.29282
0.136 0.304454
0.138 0.316425
0.14 0.328735
0.142 0.341388
0.144 0.354387
0.146 0.367734
0.148 0.381432
0.15 0.395482
0.152 0.409886
0.154 0.424645
0.156 0.43976
0.158 0.455231
0.16 0.471058
0.162 0.48724
0.164 0.503777
0.166 0.520668
0.168 0.537909
0.17 0.555499
0.172 0.573436
0.174 0.591715
0.176 0.610332
0.178 0.629284
0.18 0.648564
0.182 0.668168
0.184 0.68809
0.186 0.708322
0.188 0.728858
0.19 0.749688
0.192 0.770806
0.194 0.792202
0.196 0.813867
0.198 0.835789
0.2 0.857959
0.202 0.880364
0.204 0.902994
0.206 0.925834
0.208 0.948873
0.21 0.972096
0.212 0.99549
0.214 1.01904
0.216 1.04273
0.218 1.06654
0.22 1.09046
0.222 1.11447
0.224 1.13855
0.226 1.16269
0.228 1.18687
0.23 1.21106
0.232 1.23526
0.234 1.25943
0.236 1.28356
0.238 1.30763
0.24 1.33162
0.242 1.35551
0.244 1.37928
0.246 1.4029
0.248 1.42635
0.25 1.44962
0.252 1.47267
0.254 1.4955
0.256 1.51807
0.258 1.54036
0.26 1.56236
0.262 1.58404
0.264 1.60538
0.266 1.62635
0.268 1.64694
0.27 1.66712
0.272 1.68688
0.274 1.70618
0.276 1.72502
0.278 1.74337
0.28 1.76121
0.282 1.77852
0.284 1.79528
0.286 1.81147
0.288 1.82708
0.29 1.84209
0.292 1.85647
0.294 1.87023
0.296 1.88332
0.298 1.89576
0.3 1.90751
0.302 1.91857
0.304 1.92892
0.306 1.93855
0.308 1.94745
0.31 1.9556
0.312 1.96301
0.314 1.96966
0.316 1.97553
0.318 1.98064
0.32 1.98496
0.322 1.9885
0.324 1.99124
0.326 1.99319
0.328 1.99435
0.33 1.99471
0.332 1.99427
0.334 1.99304
0.336 1.991
0.338 1.98818
0.34 1.98456
0.342 1.98016
0.344 1.97498
0.346 1.96903
0.348 1.9623
0.35 1.95482
0.352 1.94659
0.354 1.93762
0.356 1.92791
0.358 1.91749
0.36 1.90637
0.362 1.89455
0.364 1.88204
0.366 1.86888
0.368 1.85506
0.37 1.84061
0.372 1.82555
0.374 1.80988
0.376 1.79363
0.378 1.77681
0.38 1.75945
0.382 1.74156
0.384 1.72316
0.386 1.70427
0.388 1.68492
0.39 1.66512
0.392 1.6449
0.394 1.62427
0.396 1.60326
0.398 1.58189
0.4 1.56018
0.402 1.53815
0.404 1.51582
0.406 1.49323
0.408 1.47038
0.41 1.4473
0.412 1.42401
0.414 1.40054
0.416 1.37691
0.418 1.35313
0.42 1.32923
0.422 1.30523
0.424 1.28115
0.426 1.25701
0.428 1.23284
0.43 1.20864
0.432 1.18445
0.434 1.16028
0.436 1.13614
0.438 1.11207
0.44 1.08806
0.442 1.06415
0.444 1.04035
0.446 1.01668
0.448 0.993143
0.45 0.969765
0.452 0.94656
0.454 0.92354
0.456 0.90072
0.458 0.878112
0.46 0.855729
0.462 0.833584
0.464 0.811686
0.466 0.790048
0.468 0.76868
0.47 0.74759
0.472 0.726787
0.474 0.706282
0.476 0.68608
0.478 0.666189
0.48 0.646617
0.482 0.627369
0.484 0.60845
0.486 0.589865
0.488 0.57162
0.49 0.553717
0.492 0.536161
0.494 0.518953
0.496 0.502097
0.498 0.485595
0.5 0.469446
0.502 0.453654
0.504 0.438217
0.506 0.423136
0.508 0.408411
0.51 0.394041
0.512 0.380024
0.514 0.366359
0.516 0.353044
0.518 0.340078
0.52 0.327456
0.522 0.315177
0.524 0.303237
0.526 0.291632
0.528 0.28036
0.53 0.269415
0.532 0.258794
0.534 0.248493
0.536 0.238506
0.538 0.228829
0.54 0.219456
0.542 0.210384
0.544 0.201606
0.546 0.193117
0.548 0.184911
0.55 0.176983
0.552 0.169327
0.554 0.161938
0.556 0.154809
0.558 0.147935
0.56 0.14131
0.562 0.134927
0.564 0.128781
0.566 0.122866
0.568 0.117176
0.57 0.111704
0.572 0.106446
0.574 0.101394
0.576 0.0965435
0.578 0.0918883
0.58 0.0874226
0.582 0.0831407
0.584 0.0790368
0.586 0.0751055
0.588 0.0713412
0.59 0.0677384
0.592 0.0642919
0.594 0.0609963
0.596 0.0578466
0.598 0.0548375
0.6 0.0519641
0.602 0.0492217
0.604 0.0466053
0.606 0.0441103
0.608 0.0417322
0.61 0.0394666
0.612 0.037309
0.614 0.0352552
0.616 0.0333012
0.618 0.0314429
0.62 0.0296765
0.622 0.027998
0.624 0.026404
0.626 0.0248907
0.628 0.0234548
0.63 0.0220929
0.632 0.0208017
0.634 0.0195782
0.636 0.0184192
0.638 0.017322
0.64 0.0162835
0.642 0.0153013
0.644 0.0143725
0.646 0.0134947
0.648 0.0126654
0.65 0.0118824
0.652 0.0111433
0.654 0.010446
0.656 0.00978837
0.658 0.00916851
0.66 0.00858448
0.662 0.00803443
0.664 0.00751661
0.666 0.00702936
0.668 0.00657106
0.67 0.00614019
0.672 0.00573528
0.674 0.00535492
0.676 0.00499779
0.678 0.00466261
0.68 0.00434818
0.682 0.00405332
0.684 0.00377695
0.686 0.00351801
0.688 0.00327552
0.69 0.00304852
0.692 0.00283612
0.694 0.00263746
0.696 0.00245174
0.698 0.00227818
0.7 0.00211606
0.702 0.0019647
0.704 0.00182343
0.706 0.00169164
0.708 0.00156875
0.71 0.0014542
0.712 0.00134748
0.714 0.0012481
0.716 0.00115558
0.718 0.00106949
0.72 0.000989416
0.722 0.000914974
0.724 0.000845794
0.726 0.000781532
0.728 0.000721863
0.73 0.000666484
0.732 0.000615107
0.734 0.000567464
0.736 0.000523301
0.738 0.000482382
0.74 0.000444485
0.742 0.000409402
0.744 0.000376937
0.746 0.000346908
0.748 0.000319143
0.75 0.000293483
0.752 0.000269778
0.754 0.000247889
0.756 0.000227684
0.758 0.000209043
0.76 0.000191851
0.762 0.000176003
0.764 0.000161399
0.766 0.000147948
0.768 0.000135564
0.77 0.000124166
0.772 0.000113682
0.774 0.000104041
0.776 9.51794e-05
0.778 8.70379e-05
0.78 7.9561e-05
0.782 7.26973e-05
0.784 6.63992e-05
0.786 6.06225e-05
0.788 5.53262e-05
0.79 5.04724e-05
0.792 4.6026e-05
0.794 4.19546e-05
0.796 3.8228e-05
0.798 3.48185e-05
0.8 3.17004e-05
0.802 2.885e-05
0.804 2.62454e-05
0.806 2.38664e-05
0.808 2.16943e-05
0.81 1.97121e-05
0.812 1.79038e-05
0.814 1.62549e-05
0.816 1.47519e-05
0.818 1.33826e-05
0.82 1.21355e-05
0.822 1.10002e-05
0.824 9.96717e-06
0.826 9.02751e-06
0.828 8.17318e-06
0.83 7.39673e-06
0.832 6.69137e-06
0.834 6.05086e-06
0.836 5.46946e-06
0.838 4.94196e-06
0.84 4.46354e-06
0.842 4.02982e-06
0.844 3.6368e-06
0.846 3.28079e-06
0.848 2.95845e-06
0.85 2.66671e-06
0.852 2.40278e-06
0.854 2.16411e-06
0.856 1.94836e-06
0.858 1.75342e-06
0.86 1.57736e-06
0.862 1.4184e-06
0.864 1.27496e-06
0.866 1.14556e-06
0.868 1.02888e-06
0.87 9.23722e-07
0.872 8.28977e-07
0.874 7.43652e-07
0.876 6.66843e-07
0.878 5.97728e-07
0.88 5.35562e-07
0.882 4.79669e-07
0.884 4.29438e-07
0.886 3.84314e-07
0.888 3.43793e-07
0.89 3.07422e-07
0.892 2.74789e-07
0.894 2.45522e-07
0.896 2.19284e-07
0.898 1.95771e-07
0.9 1.7471e-07
0.902 1.55853e-07
0.904 1.38975e-07
0.906 1.23875e-07
0.908 1.10372e-07
0.91 9.83016e-08
0.912 8.75162e-08
0.914 7.7883e-08
0.916 6.92825e-08
0.918 6.16071e-08
0.92 5.47602e-08
0.922 4.86549e-08
0.924 4.32131e-08
0.926 3.83646e-08
0.928 3.40467e-08
0.93 3.02028e-08
0.932 2.67823e-08
0.934 2.37399e-08
0.936 2.10349e-08
0.938 1.86309e-08
0.94 1.64954e-08
0.942 1.45991e-08
0.944 1.29161e-08
0.946 1.14229e-08
0.948 1.00989e-08
0.95 8.92536e-09
0.952 7.88574e-09
0.954 6.96523e-09
0.956 6.15065e-09
0.958 5.43023e-09
0.96 4.79351e-09
0.962 4.23118e-09
0.964 3.73497e-09
0.966 3.2975e-09
0.968 2.91228e-09
0.97 2.57351e-09
0.972 2.27609e-09
0.974 2.0155e-09
0.976 1.78773e-09
0.978 1.58933e-09
0.98 1.41721e-09
0.982 1.26871e-09
0.984 1.1415e-09
0.986 1.03362e-09
0.988 9.43326e-10
0.99 8.69228e-10
0.992 8.10146e-10
0.994 7.65147e-10
0.996 7.33496e-10
0.998 7.14717e-10
