-1 0.778566
-0.99 0.778213
-0.98 0.777973
-0.97 0.777032
-0.96 0.776196
-0.95 0.774677
-0.94 0.773243
-0.93 0.771161
-0.92 0.769122
-0.91 0.766501
-0.9 0.763851
-0.89 0.760723
-0.88 0.757452
-0.87 0.753851
-0.86 0.749956
-0.85 0.745912
-0.84 0.741402
-0.83 0.736931
-0.82 0.731844
-0.81 0.726929
-0.8 0.72134
-0.79 0.715936
-0.78 0.70995
-0.77 0.703992
-0.76 0.697713
-0.75 0.691172
-0.74 0.684647
-0.73 0.677577
-0.72 0.670753
-0.71 0.663314
-0.7 0.656055
-0.69 0.648442
-0.68 0.640651
-0.67 0.632946
-0.66 0.624704
-0.65 0.616781
-0.64 0.608357
-0.63 0.599992
-0.62 0.591606
-0.61 0.582788
-0.6 0.574332
-0.59 0.565386
-0.58 0.556545
-0.57 0.54776
-0.56 0.538526
-0.55 0.529705
-0.54 0.520528
-0.53 0.511293
-0.52 0.502374
-0.51 0.492951
-0.5 0.48383
-0.49 0.474754
-0.48 0.465275
-0.47 0.456275
-0.46 0.447088
-0.45 0.437681
-0.44 0.428796
-0.43 0.419596
-0.42 0.41032
-0.41 0.401572
-0.4 0.392467
-0.39 0.383341
-0.38 0.37477
-0.37 0.365869
-0.36 0.356891
-0.35 0.348527
-0.34 0.339951
-0.33 0.331131
-0.32 0.322944
-0.31 0.314819
-0.3 0.306248
-0.29 0.298122
-0.28 0.290487
-0.27 0.282421
-0.26 0.274279
-0.25 0.266875
-0.24 0.259613
-0.23 0.251809
-0.22 0.244182
-0.21 0.237371
-0.2 0.230647
-0.19 0.223304
-0.18 0.215974
-0.17 0.209539
-0.16 0.20368
-0.15 0.197351
-0.14 0.190264
-0.13 0.183307
-0.12 0.177641
-0.11 0.173753
-0.1 0.171347
-0.09 0.169813
-0.08 0.168663
-0.07 0.167671
-0.06 0.166784
-0.05 0.166012
-0.04 0.165375
-0.03 0.164878
-0.02 0.164523
-0.01 0.16431
0 0.164239
0.01 0.16431
0.02 0.164523
0.03 0.164878
0.04 0.165375
0.05 0.166012
0.06 0.166784
0.07 0.167671
0.08 0.168663
0.09 0.169813
0.1 0.171347
0.11 0.173753
0.12 0.177641
0.13 0.183307
0.14 0.190264
0.15 0.197351
0.16 0.20368
0.17 0.209539
0.18 0.215974
0.19 0.223304
0.2 0.230647
0.21 0.237371
0.22 0.244182
0.23 0.251809
0.24 0.259613
0.25 0.266875
0.26 0.274279
0.27 0.282421
0.28 0.290487
0.29 0.298122
0.3 0.306248
0.31 0.314819
0.32 0.322944
0.33 0.331131
0.34 0.339951
0.35 0.348527
0.36 0.356891
0.37 0.365869
0.38 0.37477
0.39 0.383341
0.4 0.392467
0.41 0.401572
0.42 0.41032
0.43 0.419596
0.44 0.428796
0.45 0.437681
0.46 0.447088
0.47 0.456275
0.48 0.465275
0.49 0.474754
0.5 0.48383
0.51 0.492951
0.52 0.502374
0.53 0.511293
0.54 0.520528
0.55 0.529705
0.56 0.538526
0.57 0.54776
0.58 0.556545
0.59 0.565386
0.6 0.574332
0.61 0.582788
0.62 0.591606
0.63 0.599992
0.64 0.608357
0.65 0.616781
0.66 0.624704
0.67 0.632946
0.68 0.640651
0.69 0.648442
0.7 0.656055
0.71 0.663314
0.72 0.670753
0.73 0.677577
0.74 0.684647
0.75 0.691172
0.76 0.697713
0.77 0.703992
0.78 0.70995
0.79 0.715936
0.8 0.72134
0.81 0.726929
0.82 0.731844
0.83 0.736931
0.84 0.741402
0.85 0.745912
0.86 0.749956
0.87 0.753851
0.88 0.757452
0.89 0.760723
0.9 0.763851
0.91 0.766501
0.92 0.769122
0.93 0.771161
0.94 0.773243
0.95 0.774677
0.96 0.776196
0.97 0.777032
0.98 0.777973
0.99 0.778213
