-1 2.6172e-19
-0.998 2.66316e-19
-0.996 2.80212e-19
-0.994 3.03918e-19
-0.992 3.38176e-19
-0.99 3.84179e-19
-0.988 4.43402e-19
-0.986 5.17861e-19
-0.984 6.09971e-19
-0.982 7.22803e-19
-0.98 8.60043e-19
-0.978 1.02618e-18
-0.976 1.22665e-18
-0.974 1.46792e-18
-0.972 1.75784e-18
-0.97 2.1057e-18
-0.968 2.52267e-18
-0.966 3.02206e-18
-0.964 3.6197e-18
-0.962 4.33452e-18
-0.96 5.18903e-18
-0.958 6.20996e-18
-0.956 7.4292e-18
-0.954 8.88461e-18
-0.952 1.06211e-17
-0.95 1.26922e-17
-0.948 1.51612e-17
-0.946 1.81035e-17
-0.944 2.16082e-17
-0.942 2.57811e-17
-0.94 3.07478e-17
-0.938 3.66568e-17
-0.936 4.36839e-17
-0.934 5.20373e-17
-0.932 6.19632e-17
-0.93 7.3753e-17
-0.928 8.77509e-17
-0.926 1.04364e-16
-0.924 1.24072e-16
-0.922 1.47443e-16
-0.92 1.75147e-16
-0.918 2.07972e-16
-0.916 2.46851e-16
-0.914 2.92881e-16
-0.912 3.47355e-16
-0.91 4.11796e-16
-0.908 4.87997e-16
-0.906 5.78067e-16
-0.904 6.84487e-16
-0.902 8.10175e-16
-0.9 9.58559e-16
-0.898 1.13367e-15
-0.896 1.34022e-15
-0.894 1.58379e-15
-0.892 1.87086e-15
-0.89 2.20909e-15
-0.888 2.60742e-15
-0.886 3.07634e-15
-0.884 3.62815e-15
-0.882 4.27722e-15
-0.88 5.04039e-15
-0.878 5.93736e-15
-0.876 6.99115e-15
-0.874 8.22869e-15
-0.872 9.68141e-15
-0.87 1.1386e-14
-0.868 1.33855e-14
-0.866 1.57297e-14
-0.864 1.84771e-14
-0.862 2.16957e-14
-0.86 2.54647e-14
-0.858 2.98765e-14
-0.856 3.50388e-14
-0.854 4.10765e-14
-0.852 4.81354e-14
-0.85 5.63847e-14
-0.848 6.60214e-14
-0.846 7.72742e-14
-0.844 9.04088e-14
-0.842 1.05734e-13
-0.84 1.23607e-13
-0.838 1.44443e-13
-0.836 1.68724e-13
-0.834 1.97009e-13
-0.832 2.29942e-13
-0.83 2.68274e-13
-0.828 3.12871e-13
-0.826 3.64735e-13
-0.824 4.25027e-13
-0.822 4.95088e-13
-0.82 5.76466e-13
-0.818 6.70952e-13
-0.816 7.80613e-13
-0.814 9.07833e-13
-0.812 1.05537e-12
-0.81 1.22638e-12
-0.808 1.42454e-12
-0.806 1.65406e-12
-0.804 1.91979e-12
-0.802 2.22731e-12
-0.8 2.58307e-12
-0.798 2.99444e-12
-0.796 3.46995e-12
-0.794 4.01936e-12
-0.792 4.65389e-12
-0.79 5.38645e-12
-0.788 6.23182e-12
-0.786 7.20698e-12
-0.784 8.33141e-12
-0.782 9.62741e-12
-0.78 1.11206e-11
-0.778 1.28402e-11
-0.776 1.48198e-11
-0.774 1.70977e-11
-0.772 1.97179e-11
-0.77 2.27305e-11
-0.768 2.61929e-11
-0.766 3.01707e-11
-0.764 3.47387e-11
-0.762 3.99823e-11
-0.76 4.5999e-11
-0.758 5.29e-11
-0.756 6.08119e-11
-0.754 6.98793e-11
-0.752 8.02665e-11
-0.75 9.21608e-11
-0.748 1.05775e-10
-0.746 1.21353e-10
-0.744 1.39168e-10
-0.742 1.59536e-10
-0.74 1.82811e-10
-0.738 2.09398e-10
-0.736 2.39755e-10
-0.734 2.74404e-10
-0.732 3.13935e-10
-0.73 3.59017e-10
-0.728 4.10408e-10
-0.726 4.68969e-10
-0.724 5.35671e-10
-0.722 6.11616e-10
-0.72 6.98049e-10
-0.718 7.96378e-10
-0.716 9.08194e-10
-0.714 1.0353e-09
-0.712 1.17971e-09
-0.71 1.34374e-09
-0.708 1.52996e-09
-0.706 1.74129e-09
-0.704 1.98102e-09
-0.702 2.25285e-09
-0.7 2.56096e-09
-0.698 2.91004e-09
-0.696 3.30539e-09
-0.694 3.75294e-09
-0.692 4.25938e-09
-0.69 4.83224e-09
-0.688 5.47995e-09
-0.686 6.212e-09
-0.684 7.03902e-09
-0.682 7.97296e-09
-0.68 9.02721e-09
-0.678 1.02168e-08
-0.676 1.15585e-08
-0.674 1.30711e-08
-0.672 1.47758e-08
-0.67 1.66962e-08
-0.668 1.88586e-08
-0.666 2.12925e-08
-0.664 2.4031e-08
-0.662 2.71108e-08
-0.66 3.05731e-08
-0.658 3.44638e-08
-0.656 3.88341e-08
-0.654 4.37411e-08
-0.652 4.92484e-08
-0.65 5.5427e-08
-0.648 6.23558e-08
-0.646 7.01227e-08
-0.644 7.88255e-08
-0.642 8.8573e-08
-0.64 9.94861e-08
-0.638 1.11699e-07
-0.636 1.25361e-07
-0.634 1.40638e-07
-0.632 1.57714e-07
-0.63 1.76792e-07
-0.628 1.98099e-07
-0.626 2.21886e-07
-0.624 2.48429e-07
-0.622 2.78035e-07
-0.62 3.11047e-07
-0.618 3.47838e-07
-0.616 3.88826e-07
-0.614 4.3447e-07
-0.612 4.85278e-07
-0.61 5.41811e-07
-0.608 6.04688e-07
-0.606 6.74593e-07
-0.604 7.52278e-07
-0.602 8.38574e-07
-0.6 9.34396e-07
-0.598 1.04075e-06
-0.596 1.15875e-06
-0.594 1.28961e-06
-0.592 1.43468e-06
-0.59 1.59542e-06
-0.588 1.77347e-06
-0.586 1.9706e-06
-0.584 2.18877e-06
-0.582 2.43013e-06
-0.58 2.69702e-06
-0.578 2.99202e-06
-0.576 3.31797e-06
-0.574 3.67795e-06
-0.572 4.07537e-06
-0.57 4.51392e-06
-0.568 4.99767e-06
-0.566 5.53105e-06
-0.564 6.11892e-06
-0.562 6.76656e-06
-0.56 7.47976e-06
-0.558 8.26484e-06
-0.556 9.12867e-06
-0.554 1.00788e-05
-0.552 1.11233e-05
-0.55 1.22712e-05
-0.548 1.35321e-05
-0.546 1.49167e-05
-0.544 1.64363e-05
-0.542 1.81036e-05
-0.54 1.9932e-05
-0.538 2.19363e-05
-0.536 2.41325e-05
-0.534 2.6538e-05
-0.532 2.91717e-05
-0.53 3.20539e-05
-0.528 3.52068e-05
-0.526 3.86545e-05
-0.524 4.24228e-05
-0.522 4.65399e-05
-0.52 5.10363e-05
-0.518 5.59447e-05
-0.516 6.13007e-05
-0.514 6.71427e-05
-0.512 7.35122e-05
-0.51 8.04538e-05
-0.508 8.80157e-05
-0.506 9.62501e-05
-0.504 0.000105213
-0.502 0.000114964
-0.5 0.00012557
-0.498 0.000137098
-0.496 0.000149626
-0.494 0.000163234
-0.492 0.000178008
-0.49 0.000194042
-0.488 0.000211435
-0.486 0.000230297
-0.484 0.000250741
-0.482 0.000272891
-0.48 0.000296879
-0.478 0.000322848
-0.476 0.000350948
-0.474 0.000381343
-0.472 0.000414204
-0.47 0.000449719
-0.468 0.000488084
-0.466 0.000529512
-0.464 0.000574227
-0.462 0.000622471
-0.46 0.000674499
-0.458 0.000730586
-0.456 0.000791022
-0.454 0.000856116
-0.452 0.000926199
-0.45 0.00100162
-0.448 0.00108275
-0.446 0.00117
-0.444 0.00126376
-0.442 0.0013645
-0.44 0.00147269
-0.438 0.00158882
-0.436 0.00171343
-0.434 0.00184708
-0.432 0.00199036
-0.43 0.00214391
-0.428 0.00230838
-0.426 0.00248449
-0.424 0.00267298
-0.422 0.00287462
-0.42 0.00309025
-0.418 0.00332074
-0.416 0.00356701
-0.414 0.00383002
-0.412 0.0041108
-0.41 0.00441041
-0.408 0.00472999
-0.406 0.00507071
-0.404 0.00543383
-0.402 0.00582065
-0.4 0.00623255
-0.398 0.00667095
-0.396 0.00713737
-0.394 0.00763338
-0.392 0.00816064
-0.39 0.00872087
-0.388 0.00931588
-0.386 0.00994757
-0.384 0.0106179
-0.382 0.0113289
-0.38 0.0120828
-0.378 0.0128818
-0.376 0.0137282
-0.374 0.0146244
-0.372 0.015573
-0.37 0.0165767
-0.368 0.017638
-0.366 0.01876
-0.364 0.0199454
-0.362 0.0211975
-0.36 0.0225193
-0.358 0.0239141
-0.356 0.0253854
-0.354 0.0269366
-0.352 0.0285714
-0.35 0.0302936
-0.348 0.0321069
-0.346 0.0340156
-0.344 0.0360235
-0.342 0.0381351
-0.34 0.0403547
-0.338 0.0426868
-0.336 0.045136
-0.334 0.0477072
-0.332 0.0504051
-0.33 0.0532349
-0.328 0.0562017
-0.326 0.0593107
-0.324 0.0625674
-0.322 0.0659772
-0.32 0.0695458
-0.318 0.073279
-0.316 0.0771827
-0.314 0.0812628
-0.312 0.0855255
-0.31 0.0899769
-0.308 0.0946234
-0.306 0.0994714
-0.304 0.104527
-0.302 0.109798
-0.3 0.11529
-0.298 0.12101
-0.296 0.126965
-0.294 0.133162
-0.292 0.139608
-0.29 0.146309
-0.288 0.153274
-0.286 0.160508
-0.284 0.16802
-0.282 0.175816
-0.28 0.183904
-0.278 0.19229
-0.276 0.200982
-0.274 0.209987
-0.272 0.219312
-0.27 0.228965
-0.268 0.238951
-0.266 0.249279
-0.264 0.259955
-0.262 0.270985
-0.26 0.282378
-0.258 0.294138
-0.256 0.306273
-0.254 0.318788
-0.252 0.331691
-0.25 0.344986
-0.248 0.358681
-0.246 0.37278
-0.244 0.387288
-0.242 0.402211
-0.24 0.417555
-0.238 0.433322
-0.236 0.449519
-0.234 0.466149
-0.232 0.483215
-0.23 0.500722
-0.228 0.518672
-0.226 0.537068
-0.224 0.555914
-0.222 0.57521
-0.22 0.594959
-0.218 0.615161
-0.216 0.635819
-0.214 0.656932
-0.212 0.6785
-0.21 0.700524
-0.208 0.723002
-0.206 0.745933
-0.204 0.769315
-0.202 0.793146
-0.2 0.817424
-0.198 0.842145
-0.196 0.867306
-0.194 0.892902
-0.192 0.918928
-0.19 0.94538
-0.188 0.972251
-0.186 0.999536
-0.184 1.02723
-0.182 1.05532
-0.18 1.0838
-0.178 1.11266
-0.176 1.1419
-0.174 1.17151
-0.172 1.20147
-0.17 1.23177
-0.168 1.26241
-0.166 1.29336
-0.164 1.32463
-0.162 1.3562
-0.16 1.38805
-0.158 1.42017
-0.156 1.45255
-0.154 1.48517
-0.152 1.51802
-0.15 1.55108
-0.148 1.58434
-0.146 1.61778
-0.144 1.65139
-0.142 1.68514
-0.14 1.71903
-0.138 1.75303
-0.136 1.78713
-0.134 1.82131
-0.132 1.85554
-0.13 1.88982
-0.128 1.92412
-0.126 1.95842
-0.124 1.99271
-0.122 2.02696
-0.12 2.06116
-0.118 2.09529
-0.116 2.12932
-0.114 2.16324
-0.112 2.19702
-0.11 2.23065
-0.108 2.26411
-0.106 2.29737
-0.104 2.33042
-0.102 2.36324
-0.1 2.3958
-0.098 2.42809
-0.096 2.46009
-0.094 2.49177
-0.092 2.52313
-0.09 2.55413
-0.088 2.58476
-0.086 2.615
-0.084 2.64483
-0.082 2.67423
-0.08 2.70319
-0.078 2.73169
-0.076 2.7597
-0.074 2.78722
-0.072 2.81422
-0.07 2.84069
-0.068 2.86661
-0.066 2.89196
-0.064 2.91674
-0.062 2.94091
-0.06 2.96448
-0.058 2.98741
-0.056 3.00971
-0.054 3.03136
-0.052 3.05233
-0.05 3.07263
-0.048 3.09223
-0.046 3.11112
-0.044 3.1293
-0.042 3.14675
-0.04 3.16347
-0.038 3.17943
-0.036 3.19463
-0.034 3.20907
-0.032 3.22272
-0.03 3.23559
-0.028 3.24767
-0.026 3.25895
-0.024 3.26942
-0.022 3.27908
-0.02 3.28791
-0.018 3.29592
-0.016 3.3031
-0.014 3.30945
-0.012 3.31496
-0.01 3.31962
-0.008 3.32344
-0.006 3.32642
-0.004 3.32854
-0.002 3.32982
0 3.33025
0.002 3.32982
0.004 3.32854
0.006 3.32642
0.008 3.32344
0.01 3.31962
0.012 3.31496
0.014 3.30945
0.016 3.3031
0.018 3.29592
0.02 3.28791
0.022 3.27908
0.024 3.26942
0.026 3.25895
0.028 3.24767
0.03 3.23559
0.032 3.22272
0.034 3.20907
0.036 3.19463
0.038 3.17943
0.04 3.16347
0.042 3.14675
0.044 3.1293
0.046 3.11112
0.048 3.09223
0.05 3.07263
0.052 3.05233
0.054 3.03136
0.056 3.00971
0.058 2.98741
0.06 2.96448
0.062 2.94091
0.064 2.91674
0.066 2.89196
0.068 2.86661
0.07 2.84069
0.072 2.81422
0.074 2.78722
0.076 2.7597
0.078 2.73169
0.08 2.70319
0.082 2.67423
0.084 2.64483
0.086 2.615
0.088 2.58476
0.09 2.55413
0.092 2.52313
0.094 2.49177
0.096 2.46009
0.098 2.42809
0.1 2.3958
0.102 2.36324
0.104 2.33042
0.106 2.29737
0.108 2.26411
0.11 2.23065
0.112 2.19702
0.114 2.16324
0.116 2.12932
0.118 2.09529
0.12 2.06116
0.122 2.02696
0.124 1.99271
0.126 1.95842
0.128 1.92412
0.13 1.88982
0.132 1.85554
0.134 1.82131
0.136 1.78713
0.138 1.75303
0.14 1.71903
0.142 1.68514
0.144 1.65139
0.146 1.61778
0.148 1.58434
0.15 1.55108
0.152 1.51802
0.154 1.48517
0.156 1.45255
0.158 1.42017
0.16 1.38805
0.162 1.3562
0.164 1.32463
0.166 1.29336
0.168 1.26241
0.17 1.23177
0.172 1.20147
0.174 1.17151
0.176 1.1419
0.178 1.11266
0.18 1.0838
0.182 1.05532
0.184 1.02723
0.186 0.999536
0.188 0.972251
0.19 0.94538
0.192 0.918928
0.194 0.892902
0.196 0.867306
0.198 0.842145
0.2 0.817424
0.202 0.793146
0.204 0.769315
0.206 0.745933
0.208 0.723002
0.21 0.700524
0.212 0.6785
0.214 0.656932
0.216 0.635819
0.218 0.615161
0.22 0.594959
0.222 0.57521
0.224 0.555914
0.226 0.537068
0.228 0.518672
0.23 0.500722
0.232 0.483215
0.234 0.466149
0.236 0.449519
0.238 0.433322
0.24 0.417555
0.242 0.402211
0.244 0.387288
0.246 0.37278
0.248 0.358681
0.25 0.344986
0.252 0.331691
0.254 0.318788
0.256 0.306273
0.258 0.294138
0.26 0.282378
0.262 0.270985
0.264 0.259955
0.266 0.249279
0.268 0.238951
0.27 0.228965
0.272 0.219312
0.274 0.209987
0.276 0.200982
0.278 0.19229
0.28 0.183904
0.282 0.175816
0.284 0.16802
0.286 0.160508
0.288 0.153274
0.29 0.146309
0.292 0.139608
0.294 0.133162
0.296 0.126965
0.298 0.12101
0.3 0.11529
0.302 0.109798
0.304 0.104527
0.306 0.0994714
0.308 0.0946234
0.31 0.0899769
0.312 0.0855255
0.314 0.0812628
0.316 0.0771827
0.318 0.073279
0.32 0.0695458
0.322 0.0659772
0.324 0.0625674
0.326 0.0593107
0.328 0.0562017
0.33 0.0532349
0.332 0.0504051
0.334 0.0477072
0.336 0.045136
0.338 0.0426868
0.34 0.0403547
0.342 0.0381351
0.344 0.0360235
0.346 0.0340156
0.348 0.0321069
0.35 0.0302936
0.352 0.0285714
0.354 0.0269366
0.356 0.0253854
0.358 0.0239141
0.36 0.0225193
0.362 0.0211975
0.364 0.0199454
0.366 0.01876
0.368 0.017638
0.37 0.0165767
0.372 0.015573
0.374 0.0146244
0.376 0.0137282
0.378 0.0128818
0.38 0.0120828
0.382 0.0113289
0.384 0.0106179
0.386 0.00994757
0.388 0.00931588
0.39 0.00872087
0.392 0.00816064
0.394 0.00763338
0.396 0.00713737
0.398 0.00667095
0.4 0.00623255
0.402 0.00582065
0.404 0.00543383
0.406 0.00507071
0.408 0.00472999
0.41 0.00441041
0.412 0.0041108
0.414 0.00383002
0.416 0.00356701
0.418 0.00332074
0.42 0.00309025
0.422 0.00287462
0.424 0.00267298
0.426 0.00248449
0.428 0.00230838
0.43 0.00214391
0.432 0.00199036
0.434 0.00184708
0.436 0.00171343
0.438 0.00158882
0.44 0.00147269
0.442 0.0013645
0.444 0.00126376
0.446 0.00117
0.448 0.00108275
0.45 0.00100162
0.452 0.000926199
0.454 0.000856116
0.456 0.000791022
0.458 0.000730586
0.46 0.000674499
0.462 0.000622471
0.464 0.000574227
0.466 0.000529512
0.468 0.000488084
0.47 0.000449719
0.472 0.000414204
0.474 0.000381343
0.476 0.000350948
0.478 0.000322848
0.48 0.000296879
0.482 0.000272891
0.484 0.000250741
0.486 0.000230297
0.488 0.000211435
0.49 0.000194042
0.492 0.000178008
0.494 0.000163234
0.496 0.000149626
0.498 0.000137098
0.5 0.00012557
0.502 0.000114964
0.504 0.000105213
0.506 9.62501e-05
0.508 8.80157e-05
0.51 8.04538e-05
0.512 7.35122e-05
0.514 6.71427e-05
0.516 6.13007e-05
0.518 5.59447e-05
0.52 5.10363e-05
0.522 4.65399e-05
0.524 4.24228e-05
0.526 3.86545e-05
0.528 3.52068e-05
0.53 3.20539e-05
0.532 2.91717e-05
0.534 2.6538e-05
0.536 2.41325e-05
0.538 2.19363e-05
0.54 1.9932e-05
0.542 1.81036e-05
0.544 1.64363e-05
0.546 1.49167e-05
0.548 1.35321e-05
0.55 1.22712e-05
0.552 1.11233e-05
0.554 1.00788e-05
0.556 9.12867e-06
0.558 8.26484e-06
0.56 7.47976e-06
0.562 6.76656e-06
0.564 6.11892e-06
0.566 5.53105e-06
0.568 4.99767e-06
0.57 4.51392e-06
0.572 4.07537e-06
0.574 3.67795e-06
0.576 3.31797e-06
0.578 2.99202e-06
0.58 2.69702e-06
0.582 2.43013e-06
0.584 2.18877e-06
0.586 1.9706e-06
0.588 1.77347e-06
0.59 1.59542e-06
0.592 1.43468e-06
0.594 1.28961e-06
0.596 1.15875e-06
0.598 1.04075e-06
0.6 9.34396e-07
0.602 8.38574e-07
0.604 7.52278e-07
0.606 6.74593e-07
0.608 6.04688e-07
0.61 5.41811e-07
0.612 4.85278e-07
0.614 4.3447e-07
0.616 3.88826e-07
0.618 3.47838e-07
0.62 3.11047e-07
0.622 2.78035e-07
0.624 2.48429e-07
0.626 2.21886e-07
0.628 1.98099e-07
0.63 1.76792e-07
0.632 1.57714e-07
0.634 1.40638e-07
0.636 1.25361e-07
0.638 1.11699e-07
0.64 9.94861e-08
0.642 8.8573e-08
0.644 7.88255e-08
0.646 7.01227e-08
0.648 6.23558e-08
0.65 5.5427e-08
0.652 4.92484e-08
0.654 4.37411e-08
0.656 3.88341e-08
0.658 3.44638e-08
0.66 3.05731e-08
0.662 2.71108e-08
0.664 2.4031e-08
0.666 2.12925e-08
0.668 1.88586e-08
0.67 1.66962e-08
0.672 1.47758e-08
0.674 1.30711e-08
0.676 1.15585e-08
0.678 1.02168e-08
0.68 9.02721e-09
0.682 7.97296e-09
0.684 7.03902e-09
0.686 6.212e-09
0.688 5.47995e-09
0.69 4.83224e-09
0.692 4.25938e-09
0.694 3.75294e-09
0.696 3.30539e-09
0.698 2.91004e-09
0.7 2.56096e-09
0.702 2.25285e-09
0.704 1.98102e-09
0.706 1.74129e-09
0.708 1.52996e-09
0.71 1.34374e-09
0.712 1.17971e-09
0.714 1.0353e-09
0.716 9.08194e-10
0.718 7.96378e-10
0.72 6.98049e-10
0.722 6.11616e-10
0.724 5.35671e-10
0.726 4.68969e-10
0.728 4.10408e-10
0.73 3.59017e-10
0.732 3.13935e-10
0.734 2.74404e-10
0.736 2.39755e-10
0.738 2.09398e-10
0.74 1.82811e-10
0.742 1.59536e-10
0.744 1.39168e-10
0.746 1.21353e-10
0.748 1.05775e-10
0.75 9.21608e-11
0.752 8.02665e-11
0.754 6.98793e-11
0.756 6.08119e-11
0.758 5.29e-11
0.76 4.5999e-11
0.762 3.99823e-11
0.764 3.47387e-11
0.766 3.01707e-11
0.768 2.61929e-11
0.77 2.27305e-11
0.772 1.97179e-11
0.774 1.70977e-11
0.776 1.48198e-11
0.778 1.28402e-11
0.78 1.11206e-11
0.782 9.62741e-12
0.784 8.33141e-12
0.786 7.20698e-12
0.788 6.23182e-12
0.79 5.38645e-12
0.792 4.65389e-12
0.794 4.01936e-12
0.796 3.46995e-12
0.798 2.99444e-12
0.8 2.58307e-12
0.802 2.22731e-12
0.804 1.91979e-12
0.806 1.65406e-12
0.808 1.42454e-12
0.81 1.22638e-12
0.812 1.05537e-12
0.814 9.07833e-13
0.816 7.80613e-13
0.818 6.70952e-13
0.82 5.76466e-13
0.822 4.95088e-13
0.824 4.25027e-13
0.826 3.64735e-13
0.828 3.12871e-13
0.83 2.68274e-13
0.832 2.29942e-13
0.834 1.97009e-13
0.836 1.68724e-13
0.838 1.44443e-13
0.84 1.23607e-13
0.842 1.05734e-13
0.844 9.04088e-14
0.846 7.72742e-14
0.848 6.60214e-14
0.85 5.63847e-14
0.852 4.81354e-14
0.854 4.10765e-14
0.856 3.50388e-14
0.858 2.98765e-14
0.86 2.54647e-14
0.862 2.16957e-14
0.864 1.84771e-14
0.866 1.57297e-14
0.868 1.33855e-14
0.87 1.1386e-14
0.872 9.68141e-15
0.874 8.22869e-15
0.876 6.99115e-15
0.878 5.93736e-15
0.88 5.04039e-15
0.882 4.27722e-15
0.884 3.62815e-15
0.886 3.07634e-15
0.888 2.60742e-15
0.89 2.20909e-15
0.892 1.87086e-15
0.894 1.58379e-15
0.896 1.34022e-15
0.898 1.13367e-15
0.9 9.58559e-16
0.902 8.10175e-16
0.904 6.84487e-16
0.906 5.78067e-16
0.908 4.87997e-16
0.91 4.11796e-16
0.912 3.47355e-16
0.914 2.92881e-16
0.916 2.46851e-16
0.918 2.07972e-16
0.92 1.75147e-16
0.922 1.47443e-16
0.924 1.24072e-16
0.926 1.04364e-16
0.928 8.77509e-17
0.93 7.3753e-17
0.932 6.19632e-17
0.934 5.20373e-17
0.936 4.36839e-17
0.938 3.66568e-17
0.94 3.07478e-17
0.942 2.57811e-17
0.944 2.16082e-17
0.946 1.81035e-17
0.948 1.51612e-17
0.95 1.26922e-17
0.952 1.06211e-17
0.954 8.88461e-18
0.956 7.4292e-18
0.958 6.20996e-18
0.96 5.18903e-18
0.962 4.33452e-18
0.964 3.6197e-18
0.966 3.02206e-18
0.968 2.52267e-18
0.97 2.1057e-18
0.972 1.75784e-18
0.974 1.46792e-18
0.976 1.22665e-18
0.978 1.02618e-18
0.98 8.60043e-19
0.982 7.22803e-19
0.984 6.09971e-19
0.986 5.17861e-19
0.988 4.43402e-19
0.99 3.84179e-19
0.992 3.38176e-19
0.994 3.03918e-19
0.996 2.80212e-19
0.998 2.66316e-19
