-1 0.638402
-0.99 0.638182
-0.98 0.638124
-0.97 0.637608
-0.96 0.637287
-0.95 0.636464
-0.94 0.635892
-0.93 0.634754
-0.92 0.633934
-0.91 0.63249
-0.9 0.631406
-0.89 0.629686
-0.88 0.628301
-0.87 0.626358
-0.86 0.624613
-0.85 0.622516
-0.84 0.620353
-0.83 0.61815
-0.82 0.615556
-0.81 0.613228
-0.8 0.610279
-0.79 0.607706
-0.78 0.604572
-0.77 0.601576
-0.76 0.598423
-0.75 0.594922
-0.74 0.591727
-0.73 0.587887
-0.72 0.584384
-0.71 0.580529
-0.7 0.576471
-0.69 0.572683
-0.68 0.568248
-0.67 0.56415
-0.66 0.559801
-0.65 0.555094
-0.64 0.550804
-0.63 0.545914
-0.62 0.541086
-0.61 0.536455
-0.6 0.531166
-0.59 0.526206
-0.58 0.521213
-0.57 0.515625
-0.56 0.510482
-0.55 0.505199
-0.54 0.499346
-0.53 0.493971
-0.52 0.48851
-0.51 0.482413
-0.5 0.476732
-0.49 0.47121
-0.48 0.464965
-0.47 0.458848
-0.46 0.45327
-0.45 0.447163
-0.44 0.440571
-0.43 0.434582
-0.42 0.428873
-0.41 0.422398
-0.4 0.415557
-0.39 0.409447
-0.38 0.403842
-0.37 0.397561
-0.36 0.390345
-0.35 0.383294
-0.34 0.377644
-0.33 0.373718
-0.32 0.371015
-0.31 0.368862
-0.3 0.366841
-0.29 0.364807
-0.28 0.362758
-0.27 0.360718
-0.26 0.358702
-0.25 0.356718
-0.24 0.35477
-0.23 0.352862
-0.22 0.350998
-0.21 0.349184
-0.2 0.347423
-0.19 0.34572
-0.18 0.344078
-0.17 0.342502
-0.16 0.340995
-0.15 0.339561
-0.14 0.338203
-0.13 0.336925
-0.12 0.335728
-0.11 0.334617
-0.1 0.333594
-0.09 0.332661
-0.08 0.33182
-0.07 0.331073
-0.06 0.330423
-0.05 0.329869
-0.04 0.329415
-0.03 0.329061
-0.02 0.328807
-0.01 0.328654
0 0.328604
0.01 0.328654
0.02 0.328807
0.03 0.329061
0.04 0.329415
0.05 0.329869
0.06 0.330423
0.07 0.331073
0.08 0.33182
0.09 0.332661
0.1 0.333594
0.11 0.334617
0.12 0.335728
0.13 0.336925
0.14 0.338203
0.15 0.339561
0.16 0.340995
0.17 0.342502
0.18 0.344078
0.19 0.34572
0.2 0.347423
0.21 0.349184
0.22 0.350998
0.23 0.352862
0.24 0.35477
0.25 0.356718
0.26 0.358702
0.27 0.360718
0.28 0.362758
0.29 0.364807
0.3 0.366841
0.31 0.368862
0.32 0.371015
0.33 0.373718
0.34 0.377644
0.35 0.383294
0.36 0.390345
0.37 0.397561
0.38 0.403842
0.39 0.409447
0.4 0.415557
0.41 0.422398
0.42 0.428873
0.43 0.434582
0.44 0.440571
0.45 0.447163
0.46 0.45327
0.47 0.458848
0.48 0.464965
0.49 0.47121
0.5 0.476732
0.51 0.482413
0.52 0.48851
0.53 0.493971
0.54 0.499346
0.55 0.505199
0.56 0.510482
0.57 0.515625
0.58 0.521213
0.59 0.526206
0.6 0.531166
0.61 0.536455
0.62 0.541086
0.63 0.545914
0.64 0.550804
0.65 0.555094
0.66 0.559801
0.67 0.56415
0.68 0.568248
0.69 0.572683
0.7 0.576471
0.71 0.580529
0.72 0.584384
0.73 0.587887
0.74 0.591727
0.75 0.594922
0.76 0.598423
0.77 0.601576
0.78 0.604572
0.79 0.607706
0.8 0.610279
0.81 0.613228
0.82 0.615556
0.83 0.61815
0.84 0.620353
0.85 0.622516
0.86 0.624613
0.87 0.626358
0.88 0.628301
0.89 0.629686
0.9 0.631406
0.91 0.63249
0.92 0.633934
0.93 0.634754
0.94 0.635892
0.95 0.636464
0.96 0.637287
0.97 0.637608
0.98 0.638124
0.99 0.638182
