-1 0.750993
-0.99 0.750883
-0.98 0.750469
-0.97 0.749821
-0.96 0.748899
-0.95 0.7477
-0.94 0.746289
-0.93 0.74453
-0.92 0.74265
-0.91 0.740325
-0.9 0.737993
-0.89 0.735109
-0.88 0.732332
-0.87 0.728909
-0.86 0.72568
-0.85 0.721763
-0.84 0.718052
-0.83 0.713711
-0.82 0.709471
-0.81 0.704788
-0.8 0.699977
-0.79 0.695015
-0.78 0.689634
-0.77 0.684394
-0.76 0.678526
-0.75 0.672925
-0.74 0.66673
-0.73 0.660636
-0.72 0.654278
-0.71 0.647626
-0.7 0.641135
-0.69 0.634043
-0.68 0.627257
-0.67 0.619995
-0.66 0.612704
-0.65 0.605448
-0.64 0.597682
-0.63 0.590277
-0.62 0.582381
-0.61 0.574508
-0.6 0.566736
-0.59 0.558438
-0.58 0.550531
-0.57 0.542285
-0.56 0.533876
-0.55 0.525817
-0.54 0.517214
-0.53 0.508825
-0.52 0.500542
-0.51 0.491757
-0.5 0.4834
-0.49 0.474927
-0.48 0.466084
-0.47 0.457754
-0.46 0.449183
-0.45 0.440342
-0.44 0.43205
-0.43 0.423497
-0.42 0.41468
-0.41 0.406443
-0.4 0.398033
-0.39 0.389261
-0.38 0.381063
-0.37 0.372927
-0.36 0.364278
-0.35 0.356033
-0.34 0.348233
-0.33 0.339936
-0.32 0.331565
-0.31 0.323913
-0.3 0.316278
-0.29 0.308062
-0.28 0.30011
-0.27 0.29293
-0.26 0.285641
-0.25 0.277701
-0.24 0.269941
-0.23 0.26311
-0.22 0.256618
-0.21 0.249442
-0.2 0.241599
-0.19 0.234192
-0.18 0.228297
-0.17 0.224166
-0.16 0.221335
-0.15 0.219184
-0.14 0.217299
-0.13 0.215525
-0.12 0.213842
-0.11 0.212271
-0.1 0.210826
-0.09 0.209513
-0.08 0.208334
-0.07 0.207291
-0.06 0.206383
-0.05 0.205613
-0.04 0.204982
-0.03 0.204489
-0.02 0.204137
-0.01 0.203926
0 0.203856
0.01 0.203926
0.02 0.204137
0.03 0.204489
0.04 0.204982
0.05 0.205613
0.06 0.206383
0.07 0.207291
0.08 0.208334
0.09 0.209513
0.1 0.210826
0.11 0.212271
0.12 0.213842
0.13 0.215525
0.14 0.217299
0.15 0.219184
0.16 0.221335
0.17 0.224166
0.18 0.228297
0.19 0.234192
0.2 0.241599
0.21 0.249442
0.22 0.256618
0.23 0.26311
0.24 0.269941
0.25 0.277701
0.26 0.285641
0.27 0.29293
0.28 0.30011
0.29 0.308062
0.3 0.316278
0.31 0.323913
0.32 0.331565
0.33 0.339936
0.34 0.348233
0.35 0.356033
0.36 0.364278
0.37 0.372927
0.38 0.381063
0.39 0.389261
0.4 0.398033
0.41 0.406443
0.42 0.41468
0.43 0.423497
0.44 0.43205
0.45 0.440342
0.46 0.449183
0.47 0.457754
0.48 0.466084
0.49 0.474927
0.5 0.4834
0.51 0.491757
0.52 0.500542
0.53 0.508825
0.54 0.517214
0.55 0.525817
0.56 0.533876
0.57 0.542285
0.58 0.550531
0.59 0.558438
0.6 0.566736
0.61 0.574508
0.62 0.582381
0.63 0.590277
0.64 0.597682
0.65 0.605448
0.66 0.612704
0.67 0.619995
0.68 0.627257
0.69 0.634043
0.7 0.641135
0.71 0.647626
0.72 0.654278
0.73 0.660636
0.74 0.66673
0.75 0.672925
0.76 0.678526
0.77 0.684394
0.78 0.689634
0.79 0.695015
0.8 0.699977
0.81 0.704788
0.82 0.709471
0.83 0.713711
0.84 0.718052
0.85 0.721763
0.86 0.72568
0.87 0.728909
0.88 0.732332
0.89 0.735109
0.9 0.737993
0.91 0.740325
0.92 0.74265
0.93 0.74453
0.94 0.746289
0.95 0.7477
0.96 0.748899
0.97 0.749821
0.98 0.750469
0.99 0.750883
