-1 0.781679
-0.99 0.781714
-0.98 0.781077
-0.97 0.780518
-0.96 0.779277
-0.95 0.778132
-0.94 0.776287
-0.93 0.774563
-0.92 0.772124
-0.91 0.769824
-0.9 0.766812
-0.89 0.763932
-0.88 0.76038
-0.87 0.756909
-0.86 0.752861
-0.85 0.748782
-0.84 0.744291
-0.83 0.739591
-0.82 0.734701
-0.81 0.729389
-0.8 0.724116
-0.79 0.718241
-0.78 0.71256
-0.77 0.706221
-0.76 0.700061
-0.75 0.69339
-0.74 0.686678
-0.73 0.679781
-0.72 0.672509
-0.71 0.665394
-0.7 0.657677
-0.69 0.650229
-0.68 0.642282
-0.67 0.634348
-0.66 0.626335
-0.65 0.617909
-0.64 0.60978
-0.63 0.601093
-0.62 0.59261
-0.61 0.583951
-0.6 0.574998
-0.59 0.566367
-0.58 0.557205
-0.57 0.54828
-0.56 0.539278
-0.55 0.529931
-0.54 0.521001
-0.53 0.511638
-0.52 0.502353
-0.51 0.493296
-0.5 0.483756
-0.49 0.474604
-0.48 0.465392
-0.47 0.455859
-0.46 0.446829
-0.45 0.437531
-0.44 0.428114
-0.43 0.419205
-0.42 0.409928
-0.41 0.400672
-0.4 0.391914
-0.39 0.382763
-0.38 0.373677
-0.37 0.365122
-0.36 0.356199
-0.35 0.347276
-0.34 0.338958
-0.33 0.330383
-0.32 0.321623
-0.31 0.313515
-0.3 0.30542
-0.29 0.296905
-0.28 0.288881
-0.27 0.281315
-0.26 0.273306
-0.25 0.265265
-0.24 0.257972
-0.23 0.250789
-0.22 0.243071
-0.21 0.235566
-0.2 0.228876
-0.19 0.222251
-0.18 0.215013
-0.17 0.207811
-0.16 0.201511
-0.15 0.195776
-0.14 0.189564
-0.13 0.182603
-0.12 0.175783
-0.11 0.170256
-0.1 0.166506
-0.09 0.164236
-0.08 0.162839
-0.07 0.161829
-0.06 0.160978
-0.05 0.160232
-0.04 0.159603
-0.03 0.159108
-0.02 0.158753
-0.01 0.15854
0 0.158469
0.01 0.15854
0.02 0.158753
0.03 0.159108
0.04 0.159603
0.05 0.160232
0.06 0.160978
0.07 0.161829
0.08 0.162839
0.09 0.164236
0.1 0.166506
0.11 0.170256
0.12 0.175783
0.13 0.182603
0.14 0.189564
0.15 0.195776
0.16 0.201511
0.17 0.207811
0.18 0.215013
0.19 0.222251
0.2 0.228876
0.21 0.235566
0.22 0.243071
0.23 0.250789
0.24 0.257972
0.25 0.265265
0.26 0.273306
0.27 0.281315
0.28 0.288881
0.29 0.296905
0.3 0.30542
0.31 0.313515
0.32 0.321623
0.33 0.330383
0.34 0.338958
0.35 0.347276
0.36 0.356199
0.37 0.365122
0.38 0.373677
0.39 0.382763
0.4 0.391914
0.41 0.400672
0.42 0.409928
0.43 0.419205
0.44 0.428114
0.45 0.437531
0.46 0.446829
0.47 0.455859
0.48 0.465392
0.49 0.474604
0.5 0.483756
0.51 0.493296
0.52 0.502353
0.53 0.511638
0.54 0.521001
0.55 0.529931
0.56 0.539278
0.57 0.54828
0.58 0.557205
0.59 0.566367
0.6 0.574998
0.61 0.583951
0.62 0.59261
0.63 0.601093
0.64 0.60978
0.65 0.617909
0.66 0.626335
0.67 0.634348
0.68 0.642282
0.69 0.650229
0.7 0.657677
0.71 0.665394
0.72 0.672509
0.73 0.679781
0.74 0.686678
0.75 0.69339
0.76 0.700061
0.77 0.706221
0.78 0.71256
0.79 0.718241
0.8 0.724116
0.81 0.729389
0.82 0.734701
0.83 0.739591
0.84 0.744291
0.85 0.748782
0.86 0.752861
0.87 0.756909
0.88 0.76038
0.89 0.763932
0.9 0.766812
0.91 0.769824
0.92 0.772124
0.93 0.774563
0.94 0.776287
0.95 0.778132
0.96 0.779277
0.97 0.780518
0.98 0.781077
0.99 0.781714
