-1 6.39979e-05
-0.998 6.42679e-05
-0.996 6.50796e-05
-0.994 6.64387e-05
-0.992 6.83543e-05
-0.99 7.08394e-05
-0.988 7.39107e-05
-0.986 7.75891e-05
-0.984 8.1899e-05
-0.982 8.68694e-05
-0.98 9.25333e-05
-0.978 9.89282e-05
-0.976 0.000106096
-0.974 0.000114084
-0.972 0.000122944
-0.97 0.000132733
-0.968 0.000143513
-0.966 0.000155353
-0.964 0.000168329
-0.962 0.00018252
-0.96 0.000198015
-0.958 0.000214908
-0.956 0.000233303
-0.954 0.000253311
-0.952 0.00027505
-0.95 0.000298649
-0.948 0.000324246
-0.946 0.000351989
-0.944 0.000382036
-0.942 0.000414557
-0.94 0.000449735
-0.938 0.000487763
-0.936 0.000528851
-0.934 0.00057322
-0.932 0.000621107
-0.93 0.000672765
-0.928 0.000728464
-0.926 0.000788491
-0.924 0.000853152
-0.922 0.000922772
-0.92 0.000997698
-0.918 0.0010783
-0.916 0.00116496
-0.914 0.0012581
-0.912 0.00135816
-0.91 0.0014656
-0.908 0.00158092
-0.906 0.00170465
-0.904 0.00183733
-0.902 0.00197956
-0.9 0.00213195
-0.898 0.00229516
-0.896 0.00246988
-0.894 0.00265685
-0.892 0.00285683
-0.89 0.00307064
-0.888 0.00329913
-0.886 0.00354322
-0.884 0.00380384
-0.882 0.00408201
-0.88 0.00437876
-0.878 0.00469522
-0.876 0.00503253
-0.874 0.00539192
-0.872 0.00577466
-0.87 0.0061821
-0.868 0.00661565
-0.866 0.00707677
-0.864 0.007567
-0.862 0.00808796
-0.86 0.00864132
-0.858 0.00922886
-0.856 0.0098524
-0.854 0.0105139
-0.852 0.0112153
-0.85 0.0119586
-0.848 0.0127462
-0.846 0.0135802
-0.844 0.014463
-0.842 0.015397
-0.84 0.0163848
-0.838 0.017429
-0.836 0.0185323
-0.834 0.0196975
-0.832 0.0209277
-0.83 0.0222258
-0.828 0.023595
-0.826 0.0250385
-0.824 0.0265597
-0.822 0.028162
-0.82 0.0298491
-0.818 0.0316246
-0.816 0.0334923
-0.814 0.0354561
-0.812 0.03752
-0.81 0.0396882
-0.808 0.0419649
-0.806 0.0443545
-0.804 0.0468614
-0.802 0.0494902
-0.8 0.0522455
-0.798 0.0551322
-0.796 0.0581551
-0.794 0.0613193
-0.792 0.0646297
-0.79 0.0680916
-0.788 0.0717103
-0.786 0.0754911
-0.784 0.0794394
-0.782 0.0835608
-0.78 0.0878608
-0.778 0.0923452
-0.776 0.0970197
-0.774 0.10189
-0.772 0.106962
-0.77 0.112242
-0.768 0.117735
-0.766 0.123447
-0.764 0.129385
-0.762 0.135555
-0.76 0.141961
-0.758 0.148611
-0.756 0.155511
-0.754 0.162665
-0.752 0.170081
-0.75 0.177764
-0.748 0.185719
-0.746 0.193953
-0.744 0.202471
-0.742 0.211278
-0.74 0.22038
-0.738 0.229783
-0.736 0.239491
-0.734 0.249509
-0.732 0.259842
-0.73 0.270495
-0.728 0.281472
-0.726 0.292778
-0.724 0.304416
-0.722 0.31639
-0.72 0.328703
-0.718 0.341359
-0.716 0.35436
-0.714 0.36771
-0.712 0.38141
-0.71 0.395462
-0.708 0.409868
-0.706 0.424628
-0.704 0.439745
-0.702 0.455217
-0.7 0.471045
-0.698 0.487229
-0.696 0.503767
-0.694 0.520658
-0.692 0.537901
-0.69 0.555492
-0.688 0.573429
-0.686 0.591709
-0.684 0.610327
-0.682 0.629279
-0.68 0.64856
-0.678 0.668164
-0.676 0.688086
-0.674 0.708319
-0.672 0.728855
-0.67 0.749686
-0.668 0.770804
-0.666 0.7922
-0.664 0.813865
-0.662 0.835787
-0.66 0.857957
-0.658 0.880363
-0.656 0.902992
-0.654 0.925833
-0.652 0.948872
-0.65 0.972096
-0.648 0.995489
-0.646 1.01904
-0.644 1.04273
-0.642 1.06654
-0.64 1.09046
-0.638 1.11447
-0.636 1.13855
-0.634 1.16269
-0.632 1.18687
-0.63 1.21106
-0.628 1.23526
-0.626 1.25943
-0.624 1.28356
-0.622 1.30763
-0.62 1.33162
-0.618 1.35551
-0.616 1.37928
-0.614 1.4029
-0.612 1.42635
-0.61 1.44962
-0.608 1.47267
-0.606 1.4955
-0.604 1.51807
-0.602 1.54036
-0.6 1.56236
-0.598 1.58404
-0.596 1.60538
-0.594 1.62635
-0.592 1.64694
-0.59 1.66712
-0.588 1.68688
-0.586 1.70618
-0.584 1.72502
-0.582 1.74337
-0.58 1.76121
-0.578 1.77852
-0.576 1.79528
-0.574 1.81147
-0.572 1.82708
-0.57 1.84209
-0.568 1.85647
-0.566 1.87023
-0.564 1.88333
-0.562 1.89576
-0.56 1.90751
-0.558 1.91857
-0.556 1.92892
-0.554 1.93855
-0.552 1.94745
-0.55 1.9556
-0.548 1.96301
-0.546 1.96966
-0.544 1.97553
-0.542 1.98064
-0.54 1.98496
-0.538 1.9885
-0.536 1.99124
-0.534 1.99319
-0.532 1.99435
-0.53 1.99471
-0.528 1.99427
-0.526 1.99304
-0.524 1.991
-0.522 1.98818
-0.52 1.98456
-0.518 1.98016
-0.516 1.97498
-0.514 1.96903
-0.512 1.9623
-0.51 1.95482
-0.508 1.94659
-0.506 1.93762
-0.504 1.92791
-0.502 1.91749
-0.5 1.90637
-0.498 1.89455
-0.496 1.88204
-0.494 1.86888
-0.492 1.85506
-0.49 1.84061
-0.488 1.82555
-0.486 1.80988
-0.484 1.79363
-0.482 1.77681
-0.48 1.75945
-0.478 1.74156
-0.476 1.72316
-0.474 1.70427
-0.472 1.68492
-0.47 1.66512
-0.468 1.6449
-0.466 1.62427
-0.464 1.60326
-0.462 1.58189
-0.46 1.56018
-0.458 1.53815
-0.456 1.51582
-0.454 1.49323
-0.452 1.47038
-0.45 1.4473
-0.448 1.42401
-0.446 1.40054
-0.444 1.37691
-0.442 1.35313
-0.44 1.32923
-0.438 1.30523
-0.436 1.28115
-0.434 1.25701
-0.432 1.23284
-0.43 1.20864
-0.428 1.18445
-0.426 1.16028
-0.424 1.13614
-0.422 1.11207
-0.42 1.08806
-0.418 1.06415
-0.416 1.04035
-0.414 1.01668
-0.412 0.993143
-0.41 0.969765
-0.408 0.94656
-0.406 0.92354
-0.404 0.90072
-0.402 0.878112
-0.4 0.855729
-0.398 0.833584
-0.396 0.811686
-0.394 0.790048
-0.392 0.76868
-0.39 0.74759
-0.388 0.726788
-0.386 0.706282
-0.384 0.68608
-0.382 0.666189
-0.38 0.646617
-0.378 0.627369
-0.376 0.60845
-0.374 0.589865
-0.372 0.57162
-0.37 0.553717
-0.368 0.536161
-0.366 0.518953
-0.364 0.502097
-0.362 0.485595
-0.36 0.469446
-0.358 0.453654
-0.356 0.438217
-0.354 0.423136
-0.352 0.408411
-0.35 0.394041
-0.348 0.380024
-0.346 0.366359
-0.344 0.353044
-0.342 0.340078
-0.34 0.327456
-0.338 0.315177
-0.336 0.303237
-0.334 0.291632
-0.332 0.28036
-0.33 0.269415
-0.328 0.258794
-0.326 0.248493
-0.324 0.238506
-0.322 0.228829
-0.32 0.219457
-0.318 0.210384
-0.316 0.201606
-0.314 0.193117
-0.312 0.184911
-0.31 0.176983
-0.308 0.169327
-0.306 0.161938
-0.304 0.154809
-0.302 0.147935
-0.3 0.14131
-0.298 0.134927
-0.296 0.128781
-0.294 0.122866
-0.292 0.117176
-0.29 0.111704
-0.288 0.106446
-0.286 0.101394
-0.284 0.0965435
-0.282 0.0918883
-0.28 0.0874226
-0.278 0.0831407
-0.276 0.0790368
-0.274 0.0751055
-0.272 0.0713412
-0.27 0.0677385
-0.268 0.0642919
-0.266 0.0609964
-0.264 0.0578466
-0.262 0.0548375
-0.26 0.0519642
-0.258 0.0492217
-0.256 0.0466053
-0.254 0.0441103
-0.252 0.0417322
-0.25 0.0394666
-0.248 0.037309
-0.246 0.0352552
-0.244 0.0333012
-0.242 0.0314429
-0.24 0.0296765
-0.238 0.027998
-0.236 0.026404
-0.234 0.0248907
-0.232 0.0234548
-0.23 0.0220929
-0.228 0.0208017
-0.226 0.0195782
-0.224 0.0184192
-0.222 0.0173219
-0.22 0.0162835
-0.218 0.0153012
-0.216 0.0143725
-0.214 0.0134947
-0.212 0.0126654
-0.21 0.0118824
-0.208 0.0111433
-0.206 0.010446
-0.204 0.00978837
-0.202 0.00916851
-0.2 0.00858447
-0.198 0.00803442
-0.196 0.00751661
-0.194 0.00702935
-0.192 0.00657106
-0.19 0.00614018
-0.188 0.00573527
-0.186 0.00535491
-0.184 0.00499778
-0.182 0.00466261
-0.18 0.00434817
-0.178 0.00405331
-0.176 0.00377694
-0.174 0.00351801
-0.172 0.00327551
-0.17 0.00304852
-0.168 0.00283611
-0.166 0.00263746
-0.164 0.00245173
-0.162 0.00227818
-0.16 0.00211606
-0.158 0.00196469
-0.156 0.00182342
-0.154 0.00169164
-0.152 0.00156874
-0.15 0.0014542
-0.148 0.00134748
-0.146 0.00124809
-0.144 0.00115557
-0.142 0.00106948
-0.14 0.000989413
-0.138 0.00091497
-0.136 0.000845791
-0.134 0.000781529
-0.132 0.000721861
-0.13 0.000666482
-0.128 0.000615105
-0.126 0.000567462
-0.124 0.000523299
-0.122 0.000482381
-0.12 0.000444484
-0.118 0.000409401
-0.116 0.000376936
-0.114 0.000346907
-0.112 0.000319143
-0.11 0.000293483
-0.108 0.000269779
-0.106 0.00024789
-0.104 0.000227686
-0.102 0.000209046
-0.1 0.000191855
-0.098 0.000176007
-0.096 0.000161404
-0.094 0.000147954
-0.092 0.00013557
-0.09 0.000124174
-0.088 0.000113691
-0.086 0.000104051
-0.084 9.51914e-05
-0.082 8.70517e-05
-0.08 7.95767e-05
-0.078 7.27152e-05
-0.076 6.64195e-05
-0.074 6.06455e-05
-0.072 5.53523e-05
-0.07 5.0502e-05
-0.068 4.60595e-05
-0.066 4.19924e-05
-0.064 3.82707e-05
-0.062 3.48667e-05
-0.06 3.17547e-05
-0.058 2.89112e-05
-0.056 2.63143e-05
-0.054 2.39439e-05
-0.052 2.17815e-05
-0.05 1.98101e-05
-0.048 1.80139e-05
-0.046 1.63785e-05
-0.044 1.48907e-05
-0.042 1.35382e-05
-0.04 1.231e-05
-0.038 1.11958e-05
-0.036 1.01863e-05
-0.034 9.27286e-06
-0.032 8.4478e-06
-0.03 7.704e-06
-0.028 7.03502e-06
-0.026 6.43503e-06
-0.024 5.89877e-06
-0.022 5.4215e-06
-0.02 4.99898e-06
-0.018 4.62744e-06
-0.016 4.30353e-06
-0.014 4.02434e-06
-0.012 3.78733e-06
-0.01 3.59034e-06
-0.008 3.43157e-06
-0.006 3.30958e-06
-0.004 3.22323e-06
-0.002 3.17174e-06
0 3.15463e-06
0.002 3.17174e-06
0.004 3.22323e-06
0.006 3.30958e-06
0.008 3.43157e-06
0.01 3.59034e-06
0.012 3.78733e-06
0.014 4.02434e-06
0.016 4.30353e-06
0.018 4.62744e-06
0.02 4.99898e-06
0.022 5.4215e-06
0.024 5.89877e-06
0.026 6.43503e-06
0.028 7.03502e-06
0.03 7.704e-06
0.032 8.4478e-06
0.034 9.27286e-06
0.036 1.01863e-05
0.038 1.11958e-05
0.04 1.231e-05
0.042 1.35382e-05
0.044 1.48907e-05
0.046 1.63785e-05
0.048 1.80139e-05
0.05 1.98101e-05
0.052 2.17815e-05
0.054 2.39439e-05
0.056 2.63143e-05
0.058 2.89112e-05
0.06 3.17547e-05
0.062 3.48667e-05
0.064 3.82707e-05
0.066 4.19924e-05
0.068 4.60595e-05
0.07 5.0502e-05
0.072 5.53523e-05
0.074 6.06455e-05
0.076 6.64195e-05
0.078 7.27152e-05
0.08 7.95767e-05
0.082 8.70517e-05
0.084 9.51914e-05
0.086 0.000104051
0.088 0.000113691
0.09 0.000124174
0.092 0.00013557
0.094 0.000147954
0.096 0.000161404
0.098 0.000176007
0.1 0.000191855
0.102 0.000209046
0.104 0.000227686
0.106 0.00024789
0.108 0.000269779
0.11 0.000293483
0.112 0.000319143
0.114 0.000346907
0.116 0.000376936
0.118 0.000409401
0.12 0.000444484
0.122 0.000482381
0.124 0.000523299
0.126 0.000567462
0.128 0.000615105
0.13 0.000666482
0.132 0.000721861
0.134 0.000781529
0.136 0.000845791
0.138 0.00091497
0.14 0.000989413
0.142 0.00106948
0.144 0.00115557
0.146 0.00124809
0.148 0.00134748
0.15 0.0014542
0.152 0.00156874
0.154 0.00169164
0.156 0.00182342
0.158 0.00196469
0.16 0.00211606
0.162 0.00227818
0.164 0.00245173
0.166 0.00263746
0.168 0.00283611
0.17 0.00304852
0.172 0.00327551
0.174 0.00351801
0.176 0.00377694
0.178 0.00405331
0.18 0.00434817
0.182 0.00466261
0.184 0.00499778
0.186 0.00535491
0.188 0.00573527
0.19 0.00614018
0.192 0.00657106
0.194 0.00702935
0.196 0.00751661
0.198 0.00803442
0.2 0.00858447
0.202 0.00916851
0.204 0.00978837
0.206 0.010446
0.208 0.0111433
0.21 0.0118824
0.212 0.0126654
0.214 0.0134947
0.216 0.0143725
0.218 0.0153012
0.22 0.0162835
0.222 0.0173219
0.224 0.0184192
0.226 0.0195782
0.228 0.0208017
0.23 0.0220929
0.232 0.0234548
0.234 0.0248907
0.236 0.026404
0.238 0.027998
0.24 0.0296765
0.242 0.0314429
0.244 0.0333012
0.246 0.0352552
0.248 0.037309
0.25 0.0394666
0.252 0.0417322
0.254 0.0441103
0.256 0.0466053
0.258 0.0492217
0.26 0.0519642
0.262 0.0548375
0.264 0.0578466
0.266 0.0609964
0.268 0.0642919
0.27 0.0677385
0.272 0.0713412
0.274 0.0751055
0.276 0.0790368
0.278 0.0831407
0.28 0.0874226
0.282 0.0918883
0.284 0.0965435
0.286 0.101394
0.288 0.106446
0.29 0.111704
0.292 0.117176
0.294 0.122866
0.296 0.128781
0.298 0.134927
0.3 0.14131
0.302 0.147935
0.304 0.154809
0.306 0.161938
0.308 0.169327
0.31 0.176983
0.312 0.184911
0.314 0.193117
0.316 0.201606
0.318 0.210384
0.32 0.219457
0.322 0.228829
0.324 0.238506
0.326 0.248493
0.328 0.258794
0.33 0.269415
0.332 0.28036
0.334 0.291632
0.336 0.303237
0.338 0.315177
0.34 0.327456
0.342 0.340078
0.344 0.353044
0.346 0.366359
0.348 0.380024
0.35 0.394041
0.352 0.408411
0.354 0.423136
0.356 0.438217
0.358 0.453654
0.36 0.469446
0.362 0.485595
0.364 0.502097
0.366 0.518953
0.368 0.536161
0.37 0.553717
0.372 0.57162
0.374 0.589865
0.376 0.60845
0.378 0.627369
0.38 0.646617
0.382 0.666189
0.384 0.68608
0.386 0.706282
0.388 0.726788
0.39 0.74759
0.392 0.76868
0.394 0.790048
0.396 0.811686
0.398 0.833584
0.4 0.855729
0.402 0.878112
0.404 0.90072
0.406 0.92354
0.408 0.94656
0.41 0.969765
0.412 0.993143
0.414 1.01668
0.416 1.04035
0.418 1.06415
0.42 1.08806
0.422 1.11207
0.424 1.13614
0.426 1.16028
0.428 1.18445
0.43 1.20864
0.432 1.23284
0.434 1.25701
0.436 1.28115
0.438 1.30523
0.44 1.32923
0.442 1.35313
0.444 1.37691
0.446 1.40054
0.448 1.42401
0.45 1.4473
0.452 1.47038
0.454 1.49323
0.456 1.51582
0.458 1.53815
0.46 1.56018
0.462 1.58189
0.464 1.60326
0.466 1.62427
0.468 1.6449
0.47 1.66512
0.472 1.68492
0.474 1.70427
0.476 1.72316
0.478 1.74156
0.48 1.75945
0.482 1.77681
0.484 1.79363
0.486 1.80988
0.488 1.82555
0.49 1.84061
0.492 1.85506
0.494 1.86888
0.496 1.88204
0.498 1.89455
0.5 1.90637
0.502 1.91749
0.504 1.92791
0.506 1.93762
0.508 1.94659
0.51 1.95482
0.512 1.9623
0.514 1.96903
0.516 1.97498
0.518 1.98016
0.52 1.98456
0.522 1.98818
0.524 1.991
0.526 1.99304
0.528 1.99427
0.53 1.99471
0.532 1.99435
0.534 1.99319
0.536 1.99124
0.538 1.9885
0.54 1.98496
0.542 1.98064
0.544 1.97553
0.546 1.96966
0.548 1.96301
0.55 1.9556
0.552 1.94745
0.554 1.93855
0.556 1.92892
0.558 1.91857
0.56 1.90751
0.562 1.89576
0.564 1.88333
0.566 1.87023
0.568 1.85647
0.57 1.84209
0.572 1.82708
0.574 1.81147
0.576 1.79528
0.578 1.77852
0.58 1.76121
0.582 1.74337
0.584 1.72502
0.586 1.70618
0.588 1.68688
0.59 1.66712
0.592 1.64694
0.594 1.62635
0.596 1.60538
0.598 1.58404
0.6 1.56236
0.602 1.54036
0.604 1.51807
0.606 1.4955
0.608 1.47267
0.61 1.44962
0.612 1.42635
0.614 1.4029
0.616 1.37928
0.618 1.35551
0.62 1.33162
0.622 1.30763
0.624 1.28356
0.626 1.25943
0.628 1.23526
0.63 1.21106
0.632 1.18687
0.634 1.16269
0.636 1.13855
0.638 1.11447
0.64 1.09046
0.642 1.06654
0.644 1.04273
0.646 1.01904
0.648 0.995489
0.65 0.972096
0.652 0.948872
0.654 0.925833
0.656 0.902992
0.658 0.880363
0.66 0.857957
0.662 0.835787
0.664 0.813865
0.666 0.7922
0.668 0.770804
0.67 0.749686
0.672 0.728855
0.674 0.708319
0.676 0.688086
0.678 0.668164
0.68 0.64856
0.682 0.629279
0.684 0.610327
0.686 0.591709
0.688 0.573429
0.69 0.555492
0.692 0.537901
0.694 0.520658
0.696 0.503767
0.698 0.487229
0.7 0.471045
0.702 0.455217
0.704 0.439745
0.706 0.424628
0.708 0.409868
0.71 0.395462
0.712 0.38141
0.714 0.36771
0.716 0.35436
0.718 0.341359
0.72 0.328703
0.722 0.31639
0.724 0.304416
0.726 0.292778
0.728 0.281472
0.73 0.270495
0.732 0.259842
0.734 0.249509
0.736 0.239491
0.738 0.229783
0.74 0.22038
0.742 0.211278
0.744 0.202471
0.746 0.193953
0.748 0.185719
0.75 0.177764
0.752 0.170081
0.754 0.162665
0.756 0.155511
0.758 0.148611
0.76 0.141961
0.762 0.135555
0.764 0.129385
0.766 0.123447
0.768 0.117735
0.77 0.112242
0.772 0.106962
0.774 0.10189
0.776 0.0970197
0.778 0.0923452
0.78 0.0878608
0.782 0.0835608
0.784 0.0794394
0.786 0.0754911
0.788 0.0717103
0.79 0.0680916
0.792 0.0646297
0.794 0.0613193
0.796 0.0581551
0.798 0.0551322
0.8 0.0522455
0.802 0.0494902
0.804 0.0468614
0.806 0.0443545
0.808 0.0419649
0.81 0.0396882
0.812 0.03752
0.814 0.0354561
0.816 0.0334923
0.818 0.0316246
0.82 0.0298491
0.822 0.028162
0.824 0.0265597
0.826 0.0250385
0.828 0.023595
0.83 0.0222258
0.832 0.0209277
0.834 0.0196975
0.836 0.0185323
0.838 0.017429
0.84 0.0163848
0.842 0.015397
0.844 0.014463
0.846 0.0135802
0.848 0.0127462
0.85 0.0119586
0.852 0.0112153
0.854 0.0105139
0.856 0.0098524
0.858 0.00922886
0.86 0.00864132
0.862 0.00808796
0.864 0.007567
0.866 0.00707677
0.868 0.00661565
0.87 0.0061821
0.872 0.00577466
0.874 0.00539192
0.876 0.00503253
0.878 0.00469522
0.88 0.00437876
0.882 0.00408201
0.884 0.00380384
0.886 0.00354322
0.888 0.00329913
0.89 0.00307064
0.892 0.00285683
0.894 0.00265685
0.896 0.00246988
0.898 0.00229516
0.9 0.00213195
0.902 0.00197956
0.904 0.00183733
0.906 0.00170465
0.908 0.00158092
0.91 0.0014656
0.912 0.00135816
0.914 0.0012581
0.916 0.00116496
0.918 0.0010783
0.92 0.000997698
0.922 0.000922772
0.924 0.000853152
0.926 0.000788491
0.928 0.000728464
0.93 0.000672765
0.932 0.000621107
0.934 0.00057322
0.936 0.000528851
0.938 0.000487763
0.94 0.000449735
0.942 0.000414557
0.944 0.000382036
0.946 0.000351989
0.948 0.000324246
0.95 0.000298649
0.952 0.00027505
0.954 0.000253311
0.956 0.000233303
0.958 0.000214908
0.96 0.000198015
0.962 0.00018252
0.964 0.000168329
0.966 0.000155353
0.968 0.000143513
0.97 0.000132733
0.972 0.000122944
0.974 0.000114084
0.976 0.000106096
0.978 9.89282e-05
0.98 9.25333e-05
0.982 8.68694e-05
0.984 8.1899e-05
0.986 7.75891e-05
0.988 7.39107e-05
0.99 7.08394e-05
0.992 6.83543e-05
0.994 6.64387e-05
0.996 6.50796e-05
0.998 6.42679e-05
