-1 0.214021
-0.99 0.214291
-0.98 0.214269
-0.97 0.214908
-0.96 0.215027
-0.95 0.216098
-0.94 0.216371
-0.93 0.217725
-0.92 0.218462
-0.91 0.219633
-0.9 0.221278
-0.89 0.222137
-0.88 0.224127
-0.87 0.225911
-0.86 0.227064
-0.85 0.229495
-0.84 0.232003
-0.83 0.233277
-0.82 0.235128
-0.81 0.239308
-0.8 0.245419
-0.79 0.252314
-0.78 0.259379
-0.77 0.2665
-0.76 0.2737
-0.75 0.280992
-0.74 0.288377
-0.73 0.29585
-0.72 0.303408
-0.71 0.311049
-0.7 0.318768
-0.69 0.326562
-0.68 0.334428
-0.67 0.342361
-0.66 0.350358
-0.65 0.358415
-0.64 0.366527
-0.63 0.37469
-0.62 0.382898
-0.61 0.391149
-0.6 0.399436
-0.59 0.407754
-0.58 0.416099
-0.57 0.424465
-0.56 0.432846
-0.55 0.441238
-0.54 0.449635
-0.53 0.45803
-0.52 0.466418
-0.51 0.474793
-0.5 0.483149
-0.49 0.49148
-0.48 0.499779
-0.47 0.508041
-0.46 0.516259
-0.45 0.524427
-0.44 0.532539
-0.43 0.540587
-0.42 0.548565
-0.41 0.556468
-0.4 0.564288
-0.39 0.572019
-0.38 0.579654
-0.37 0.587187
-0.36 0.594612
-0.35 0.601922
-0.34 0.60911
-0.33 0.616171
-0.32 0.623098
-0.31 0.629884
-0.3 0.636525
-0.29 0.643013
-0.28 0.649343
-0.27 0.655509
-0.26 0.661504
-0.25 0.667325
-0.24 0.672965
-0.23 0.678418
-0.22 0.68368
-0.21 0.688745
-0.2 0.69361
-0.19 0.698268
-0.18 0.702716
-0.17 0.706949
-0.16 0.710963
-0.15 0.714754
-0.14 0.718318
-0.13 0.721652
-0.12 0.724753
-0.11 0.727618
-0.1 0.730243
-0.09 0.732626
-0.08 0.734764
-0.07 0.736656
-0.06 0.7383
-0.05 0.739694
-0.04 0.740836
-0.03 0.741725
-0.02 0.742361
-0.01 0.742743
0 0.742871
0.01 0.742743
0.02 0.742361
0.03 0.741725
0.04 0.740836
0.05 0.739694
0.06 0.7383
0.07 0.736656
0.08 0.734764
0.09 0.732626
0.1 0.730243
0.11 0.727618
0.12 0.724753
0.13 0.721652
0.14 0.718318
0.15 0.714754
0.16 0.710963
0.17 0.706949
0.18 0.702716
0.19 0.698268
0.2 0.69361
0.21 0.688745
0.22 0.68368
0.23 0.678418
0.24 0.672965
0.25 0.667325
0.26 0.661504
0.27 0.655509
0.28 0.649343
0.29 0.643013
0.3 0.636525
0.31 0.629884
0.32 0.623098
0.33 0.616171
0.34 0.60911
0.35 0.601922
0.36 0.594612
0.37 0.587187
0.38 0.579654
0.39 0.572019
0.4 0.564288
0.41 0.556468
0.42 0.548565
0.43 0.540587
0.44 0.532539
0.45 0.524427
0.46 0.516259
0.47 0.508041
0.48 0.499779
0.49 0.49148
0.5 0.483149
0.51 0.474793
0.52 0.466418
0.53 0.45803
0.54 0.449635
0.55 0.441238
0.56 0.432846
0.57 0.424465
0.58 0.416099
0.59 0.407754
0.6 0.399436
0.61 0.391149
0.62 0.382898
0.63 0.37469
0.64 0.366527
0.65 0.358415
0.66 0.350358
0.67 0.342361
0.68 0.334428
0.69 0.326562
0.7 0.318768
0.71 0.311049
0.72 0.303408
0.73 0.29585
0.74 0.288377
0.75 0.280992
0.76 0.2737
0.77 0.2665
0.78 0.259379
0.79 0.252314
0.8 0.245419
0.81 0.239308
0.82 0.235128
0.83 0.233277
0.84 0.232003
0.85 0.229495
0.86 0.227064
0.87 0.225911
0.88 0.224127
0.89 0.222137
0.9 0.221278
0.91 0.219633
0.92 0.218462
0.93 0.217725
0.94 0.216371
0.95 0.216098
0.96 0.215027
0.97 0.214908
0.98 0.214269
0.99 0.214291
