-1 0.788227
-0.99 0.78809
-0.98 0.787609
-0.97 0.786867
-0.96 0.785757
-0.95 0.784426
-0.94 0.782681
-0.93 0.780779
-0.92 0.778396
-0.91 0.775941
-0.9 0.772924
-0.89 0.76993
-0.88 0.766296
-0.87 0.762769
-0.86 0.758549
-0.85 0.754481
-0.84 0.749728
-0.83 0.745097
-0.82 0.739879
-0.81 0.734656
-0.8 0.729044
-0.79 0.723211
-0.78 0.717258
-0.77 0.710837
-0.76 0.704543
-0.75 0.69762
-0.74 0.690922
-0.73 0.683643
-0.72 0.676444
-0.71 0.668953
-0.7 0.661207
-0.69 0.653554
-0.68 0.645349
-0.67 0.637432
-0.66 0.62899
-0.65 0.620637
-0.64 0.61216
-0.63 0.603329
-0.62 0.594792
-0.61 0.58571
-0.6 0.576866
-0.59 0.567844
-0.58 0.558557
-0.57 0.549604
-0.56 0.540143
-0.55 0.530925
-0.54 0.521666
-0.53 0.512063
-0.52 0.502896
-0.51 0.49334
-0.5 0.483832
-0.49 0.474613
-0.48 0.464923
-0.47 0.455593
-0.46 0.446295
-0.45 0.436641
-0.44 0.427491
-0.43 0.418176
-0.42 0.408665
-0.41 0.399698
-0.4 0.390462
-0.39 0.381143
-0.38 0.372383
-0.37 0.36333
-0.36 0.354217
-0.35 0.345697
-0.34 0.336932
-0.33 0.328028
-0.32 0.319759
-0.31 0.311398
-0.3 0.302729
-0.29 0.294658
-0.28 0.286803
-0.27 0.278492
-0.26 0.270505
-0.25 0.263128
-0.24 0.255443
-0.23 0.247537
-0.22 0.240316
-0.21 0.233446
-0.2 0.22608
-0.19 0.218685
-0.18 0.212091
-0.17 0.205827
-0.16 0.199015
-0.15 0.191984
-0.14 0.185716
-0.13 0.180229
-0.12 0.174534
-0.11 0.168045
-0.1 0.161371
-0.09 0.155696
-0.08 0.151742
-0.07 0.14941
-0.06 0.148133
-0.05 0.147366
-0.04 0.146806
-0.03 0.146356
-0.02 0.146018
-0.01 0.145808
0 0.145737
0.01 0.145808
0.02 0.146018
0.03 0.146356
0.04 0.146806
0.05 0.147366
0.06 0.148133
0.07 0.14941
0.08 0.151742
0.09 0.155696
0.1 0.161371
0.11 0.168045
0.12 0.174534
0.13 0.180229
0.14 0.185716
0.15 0.191984
0.16 0.199015
0.17 0.205827
0.18 0.212091
0.19 0.218685
0.2 0.22608
0.21 0.233446
0.22 0.240316
0.23 0.247537
0.24 0.255443
0.25 0.263128
0.26 0.270505
0.27 0.278492
0.28 0.286803
0.29 0.294658
0.3 0.302729
0.31 0.311398
0.32 0.319759
0.33 0.328028
0.34 0.336932
0.35 0.345697
0.36 0.354217
0.37 0.36333
0.38 0.372383
0.39 0.381143
0.4 0.390462
0.41 0.399698
0.42 0.408665
0.43 0.418176
0.44 0.427491
0.45 0.436641
0.46 0.446295
0.47 0.455593
0.48 0.464923
0.49 0.474613
0.5 0.483832
0.51 0.49334
0.52 0.502896
0.53 0.512063
0.54 0.521666
0.55 0.530925
0.56 0.540143
0.57 0.549604
0.58 0.558557
0.59 0.567844
0.6 0.576866
0.61 0.58571
0.62 0.594792
0.63 0.603329
0.64 0.61216
0.65 0.620637
0.66 0.62899
0.67 0.637432
0.68 0.645349
0.69 0.653554
0.7 0.661207
0.71 0.668953
0.72 0.676444
0.73 0.683643
0.74 0.690922
0.75 0.69762
0.76 0.704543
0.77 0.710837
0.78 0.717258
0.79 0.723211
0.8 0.729044
0.81 0.734656
0.82 0.739879
0.83 0.745097
0.84 0.749728
0.85 0.754481
0.86 0.758549
0.87 0.762769
0.88 0.766296
0.89 0.76993
0.9 0.772924
0.91 0.775941
0.92 0.778396
0.93 0.780779
0.94 0.782681
0.95 0.784426
0.96 0.785757
0.97 0.786867
0.98 0.787609
0.99 0.78809
