-1 0.350641
-0.99 0.350993
-0.98 0.350827
-0.97 0.351341
-0.96 0.351388
-0.95 0.352023
-0.94 0.352333
-0.93 0.353018
-0.92 0.353662
-0.91 0.354315
-0.9 0.355342
-0.89 0.355946
-0.88 0.357282
-0.87 0.357993
-0.86 0.359359
-0.85 0.360495
-0.84 0.361589
-0.83 0.363252
-0.82 0.364246
-0.81 0.365913
-0.8 0.367463
-0.79 0.36864
-0.78 0.370628
-0.77 0.372093
-0.76 0.37346
-0.75 0.375614
-0.74 0.377141
-0.73 0.378485
-0.72 0.380724
-0.71 0.38257
-0.7 0.383691
-0.69 0.385577
-0.68 0.388075
-0.67 0.389651
-0.66 0.390408
-0.65 0.392051
-0.64 0.395646
-0.63 0.400824
-0.62 0.406694
-0.61 0.412674
-0.6 0.418586
-0.59 0.424427
-0.58 0.430217
-0.57 0.435959
-0.56 0.441652
-0.55 0.447292
-0.54 0.452875
-0.53 0.4584
-0.52 0.463862
-0.51 0.46926
-0.5 0.474591
-0.49 0.479851
-0.48 0.485039
-0.47 0.490152
-0.46 0.495188
-0.45 0.500144
-0.44 0.505018
-0.43 0.509807
-0.42 0.514511
-0.41 0.519126
-0.4 0.52365
-0.39 0.528083
-0.38 0.532421
-0.37 0.536664
-0.36 0.540809
-0.35 0.544855
-0.34 0.548801
-0.33 0.552645
-0.32 0.556386
-0.31 0.560022
-0.3 0.563552
-0.29 0.566976
-0.28 0.570291
-0.27 0.573498
-0.26 0.576594
-0.25 0.57958
-0.24 0.582454
-0.23 0.585216
-0.22 0.587864
-0.21 0.590399
-0.2 0.592819
-0.19 0.595124
-0.18 0.597314
-0.17 0.599387
-0.16 0.601344
-0.15 0.603185
-0.14 0.604908
-0.13 0.606513
-0.12 0.608001
-0.11 0.60937
-0.1 0.610621
-0.09 0.611754
-0.08 0.612768
-0.07 0.613663
-0.06 0.614439
-0.05 0.615095
-0.04 0.615633
-0.03 0.616051
-0.02 0.61635
-0.01 0.616529
0 0.616589
0.01 0.616529
0.02 0.61635
0.03 0.616051
0.04 0.615633
0.05 0.615095
0.06 0.614439
0.07 0.613663
0.08 0.612768
0.09 0.611754
0.1 0.610621
0.11 0.60937
0.12 0.608001
0.13 0.606513
0.14 0.604908
0.15 0.603185
0.16 0.601344
0.17 0.599387
0.18 0.597314
0.19 0.595124
0.2 0.592819
0.21 0.590399
0.22 0.587864
0.23 0.585216
0.24 0.582454
0.25 0.57958
0.26 0.576594
0.27 0.573498
0.28 0.570291
0.29 0.566976
0.3 0.563552
0.31 0.560022
0.32 0.556386
0.33 0.552645
0.34 0.548801
0.35 0.544855
0.36 0.540809
0.37 0.536664
0.38 0.532421
0.39 0.528083
0.4 0.52365
0.41 0.519126
0.42 0.514511
0.43 0.509807
0.44 0.505018
0.45 0.500144
0.46 0.495188
0.47 0.490152
0.48 0.485039
0.49 0.479851
0.5 0.474591
0.51 0.46926
0.52 0.463862
0.53 0.4584
0.54 0.452875
0.55 0.447292
0.56 0.441652
0.57 0.435959
0.58 0.430217
0.59 0.424427
0.6 0.418586
0.61 0.412674
0.62 0.406694
0.63 0.400824
0.64 0.395646
0.65 0.392051
0.66 0.390408
0.67 0.389651
0.68 0.388075
0.69 0.385577
0.7 0.383691
0.71 0.38257
0.72 0.380724
0.73 0.378485
0.74 0.377141
0.75 0.375614
0.76 0.37346
0.77 0.372093
0.78 0.370628
0.79 0.36864
0.8 0.367463
0.81 0.365913
0.82 0.364246
0.83 0.363252
0.84 0.361589
0.85 0.360495
0.86 0.359359
0.87 0.357993
0.88 0.357282
0.89 0.355946
0.9 0.355342
0.91 0.354315
0.92 0.353662
0.93 0.353018
0.94 0.352333
0.95 0.352023
0.96 0.351388
0.97 0.351341
0.98 0.350827
0.99 0.350993
