-1 1.09157e-13
-0.998 1.18266e-13
-0.996 1.17971e-13
-0.994 1.24415e-13
-0.992 1.37117e-13
-0.99 1.50171e-13
-0.988 1.66256e-13
-0.986 1.92113e-13
-0.984 2.09955e-13
-0.982 2.45468e-13
-0.98 2.77168e-13
-0.978 3.24147e-13
-0.976 3.66589e-13
-0.974 4.35015e-13
-0.972 4.89886e-13
-0.97 5.77768e-13
-0.968 6.65965e-13
-0.966 7.80707e-13
-0.964 8.95551e-13
-0.962 1.04509e-12
-0.96 1.21255e-12
-0.958 1.41024e-12
-0.956 1.63692e-12
-0.954 1.89886e-12
-0.952 2.20169e-12
-0.95 2.54974e-12
-0.948 2.95992e-12
-0.946 3.42245e-12
-0.944 3.96935e-12
-0.942 4.5865e-12
-0.94 5.31462e-12
-0.938 6.14986e-12
-0.936 7.10635e-12
-0.934 8.21528e-12
-0.932 9.50353e-12
-0.93 1.09651e-11
-0.928 1.26625e-11
-0.926 1.46135e-11
-0.924 1.68607e-11
-0.922 1.94454e-11
-0.92 2.24207e-11
-0.918 2.58327e-11
-0.916 2.9761e-11
-0.914 3.42585e-11
-0.912 3.94312e-11
-0.91 4.53676e-11
-0.908 5.21751e-11
-0.906 5.99773e-11
-0.904 6.89283e-11
-0.902 7.91708e-11
-0.9 9.09098e-11
-0.898 1.0434e-10
-0.896 1.19719e-10
-0.894 1.37293e-10
-0.892 1.5739e-10
-0.89 1.80358e-10
-0.888 2.06593e-10
-0.886 2.36551e-10
-0.884 2.70747e-10
-0.882 3.09754e-10
-0.88 3.54251e-10
-0.878 4.04967e-10
-0.876 4.62775e-10
-0.874 5.28605e-10
-0.872 6.03576e-10
-0.87 6.88887e-10
-0.868 7.85957e-10
-0.866 8.96336e-10
-0.864 1.02181e-09
-0.862 1.16439e-09
-0.86 1.32632e-09
-0.858 1.51018e-09
-0.856 1.71882e-09
-0.854 1.95554e-09
-0.852 2.22394e-09
-0.85 2.52817e-09
-0.848 2.87288e-09
-0.846 3.26328e-09
-0.844 3.70525e-09
-0.842 4.20539e-09
-0.84 4.77114e-09
-0.838 5.41083e-09
-0.836 6.13384e-09
-0.834 6.95068e-09
-0.832 7.87314e-09
-0.83 8.91446e-09
-0.828 1.00895e-08
-0.826 1.14148e-08
-0.824 1.29091e-08
-0.822 1.45931e-08
-0.82 1.64902e-08
-0.818 1.86265e-08
-0.816 2.10311e-08
-0.814 2.37366e-08
-0.812 2.67795e-08
-0.81 3.02004e-08
-0.808 3.40447e-08
-0.806 3.8363e-08
-0.804 4.32117e-08
-0.802 4.86538e-08
-0.8 5.47593e-08
-0.798 6.16064e-08
-0.796 6.92819e-08
-0.794 7.78826e-08
-0.792 8.7516e-08
-0.79 9.83015e-08
-0.788 1.10372e-07
-0.786 1.23875e-07
-0.784 1.38975e-07
-0.782 1.55853e-07
-0.78 1.74711e-07
-0.778 1.95772e-07
-0.776 2.19284e-07
-0.774 2.45522e-07
-0.772 2.7479e-07
-0.77 3.07423e-07
-0.768 3.43795e-07
-0.766 3.84315e-07
-0.764 4.2944e-07
-0.762 4.79671e-07
-0.76 5.35564e-07
-0.758 5.9773e-07
-0.756 6.66845e-07
-0.754 7.43654e-07
-0.752 8.28979e-07
-0.75 9.23725e-07
-0.748 1.02889e-06
-0.746 1.14556e-06
-0.744 1.27496e-06
-0.742 1.41841e-06
-0.74 1.57736e-06
-0.738 1.75343e-06
-0.736 1.94837e-06
-0.734 2.16411e-06
-0.732 2.40279e-06
-0.73 2.66672e-06
-0.728 2.95846e-06
-0.726 3.2808e-06
-0.724 3.63681e-06
-0.722 4.02983e-06
-0.72 4.46355e-06
-0.718 4.94197e-06
-0.716 5.46948e-06
-0.714 6.05087e-06
-0.712 6.69139e-06
-0.71 7.39675e-06
-0.708 8.17319e-06
-0.706 9.02753e-06
-0.704 9.96719e-06
-0.702 1.10002e-05
-0.7 1.21355e-05
-0.698 1.33826e-05
-0.696 1.4752e-05
-0.694 1.62549e-05
-0.692 1.79038e-05
-0.69 1.97121e-05
-0.688 2.16944e-05
-0.686 2.38664e-05
-0.684 2.62454e-05
-0.682 2.885e-05
-0.68 3.17004e-05
-0.678 3.48185e-05
-0.676 3.8228e-05
-0.674 4.19546e-05
-0.672 4.60261e-05
-0.67 5.04725e-05
-0.668 5.53262e-05
-0.666 6.06225e-05
-0.664 6.63993e-05
-0.662 7.26974e-05
-0.66 7.95611e-05
-0.658 8.7038e-05
-0.656 9.51795e-05
-0.654 0.000104041
-0.652 0.000113682
-0.65 0.000124166
-0.648 0.000135564
-0.646 0.000147948
-0.644 0.000161399
-0.642 0.000176003
-0.64 0.000191851
-0.638 0.000209043
-0.636 0.000227684
-0.634 0.000247889
-0.632 0.000269778
-0.63 0.000293483
-0.628 0.000319143
-0.626 0.000346908
-0.624 0.000376937
-0.622 0.000409402
-0.62 0.000444486
-0.618 0.000482383
-0.616 0.000523301
-0.614 0.000567464
-0.612 0.000615107
-0.61 0.000666484
-0.608 0.000721864
-0.606 0.000781532
-0.604 0.000845794
-0.602 0.000914974
-0.6 0.000989416
-0.598 0.00106949
-0.596 0.00115558
-0.594 0.0012481
-0.592 0.00134748
-0.59 0.0014542
-0.588 0.00156875
-0.586 0.00169164
-0.584 0.00182343
-0.582 0.0019647
-0.58 0.00211606
-0.578 0.00227818
-0.576 0.00245174
-0.574 0.00263746
-0.572 0.00283612
-0.57 0.00304852
-0.568 0.00327552
-0.566 0.00351802
-0.564 0.00377695
-0.562 0.00405332
-0.56 0.00434818
-0.558 0.00466261
-0.556 0.00499779
-0.554 0.00535492
-0.552 0.00573528
-0.55 0.00614019
-0.548 0.00657106
-0.546 0.00702936
-0.544 0.00751661
-0.542 0.00803443
-0.54 0.00858448
-0.538 0.00916852
-0.536 0.00978837
-0.534 0.010446
-0.532 0.0111433
-0.53 0.0118824
-0.528 0.0126654
-0.526 0.0134947
-0.524 0.0143725
-0.522 0.0153013
-0.52 0.0162835
-0.518 0.017322
-0.516 0.0184192
-0.514 0.0195782
-0.512 0.0208017
-0.51 0.0220929
-0.508 0.0234548
-0.506 0.0248907
-0.504 0.026404
-0.502 0.027998
-0.5 0.0296765
-0.498 0.0314429
-0.496 0.0333012
-0.494 0.0352552
-0.492 0.037309
-0.49 0.0394666
-0.488 0.0417322
-0.486 0.0441103
-0.484 0.0466053
-0.482 0.0492217
-0.48 0.0519641
-0.478 0.0548375
-0.476 0.0578466
-0.474 0.0609963
-0.472 0.0642919
-0.47 0.0677384
-0.468 0.0713412
-0.466 0.0751055
-0.464 0.0790368
-0.462 0.0831407
-0.46 0.0874226
-0.458 0.0918883
-0.456 0.0965435
-0.454 0.101394
-0.452 0.106446
-0.45 0.111704
-0.448 0.117176
-0.446 0.122866
-0.444 0.128781
-0.442 0.134927
-0.44 0.14131
-0.438 0.147935
-0.436 0.154809
-0.434 0.161938
-0.432 0.169327
-0.43 0.176983
-0.428 0.184911
-0.426 0.193117
-0.424 0.201606
-0.422 0.210384
-0.42 0.219456
-0.418 0.228829
-0.416 0.238506
-0.414 0.248493
-0.412 0.258794
-0.41 0.269415
-0.408 0.28036
-0.406 0.291632
-0.404 0.303237
-0.402 0.315177
-0.4 0.327456
-0.398 0.340078
-0.396 0.353044
-0.394 0.366359
-0.392 0.380024
-0.39 0.394041
-0.388 0.408411
-0.386 0.423136
-0.384 0.438217
-0.382 0.453654
-0.38 0.469446
-0.378 0.485595
-0.376 0.502097
-0.374 0.518953
-0.372 0.536161
-0.37 0.553717
-0.368 0.57162
-0.366 0.589865
-0.364 0.60845
-0.362 0.627369
-0.36 0.646617
-0.358 0.66619
-0.356 0.68608
-0.354 0.706282
-0.352 0.726788
-0.35 0.74759
-0.348 0.76868
-0.346 0.790049
-0.344 0.811687
-0.342 0.833584
-0.34 0.85573
-0.338 0.878113
-0.336 0.90072
-0.334 0.923541
-0.332 0.946561
-0.33 0.969766
-0.328 0.993144
-0.326 1.01668
-0.324 1.04035
-0.322 1.06415
-0.32 1.08806
-0.318 1.11207
-0.316 1.13614
-0.314 1.16028
-0.312 1.18445
-0.31 1.20865
-0.308 1.23284
-0.306 1.25702
-0.304 1.28115
-0.302 1.30523
-0.3 1.32923
-0.298 1.35313
-0.296 1.37691
-0.294 1.40055
-0.292 1.42402
-0.29 1.44731
-0.288 1.47039
-0.286 1.49324
-0.284 1.51583
-0.282 1.53816
-0.28 1.56019
-0.278 1.5819
-0.276 1.60327
-0.274 1.62429
-0.272 1.64492
-0.27 1.66514
-0.268 1.68494
-0.266 1.7043
-0.264 1.72319
-0.262 1.74159
-0.26 1.75948
-0.258 1.77684
-0.256 1.79366
-0.254 1.80992
-0.252 1.82559
-0.25 1.84066
-0.248 1.85512
-0.246 1.86894
-0.244 1.88211
-0.242 1.89462
-0.24 1.90645
-0.238 1.91758
-0.236 1.92801
-0.234 1.93772
-0.232 1.9467
-0.23 1.95495
-0.228 1.96244
-0.226 1.96918
-0.224 1.97514
-0.222 1.98034
-0.22 1.98476
-0.218 1.98839
-0.216 1.99123
-0.214 1.99329
-0.212 1.99454
-0.21 1.99501
-0.208 1.99467
-0.206 1.99354
-0.204 1.99162
-0.202 1.98891
-0.2 1.98541
-0.198 1.98112
-0.196 1.97606
-0.194 1.97023
-0.192 1.96363
-0.19 1.95628
-0.188 1.94817
-0.186 1.93933
-0.184 1.92977
-0.182 1.91949
-0.18 1.90851
-0.178 1.89684
-0.176 1.88449
-0.174 1.87148
-0.172 1.85783
-0.17 1.84355
-0.168 1.82866
-0.166 1.81317
-0.164 1.79711
-0.162 1.78049
-0.16 1.76334
-0.158 1.74566
-0.156 1.72749
-0.154 1.70884
-0.152 1.68973
-0.15 1.67019
-0.148 1.65024
-0.146 1.62989
-0.144 1.60918
-0.142 1.58812
-0.14 1.56674
-0.138 1.54506
-0.136 1.5231
-0.134 1.50089
-0.132 1.47845
-0.13 1.4558
-0.128 1.43297
-0.126 1.40997
-0.124 1.38684
-0.122 1.3636
-0.12 1.34026
-0.118 1.31686
-0.116 1.29341
-0.114 1.26994
-0.112 1.24647
-0.11 1.22302
-0.108 1.19962
-0.106 1.17627
-0.104 1.15302
-0.102 1.12987
-0.1 1.10684
-0.098 1.08397
-0.096 1.06126
-0.094 1.03874
-0.092 1.01642
-0.09 0.994321
-0.088 0.972467
-0.086 0.950872
-0.084 0.929552
-0.082 0.908525
-0.08 0.887806
-0.078 0.867412
-0.076 0.847357
-0.074 0.827656
-0.072 0.808324
-0.07 0.789374
-0.068 0.770819
-0.066 0.752673
-0.064 0.734948
-0.062 0.717655
-0.06 0.700805
-0.058 0.684411
-0.056 0.668482
-0.054 0.653028
-0.052 0.638059
-0.05 0.623584
-0.048 0.609611
-0.046 0.59615
-0.044 0.583207
-0.042 0.57079
-0.04 0.558906
-0.038 0.547562
-0.036 0.536764
-0.034 0.526518
-0.032 0.51683
-0.03 0.507704
-0.028 0.499145
-0.026 0.491157
-0.024 0.483746
-0.022 0.476913
-0.02 0.470664
-0.018 0.465001
-0.016 0.459926
-0.014 0.455443
-0.012 0.451553
-0.01 0.448259
-0.008 0.445561
-0.006 0.443462
-0.004 0.441961
-0.002 0.441061
0 0.440761
0.002 0.441061
0.004 0.441961
0.006 0.443462
0.008 0.445561
0.01 0.448259
0.012 0.451553
0.014 0.455443
0.016 0.459926
0.018 0.465001
0.02 0.470664
0.022 0.476913
0.024 0.483746
0.026 0.491157
0.028 0.499145
0.03 0.507704
0.032 0.51683
0.034 0.526518
0.036 0.536764
0.038 0.547562
0.04 0.558906
0.042 0.57079
0.044 0.583207
0.046 0.59615
0.048 0.609611
0.05 0.623584
0.052 0.638059
0.054 0.653028
0.056 0.668482
0.058 0.684411
0.06 0.700805
0.062 0.717655
0.064 0.734948
0.066 0.752673
0.068 0.770819
0.07 0.789374
0.072 0.808324
0.074 0.827656
0.076 0.847357
0.078 0.867412
0.08 0.887806
0.082 0.908525
0.084 0.929552
0.086 0.950872
0.088 0.972467
0.09 0.994321
0.092 1.01642
0.094 1.03874
0.096 1.06126
0.098 1.08397
0.1 1.10684
0.102 1.12987
0.104 1.15302
0.106 1.17627
0.108 1.19962
0.11 1.22302
0.112 1.24647
0.114 1.26994
0.116 1.29341
0.118 1.31686
0.12 1.34026
0.122 1.3636
0.124 1.38684
0.126 1.40997
0.128 1.43297
0.13 1.4558
0.132 1.47845
0.134 1.50089
0.136 1.5231
0.138 1.54506
0.14 1.56674
0.142 1.58812
0.144 1.60918
0.146 1.62989
0.148 1.65024
0.15 1.67019
0.152 1.68973
0.154 1.70884
0.156 1.72749
0.158 1.74566
0.16 1.76334
0.162 1.78049
0.164 1.79711
0.166 1.81317
0.168 1.82866
0.17 1.84355
0.172 1.85783
0.174 1.87148
0.176 1.88449
0.178 1.89684
0.18 1.90851
0.182 1.91949
0.184 1.92977
0.186 1.93933
0.188 1.94817
0.19 1.95628
0.192 1.96363
0.194 1.97023
0.196 1.97606
0.198 1.98112
0.2 1.98541
0.202 1.98891
0.204 1.99162
0.206 1.99354
0.208 1.99467
0.21 1.99501
0.212 1.99454
0.214 1.99329
0.216 1.99123
0.218 1.98839
0.22 1.98476
0.222 1.98034
0.224 1.97514
0.226 1.96918
0.228 1.96244
0.23 1.95495
0.232 1.9467
0.234 1.93772
0.236 1.92801
0.238 1.91758
0.24 1.90645
0.242 1.89462
0.244 1.88211
0.246 1.86894
0.248 1.85512
0.25 1.84066
0.252 1.82559
0.254 1.80992
0.256 1.79366
0.258 1.77684
0.26 1.75948
0.262 1.74159
0.264 1.72319
0.266 1.7043
0.268 1.68494
0.27 1.66514
0.272 1.64492
0.274 1.62429
0.276 1.60327
0.278 1.5819
0.28 1.56019
0.282 1.53816
0.284 1.51583
0.286 1.49324
0.288 1.47039
0.29 1.44731
0.292 1.42402
0.294 1.40055
0.296 1.37691
0.298 1.35313
0.3 1.32923
0.302 1.30523
0.304 1.28115
0.306 1.25702
0.308 1.23284
0.31 1.20865
0.312 1.18445
0.314 1.16028
0.316 1.13614
0.318 1.11207
0.32 1.08806
0.322 1.06415
0.324 1.04035
0.326 1.01668
0.328 0.993144
0.33 0.969766
0.332 0.946561
0.334 0.923541
0.336 0.90072
0.338 0.878113
0.34 0.85573
0.342 0.833584
0.344 0.811687
0.346 0.790049
0.348 0.76868
0.35 0.74759
0.352 0.726788
0.354 0.706282
0.356 0.68608
0.358 0.66619
0.36 0.646617
0.362 0.627369
0.364 0.60845
0.366 0.589865
0.368 0.57162
0.37 0.553717
0.372 0.536161
0.374 0.518953
0.376 0.502097
0.378 0.485595
0.38 0.469446
0.382 0.453654
0.384 0.438217
0.386 0.423136
0.388 0.408411
0.39 0.394041
0.392 0.380024
0.394 0.366359
0.396 0.353044
0.398 0.340078
0.4 0.327456
0.402 0.315177
0.404 0.303237
0.406 0.291632
0.408 0.28036
0.41 0.269415
0.412 0.258794
0.414 0.248493
0.416 0.238506
0.418 0.228829
0.42 0.219456
0.422 0.210384
0.424 0.201606
0.426 0.193117
0.428 0.184911
0.43 0.176983
0.432 0.169327
0.434 0.161938
0.436 0.154809
0.438 0.147935
0.44 0.14131
0.442 0.134927
0.444 0.128781
0.446 0.122866
0.448 0.117176
0.45 0.111704
0.452 0.106446
0.454 0.101394
0.456 0.0965435
0.458 0.0918883
0.46 0.0874226
0.462 0.0831407
0.464 0.0790368
0.466 0.0751055
0.468 0.0713412
0.47 0.0677384
0.472 0.0642919
0.474 0.0609963
0.476 0.0578466
0.478 0.0548375
0.48 0.0519641
0.482 0.0492217
0.484 0.0466053
0.486 0.0441103
0.488 0.0417322
0.49 0.0394666
0.492 0.037309
0.494 0.0352552
0.496 0.0333012
0.498 0.0314429
0.5 0.0296765
0.502 0.027998
0.504 0.026404
0.506 0.0248907
0.508 0.0234548
0.51 0.0220929
0.512 0.0208017
0.514 0.0195782
0.516 0.0184192
0.518 0.017322
0.52 0.0162835
0.522 0.0153013
0.524 0.0143725
0.526 0.0134947
0.528 0.0126654
0.53 0.0118824
0.532 0.0111433
0.534 0.010446
0.536 0.00978837
0.538 0.00916852
0.54 0.00858448
0.542 0.00803443
0.544 0.00751661
0.546 0.00702936
0.548 0.00657106
0.55 0.00614019
0.552 0.00573528
0.554 0.00535492
0.556 0.00499779
0.558 0.00466261
0.56 0.00434818
0.562 0.00405332
0.564 0.00377695
0.566 0.00351802
0.568 0.00327552
0.57 0.00304852
0.572 0.00283612
0.574 0.00263746
0.576 0.00245174
0.578 0.00227818
0.58 0.00211606
0.582 0.0019647
0.584 0.00182343
0.586 0.00169164
0.588 0.00156875
0.59 0.0014542
0.592 0.00134748
0.594 0.0012481
0.596 0.00115558
0.598 0.00106949
0.6 0.000989416
0.602 0.000914974
0.604 0.000845794
0.606 0.000781532
0.608 0.000721864
0.61 0.000666484
0.612 0.000615107
0.614 0.000567464
0.616 0.000523301
0.618 0.000482383
0.62 0.000444486
0.622 0.000409402
0.624 0.000376937
0.626 0.000346908
0.628 0.000319143
0.63 0.000293483
0.632 0.000269778
0.634 0.000247889
0.636 0.000227684
0.638 0.000209043
0.64 0.000191851
0.642 0.000176003
0.644 0.000161399
0.646 0.000147948
0.648 0.000135564
0.65 0.000124166
0.652 0.000113682
0.654 0.000104041
0.656 9.51795e-05
0.658 8.7038e-05
0.66 7.95611e-05
0.662 7.26974e-05
0.664 6.63993e-05
0.666 6.06225e-05
0.668 5.53262e-05
0.67 5.04725e-05
0.672 4.60261e-05
0.674 4.19546e-05
0.676 3.8228e-05
0.678 3.48185e-05
0.68 3.17004e-05
0.682 2.885e-05
0.684 2.62454e-05
0.686 2.38664e-05
0.688 2.16944e-05
0.69 1.97121e-05
0.692 1.79038e-05
0.694 1.62549e-05
0.696 1.4752e-05
0.698 1.33826e-05
0.7 1.21355e-05
0.702 1.10002e-05
0.704 9.96719e-06
0.706 9.02753e-06
0.708 8.17319e-06
0.71 7.39675e-06
0.712 6.69139e-06
0.714 6.05087e-06
0.716 5.46948e-06
0.718 4.94197e-06
0.72 4.46355e-06
0.722 4.02983e-06
0.724 3.63681e-06
0.726 3.2808e-06
0.728 2.95846e-06
0.73 2.66672e-06
0.732 2.40279e-06
0.734 2.16411e-06
0.736 1.94837e-06
0.738 1.75343e-06
0.74 1.57736e-06
0.742 1.41841e-06
0.744 1.27496e-06
0.746 1.14556e-06
0.748 1.02889e-06
0.75 9.23725e-07
0.752 8.28979e-07
0.754 7.43654e-07
0.756 6.66845e-07
0.758 5.9773e-07
0.76 5.35564e-07
0.762 4.79671e-07
0.764 4.2944e-07
0.766 3.84315e-07
0.768 3.43795e-07
0.77 3.07423e-07
0.772 2.7479e-07
0.774 2.45522e-07
0.776 2.19284e-07
0.778 1.95772e-07
0.78 1.74711e-07
0.782 1.55853e-07
0.784 1.38975e-07
0.786 1.23875e-07
0.788 1.10372e-07
0.79 9.83015e-08
0.792 8.7516e-08
0.794 7.78826e-08
0.796 6.92819e-08
0.798 6.16064e-08
0.8 5.47593e-08
0.802 4.86538e-08
0.804 4.32117e-08
0.806 3.8363e-08
0.808 3.40447e-08
0.81 3.02004e-08
0.812 2.67795e-08
0.814 2.37366e-08
0.816 2.10311e-08
0.818 1.86265e-08
0.82 1.64902e-08
0.822 1.45931e-08
0.824 1.29091e-08
0.826 1.14148e-08
0.828 1.00895e-08
0.83 8.91446e-09
0.832 7.87314e-09
0.834 6.95067e-09
0.836 6.13384e-09
0.838 5.41083e-09
0.84 4.77114e-09
0.842 4.20539e-09
0.844 3.70525e-09
0.846 3.26327e-09
0.848 2.87288e-09
0.85 2.52817e-09
0.852 2.22393e-09
0.854 1.95554e-09
0.856 1.71883e-09
0.858 1.51018e-09
0.86 1.32632e-09
0.862 1.16438e-09
0.864 1.02181e-09
0.866 8.96336e-10
0.868 7.85949e-10
0.87 6.88888e-10
0.872 6.03574e-10
0.874 5.28604e-10
0.876 4.62774e-10
0.878 4.04967e-10
0.88 3.54248e-10
0.882 3.09754e-10
0.884 2.70737e-10
0.886 2.3655e-10
0.888 2.06587e-10
0.89 1.80348e-10
0.892 1.57386e-10
0.894 1.37287e-10
0.896 1.1971e-10
0.898 1.04339e-10
0.9 9.09098e-11
0.902 7.91728e-11
0.904 6.89206e-11
0.906 5.99818e-11
0.908 5.21715e-11
0.91 4.53663e-11
0.912 3.94285e-11
0.914 3.4265e-11
0.916 2.97597e-11
0.918 2.58349e-11
0.92 2.24175e-11
0.922 1.94446e-11
0.924 1.68635e-11
0.926 1.46129e-11
0.928 1.26633e-11
0.93 1.09657e-11
0.932 9.49512e-12
0.934 8.21526e-12
0.936 7.10981e-12
0.938 6.14834e-12
0.94 5.31736e-12
0.942 4.58972e-12
0.944 3.96348e-12
0.946 3.42497e-12
0.948 2.95479e-12
0.95 2.55108e-12
0.952 2.20104e-12
0.954 1.89614e-12
0.956 1.63368e-12
0.958 1.40698e-12
0.96 1.21554e-12
0.962 1.04598e-12
0.964 8.99775e-13
0.966 7.75626e-13
0.968 6.68577e-13
0.97 5.75146e-13
0.972 4.9393e-13
0.974 4.25236e-13
0.976 3.68327e-13
0.978 3.20676e-13
0.98 2.7973e-13
0.982 2.45383e-13
0.984 2.12023e-13
0.986 1.89871e-13
0.988 1.63636e-13
0.99 1.53121e-13
0.992 1.34109e-13
0.994 1.2624e-13
0.996 1.13388e-13
0.998 1.21889e-13
