-1 0.777145
-0.99 0.776822
-0.98 0.776558
-0.97 0.775641
-0.96 0.774801
-0.95 0.773288
-0.94 0.771878
-0.93 0.769773
-0.92 0.767801
-0.91 0.765117
-0.9 0.762584
-0.89 0.759346
-0.88 0.756243
-0.87 0.752492
-0.86 0.748802
-0.85 0.744589
-0.84 0.740293
-0.83 0.73567
-0.82 0.730759
-0.81 0.725762
-0.8 0.72026
-0.79 0.714887
-0.78 0.708866
-0.77 0.703065
-0.76 0.696647
-0.75 0.690334
-0.74 0.683653
-0.73 0.676772
-0.72 0.669894
-0.71 0.662495
-0.7 0.655358
-0.69 0.647623
-0.68 0.640066
-0.67 0.632213
-0.66 0.624134
-0.65 0.616224
-0.64 0.607752
-0.63 0.599599
-0.62 0.591049
-0.61 0.582428
-0.6 0.573959
-0.59 0.56497
-0.58 0.556348
-0.57 0.547399
-0.56 0.53833
-0.55 0.52956
-0.54 0.520267
-0.53 0.511279
-0.52 0.502246
-0.51 0.492853
-0.5 0.483927
-0.49 0.474672
-0.48 0.465345
-0.47 0.456442
-0.46 0.447083
-0.45 0.437892
-0.44 0.429023
-0.43 0.419677
-0.42 0.410642
-0.41 0.401869
-0.4 0.392627
-0.39 0.383745
-0.38 0.375154
-0.37 0.366092
-0.36 0.357347
-0.35 0.349017
-0.34 0.340234
-0.33 0.331591
-0.32 0.323548
-0.31 0.315197
-0.3 0.306656
-0.29 0.298791
-0.28 0.291037
-0.27 0.282787
-0.26 0.274866
-0.25 0.267618
-0.24 0.260116
-0.23 0.252207
-0.22 0.24486
-0.21 0.238178
-0.2 0.231183
-0.19 0.223668
-0.18 0.21659
-0.17 0.210446
-0.16 0.204464
-0.15 0.197745
-0.14 0.190509
-0.13 0.1839
-0.12 0.178882
-0.11 0.1756
-0.1 0.173562
-0.09 0.17217
-0.08 0.171043
-0.07 0.170037
-0.06 0.169137
-0.05 0.168361
-0.04 0.167723
-0.03 0.167226
-0.02 0.16687
-0.01 0.166657
0 0.166586
0.01 0.166657
0.02 0.16687
0.03 0.167226
0.04 0.167723
0.05 0.168361
0.06 0.169137
0.07 0.170037
0.08 0.171043
0.09 0.17217
0.1 0.173562
0.11 0.1756
0.12 0.178882
0.13 0.1839
0.14 0.190509
0.15 0.197745
0.16 0.204464
0.17 0.210446
0.18 0.21659
0.19 0.223668
0.2 0.231183
0.21 0.238178
0.22 0.24486
0.23 0.252207
0.24 0.260116
0.25 0.267618
0.26 0.274866
0.27 0.282787
0.28 0.291037
0.29 0.298791
0.3 0.306656
0.31 0.315197
0.32 0.323548
0.33 0.331591
0.34 0.340234
0.35 0.349017
0.36 0.357347
0.37 0.366092
0.38 0.375154
0.39 0.383745
0.4 0.392627
0.41 0.401869
0.42 0.410642
0.43 0.419677
0.44 0.429023
0.45 0.437892
0.46 0.447083
0.47 0.456442
0.48 0.465345
0.49 0.474672
0.5 0.483927
0.51 0.492853
0.52 0.502246
0.53 0.511279
0.54 0.520267
0.55 0.52956
0.56 0.53833
0.57 0.547399
0.58 0.556348
0.59 0.56497
0.6 0.573959
0.61 0.582428
0.62 0.591049
0.63 0.599599
0.64 0.607752
0.65 0.616224
0.66 0.624134
0.67 0.632213
0.68 0.640066
0.69 0.647623
0.7 0.655358
0.71 0.662495
0.72 0.669894
0.73 0.676772
0.74 0.683653
0.75 0.690334
0.76 0.696647
0.77 0.703065
0.78 0.708866
0.79 0.714887
0.8 0.72026
0.81 0.725762
0.82 0.730759
0.83 0.73567
0.84 0.740293
0.85 0.744589
0.86 0.748802
0.87 0.752492
0.88 0.756243
0.89 0.759346
0.9 0.762584
0.91 0.765117
0.92 0.767801
0.93 0.769773
0.94 0.771878
0.95 0.773288
0.96 0.774801
0.97 0.775641
0.98 0.776558
0.99 0.776822
