-1 0.630472
-0.99 0.630653
-0.98 0.630206
-0.97 0.630117
-0.96 0.629409
-0.95 0.629044
-0.94 0.628085
-0.93 0.627429
-0.92 0.626243
-0.91 0.625269
-0.9 0.623889
-0.89 0.622562
-0.88 0.621028
-0.87 0.619316
-0.86 0.617653
-0.85 0.615554
-0.84 0.613742
-0.83 0.611312
-0.82 0.609265
-0.81 0.606628
-0.8 0.604209
-0.79 0.601507
-0.78 0.598614
-0.77 0.595889
-0.76 0.592582
-0.75 0.589678
-0.74 0.586208
-0.73 0.582854
-0.72 0.579447
-0.71 0.575572
-0.7 0.572106
-0.69 0.568039
-0.68 0.564102
-0.67 0.560187
-0.66 0.555712
-0.65 0.551679
-0.64 0.547208
-0.63 0.542547
-0.62 0.53826
-0.61 0.533325
-0.6 0.528528
-0.59 0.523915
-0.58 0.518631
-0.57 0.513655
-0.56 0.508752
-0.55 0.503183
-0.54 0.497968
-0.53 0.492863
-0.52 0.487059
-0.51 0.481519
-0.5 0.476299
-0.49 0.47038
-0.48 0.464403
-0.47 0.45903
-0.46 0.45326
-0.45 0.446878
-0.44 0.440995
-0.43 0.435523
-0.42 0.429354
-0.41 0.422678
-0.4 0.416641
-0.39 0.411212
-0.38 0.405217
-0.37 0.398226
-0.36 0.391241
-0.35 0.385558
-0.34 0.38161
-0.33 0.378949
-0.32 0.376889
-0.31 0.374978
-0.3 0.373053
-0.29 0.371102
-0.28 0.36915
-0.27 0.367214
-0.26 0.365301
-0.25 0.363415
-0.24 0.361561
-0.23 0.359744
-0.22 0.357968
-0.21 0.356237
-0.2 0.354556
-0.19 0.352929
-0.18 0.35136
-0.17 0.349852
-0.16 0.34841
-0.15 0.347037
-0.14 0.345736
-0.13 0.34451
-0.12 0.343363
-0.11 0.342298
-0.1 0.341316
-0.09 0.34042
-0.08 0.339613
-0.07 0.338896
-0.06 0.338271
-0.05 0.337739
-0.04 0.337303
-0.03 0.336962
-0.02 0.336718
-0.01 0.336572
0 0.336523
0.01 0.336572
0.02 0.336718
0.03 0.336962
0.04 0.337303
0.05 0.337739
0.06 0.338271
0.07 0.338896
0.08 0.339613
0.09 0.34042
0.1 0.341316
0.11 0.342298
0.12 0.343363
0.13 0.34451
0.14 0.345736
0.15 0.347037
0.16 0.34841
0.17 0.349852
0.18 0.35136
0.19 0.352929
0.2 0.354556
0.21 0.356237
0.22 0.357968
0.23 0.359744
0.24 0.361561
0.25 0.363415
0.26 0.365301
0.27 0.367214
0.28 0.36915
0.29 0.371102
0.3 0.373053
0.31 0.374978
0.32 0.376889
0.33 0.378949
0.34 0.38161
0.35 0.385558
0.36 0.391241
0.37 0.398226
0.38 0.405217
0.39 0.411212
0.4 0.416641
0.41 0.422678
0.42 0.429354
0.43 0.435523
0.44 0.440995
0.45 0.446878
0.46 0.45326
0.47 0.45903
0.48 0.464403
0.49 0.47038
0.5 0.476299
0.51 0.481519
0.52 0.487059
0.53 0.492863
0.54 0.497968
0.55 0.503183
0.56 0.508752
0.57 0.513655
0.58 0.518631
0.59 0.523915
0.6 0.528528
0.61 0.533325
0.62 0.53826
0.63 0.542547
0.64 0.547208
0.65 0.551679
0.66 0.555712
0.67 0.560187
0.68 0.564102
0.69 0.568039
0.7 0.572106
0.71 0.575572
0.72 0.579447
0.73 0.582854
0.74 0.586208
0.75 0.589678
0.76 0.592582
0.77 0.595889
0.78 0.598614
0.79 0.601507
0.8 0.604209
0.81 0.606628
0.82 0.609265
0.83 0.611312
0.84 0.613742
0.85 0.615554
0.86 0.617653
0.87 0.619316
0.88 0.621028
0.89 0.622562
0.9 0.623889
0.91 0.625269
0.92 0.626243
0.93 0.627429
0.94 0.628085
0.95 0.629044
0.96 0.629409
0.97 0.630117
0.98 0.630206
0.99 0.630653
