-1 1.49416e-05
-0.998 1.50133e-05
-0.996 1.52291e-05
-0.994 1.55907e-05
-0.992 1.61008e-05
-0.99 1.67637e-05
-0.988 1.75845e-05
-0.986 1.85698e-05
-0.984 1.97272e-05
-0.982 2.10658e-05
-0.98 2.25961e-05
-0.978 2.433e-05
-0.976 2.62808e-05
-0.974 2.84635e-05
-0.972 3.08948e-05
-0.97 3.3593e-05
-0.968 3.65785e-05
-0.966 3.98736e-05
-0.964 4.35026e-05
-0.962 4.74922e-05
-0.96 5.18714e-05
-0.958 5.6672e-05
-0.956 6.19283e-05
-0.954 6.76776e-05
-0.952 7.39603e-05
-0.95 8.08202e-05
-0.948 8.83046e-05
-0.946 9.64646e-05
-0.944 0.000105356
-0.942 0.000115037
-0.94 0.000125573
-0.938 0.000137032
-0.936 0.00014949
-0.934 0.000163026
-0.932 0.000177726
-0.93 0.000193682
-0.928 0.000210995
-0.926 0.00022977
-0.924 0.000250122
-0.922 0.000272173
-0.92 0.000296054
-0.918 0.000321907
-0.916 0.000349881
-0.914 0.000380137
-0.912 0.000412847
-0.91 0.000448196
-0.908 0.000486379
-0.906 0.000527606
-0.904 0.000572101
-0.902 0.000620101
-0.9 0.000671862
-0.898 0.000727653
-0.896 0.000787764
-0.894 0.0008525
-0.892 0.000922187
-0.89 0.000997173
-0.888 0.00107783
-0.886 0.00116454
-0.884 0.00125772
-0.882 0.00135782
-0.88 0.0014653
-0.878 0.00158065
-0.876 0.00170441
-0.874 0.00183711
-0.872 0.00197936
-0.87 0.00213178
-0.868 0.002295
-0.866 0.00246974
-0.864 0.00265673
-0.862 0.00285672
-0.86 0.00307054
-0.858 0.00329905
-0.856 0.00354314
-0.854 0.00380377
-0.852 0.00408195
-0.85 0.00437871
-0.848 0.00469517
-0.846 0.00503248
-0.844 0.00539188
-0.842 0.00577463
-0.84 0.00618207
-0.838 0.00661562
-0.836 0.00707674
-0.834 0.00756698
-0.832 0.00808794
-0.83 0.00864131
-0.828 0.00922884
-0.826 0.00985239
-0.824 0.0105139
-0.822 0.0112152
-0.82 0.0119586
-0.818 0.0127462
-0.816 0.0135802
-0.814 0.014463
-0.812 0.015397
-0.81 0.0163848
-0.808 0.017429
-0.806 0.0185323
-0.804 0.0196975
-0.802 0.0209277
-0.8 0.0222258
-0.798 0.023595
-0.796 0.0250385
-0.794 0.0265597
-0.792 0.028162
-0.79 0.0298491
-0.788 0.0316246
-0.786 0.0334923
-0.784 0.0354561
-0.782 0.03752
-0.78 0.0396882
-0.778 0.0419649
-0.776 0.0443545
-0.774 0.0468614
-0.772 0.0494902
-0.77 0.0522455
-0.768 0.0551322
-0.766 0.0581551
-0.764 0.0613193
-0.762 0.0646297
-0.76 0.0680916
-0.758 0.0717103
-0.756 0.0754911
-0.754 0.0794394
-0.752 0.0835608
-0.75 0.0878608
-0.748 0.0923452
-0.746 0.0970197
-0.744 0.10189
-0.742 0.106962
-0.74 0.112242
-0.738 0.117735
-0.736 0.123447
-0.734 0.129385
-0.732 0.135555
-0.73 0.141961
-0.728 0.148611
-0.726 0.155511
-0.724 0.162665
-0.722 0.170081
-0.72 0.177764
-0.718 0.185719
-0.716 0.193953
-0.714 0.202471
-0.712 0.211278
-0.71 0.22038
-0.708 0.229783
-0.706 0.239491
-0.704 0.249509
-0.702 0.259842
-0.7 0.270495
-0.698 0.281472
-0.696 0.292778
-0.694 0.304416
-0.692 0.31639
-0.69 0.328703
-0.688 0.341359
-0.686 0.35436
-0.684 0.36771
-0.682 0.38141
-0.68 0.395462
-0.678 0.409868
-0.676 0.424628
-0.674 0.439745
-0.672 0.455217
-0.67 0.471045
-0.668 0.487229
-0.666 0.503767
-0.664 0.520658
-0.662 0.537901
-0.66 0.555492
-0.658 0.573429
-0.656 0.591709
-0.654 0.610327
-0.652 0.629279
-0.65 0.64856
-0.648 0.668164
-0.646 0.688086
-0.644 0.708319
-0.642 0.728855
-0.64 0.749686
-0.638 0.770804
-0.636 0.7922
-0.634 0.813865
-0.632 0.835787
-0.63 0.857957
-0.628 0.880363
-0.626 0.902992
-0.624 0.925833
-0.622 0.948872
-0.62 0.972096
-0.618 0.995489
-0.616 1.01904
-0.614 1.04273
-0.612 1.06654
-0.61 1.09046
-0.608 1.11447
-0.606 1.13855
-0.604 1.16269
-0.602 1.18687
-0.6 1.21106
-0.598 1.23526
-0.596 1.25943
-0.594 1.28356
-0.592 1.30763
-0.59 1.33162
-0.588 1.35551
-0.586 1.37928
-0.584 1.4029
-0.582 1.42635
-0.58 1.44962
-0.578 1.47267
-0.576 1.4955
-0.574 1.51807
-0.572 1.54036
-0.57 1.56236
-0.568 1.58404
-0.566 1.60538
-0.564 1.62635
-0.562 1.64694
-0.56 1.66712
-0.558 1.68688
-0.556 1.70618
-0.554 1.72502
-0.552 1.74337
-0.55 1.76121
-0.548 1.77852
-0.546 1.79528
-0.544 1.81147
-0.542 1.82708
-0.54 1.84209
-0.538 1.85647
-0.536 1.87023
-0.534 1.88333
-0.532 1.89576
-0.53 1.90751
-0.528 1.91857
-0.526 1.92892
-0.524 1.93855
-0.522 1.94745
-0.52 1.9556
-0.518 1.96301
-0.516 1.96966
-0.514 1.97553
-0.512 1.98064
-0.51 1.98496
-0.508 1.9885
-0.506 1.99124
-0.504 1.99319
-0.502 1.99435
-0.5 1.99471
-0.498 1.99427
-0.496 1.99304
-0.494 1.991
-0.492 1.98818
-0.49 1.98456
-0.488 1.98016
-0.486 1.97498
-0.484 1.96903
-0.482 1.9623
-0.48 1.95482
-0.478 1.94659
-0.476 1.93762
-0.474 1.92791
-0.472 1.91749
-0.47 1.90637
-0.468 1.89455
-0.466 1.88204
-0.464 1.86888
-0.462 1.85506
-0.46 1.84061
-0.458 1.82555
-0.456 1.80988
-0.454 1.79363
-0.452 1.77681
-0.45 1.75945
-0.448 1.74156
-0.446 1.72316
-0.444 1.70427
-0.442 1.68492
-0.44 1.66512
-0.438 1.6449
-0.436 1.62427
-0.434 1.60326
-0.432 1.58189
-0.43 1.56018
-0.428 1.53815
-0.426 1.51582
-0.424 1.49323
-0.422 1.47038
-0.42 1.4473
-0.418 1.42401
-0.416 1.40054
-0.414 1.37691
-0.412 1.35313
-0.41 1.32923
-0.408 1.30523
-0.406 1.28115
-0.404 1.25701
-0.402 1.23284
-0.4 1.20864
-0.398 1.18445
-0.396 1.16028
-0.394 1.13614
-0.392 1.11207
-0.39 1.08806
-0.388 1.06415
-0.386 1.04035
-0.384 1.01668
-0.382 0.993143
-0.38 0.969765
-0.378 0.94656
-0.376 0.92354
-0.374 0.90072
-0.372 0.878112
-0.37 0.855729
-0.368 0.833584
-0.366 0.811686
-0.364 0.790048
-0.362 0.76868
-0.36 0.74759
-0.358 0.726788
-0.356 0.706282
-0.354 0.68608
-0.352 0.666189
-0.35 0.646617
-0.348 0.627369
-0.346 0.60845
-0.344 0.589865
-0.342 0.57162
-0.34 0.553717
-0.338 0.536161
-0.336 0.518953
-0.334 0.502097
-0.332 0.485595
-0.33 0.469446
-0.328 0.453654
-0.326 0.438217
-0.324 0.423136
-0.322 0.408411
-0.32 0.394041
-0.318 0.380024
-0.316 0.366359
-0.314 0.353044
-0.312 0.340078
-0.31 0.327456
-0.308 0.315177
-0.306 0.303237
-0.304 0.291632
-0.302 0.28036
-0.3 0.269415
-0.298 0.258794
-0.296 0.248493
-0.294 0.238506
-0.292 0.228829
-0.29 0.219457
-0.288 0.210384
-0.286 0.201606
-0.284 0.193117
-0.282 0.184911
-0.28 0.176983
-0.278 0.169327
-0.276 0.161938
-0.274 0.154809
-0.272 0.147935
-0.27 0.14131
-0.268 0.134927
-0.266 0.128781
-0.264 0.122866
-0.262 0.117176
-0.26 0.111704
-0.258 0.106446
-0.256 0.101394
-0.254 0.0965435
-0.252 0.0918883
-0.25 0.0874226
-0.248 0.0831407
-0.246 0.0790368
-0.244 0.0751055
-0.242 0.0713412
-0.24 0.0677385
-0.238 0.0642919
-0.236 0.0609964
-0.234 0.0578466
-0.232 0.0548375
-0.23 0.0519642
-0.228 0.0492217
-0.226 0.0466053
-0.224 0.0441103
-0.222 0.0417322
-0.22 0.0394666
-0.218 0.037309
-0.216 0.0352552
-0.214 0.0333012
-0.212 0.0314429
-0.21 0.0296765
-0.208 0.027998
-0.206 0.026404
-0.204 0.0248907
-0.202 0.0234548
-0.2 0.0220929
-0.198 0.0208017
-0.196 0.0195782
-0.194 0.0184192
-0.192 0.0173219
-0.19 0.0162835
-0.188 0.0153012
-0.186 0.0143725
-0.184 0.0134947
-0.182 0.0126654
-0.18 0.0118824
-0.178 0.0111433
-0.176 0.010446
-0.174 0.00978837
-0.172 0.00916851
-0.17 0.00858447
-0.168 0.00803442
-0.166 0.00751661
-0.164 0.00702935
-0.162 0.00657106
-0.16 0.00614018
-0.158 0.00573527
-0.156 0.00535492
-0.154 0.00499779
-0.152 0.00466261
-0.15 0.00434817
-0.148 0.00405332
-0.146 0.00377694
-0.144 0.00351801
-0.142 0.00327552
-0.14 0.00304852
-0.138 0.00283612
-0.136 0.00263746
-0.134 0.00245174
-0.132 0.00227818
-0.13 0.00211606
-0.128 0.0019647
-0.126 0.00182343
-0.124 0.00169164
-0.122 0.00156875
-0.12 0.00145421
-0.118 0.00134749
-0.116 0.0012481
-0.114 0.00115559
-0.112 0.0010695
-0.11 0.000989429
-0.108 0.000914988
-0.106 0.000845811
-0.104 0.000781552
-0.102 0.000721887
-0.1 0.000666511
-0.098 0.000615138
-0.096 0.000567499
-0.094 0.000523341
-0.092 0.000482428
-0.09 0.000444538
-0.088 0.000409461
-0.086 0.000377004
-0.084 0.000346983
-0.082 0.000319228
-0.08 0.000293579
-0.078 0.000269886
-0.076 0.000248011
-0.074 0.000227822
-0.072 0.000209197
-0.07 0.000192024
-0.068 0.000176197
-0.066 0.000161617
-0.064 0.000148192
-0.062 0.000135837
-0.06 0.000124473
-0.058 0.000114024
-0.056 0.000104424
-0.054 9.56079e-05
-0.052 8.75167e-05
-0.05 8.00957e-05
-0.048 7.32943e-05
-0.046 6.70653e-05
-0.044 6.13654e-05
-0.042 5.61545e-05
-0.04 5.13955e-05
-0.038 4.70543e-05
-0.036 4.30996e-05
-0.034 3.95024e-05
-0.032 3.62364e-05
-0.03 3.32773e-05
-0.028 3.0603e-05
-0.026 2.81933e-05
-0.024 2.60301e-05
-0.022 2.40967e-05
-0.02 2.23784e-05
-0.018 2.08619e-05
-0.016 1.95353e-05
-0.014 1.83884e-05
-0.012 1.74121e-05
-0.01 1.65987e-05
-0.008 1.59419e-05
-0.006 1.54363e-05
-0.004 1.50781e-05
-0.002 1.48642e-05
0 1.47932e-05
0.002 1.48642e-05
0.004 1.50781e-05
0.006 1.54363e-05
0.008 1.59419e-05
0.01 1.65987e-05
0.012 1.74121e-05
0.014 1.83884e-05
0.016 1.95353e-05
0.018 2.08619e-05
0.02 2.23784e-05
0.022 2.40967e-05
0.024 2.60301e-05
0.026 2.81933e-05
0.028 3.0603e-05
0.03 3.32773e-05
0.032 3.62364e-05
0.034 3.95024e-05
0.036 4.30996e-05
0.038 4.70543e-05
0.04 5.13955e-05
0.042 5.61545e-05
0.044 6.13654e-05
0.046 6.70653e-05
0.048 7.32943e-05
0.05 8.00957e-05
0.052 8.75167e-05
0.054 9.56079e-05
0.056 0.000104424
0.058 0.000114024
0.06 0.000124473
0.062 0.000135837
0.064 0.000148192
0.066 0.000161617
0.068 0.000176197
0.07 0.000192024
0.072 0.000209197
0.074 0.000227822
0.076 0.000248011
0.078 0.000269886
0.08 0.000293579
0.082 0.000319228
0.084 0.000346983
0.086 0.000377004
0.088 0.000409461
0.09 0.000444538
0.092 0.000482428
0.094 0.000523341
0.096 0.000567499
0.098 0.000615138
0.1 0.000666511
0.102 0.000721887
0.104 0.000781552
0.106 0.000845811
0.108 0.000914988
0.11 0.000989429
0.112 0.0010695
0.114 0.00115559
0.116 0.0012481
0.118 0.00134749
0.12 0.00145421
0.122 0.00156875
0.124 0.00169164
0.126 0.00182343
0.128 0.0019647
0.13 0.00211606
0.132 0.00227818
0.134 0.00245174
0.136 0.00263746
0.138 0.00283612
0.14 0.00304852
0.142 0.00327552
0.144 0.00351801
0.146 0.00377694
0.148 0.00405332
0.15 0.00434817
0.152 0.00466261
0.154 0.00499779
0.156 0.00535492
0.158 0.00573527
0.16 0.00614018
0.162 0.00657106
0.164 0.00702935
0.166 0.00751661
0.168 0.00803442
0.17 0.00858447
0.172 0.00916851
0.174 0.00978837
0.176 0.010446
0.178 0.0111433
0.18 0.0118824
0.182 0.0126654
0.184 0.0134947
0.186 0.0143725
0.188 0.0153012
0.19 0.0162835
0.192 0.0173219
0.194 0.0184192
0.196 0.0195782
0.198 0.0208017
0.2 0.0220929
0.202 0.0234548
0.204 0.0248907
0.206 0.026404
0.208 0.027998
0.21 0.0296765
0.212 0.0314429
0.214 0.0333012
0.216 0.0352552
0.218 0.037309
0.22 0.0394666
0.222 0.0417322
0.224 0.0441103
0.226 0.0466053
0.228 0.0492217
0.23 0.0519642
0.232 0.0548375
0.234 0.0578466
0.236 0.0609964
0.238 0.0642919
0.24 0.0677385
0.242 0.0713412
0.244 0.0751055
0.246 0.0790368
0.248 0.0831407
0.25 0.0874226
0.252 0.0918883
0.254 0.0965435
0.256 0.101394
0.258 0.106446
0.26 0.111704
0.262 0.117176
0.264 0.122866
0.266 0.128781
0.268 0.134927
0.27 0.14131
0.272 0.147935
0.274 0.154809
0.276 0.161938
0.278 0.169327
0.28 0.176983
0.282 0.184911
0.284 0.193117
0.286 0.201606
0.288 0.210384
0.29 0.219457
0.292 0.228829
0.294 0.238506
0.296 0.248493
0.298 0.258794
0.3 0.269415
0.302 0.28036
0.304 0.291632
0.306 0.303237
0.308 0.315177
0.31 0.327456
0.312 0.340078
0.314 0.353044
0.316 0.366359
0.318 0.380024
0.32 0.394041
0.322 0.408411
0.324 0.423136
0.326 0.438217
0.328 0.453654
0.33 0.469446
0.332 0.485595
0.334 0.502097
0.336 0.518953
0.338 0.536161
0.34 0.553717
0.342 0.57162
0.344 0.589865
0.346 0.60845
0.348 0.627369
0.35 0.646617
0.352 0.666189
0.354 0.68608
0.356 0.706282
0.358 0.726788
0.36 0.74759
0.362 0.76868
0.364 0.790048
0.366 0.811686
0.368 0.833584
0.37 0.855729
0.372 0.878112
0.374 0.90072
0.376 0.92354
0.378 0.94656
0.38 0.969765
0.382 0.993143
0.384 1.01668
0.386 1.04035
0.388 1.06415
0.39 1.08806
0.392 1.11207
0.394 1.13614
0.396 1.16028
0.398 1.18445
0.4 1.20864
0.402 1.23284
0.404 1.25701
0.406 1.28115
0.408 1.30523
0.41 1.32923
0.412 1.35313
0.414 1.37691
0.416 1.40054
0.418 1.42401
0.42 1.4473
0.422 1.47038
0.424 1.49323
0.426 1.51582
0.428 1.53815
0.43 1.56018
0.432 1.58189
0.434 1.60326
0.436 1.62427
0.438 1.6449
0.44 1.66512
0.442 1.68492
0.444 1.70427
0.446 1.72316
0.448 1.74156
0.45 1.75945
0.452 1.77681
0.454 1.79363
0.456 1.80988
0.458 1.82555
0.46 1.84061
0.462 1.85506
0.464 1.86888
0.466 1.88204
0.468 1.89455
0.47 1.90637
0.472 1.91749
0.474 1.92791
0.476 1.93762
0.478 1.94659
0.48 1.95482
0.482 1.9623
0.484 1.96903
0.486 1.97498
0.488 1.98016
0.49 1.98456
0.492 1.98818
0.494 1.991
0.496 1.99304
0.498 1.99427
0.5 1.99471
0.502 1.99435
0.504 1.99319
0.506 1.99124
0.508 1.9885
0.51 1.98496
0.512 1.98064
0.514 1.97553
0.516 1.96966
0.518 1.96301
0.52 1.9556
0.522 1.94745
0.524 1.93855
0.526 1.92892
0.528 1.91857
0.53 1.90751
0.532 1.89576
0.534 1.88333
0.536 1.87023
0.538 1.85647
0.54 1.84209
0.542 1.82708
0.544 1.81147
0.546 1.79528
0.548 1.77852
0.55 1.76121
0.552 1.74337
0.554 1.72502
0.556 1.70618
0.558 1.68688
0.56 1.66712
0.562 1.64694
0.564 1.62635
0.566 1.60538
0.568 1.58404
0.57 1.56236
0.572 1.54036
0.574 1.51807
0.576 1.4955
0.578 1.47267
0.58 1.44962
0.582 1.42635
0.584 1.4029
0.586 1.37928
0.588 1.35551
0.59 1.33162
0.592 1.30763
0.594 1.28356
0.596 1.25943
0.598 1.23526
0.6 1.21106
0.602 1.18687
0.604 1.16269
0.606 1.13855
0.608 1.11447
0.61 1.09046
0.612 1.06654
0.614 1.04273
0.616 1.01904
0.618 0.995489
0.62 0.972096
0.622 0.948872
0.624 0.925833
0.626 0.902992
0.628 0.880363
0.63 0.857957
0.632 0.835787
0.634 0.813865
0.636 0.7922
0.638 0.770804
0.64 0.749686
0.642 0.728855
0.644 0.708319
0.646 0.688086
0.648 0.668164
0.65 0.64856
0.652 0.629279
0.654 0.610327
0.656 0.591709
0.658 0.573429
0.66 0.555492
0.662 0.537901
0.664 0.520658
0.666 0.503767
0.668 0.487229
0.67 0.471045
0.672 0.455217
0.674 0.439745
0.676 0.424628
0.678 0.409868
0.68 0.395462
0.682 0.38141
0.684 0.36771
0.686 0.35436
0.688 0.341359
0.69 0.328703
0.692 0.31639
0.694 0.304416
0.696 0.292778
0.698 0.281472
0.7 0.270495
0.702 0.259842
0.704 0.249509
0.706 0.239491
0.708 0.229783
0.71 0.22038
0.712 0.211278
0.714 0.202471
0.716 0.193953
0.718 0.185719
0.72 0.177764
0.722 0.170081
0.724 0.162665
0.726 0.155511
0.728 0.148611
0.73 0.141961
0.732 0.135555
0.734 0.129385
0.736 0.123447
0.738 0.117735
0.74 0.112242
0.742 0.106962
0.744 0.10189
0.746 0.0970197
0.748 0.0923452
0.75 0.0878608
0.752 0.0835608
0.754 0.0794394
0.756 0.0754911
0.758 0.0717103
0.76 0.0680916
0.762 0.0646297
0.764 0.0613193
0.766 0.0581551
0.768 0.0551322
0.77 0.0522455
0.772 0.0494902
0.774 0.0468614
0.776 0.0443545
0.778 0.0419649
0.78 0.0396882
0.782 0.03752
0.784 0.0354561
0.786 0.0334923
0.788 0.0316246
0.79 0.0298491
0.792 0.028162
0.794 0.0265597
0.796 0.0250385
0.798 0.023595
0.8 0.0222258
0.802 0.0209277
0.804 0.0196975
0.806 0.0185323
0.808 0.017429
0.81 0.0163848
0.812 0.015397
0.814 0.014463
0.816 0.0135802
0.818 0.0127462
0.82 0.0119586
0.822 0.0112152
0.824 0.0105139
0.826 0.00985239
0.828 0.00922884
0.83 0.00864131
0.832 0.00808794
0.834 0.00756698
0.836 0.00707674
0.838 0.00661562
0.84 0.00618207
0.842 0.00577463
0.844 0.00539188
0.846 0.00503248
0.848 0.00469517
0.85 0.00437871
0.852 0.00408195
0.854 0.00380377
0.856 0.00354314
0.858 0.00329905
0.86 0.00307054
0.862 0.00285672
0.864 0.00265673
0.866 0.00246974
0.868 0.002295
0.87 0.00213178
0.872 0.00197936
0.874 0.00183711
0.876 0.00170441
0.878 0.00158065
0.88 0.0014653
0.882 0.00135782
0.884 0.00125772
0.886 0.00116454
0.888 0.00107783
0.89 0.000997173
0.892 0.000922187
0.894 0.0008525
0.896 0.000787764
0.898 0.000727653
0.9 0.000671862
0.902 0.000620101
0.904 0.000572101
0.906 0.000527606
0.908 0.000486379
0.91 0.000448196
0.912 0.000412847
0.914 0.000380137
0.916 0.000349881
0.918 0.000321907
0.92 0.000296054
0.922 0.000272173
0.924 0.000250122
0.926 0.00022977
0.928 0.000210995
0.93 0.000193682
0.932 0.000177726
0.934 0.000163026
0.936 0.00014949
0.938 0.000137032
0.94 0.000125573
0.942 0.000115037
0.944 0.000105356
0.946 9.64646e-05
0.948 8.83046e-05
0.95 8.08202e-05
0.952 7.39603e-05
0.954 6.76776e-05
0.956 6.19283e-05
0.958 5.6672e-05
0.96 5.18714e-05
0.962 4.74922e-05
0.964 4.35026e-05
0.966 3.98736e-05
0.968 3.65785e-05
0.97 3.3593e-05
0.972 3.08948e-05
0.974 2.84635e-05
0.976 2.62808e-05
0.978 2.433e-05
0.98 2.25961e-05
0.982 2.10658e-05
0.984 1.97272e-05
0.986 1.85698e-05
0.988 1.75845e-05
0.99 1.67637e-05
0.992 1.61008e-05
0.994 1.55907e-05
0.996 1.52291e-05
0.998 1.50133e-05
