-1 1.0829e-06
-0.998 1.08924e-06
-0.996 1.10832e-06
-0.994 1.14033e-06
-0.992 1.18559e-06
-0.99 1.24456e-06
-0.988 1.31783e-06
-0.986 1.40613e-06
-0.984 1.51034e-06
-0.982 1.63149e-06
-0.98 1.77078e-06
-0.978 1.92958e-06
-0.976 2.10944e-06
-0.974 2.3121e-06
-0.972 2.53953e-06
-0.97 2.7939e-06
-0.968 3.07765e-06
-0.966 3.39347e-06
-0.964 3.74431e-06
-0.962 4.13346e-06
-0.96 4.56452e-06
-0.958 5.04145e-06
-0.956 5.5686e-06
-0.954 6.15074e-06
-0.952 6.79309e-06
-0.95 7.50136e-06
-0.948 8.28179e-06
-0.946 9.14122e-06
-0.944 1.00871e-05
-0.942 1.11275e-05
-0.94 1.22713e-05
-0.938 1.35282e-05
-0.936 1.49086e-05
-0.934 1.64241e-05
-0.932 1.80869e-05
-0.93 1.99107e-05
-0.928 2.19101e-05
-0.926 2.41011e-05
-0.924 2.65009e-05
-0.922 2.91284e-05
-0.92 3.20038e-05
-0.918 3.51493e-05
-0.916 3.85888e-05
-0.914 4.23481e-05
-0.912 4.64551e-05
-0.91 5.09403e-05
-0.908 5.58364e-05
-0.906 6.11786e-05
-0.904 6.70053e-05
-0.902 7.33576e-05
-0.9 8.02801e-05
-0.898 8.78209e-05
-0.896 9.60315e-05
-0.894 0.000104968
-0.892 0.00011469
-0.89 0.000125263
-0.888 0.000136755
-0.886 0.000149242
-0.884 0.000162804
-0.882 0.000177528
-0.88 0.000193506
-0.878 0.000210838
-0.876 0.00022963
-0.874 0.000249997
-0.872 0.000272061
-0.87 0.000295955
-0.868 0.000321818
-0.866 0.000349802
-0.864 0.000380067
-0.862 0.000412785
-0.86 0.000448141
-0.858 0.00048633
-0.856 0.000527563
-0.854 0.000572062
-0.852 0.000620067
-0.85 0.000671832
-0.848 0.000727626
-0.846 0.00078774
-0.844 0.000852478
-0.842 0.000922168
-0.84 0.000997157
-0.838 0.00107781
-0.836 0.00116452
-0.834 0.00125771
-0.832 0.00135781
-0.83 0.00146529
-0.828 0.00158065
-0.826 0.0017044
-0.824 0.00183711
-0.822 0.00197936
-0.82 0.00213177
-0.818 0.002295
-0.816 0.00246974
-0.814 0.00265672
-0.812 0.00285672
-0.81 0.00307054
-0.808 0.00329905
-0.806 0.00354314
-0.804 0.00380377
-0.802 0.00408194
-0.8 0.00437871
-0.798 0.00469517
-0.796 0.00503248
-0.794 0.00539188
-0.792 0.00577463
-0.79 0.00618207
-0.788 0.00661562
-0.786 0.00707674
-0.784 0.00756698
-0.782 0.00808794
-0.78 0.00864131
-0.778 0.00922884
-0.776 0.00985239
-0.774 0.0105139
-0.772 0.0112152
-0.77 0.0119586
-0.768 0.0127462
-0.766 0.0135802
-0.764 0.014463
-0.762 0.015397
-0.76 0.0163848
-0.758 0.017429
-0.756 0.0185323
-0.754 0.0196975
-0.752 0.0209277
-0.75 0.0222258
-0.748 0.023595
-0.746 0.0250385
-0.744 0.0265597
-0.742 0.028162
-0.74 0.0298491
-0.738 0.0316246
-0.736 0.0334923
-0.734 0.0354561
-0.732 0.03752
-0.73 0.0396882
-0.728 0.0419649
-0.726 0.0443545
-0.724 0.0468614
-0.722 0.0494902
-0.72 0.0522455
-0.718 0.0551322
-0.716 0.0581551
-0.714 0.0613193
-0.712 0.0646297
-0.71 0.0680916
-0.708 0.0717103
-0.706 0.0754911
-0.704 0.0794394
-0.702 0.0835608
-0.7 0.0878608
-0.698 0.0923452
-0.696 0.0970197
-0.694 0.10189
-0.692 0.106962
-0.69 0.112242
-0.688 0.117735
-0.686 0.123447
-0.684 0.129385
-0.682 0.135555
-0.68 0.141961
-0.678 0.148611
-0.676 0.155511
-0.674 0.162665
-0.672 0.170081
-0.67 0.177764
-0.668 0.185719
-0.666 0.193953
-0.664 0.202471
-0.662 0.211278
-0.66 0.22038
-0.658 0.229783
-0.656 0.239491
-0.654 0.249509
-0.652 0.259842
-0.65 0.270495
-0.648 0.281472
-0.646 0.292778
-0.644 0.304416
-0.642 0.31639
-0.64 0.328703
-0.638 0.341359
-0.636 0.35436
-0.634 0.36771
-0.632 0.38141
-0.63 0.395462
-0.628 0.409868
-0.626 0.424628
-0.624 0.439745
-0.622 0.455217
-0.62 0.471045
-0.618 0.487229
-0.616 0.503767
-0.614 0.520658
-0.612 0.537901
-0.61 0.555492
-0.608 0.573429
-0.606 0.591709
-0.604 0.610327
-0.602 0.629279
-0.6 0.64856
-0.598 0.668164
-0.596 0.688086
-0.594 0.708319
-0.592 0.728855
-0.59 0.749686
-0.588 0.770804
-0.586 0.7922
-0.584 0.813865
-0.582 0.835787
-0.58 0.857957
-0.578 0.880363
-0.576 0.902992
-0.574 0.925833
-0.572 0.948872
-0.57 0.972096
-0.568 0.995489
-0.566 1.01904
-0.564 1.04273
-0.562 1.06654
-0.56 1.09046
-0.558 1.11447
-0.556 1.13855
-0.554 1.16269
-0.552 1.18687
-0.55 1.21106
-0.548 1.23526
-0.546 1.25943
-0.544 1.28356
-0.542 1.30763
-0.54 1.33162
-0.538 1.35551
-0.536 1.37928
-0.534 1.4029
-0.532 1.42635
-0.53 1.44962
-0.528 1.47267
-0.526 1.4955
-0.524 1.51807
-0.522 1.54036
-0.52 1.56236
-0.518 1.58404
-0.516 1.60538
-0.514 1.62635
-0.512 1.64694
-0.51 1.66712
-0.508 1.68688
-0.506 1.70618
-0.504 1.72502
-0.502 1.74337
-0.5 1.76121
-0.498 1.77852
-0.496 1.79528
-0.494 1.81147
-0.492 1.82708
-0.49 1.84209
-0.488 1.85647
-0.486 1.87023
-0.484 1.88333
-0.482 1.89576
-0.48 1.90751
-0.478 1.91857
-0.476 1.92892
-0.474 1.93855
-0.472 1.94745
-0.47 1.9556
-0.468 1.96301
-0.466 1.96966
-0.464 1.97553
-0.462 1.98064
-0.46 1.98496
-0.458 1.9885
-0.456 1.99124
-0.454 1.99319
-0.452 1.99435
-0.45 1.99471
-0.448 1.99427
-0.446 1.99304
-0.444 1.991
-0.442 1.98818
-0.44 1.98456
-0.438 1.98016
-0.436 1.97498
-0.434 1.96903
-0.432 1.9623
-0.43 1.95482
-0.428 1.94659
-0.426 1.93762
-0.424 1.92791
-0.422 1.91749
-0.42 1.90637
-0.418 1.89455
-0.416 1.88204
-0.414 1.86888
-0.412 1.85506
-0.41 1.84061
-0.408 1.82555
-0.406 1.80988
-0.404 1.79363
-0.402 1.77681
-0.4 1.75945
-0.398 1.74156
-0.396 1.72316
-0.394 1.70427
-0.392 1.68492
-0.39 1.66512
-0.388 1.6449
-0.386 1.62427
-0.384 1.60326
-0.382 1.58189
-0.38 1.56018
-0.378 1.53815
-0.376 1.51582
-0.374 1.49323
-0.372 1.47038
-0.37 1.4473
-0.368 1.42401
-0.366 1.40054
-0.364 1.37691
-0.362 1.35313
-0.36 1.32923
-0.358 1.30523
-0.356 1.28115
-0.354 1.25701
-0.352 1.23284
-0.35 1.20864
-0.348 1.18445
-0.346 1.16028
-0.344 1.13614
-0.342 1.11207
-0.34 1.08806
-0.338 1.06415
-0.336 1.04035
-0.334 1.01668
-0.332 0.993143
-0.33 0.969765
-0.328 0.94656
-0.326 0.92354
-0.324 0.90072
-0.322 0.878112
-0.32 0.855729
-0.318 0.833584
-0.316 0.811686
-0.314 0.790048
-0.312 0.76868
-0.31 0.74759
-0.308 0.726788
-0.306 0.706282
-0.304 0.68608
-0.302 0.666189
-0.3 0.646617
-0.298 0.627369
-0.296 0.60845
-0.294 0.589865
-0.292 0.57162
-0.29 0.553717
-0.288 0.536161
-0.286 0.518953
-0.284 0.502097
-0.282 0.485595
-0.28 0.469446
-0.278 0.453654
-0.276 0.438217
-0.274 0.423136
-0.272 0.408411
-0.27 0.394041
-0.268 0.380024
-0.266 0.366359
-0.264 0.353044
-0.262 0.340078
-0.26 0.327456
-0.258 0.315177
-0.256 0.303237
-0.254 0.291632
-0.252 0.28036
-0.25 0.269415
-0.248 0.258794
-0.246 0.248493
-0.244 0.238506
-0.242 0.228829
-0.24 0.219457
-0.238 0.210384
-0.236 0.201606
-0.234 0.193117
-0.232 0.184911
-0.23 0.176983
-0.228 0.169327
-0.226 0.161938
-0.224 0.154809
-0.222 0.147935
-0.22 0.14131
-0.218 0.134927
-0.216 0.128781
-0.214 0.122866
-0.212 0.117176
-0.21 0.111704
-0.208 0.106446
-0.206 0.101394
-0.204 0.0965435
-0.202 0.0918883
-0.2 0.0874226
-0.198 0.0831407
-0.196 0.0790368
-0.194 0.0751055
-0.192 0.0713412
-0.19 0.0677385
-0.188 0.0642919
-0.186 0.0609964
-0.184 0.0578466
-0.182 0.0548375
-0.18 0.0519642
-0.178 0.0492217
-0.176 0.0466053
-0.174 0.0441103
-0.172 0.0417323
-0.17 0.0394666
-0.168 0.037309
-0.166 0.0352553
-0.164 0.0333012
-0.162 0.0314429
-0.16 0.0296765
-0.158 0.027998
-0.156 0.026404
-0.154 0.0248907
-0.152 0.0234548
-0.15 0.0220929
-0.148 0.0208017
-0.146 0.0195782
-0.144 0.0184193
-0.142 0.017322
-0.14 0.0162836
-0.138 0.0153013
-0.136 0.0143725
-0.134 0.0134947
-0.132 0.0126655
-0.13 0.0118825
-0.128 0.0111434
-0.126 0.0104461
-0.124 0.0097885
-0.122 0.00916866
-0.12 0.00858464
-0.118 0.00803461
-0.116 0.00751682
-0.114 0.0070296
-0.112 0.00657133
-0.11 0.00614049
-0.108 0.00573561
-0.106 0.0053553
-0.104 0.00499821
-0.102 0.00466309
-0.1 0.0043487
-0.098 0.00405391
-0.096 0.00377761
-0.094 0.00351875
-0.092 0.00327634
-0.09 0.00304944
-0.088 0.00283714
-0.086 0.0026386
-0.084 0.00245301
-0.082 0.00227959
-0.08 0.00211764
-0.078 0.00196644
-0.076 0.00182537
-0.074 0.0016938
-0.072 0.00157115
-0.07 0.00145687
-0.068 0.00135044
-0.066 0.00125137
-0.064 0.00115921
-0.062 0.00107351
-0.06 0.000993876
-0.058 0.000919912
-0.056 0.000851259
-0.054 0.000787579
-0.052 0.000728551
-0.05 0.000673877
-0.048 0.000623277
-0.046 0.000576488
-0.044 0.000533265
-0.042 0.00049338
-0.04 0.000456618
-0.038 0.000422782
-0.036 0.000391686
-0.034 0.00036316
-0.032 0.000337044
-0.03 0.000313192
-0.028 0.00029147
-0.026 0.000271753
-0.024 0.000253928
-0.022 0.000237891
-0.02 0.00022355
-0.018 0.00021082
-0.016 0.000199625
-0.014 0.000189901
-0.012 0.000181588
-0.01 0.000174637
-0.008 0.000169006
-0.006 0.000164662
-0.004 0.000161577
-0.002 0.000159734
0 0.00015912
0.002 0.000159734
0.004 0.000161577
0.006 0.000164662
0.008 0.000169006
0.01 0.000174637
0.012 0.000181588
0.014 0.000189901
0.016 0.000199625
0.018 0.00021082
0.02 0.00022355
0.022 0.000237891
0.024 0.000253928
0.026 0.000271753
0.028 0.00029147
0.03 0.000313192
0.032 0.000337044
0.034 0.00036316
0.036 0.000391686
0.038 0.000422782
0.04 0.000456618
0.042 0.00049338
0.044 0.000533265
0.046 0.000576488
0.048 0.000623277
0.05 0.000673877
0.052 0.000728551
0.054 0.000787579
0.056 0.000851259
0.058 0.000919912
0.06 0.000993876
0.062 0.00107351
0.064 0.00115921
0.066 0.00125137
0.068 0.00135044
0.07 0.00145687
0.072 0.00157115
0.074 0.0016938
0.076 0.00182537
0.078 0.00196644
0.08 0.00211764
0.082 0.00227959
0.084 0.00245301
0.086 0.0026386
0.088 0.00283714
0.09 0.00304944
0.092 0.00327634
0.094 0.00351875
0.096 0.00377761
0.098 0.00405391
0.1 0.0043487
0.102 0.00466309
0.104 0.00499821
0.106 0.0053553
0.108 0.00573561
0.11 0.00614049
0.112 0.00657133
0.114 0.0070296
0.116 0.00751682
0.118 0.00803461
0.12 0.00858464
0.122 0.00916866
0.124 0.0097885
0.126 0.0104461
0.128 0.0111434
0.13 0.0118825
0.132 0.0126655
0.134 0.0134947
0.136 0.0143725
0.138 0.0153013
0.14 0.0162836
0.142 0.017322
0.144 0.0184193
0.146 0.0195782
0.148 0.0208017
0.15 0.0220929
0.152 0.0234548
0.154 0.0248907
0.156 0.026404
0.158 0.027998
0.16 0.0296765
0.162 0.0314429
0.164 0.0333012
0.166 0.0352553
0.168 0.037309
0.17 0.0394666
0.172 0.0417323
0.174 0.0441103
0.176 0.0466053
0.178 0.0492217
0.18 0.0519642
0.182 0.0548375
0.184 0.0578466
0.186 0.0609964
0.188 0.0642919
0.19 0.0677385
0.192 0.0713412
0.194 0.0751055
0.196 0.0790368
0.198 0.0831407
0.2 0.0874226
0.202 0.0918883
0.204 0.0965435
0.206 0.101394
0.208 0.106446
0.21 0.111704
0.212 0.117176
0.214 0.122866
0.216 0.128781
0.218 0.134927
0.22 0.14131
0.222 0.147935
0.224 0.154809
0.226 0.161938
0.228 0.169327
0.23 0.176983
0.232 0.184911
0.234 0.193117
0.236 0.201606
0.238 0.210384
0.24 0.219457
0.242 0.228829
0.244 0.238506
0.246 0.248493
0.248 0.258794
0.25 0.269415
0.252 0.28036
0.254 0.291632
0.256 0.303237
0.258 0.315177
0.26 0.327456
0.262 0.340078
0.264 0.353044
0.266 0.366359
0.268 0.380024
0.27 0.394041
0.272 0.408411
0.274 0.423136
0.276 0.438217
0.278 0.453654
0.28 0.469446
0.282 0.485595
0.284 0.502097
0.286 0.518953
0.288 0.536161
0.29 0.553717
0.292 0.57162
0.294 0.589865
0.296 0.60845
0.298 0.627369
0.3 0.646617
0.302 0.666189
0.304 0.68608
0.306 0.706282
0.308 0.726788
0.31 0.74759
0.312 0.76868
0.314 0.790048
0.316 0.811686
0.318 0.833584
0.32 0.855729
0.322 0.878112
0.324 0.90072
0.326 0.92354
0.328 0.94656
0.33 0.969765
0.332 0.993143
0.334 1.01668
0.336 1.04035
0.338 1.06415
0.34 1.08806
0.342 1.11207
0.344 1.13614
0.346 1.16028
0.348 1.18445
0.35 1.20864
0.352 1.23284
0.354 1.25701
0.356 1.28115
0.358 1.30523
0.36 1.32923
0.362 1.35313
0.364 1.37691
0.366 1.40054
0.368 1.42401
0.37 1.4473
0.372 1.47038
0.374 1.49323
0.376 1.51582
0.378 1.53815
0.38 1.56018
0.382 1.58189
0.384 1.60326
0.386 1.62427
0.388 1.6449
0.39 1.66512
0.392 1.68492
0.394 1.70427
0.396 1.72316
0.398 1.74156
0.4 1.75945
0.402 1.77681
0.404 1.79363
0.406 1.80988
0.408 1.82555
0.41 1.84061
0.412 1.85506
0.414 1.86888
0.416 1.88204
0.418 1.89455
0.42 1.90637
0.422 1.91749
0.424 1.92791
0.426 1.93762
0.428 1.94659
0.43 1.95482
0.432 1.9623
0.434 1.96903
0.436 1.97498
0.438 1.98016
0.44 1.98456
0.442 1.98818
0.444 1.991
0.446 1.99304
0.448 1.99427
0.45 1.99471
0.452 1.99435
0.454 1.99319
0.456 1.99124
0.458 1.9885
0.46 1.98496
0.462 1.98064
0.464 1.97553
0.466 1.96966
0.468 1.96301
0.47 1.9556
0.472 1.94745
0.474 1.93855
0.476 1.92892
0.478 1.91857
0.48 1.90751
0.482 1.89576
0.484 1.88333
0.486 1.87023
0.488 1.85647
0.49 1.84209
0.492 1.82708
0.494 1.81147
0.496 1.79528
0.498 1.77852
0.5 1.76121
0.502 1.74337
0.504 1.72502
0.506 1.70618
0.508 1.68688
0.51 1.66712
0.512 1.64694
0.514 1.62635
0.516 1.60538
0.518 1.58404
0.52 1.56236
0.522 1.54036
0.524 1.51807
0.526 1.4955
0.528 1.47267
0.53 1.44962
0.532 1.42635
0.534 1.4029
0.536 1.37928
0.538 1.35551
0.54 1.33162
0.542 1.30763
0.544 1.28356
0.546 1.25943
0.548 1.23526
0.55 1.21106
0.552 1.18687
0.554 1.16269
0.556 1.13855
0.558 1.11447
0.56 1.09046
0.562 1.06654
0.564 1.04273
0.566 1.01904
0.568 0.995489
0.57 0.972096
0.572 0.948872
0.574 0.925833
0.576 0.902992
0.578 0.880363
0.58 0.857957
0.582 0.835787
0.584 0.813865
0.586 0.7922
0.588 0.770804
0.59 0.749686
0.592 0.728855
0.594 0.708319
0.596 0.688086
0.598 0.668164
0.6 0.64856
0.602 0.629279
0.604 0.610327
0.606 0.591709
0.608 0.573429
0.61 0.555492
0.612 0.537901
0.614 0.520658
0.616 0.503767
0.618 0.487229
0.62 0.471045
0.622 0.455217
0.624 0.439745
0.626 0.424628
0.628 0.409868
0.63 0.395462
0.632 0.38141
0.634 0.36771
0.636 0.35436
0.638 0.341359
0.64 0.328703
0.642 0.31639
0.644 0.304416
0.646 0.292778
0.648 0.281472
0.65 0.270495
0.652 0.259842
0.654 0.249509
0.656 0.239491
0.658 0.229783
0.66 0.22038
0.662 0.211278
0.664 0.202471
0.666 0.193953
0.668 0.185719
0.67 0.177764
0.672 0.170081
0.674 0.162665
0.676 0.155511
0.678 0.148611
0.68 0.141961
0.682 0.135555
0.684 0.129385
0.686 0.123447
0.688 0.117735
0.69 0.112242
0.692 0.106962
0.694 0.10189
0.696 0.0970197
0.698 0.0923452
0.7 0.0878608
0.702 0.0835608
0.704 0.0794394
0.706 0.0754911
0.708 0.0717103
0.71 0.0680916
0.712 0.0646297
0.714 0.0613193
0.716 0.0581551
0.718 0.0551322
0.72 0.0522455
0.722 0.0494902
0.724 0.0468614
0.726 0.0443545
0.728 0.0419649
0.73 0.0396882
0.732 0.03752
0.734 0.0354561
0.736 0.0334923
0.738 0.0316246
0.74 0.0298491
0.742 0.028162
0.744 0.0265597
0.746 0.0250385
0.748 0.023595
0.75 0.0222258
0.752 0.0209277
0.754 0.0196975
0.756 0.0185323
0.758 0.017429
0.76 0.0163848
0.762 0.015397
0.764 0.014463
0.766 0.0135802
0.768 0.0127462
0.77 0.0119586
0.772 0.0112152
0.774 0.0105139
0.776 0.00985239
0.778 0.00922884
0.78 0.00864131
0.782 0.00808794
0.784 0.00756698
0.786 0.00707674
0.788 0.00661562
0.79 0.00618207
0.792 0.00577463
0.794 0.00539188
0.796 0.00503248
0.798 0.00469517
0.8 0.00437871
0.802 0.00408194
0.804 0.00380377
0.806 0.00354314
0.808 0.00329905
0.81 0.00307054
0.812 0.00285672
0.814 0.00265672
0.816 0.00246974
0.818 0.002295
0.82 0.00213177
0.822 0.00197936
0.824 0.00183711
0.826 0.0017044
0.828 0.00158065
0.83 0.00146529
0.832 0.00135781
0.834 0.00125771
0.836 0.00116452
0.838 0.00107781
0.84 0.000997157
0.842 0.000922168
0.844 0.000852478
0.846 0.00078774
0.848 0.000727626
0.85 0.000671832
0.852 0.000620067
0.854 0.000572062
0.856 0.000527563
0.858 0.00048633
0.86 0.000448141
0.862 0.000412785
0.864 0.000380067
0.866 0.000349802
0.868 0.000321818
0.87 0.000295955
0.872 0.000272061
0.874 0.000249997
0.876 0.00022963
0.878 0.000210838
0.88 0.000193506
0.882 0.000177528
0.884 0.000162804
0.886 0.000149242
0.888 0.000136755
0.89 0.000125263
0.892 0.00011469
0.894 0.000104968
0.896 9.60315e-05
0.898 8.78209e-05
0.9 8.02801e-05
0.902 7.33576e-05
0.904 6.70053e-05
0.906 6.11786e-05
0.908 5.58364e-05
0.91 5.09403e-05
0.912 4.64551e-05
0.914 4.23481e-05
0.916 3.85888e-05
0.918 3.51493e-05
0.92 3.20038e-05
0.922 2.91284e-05
0.924 2.65009e-05
0.926 2.41011e-05
0.928 2.19101e-05
0.93 1.99107e-05
0.932 1.80869e-05
0.934 1.64241e-05
0.936 1.49086e-05
0.938 1.35282e-05
0.94 1.22713e-05
0.942 1.11275e-05
0.944 1.00871e-05
0.946 9.14122e-06
0.948 8.28179e-06
0.95 7.50136e-06
0.952 6.79309e-06
0.954 6.15074e-06
0.956 5.5686e-06
0.958 5.04145e-06
0.96 4.56452e-06
0.962 4.13346e-06
0.964 3.74431e-06
0.966 3.39347e-06
0.968 3.07765e-06
0.97 2.7939e-06
0.972 2.53953e-06
0.974 2.3121e-06
0.976 2.10944e-06
0.978 1.92958e-06
0.98 1.77078e-06
0.982 1.63149e-06
0.984 1.51034e-06
0.986 1.40613e-06
0.988 1.31783e-06
0.99 1.24456e-06
0.992 1.18559e-06
0.994 1.14033e-06
0.996 1.10832e-06
0.998 1.08924e-06
