-1 0.126547
-0.99 0.126069
-0.98 0.127124
-0.97 0.126244
-0.96 0.127832
-0.95 0.132247
-0.94 0.137371
-0.93 0.142593
-0.92 0.147933
-0.91 0.153412
-0.9 0.159031
-0.89 0.164789
-0.88 0.170689
-0.87 0.17673
-0.86 0.182911
-0.85 0.189234
-0.84 0.195697
-0.83 0.202301
-0.82 0.209044
-0.81 0.215927
-0.8 0.222947
-0.79 0.230104
-0.78 0.237396
-0.77 0.244823
-0.76 0.252381
-0.75 0.260069
-0.74 0.267885
-0.73 0.275826
-0.72 0.283889
-0.71 0.292073
-0.7 0.300372
-0.69 0.308785
-0.68 0.317307
-0.67 0.325935
-0.66 0.334665
-0.65 0.343491
-0.64 0.352411
-0.63 0.361418
-0.62 0.370508
-0.61 0.379676
-0.6 0.388917
-0.59 0.398223
-0.58 0.407591
-0.57 0.417013
-0.56 0.426483
-0.55 0.435995
-0.54 0.445542
-0.53 0.455117
-0.52 0.464713
-0.51 0.474323
-0.5 0.48394
-0.49 0.493555
-0.48 0.503161
-0.47 0.51275
-0.46 0.522315
-0.45 0.531846
-0.44 0.541336
-0.43 0.550776
-0.42 0.560159
-0.41 0.569475
-0.4 0.578715
-0.39 0.587872
-0.38 0.596937
-0.37 0.6059
-0.36 0.614754
-0.35 0.623489
-0.34 0.632097
-0.33 0.640569
-0.32 0.648897
-0.31 0.657072
-0.3 0.665085
-0.29 0.672929
-0.28 0.680595
-0.27 0.688074
-0.26 0.695359
-0.25 0.702443
-0.24 0.709316
-0.23 0.715972
-0.22 0.722403
-0.21 0.728602
-0.2 0.734563
-0.19 0.740278
-0.18 0.745741
-0.17 0.750946
-0.16 0.755887
-0.15 0.760558
-0.14 0.764953
-0.13 0.769069
-0.12 0.772899
-0.11 0.77644
-0.1 0.779687
-0.09 0.782636
-0.08 0.785284
-0.07 0.787629
-0.06 0.789666
-0.05 0.791394
-0.04 0.792811
-0.03 0.793914
-0.02 0.794703
-0.01 0.795177
0 0.795335
0.01 0.795177
0.02 0.794703
0.03 0.793914
0.04 0.792811
0.05 0.791394
0.06 0.789666
0.07 0.787629
0.08 0.785284
0.09 0.782636
0.1 0.779687
0.11 0.77644
0.12 0.772899
0.13 0.769069
0.14 0.764953
0.15 0.760558
0.16 0.755887
0.17 0.750946
0.18 0.745741
0.19 0.740278
0.2 0.734563
0.21 0.728602
0.22 0.722403
0.23 0.715972
0.24 0.709316
0.25 0.702443
0.26 0.695359
0.27 0.688074
0.28 0.680595
0.29 0.672929
0.3 0.665085
0.31 0.657072
0.32 0.648897
0.33 0.640569
0.34 0.632097
0.35 0.623489
0.36 0.614754
0.37 0.6059
0.38 0.596937
0.39 0.587872
0.4 0.578715
0.41 0.569475
0.42 0.560159
0.43 0.550776
0.44 0.541336
0.45 0.531846
0.46 0.522315
0.47 0.51275
0.48 0.503161
0.49 0.493555
0.5 0.48394
0.51 0.474323
0.52 0.464713
0.53 0.455117
0.54 0.445542
0.55 0.435995
0.56 0.426483
0.57 0.417013
0.58 0.407591
0.59 0.398223
0.6 0.388917
0.61 0.379676
0.62 0.370508
0.63 0.361418
0.64 0.352411
0.65 0.343491
0.66 0.334665
0.67 0.325935
0.68 0.317307
0.69 0.308785
0.7 0.300372
0.71 0.292073
0.72 0.283889
0.73 0.275826
0.74 0.267885
0.75 0.260069
0.76 0.252381
0.77 0.244823
0.78 0.237396
0.79 0.230104
0.8 0.222947
0.81 0.215927
0.82 0.209044
0.83 0.202301
0.84 0.195697
0.85 0.189234
0.86 0.182911
0.87 0.17673
0.88 0.170689
0.89 0.164789
0.9 0.159031
0.91 0.153412
0.92 0.147933
0.93 0.142593
0.94 0.137371
0.95 0.132247
0.96 0.127832
0.97 0.126244
0.98 0.127124
0.99 0.126069
