-1 0.644358
-0.99 0.644094
-0.98 0.644059
-0.97 0.643511
-0.96 0.643165
-0.95 0.642348
-0.94 0.641672
-0.93 0.640609
-0.92 0.639581
-0.91 0.638301
-0.9 0.636896
-0.89 0.635424
-0.88 0.633627
-0.87 0.631973
-0.86 0.629795
-0.85 0.627933
-0.84 0.625433
-0.83 0.623286
-0.82 0.620571
-0.81 0.618027
-0.8 0.615213
-0.79 0.612194
-0.78 0.609317
-0.77 0.605871
-0.76 0.602808
-0.75 0.599147
-0.74 0.595662
-0.73 0.592009
-0.72 0.58799
-0.71 0.584311
-0.7 0.579988
-0.69 0.575938
-0.68 0.571684
-0.67 0.567052
-0.66 0.562818
-0.65 0.55797
-0.64 0.553246
-0.63 0.548607
-0.62 0.54336
-0.61 0.538525
-0.6 0.533431
-0.59 0.527928
-0.58 0.522907
-0.57 0.517428
-0.56 0.511706
-0.55 0.506469
-0.54 0.500708
-0.53 0.494742
-0.52 0.489296
-0.51 0.483374
-0.5 0.477119
-0.49 0.471443
-0.48 0.465518
-0.47 0.458993
-0.46 0.452943
-0.45 0.447142
-0.44 0.440609
-0.43 0.433971
-0.42 0.428042
-0.41 0.422012
-0.4 0.415156
-0.39 0.408328
-0.38 0.402349
-0.37 0.396526
-0.36 0.38979
-0.35 0.382358
-0.34 0.375528
-0.33 0.370311
-0.32 0.36673
-0.31 0.364165
-0.3 0.361998
-0.29 0.359902
-0.28 0.357792
-0.27 0.35568
-0.26 0.353588
-0.25 0.351529
-0.24 0.34951
-0.23 0.347533
-0.22 0.345605
-0.21 0.343728
-0.2 0.341907
-0.19 0.340147
-0.18 0.338451
-0.17 0.336824
-0.16 0.335269
-0.15 0.333789
-0.14 0.332389
-0.13 0.33107
-0.12 0.329838
-0.11 0.328693
-0.1 0.327639
-0.09 0.326677
-0.08 0.325811
-0.07 0.325043
-0.06 0.324373
-0.05 0.323804
-0.04 0.323336
-0.03 0.322971
-0.02 0.32271
-0.01 0.322553
0 0.322501
0.01 0.322553
0.02 0.32271
0.03 0.322971
0.04 0.323336
0.05 0.323804
0.06 0.324373
0.07 0.325043
0.08 0.325811
0.09 0.326677
0.1 0.327639
0.11 0.328693
0.12 0.329838
0.13 0.33107
0.14 0.332389
0.15 0.333789
0.16 0.335269
0.17 0.336824
0.18 0.338451
0.19 0.340147
0.2 0.341907
0.21 0.343728
0.22 0.345605
0.23 0.347533
0.24 0.34951
0.25 0.351529
0.26 0.353588
0.27 0.35568
0.28 0.357792
0.29 0.359902
0.3 0.361998
0.31 0.364165
0.32 0.36673
0.33 0.370311
0.34 0.375528
0.35 0.382358
0.36 0.38979
0.37 0.396526
0.38 0.402349
0.39 0.408328
0.4 0.415156
0.41 0.422012
0.42 0.428042
0.43 0.433971
0.44 0.440609
0.45 0.447142
0.46 0.452943
0.47 0.458993
0.48 0.465518
0.49 0.471443
0.5 0.477119
0.51 0.483374
0.52 0.489296
0.53 0.494742
0.54 0.500708
0.55 0.506469
0.56 0.511706
0.57 0.517428
0.58 0.522907
0.59 0.527928
0.6 0.533431
0.61 0.538525
0.62 0.54336
0.63 0.548607
0.64 0.553246
0.65 0.55797
0.66 0.562818
0.67 0.567052
0.68 0.571684
0.69 0.575938
0.7 0.579988
0.71 0.584311
0.72 0.58799
0.73 0.592009
0.74 0.595662
0.75 0.599147
0.76 0.602808
0.77 0.605871
0.78 0.609317
0.79 0.612194
0.8 0.615213
0.81 0.618027
0.82 0.620571
0.83 0.623286
0.84 0.625433
0.85 0.627933
0.86 0.629795
0.87 0.631973
0.88 0.633627
0.89 0.635424
0.9 0.636896
0.91 0.638301
0.92 0.639581
0.93 0.640609
0.94 0.641672
0.95 0.642348
0.96 0.643165
0.97 0.643511
0.98 0.644059
0.99 0.644094
