-1 0.795132
-0.99 0.795123
-0.98 0.794502
-0.97 0.793856
-0.96 0.792617
-0.95 0.791328
-0.94 0.789486
-0.93 0.787549
-0.92 0.785125
-0.91 0.782536
-0.9 0.779557
-0.89 0.776313
-0.88 0.772805
-0.87 0.76891
-0.86 0.7649
-0.85 0.760368
-0.84 0.755869
-0.83 0.750737
-0.82 0.745742
-0.81 0.740072
-0.8 0.734556
-0.79 0.728432
-0.78 0.722354
-0.77 0.715869
-0.76 0.709201
-0.75 0.702419
-0.74 0.695186
-0.73 0.688103
-0.72 0.68041
-0.71 0.672948
-0.7 0.664961
-0.69 0.657014
-0.68 0.648879
-0.67 0.640422
-0.66 0.632155
-0.65 0.623327
-0.64 0.614783
-0.63 0.605835
-0.62 0.596851
-0.61 0.587933
-0.6 0.578561
-0.59 0.569545
-0.58 0.560089
-0.57 0.550718
-0.56 0.541418
-0.55 0.531703
-0.54 0.522395
-0.53 0.512726
-0.52 0.50308
-0.51 0.49368
-0.5 0.483826
-0.49 0.474359
-0.48 0.464791
-0.47 0.45499
-0.46 0.445667
-0.45 0.435997
-0.44 0.426398
-0.43 0.417179
-0.42 0.407534
-0.41 0.398194
-0.4 0.389093
-0.39 0.379588
-0.38 0.370519
-0.37 0.3616
-0.36 0.35231
-0.35 0.343516
-0.34 0.334863
-0.33 0.325838
-0.32 0.317312
-0.31 0.309012
-0.3 0.300307
-0.29 0.292017
-0.28 0.284136
-0.27 0.275846
-0.26 0.267743
-0.25 0.260271
-0.24 0.252558
-0.23 0.244652
-0.22 0.237419
-0.21 0.230417
-0.2 0.222951
-0.19 0.215713
-0.18 0.209214
-0.17 0.202643
-0.16 0.195607
-0.15 0.188967
-0.14 0.18311
-0.13 0.177187
-0.12 0.170684
-0.11 0.164346
-0.1 0.158934
-0.09 0.154012
-0.08 0.148575
-0.07 0.142428
-0.06 0.136473
-0.05 0.131821
-0.04 0.128927
-0.03 0.127497
-0.02 0.126939
-0.01 0.126766
0 0.12673
0.01 0.126766
0.02 0.126939
0.03 0.127497
0.04 0.128927
0.05 0.131821
0.06 0.136473
0.07 0.142428
0.08 0.148575
0.09 0.154012
0.1 0.158934
0.11 0.164346
0.12 0.170684
0.13 0.177187
0.14 0.18311
0.15 0.188967
0.16 0.195607
0.17 0.202643
0.18 0.209214
0.19 0.215713
0.2 0.222951
0.21 0.230417
0.22 0.237419
0.23 0.244652
0.24 0.252558
0.25 0.260271
0.26 0.267743
0.27 0.275846
0.28 0.284136
0.29 0.292017
0.3 0.300307
0.31 0.309012
0.32 0.317312
0.33 0.325838
0.34 0.334863
0.35 0.343516
0.36 0.35231
0.37 0.3616
0.38 0.370519
0.39 0.379588
0.4 0.389093
0.41 0.398194
0.42 0.407534
0.43 0.417179
0.44 0.426398
0.45 0.435997
0.46 0.445667
0.47 0.45499
0.48 0.464791
0.49 0.474359
0.5 0.483826
0.51 0.49368
0.52 0.50308
0.53 0.512726
0.54 0.522395
0.55 0.531703
0.56 0.541418
0.57 0.550718
0.58 0.560089
0.59 0.569545
0.6 0.578561
0.61 0.587933
0.62 0.596851
0.63 0.605835
0.64 0.614783
0.65 0.623327
0.66 0.632155
0.67 0.640422
0.68 0.648879
0.69 0.657014
0.7 0.664961
0.71 0.672948
0.72 0.68041
0.73 0.688103
0.74 0.695186
0.75 0.702419
0.76 0.709201
0.77 0.715869
0.78 0.722354
0.79 0.728432
0.8 0.734556
0.81 0.740072
0.82 0.745742
0.83 0.750737
0.84 0.755869
0.85 0.760368
0.86 0.7649
0.87 0.76891
0.88 0.772805
0.89 0.776313
0.9 0.779557
0.91 0.782536
0.92 0.785125
0.93 0.787549
0.94 0.789486
0.95 0.791328
0.96 0.792617
0.97 0.793856
0.98 0.794502
0.99 0.795123
