-1 0.10968
-0.99 0.112338
-0.98 0.116898
-0.97 0.121555
-0.96 0.126338
-0.95 0.131256
-0.94 0.136312
-0.93 0.141506
-0.92 0.146839
-0.91 0.152312
-0.9 0.157926
-0.89 0.163681
-0.88 0.169578
-0.87 0.175618
-0.86 0.1818
-0.85 0.188124
-0.84 0.19459
-0.83 0.201198
-0.82 0.207947
-0.81 0.214837
-0.8 0.221867
-0.79 0.229034
-0.78 0.236339
-0.77 0.243779
-0.76 0.251353
-0.75 0.259059
-0.74 0.266893
-0.73 0.274855
-0.72 0.282942
-0.71 0.29115
-0.7 0.299476
-0.69 0.307917
-0.68 0.316469
-0.67 0.325129
-0.66 0.333892
-0.65 0.342754
-0.64 0.351711
-0.63 0.360758
-0.62 0.369889
-0.61 0.3791
-0.6 0.388384
-0.59 0.397737
-0.58 0.407153
-0.57 0.416625
-0.56 0.426146
-0.55 0.435711
-0.54 0.445312
-0.53 0.454943
-0.52 0.464597
-0.51 0.474265
-0.5 0.483941
-0.49 0.493618
-0.48 0.503286
-0.47 0.512938
-0.46 0.522567
-0.45 0.532163
-0.44 0.541719
-0.43 0.551226
-0.42 0.560676
-0.41 0.570059
-0.4 0.579368
-0.39 0.588593
-0.38 0.597727
-0.37 0.606759
-0.36 0.615681
-0.35 0.624485
-0.34 0.633161
-0.33 0.641702
-0.32 0.650097
-0.31 0.658339
-0.3 0.666418
-0.29 0.674328
-0.28 0.682058
-0.27 0.689601
-0.26 0.696948
-0.25 0.704093
-0.24 0.711026
-0.23 0.71774
-0.22 0.724228
-0.21 0.730482
-0.2 0.736496
-0.19 0.742262
-0.18 0.747774
-0.17 0.753026
-0.16 0.758012
-0.15 0.762726
-0.14 0.767162
-0.13 0.771315
-0.12 0.775181
-0.11 0.778754
-0.1 0.782031
-0.09 0.785008
-0.08 0.787681
-0.07 0.790048
-0.06 0.792104
-0.05 0.793849
-0.04 0.795279
-0.03 0.796393
-0.02 0.797189
-0.01 0.797668
0 0.797827
0.01 0.797668
0.02 0.797189
0.03 0.796393
0.04 0.795279
0.05 0.793849
0.06 0.792104
0.07 0.790048
0.08 0.787681
0.09 0.785008
0.1 0.782031
0.11 0.778754
0.12 0.775181
0.13 0.771315
0.14 0.767162
0.15 0.762726
0.16 0.758012
0.17 0.753026
0.18 0.747774
0.19 0.742262
0.2 0.736496
0.21 0.730482
0.22 0.724228
0.23 0.71774
0.24 0.711026
0.25 0.704093
0.26 0.696948
0.27 0.689601
0.28 0.682058
0.29 0.674328
0.3 0.666418
0.31 0.658339
0.32 0.650097
0.33 0.641702
0.34 0.633161
0.35 0.624485
0.36 0.615681
0.37 0.606759
0.38 0.597727
0.39 0.588593
0.4 0.579368
0.41 0.570059
0.42 0.560676
0.43 0.551226
0.44 0.541719
0.45 0.532163
0.46 0.522567
0.47 0.512938
0.48 0.503286
0.49 0.493618
0.5 0.483941
0.51 0.474265
0.52 0.464597
0.53 0.454943
0.54 0.445312
0.55 0.435711
0.56 0.426146
0.57 0.416625
0.58 0.407153
0.59 0.397737
0.6 0.388384
0.61 0.3791
0.62 0.369889
0.63 0.360758
0.64 0.351711
0.65 0.342754
0.66 0.333892
0.67 0.325129
0.68 0.316469
0.69 0.307917
0.7 0.299476
0.71 0.29115
0.72 0.282942
0.73 0.274855
0.74 0.266893
0.75 0.259059
0.76 0.251353
0.77 0.243779
0.78 0.236339
0.79 0.229034
0.8 0.221867
0.81 0.214837
0.82 0.207947
0.83 0.201198
0.84 0.19459
0.85 0.188124
0.86 0.1818
0.87 0.175618
0.88 0.169578
0.89 0.163681
0.9 0.157926
0.91 0.152312
0.92 0.146839
0.93 0.141506
0.94 0.136312
0.95 0.131256
0.96 0.126338
0.97 0.121555
0.98 0.116898
0.99 0.112338
