-1 0.528208
-0.99 0.528446
-0.98 0.528131
-0.97 0.528302
-0.96 0.527902
-0.95 0.528007
-0.94 0.527524
-0.93 0.527551
-0.92 0.527005
-0.91 0.526915
-0.9 0.52635
-0.89 0.526082
-0.88 0.525559
-0.87 0.525045
-0.86 0.524611
-0.85 0.523825
-0.84 0.523448
-0.83 0.52247
-0.82 0.521997
-0.81 0.52102
-0.8 0.520228
-0.79 0.519425
-0.78 0.518232
-0.77 0.517516
-0.76 0.516167
-0.75 0.515155
-0.74 0.514022
-0.73 0.512494
-0.72 0.511476
-0.71 0.509849
-0.7 0.50835
-0.69 0.507057
-0.68 0.505091
-0.67 0.503566
-0.66 0.501922
-0.65 0.499708
-0.64 0.498042
-0.63 0.496102
-0.62 0.493626
-0.61 0.491723
-0.6 0.489601
-0.59 0.486815
-0.58 0.48454
-0.57 0.482368
-0.56 0.479358
-0.55 0.47645
-0.54 0.474175
-0.53 0.471369
-0.52 0.467789
-0.51 0.464664
-0.5 0.462225
-0.49 0.459238
-0.48 0.455136
-0.47 0.450971
-0.46 0.448131
-0.45 0.447016
-0.44 0.447082
-0.43 0.447602
-0.42 0.448144
-0.41 0.44858
-0.4 0.448913
-0.39 0.449165
-0.38 0.44935
-0.37 0.44947
-0.36 0.44953
-0.35 0.449531
-0.34 0.449479
-0.33 0.449376
-0.32 0.449226
-0.31 0.449032
-0.3 0.448799
-0.29 0.448529
-0.28 0.448228
-0.27 0.447897
-0.26 0.447541
-0.25 0.447163
-0.24 0.446768
-0.23 0.446358
-0.22 0.445937
-0.21 0.445508
-0.2 0.445074
-0.19 0.44464
-0.18 0.444207
-0.17 0.44378
-0.16 0.44336
-0.15 0.442951
-0.14 0.442555
-0.13 0.442176
-0.12 0.441814
-0.11 0.441473
-0.1 0.441154
-0.09 0.44086
-0.08 0.440592
-0.07 0.440351
-0.06 0.44014
-0.05 0.439959
-0.04 0.43981
-0.03 0.439693
-0.02 0.439609
-0.01 0.439558
0 0.439541
0.01 0.439558
0.02 0.439609
0.03 0.439693
0.04 0.43981
0.05 0.439959
0.06 0.44014
0.07 0.440351
0.08 0.440592
0.09 0.44086
0.1 0.441154
0.11 0.441473
0.12 0.441814
0.13 0.442176
0.14 0.442555
0.15 0.442951
0.16 0.44336
0.17 0.44378
0.18 0.444207
0.19 0.44464
0.2 0.445074
0.21 0.445508
0.22 0.445937
0.23 0.446358
0.24 0.446768
0.25 0.447163
0.26 0.447541
0.27 0.447897
0.28 0.448228
0.29 0.448529
0.3 0.448799
0.31 0.449032
0.32 0.449226
0.33 0.449376
0.34 0.449479
0.35 0.449531
0.36 0.44953
0.37 0.44947
0.38 0.44935
0.39 0.449165
0.4 0.448913
0.41 0.44858
0.42 0.448144
0.43 0.447602
0.44 0.447082
0.45 0.447016
0.46 0.448131
0.47 0.450971
0.48 0.455136
0.49 0.459238
0.5 0.462225
0.51 0.464664
0.52 0.467789
0.53 0.471369
0.54 0.474175
0.55 0.47645
0.56 0.479358
0.57 0.482368
0.58 0.48454
0.59 0.486815
0.6 0.489601
0.61 0.491723
0.62 0.493626
0.63 0.496102
0.64 0.498042
0.65 0.499708
0.66 0.501922
0.67 0.503566
0.68 0.505091
0.69 0.507057
0.7 0.50835
0.71 0.509849
0.72 0.511476
0.73 0.512494
0.74 0.514022
0.75 0.515155
0.76 0.516167
0.77 0.517516
0.78 0.518232
0.79 0.519425
0.8 0.520228
0.81 0.52102
0.82 0.521997
0.83 0.52247
0.84 0.523448
0.85 0.523825
0.86 0.524611
0.87 0.525045
0.88 0.525559
0.89 0.526082
0.9 0.52635
0.91 0.526915
0.92 0.527005
0.93 0.527551
0.94 0.527524
0.95 0.528007
0.96 0.527902
0.97 0.528302
0.98 0.528131
0.99 0.528446
