-1 0.206054
-0.99 0.205774
-0.98 0.206362
-0.97 0.206291
-0.96 0.207255
-0.95 0.207385
-0.94 0.208618
-0.93 0.209202
-0.92 0.210298
-0.91 0.211767
-0.9 0.212517
-0.89 0.214474
-0.88 0.216003
-0.87 0.217112
-0.86 0.219583
-0.85 0.221792
-0.84 0.222864
-0.83 0.224962
-0.82 0.229504
-0.81 0.235769
-0.8 0.242636
-0.79 0.249624
-0.78 0.256678
-0.77 0.263824
-0.76 0.271071
-0.75 0.278417
-0.74 0.285859
-0.73 0.293393
-0.72 0.301017
-0.71 0.308728
-0.7 0.316523
-0.69 0.324397
-0.68 0.332347
-0.67 0.34037
-0.66 0.348461
-0.65 0.356616
-0.64 0.364831
-0.63 0.373101
-0.62 0.381422
-0.61 0.389788
-0.6 0.398196
-0.59 0.406639
-0.58 0.415113
-0.57 0.423612
-0.56 0.43213
-0.55 0.440663
-0.54 0.449204
-0.53 0.457747
-0.52 0.466286
-0.51 0.474815
-0.5 0.483329
-0.49 0.49182
-0.48 0.500283
-0.47 0.50871
-0.46 0.517096
-0.45 0.525433
-0.44 0.533716
-0.43 0.541937
-0.42 0.550089
-0.41 0.558167
-0.4 0.566163
-0.39 0.574071
-0.38 0.581883
-0.37 0.589593
-0.36 0.597194
-0.35 0.60468
-0.34 0.612044
-0.33 0.619278
-0.32 0.626378
-0.31 0.633336
-0.3 0.640145
-0.29 0.6468
-0.28 0.653295
-0.27 0.659622
-0.26 0.665776
-0.25 0.671752
-0.24 0.677543
-0.23 0.683144
-0.22 0.68855
-0.21 0.693755
-0.2 0.698753
-0.19 0.703541
-0.18 0.708114
-0.17 0.712466
-0.16 0.716593
-0.15 0.720492
-0.14 0.724159
-0.13 0.727589
-0.12 0.730779
-0.11 0.733726
-0.1 0.736427
-0.09 0.738879
-0.08 0.74108
-0.07 0.743028
-0.06 0.74472
-0.05 0.746154
-0.04 0.74733
-0.03 0.748246
-0.02 0.748901
-0.01 0.749294
0 0.749425
0.01 0.749294
0.02 0.748901
0.03 0.748246
0.04 0.74733
0.05 0.746154
0.06 0.74472
0.07 0.743028
0.08 0.74108
0.09 0.738879
0.1 0.736427
0.11 0.733726
0.12 0.730779
0.13 0.727589
0.14 0.724159
0.15 0.720492
0.16 0.716593
0.17 0.712466
0.18 0.708114
0.19 0.703541
0.2 0.698753
0.21 0.693755
0.22 0.68855
0.23 0.683144
0.24 0.677543
0.25 0.671752
0.26 0.665776
0.27 0.659622
0.28 0.653295
0.29 0.6468
0.3 0.640145
0.31 0.633336
0.32 0.626378
0.33 0.619278
0.34 0.612044
0.35 0.60468
0.36 0.597194
0.37 0.589593
0.38 0.581883
0.39 0.574071
0.4 0.566163
0.41 0.558167
0.42 0.550089
0.43 0.541937
0.44 0.533716
0.45 0.525433
0.46 0.517096
0.47 0.50871
0.48 0.500283
0.49 0.49182
0.5 0.483329
0.51 0.474815
0.52 0.466286
0.53 0.457747
0.54 0.449204
0.55 0.440663
0.56 0.43213
0.57 0.423612
0.58 0.415113
0.59 0.406639
0.6 0.398196
0.61 0.389788
0.62 0.381422
0.63 0.373101
0.64 0.364831
0.65 0.356616
0.66 0.348461
0.67 0.34037
0.68 0.332347
0.69 0.324397
0.7 0.316523
0.71 0.308728
0.72 0.301017
0.73 0.293393
0.74 0.285859
0.75 0.278417
0.76 0.271071
0.77 0.263824
0.78 0.256678
0.79 0.249624
0.8 0.242636
0.81 0.235769
0.82 0.229504
0.83 0.224962
0.84 0.222864
0.85 0.221792
0.86 0.219583
0.87 0.217112
0.88 0.216003
0.89 0.214474
0.9 0.212517
0.91 0.211767
0.92 0.210298
0.93 0.209202
0.94 0.208618
0.95 0.207385
0.96 0.207255
0.97 0.206291
0.98 0.206362
0.99 0.205774
