-1 0.187609
-0.99 0.187371
-0.98 0.187933
-0.97 0.187868
-0.96 0.188867
-0.95 0.18895
-0.94 0.190236
-0.93 0.190855
-0.92 0.191816
-0.91 0.193533
-0.9 0.194187
-0.89 0.195844
-0.88 0.19811
-0.87 0.199054
-0.86 0.200351
-0.85 0.204084
-0.84 0.209853
-0.83 0.2164
-0.82 0.22311
-0.81 0.229897
-0.8 0.23679
-0.79 0.243798
-0.78 0.250921
-0.77 0.258156
-0.76 0.265502
-0.75 0.272955
-0.74 0.280513
-0.73 0.288174
-0.72 0.295935
-0.71 0.303792
-0.7 0.311742
-0.69 0.319782
-0.68 0.327908
-0.67 0.336116
-0.66 0.344403
-0.65 0.352763
-0.64 0.361193
-0.63 0.369687
-0.62 0.378242
-0.61 0.386852
-0.6 0.395513
-0.59 0.404218
-0.58 0.412962
-0.57 0.42174
-0.56 0.430547
-0.55 0.439375
-0.54 0.448219
-0.53 0.457073
-0.52 0.465931
-0.51 0.474786
-0.5 0.483631
-0.49 0.49246
-0.48 0.501266
-0.47 0.510042
-0.46 0.518781
-0.45 0.527477
-0.44 0.536121
-0.43 0.544707
-0.42 0.553228
-0.41 0.561676
-0.4 0.570044
-0.39 0.578325
-0.38 0.586511
-0.37 0.594596
-0.36 0.602571
-0.35 0.61043
-0.34 0.618164
-0.33 0.625768
-0.32 0.633234
-0.31 0.640554
-0.3 0.647722
-0.29 0.654731
-0.28 0.661574
-0.27 0.668244
-0.26 0.674735
-0.25 0.68104
-0.24 0.687153
-0.23 0.693068
-0.22 0.698778
-0.21 0.704279
-0.2 0.709563
-0.19 0.714626
-0.18 0.719463
-0.17 0.724069
-0.16 0.728437
-0.15 0.732566
-0.14 0.736448
-0.13 0.740082
-0.12 0.743462
-0.11 0.746585
-0.1 0.749448
-0.09 0.752048
-0.08 0.754381
-0.07 0.756447
-0.06 0.758241
-0.05 0.759762
-0.04 0.76101
-0.03 0.761981
-0.02 0.762676
-0.01 0.763093
0 0.763232
0.01 0.763093
0.02 0.762676
0.03 0.761981
0.04 0.76101
0.05 0.759762
0.06 0.758241
0.07 0.756447
0.08 0.754381
0.09 0.752048
0.1 0.749448
0.11 0.746585
0.12 0.743462
0.13 0.740082
0.14 0.736448
0.15 0.732566
0.16 0.728437
0.17 0.724069
0.18 0.719463
0.19 0.714626
0.2 0.709563
0.21 0.704279
0.22 0.698778
0.23 0.693068
0.24 0.687153
0.25 0.68104
0.26 0.674735
0.27 0.668244
0.28 0.661574
0.29 0.654731
0.3 0.647722
0.31 0.640554
0.32 0.633234
0.33 0.625768
0.34 0.618164
0.35 0.61043
0.36 0.602571
0.37 0.594596
0.38 0.586511
0.39 0.578325
0.4 0.570044
0.41 0.561676
0.42 0.553228
0.43 0.544707
0.44 0.536121
0.45 0.527477
0.46 0.518781
0.47 0.510042
0.48 0.501266
0.49 0.49246
0.5 0.483631
0.51 0.474786
0.52 0.465931
0.53 0.457073
0.54 0.448219
0.55 0.439375
0.56 0.430547
0.57 0.42174
0.58 0.412962
0.59 0.404218
0.6 0.395513
0.61 0.386852
0.62 0.378242
0.63 0.369687
0.64 0.361193
0.65 0.352763
0.66 0.344403
0.67 0.336116
0.68 0.327908
0.69 0.319782
0.7 0.311742
0.71 0.303792
0.72 0.295935
0.73 0.288174
0.74 0.280513
0.75 0.272955
0.76 0.265502
0.77 0.258156
0.78 0.250921
0.79 0.243798
0.8 0.23679
0.81 0.229897
0.82 0.22311
0.83 0.2164
0.84 0.209853
0.85 0.204084
0.86 0.200351
0.87 0.199054
0.88 0.19811
0.89 0.195844
0.9 0.194187
0.91 0.193533
0.92 0.191816
0.93 0.190855
0.94 0.190236
0.95 0.18895
0.96 0.188867
0.97 0.187868
0.98 0.187933
0.99 0.187371
