-1 0.362722
-0.99 0.362445
-0.98 0.362885
-0.97 0.362788
-0.96 0.36337
-0.95 0.36348
-0.94 0.364155
-0.93 0.36453
-0.92 0.365218
-0.91 0.365932
-0.9 0.366556
-0.89 0.367639
-0.88 0.368216
-0.87 0.369543
-0.86 0.370282
-0.85 0.371538
-0.84 0.372747
-0.83 0.373703
-0.82 0.375348
-0.81 0.376333
-0.8 0.377795
-0.79 0.379405
-0.78 0.380433
-0.77 0.382231
-0.76 0.383764
-0.75 0.384886
-0.74 0.386835
-0.73 0.388432
-0.72 0.389512
-0.71 0.391432
-0.7 0.393337
-0.69 0.394334
-0.68 0.395737
-0.67 0.398018
-0.66 0.399724
-0.65 0.400342
-0.64 0.401322
-0.63 0.404077
-0.62 0.408611
-0.61 0.414082
-0.6 0.419782
-0.59 0.425431
-0.58 0.430994
-0.57 0.436491
-0.56 0.441931
-0.55 0.447314
-0.54 0.452637
-0.53 0.457896
-0.52 0.463089
-0.51 0.468214
-0.5 0.473268
-0.49 0.478249
-0.48 0.483154
-0.47 0.487982
-0.46 0.492731
-0.45 0.497398
-0.44 0.501981
-0.43 0.50648
-0.42 0.510891
-0.41 0.515213
-0.4 0.519445
-0.39 0.523586
-0.38 0.527633
-0.37 0.531586
-0.36 0.535443
-0.35 0.539203
-0.34 0.542865
-0.33 0.546427
-0.32 0.54989
-0.31 0.553252
-0.3 0.556512
-0.29 0.55967
-0.28 0.562724
-0.27 0.565675
-0.26 0.568521
-0.25 0.571262
-0.24 0.573898
-0.23 0.576428
-0.22 0.578852
-0.21 0.58117
-0.2 0.583381
-0.19 0.585485
-0.18 0.587481
-0.17 0.58937
-0.16 0.591152
-0.15 0.592826
-0.14 0.594392
-0.13 0.595851
-0.12 0.597201
-0.11 0.598443
-0.1 0.599578
-0.09 0.600604
-0.08 0.601523
-0.07 0.602333
-0.06 0.603036
-0.05 0.60363
-0.04 0.604116
-0.03 0.604494
-0.02 0.604764
-0.01 0.604926
0 0.60498
0.01 0.604926
0.02 0.604764
0.03 0.604494
0.04 0.604116
0.05 0.60363
0.06 0.603036
0.07 0.602333
0.08 0.601523
0.09 0.600604
0.1 0.599578
0.11 0.598443
0.12 0.597201
0.13 0.595851
0.14 0.594392
0.15 0.592826
0.16 0.591152
0.17 0.58937
0.18 0.587481
0.19 0.585485
0.2 0.583381
0.21 0.58117
0.22 0.578852
0.23 0.576428
0.24 0.573898
0.25 0.571262
0.26 0.568521
0.27 0.565675
0.28 0.562724
0.29 0.55967
0.3 0.556512
0.31 0.553252
0.32 0.54989
0.33 0.546427
0.34 0.542865
0.35 0.539203
0.36 0.535443
0.37 0.531586
0.38 0.527633
0.39 0.523586
0.4 0.519445
0.41 0.515213
0.42 0.510891
0.43 0.50648
0.44 0.501981
0.45 0.497398
0.46 0.492731
0.47 0.487982
0.48 0.483154
0.49 0.478249
0.5 0.473268
0.51 0.468214
0.52 0.463089
0.53 0.457896
0.54 0.452637
0.55 0.447314
0.56 0.441931
0.57 0.436491
0.58 0.430994
0.59 0.425431
0.6 0.419782
0.61 0.414082
0.62 0.408611
0.63 0.404077
0.64 0.401322
0.65 0.400342
0.66 0.399724
0.67 0.398018
0.68 0.395737
0.69 0.394334
0.7 0.393337
0.71 0.391432
0.72 0.389512
0.73 0.388432
0.74 0.386835
0.75 0.384886
0.76 0.383764
0.77 0.382231
0.78 0.380433
0.79 0.379405
0.8 0.377795
0.81 0.376333
0.82 0.375348
0.83 0.373703
0.84 0.372747
0.85 0.371538
0.86 0.370282
0.87 0.369543
0.88 0.368216
0.89 0.367639
0.9 0.366556
0.91 0.365932
0.92 0.365218
0.93 0.36453
0.94 0.364155
0.95 0.36348
0.96 0.36337
0.97 0.362788
0.98 0.362885
0.99 0.362445
