0 -1.48001e-16
0.01 0.0606168
0.02 0.120994
0.03 0.180894
0.04 0.240081
0.05 0.298319
0.06 0.355381
0.07 0.41104
0.08 0.465076
0.09 0.517277
0.1 0.567437
0.11 0.615357
0.12 0.660849
0.13 0.703733
0.14 0.743839
0.15 0.78101
0.16 0.815099
0.17 0.84597
0.18 0.873503
0.19 0.897589
0.2 0.918133
0.21 0.935052
0.22 0.948282
0.23 0.957769
0.24 0.963477
0.25 0.965382
0.26 0.963477
0.27 0.957769
0.28 0.948282
0.29 0.935052
0.3 0.918133
0.31 0.897589
0.32 0.873503
0.33 0.84597
0.34 0.815099
0.35 0.78101
0.36 0.743839
0.37 0.703733
0.38 0.660849
0.39 0.615357
0.4 0.567437
0.41 0.517277
0.42 0.465076
0.43 0.41104
0.44 0.355381
0.45 0.298319
0.46 0.240081
0.47 0.180894
0.48 0.120994
0.49 0.0606168
0.5 -1.53349e-16
0.51 -0.0606168
0.52 -0.120994
0.53 -0.180894
0.54 -0.240081
0.55 -0.298319
0.56 -0.355381
0.57 -0.41104
0.58 -0.465076
0.59 -0.517277
0.6 -0.567437
0.61 -0.615357
0.62 -0.660849
0.63 -0.703733
0.64 -0.743839
0.65 -0.78101
0.66 -0.815099
0.67 -0.84597
0.68 -0.873503
0.69 -0.897589
0.7 -0.918133
0.71 -0.935052
0.72 -0.948282
0.73 -0.957769
0.74 -0.963477
0.75 -0.965382
0.76 -0.963477
0.77 -0.957769
0.78 -0.948282
0.79 -0.935052
0.8 -0.918133
0.81 -0.897589
0.82 -0.873503
0.83 -0.84597
0.84 -0.815099
0.85 -0.78101
0.86 -0.743839
0.87 -0.703733
0.88 -0.660849
0.89 -0.615357
0.9 -0.567437
0.91 -0.517277
0.92 -0.465076
0.93 -0.41104
0.94 -0.355381
0.95 -0.298319
0.96 -0.240081
0.97 -0.180894
0.98 -0.120994
0.99 -0.0606168
