-1 0.186224
-0.99 0.186207
-0.98 0.186558
-0.97 0.186679
-0.96 0.187541
-0.95 0.187678
-0.94 0.18903
-0.93 0.189457
-0.92 0.19068
-0.91 0.192205
-0.9 0.192825
-0.89 0.194753
-0.88 0.196804
-0.87 0.197568
-0.86 0.19923
-0.85 0.203441
-0.84 0.209435
-0.83 0.216018
-0.82 0.22272
-0.81 0.229506
-0.8 0.236401
-0.79 0.243414
-0.78 0.250542
-0.77 0.257784
-0.76 0.265135
-0.75 0.272595
-0.74 0.280161
-0.73 0.287831
-0.72 0.2956
-0.71 0.303466
-0.7 0.311427
-0.69 0.319477
-0.68 0.327615
-0.67 0.335835
-0.66 0.344134
-0.65 0.352508
-0.64 0.360951
-0.63 0.369461
-0.62 0.378031
-0.61 0.386657
-0.6 0.395334
-0.59 0.404056
-0.58 0.412818
-0.57 0.421614
-0.56 0.430439
-0.55 0.439287
-0.54 0.448151
-0.53 0.457026
-0.52 0.465904
-0.51 0.47478
-0.5 0.483647
-0.49 0.492498
-0.48 0.501327
-0.47 0.510126
-0.46 0.518888
-0.45 0.527607
-0.44 0.536275
-0.43 0.544885
-0.42 0.55343
-0.41 0.561903
-0.4 0.570295
-0.39 0.578601
-0.38 0.586812
-0.37 0.59492
-0.36 0.60292
-0.35 0.610803
-0.34 0.618562
-0.33 0.626191
-0.32 0.63368
-0.31 0.641025
-0.3 0.648216
-0.29 0.655248
-0.28 0.662114
-0.27 0.668807
-0.26 0.67532
-0.25 0.681647
-0.24 0.687781
-0.23 0.693716
-0.22 0.699447
-0.21 0.704967
-0.2 0.71027
-0.19 0.715351
-0.18 0.720205
-0.17 0.724827
-0.16 0.729212
-0.15 0.733355
-0.14 0.737252
-0.13 0.740899
-0.12 0.744292
-0.11 0.747427
-0.1 0.7503
-0.09 0.75291
-0.08 0.755252
-0.07 0.757325
-0.06 0.759126
-0.05 0.760654
-0.04 0.761905
-0.03 0.762881
-0.02 0.763578
-0.01 0.763997
0 0.764136
0.01 0.763997
0.02 0.763578
0.03 0.762881
0.04 0.761905
0.05 0.760654
0.06 0.759126
0.07 0.757325
0.08 0.755252
0.09 0.75291
0.1 0.7503
0.11 0.747427
0.12 0.744292
0.13 0.740899
0.14 0.737252
0.15 0.733355
0.16 0.729212
0.17 0.724827
0.18 0.720205
0.19 0.715351
0.2 0.71027
0.21 0.704967
0.22 0.699447
0.23 0.693716
0.24 0.687781
0.25 0.681647
0.26 0.67532
0.27 0.668807
0.28 0.662114
0.29 0.655248
0.3 0.648216
0.31 0.641025
0.32 0.63368
0.33 0.626191
0.34 0.618562
0.35 0.610803
0.36 0.60292
0.37 0.59492
0.38 0.586812
0.39 0.578601
0.4 0.570295
0.41 0.561903
0.42 0.55343
0.43 0.544885
0.44 0.536275
0.45 0.527607
0.46 0.518888
0.47 0.510126
0.48 0.501327
0.49 0.492498
0.5 0.483647
0.51 0.47478
0.52 0.465904
0.53 0.457026
0.54 0.448151
0.55 0.439287
0.56 0.430439
0.57 0.421614
0.58 0.412818
0.59 0.404056
0.6 0.395334
0.61 0.386657
0.62 0.378031
0.63 0.369461
0.64 0.360951
0.65 0.352508
0.66 0.344134
0.67 0.335835
0.68 0.327615
0.69 0.319477
0.7 0.311427
0.71 0.303466
0.72 0.2956
0.73 0.287831
0.74 0.280161
0.75 0.272595
0.76 0.265135
0.77 0.257784
0.78 0.250542
0.79 0.243414
0.8 0.236401
0.81 0.229506
0.82 0.22272
0.83 0.216018
0.84 0.209435
0.85 0.203441
0.86 0.19923
0.87 0.197568
0.88 0.196804
0.89 0.194753
0.9 0.192825
0.91 0.192205
0.92 0.19068
0.93 0.189457
0.94 0.18903
0.95 0.187678
0.96 0.187541
0.97 0.186679
0.98 0.186558
0.99 0.186207
