-1 0.236837
-0.99 0.237336
-0.98 0.237107
-0.97 0.237873
-0.96 0.237935
-0.95 0.238903
-0.94 0.239373
-0.93 0.240361
-0.92 0.241445
-0.91 0.24227
-0.9 0.243989
-0.89 0.244905
-0.88 0.246642
-0.87 0.248437
-0.86 0.249654
-0.85 0.251992
-0.84 0.254017
-0.83 0.255451
-0.82 0.258082
-0.81 0.26091
-0.8 0.262522
-0.79 0.264362
-0.78 0.268302
-0.77 0.27429
-0.76 0.28125
-0.75 0.288451
-0.74 0.295693
-0.73 0.302984
-0.72 0.310343
-0.71 0.317771
-0.7 0.325264
-0.69 0.33282
-0.68 0.340433
-0.67 0.348101
-0.66 0.355819
-0.65 0.363583
-0.64 0.371389
-0.63 0.379233
-0.62 0.387111
-0.61 0.395017
-0.6 0.402947
-0.59 0.410896
-0.58 0.418861
-0.57 0.426834
-0.56 0.434812
-0.55 0.442789
-0.54 0.450761
-0.53 0.458721
-0.52 0.466665
-0.51 0.474586
-0.5 0.48248
-0.49 0.490341
-0.48 0.498163
-0.47 0.505941
-0.46 0.513668
-0.45 0.52134
-0.44 0.52895
-0.43 0.536492
-0.42 0.543962
-0.41 0.551352
-0.4 0.558658
-0.39 0.565873
-0.38 0.572993
-0.37 0.58001
-0.36 0.58692
-0.35 0.593716
-0.34 0.600394
-0.33 0.606947
-0.32 0.613371
-0.31 0.619659
-0.3 0.625807
-0.29 0.63181
-0.28 0.637661
-0.27 0.643357
-0.26 0.648892
-0.25 0.654261
-0.24 0.65946
-0.23 0.664484
-0.22 0.669329
-0.21 0.67399
-0.2 0.678463
-0.19 0.682745
-0.18 0.686831
-0.17 0.690718
-0.16 0.694402
-0.15 0.69788
-0.14 0.701149
-0.13 0.704206
-0.12 0.707048
-0.11 0.709672
-0.1 0.712076
-0.09 0.714257
-0.08 0.716215
-0.07 0.717947
-0.06 0.719451
-0.05 0.720726
-0.04 0.72177
-0.03 0.722584
-0.02 0.723166
-0.01 0.723515
0 0.723631
0.01 0.723515
0.02 0.723166
0.03 0.722584
0.04 0.72177
0.05 0.720726
0.06 0.719451
0.07 0.717947
0.08 0.716215
0.09 0.714257
0.1 0.712076
0.11 0.709672
0.12 0.707048
0.13 0.704206
0.14 0.701149
0.15 0.69788
0.16 0.694402
0.17 0.690718
0.18 0.686831
0.19 0.682745
0.2 0.678463
0.21 0.67399
0.22 0.669329
0.23 0.664484
0.24 0.65946
0.25 0.654261
0.26 0.648892
0.27 0.643357
0.28 0.637661
0.29 0.63181
0.3 0.625807
0.31 0.619659
0.32 0.613371
0.33 0.606947
0.34 0.600394
0.35 0.593716
0.36 0.58692
0.37 0.58001
0.38 0.572993
0.39 0.565873
0.4 0.558658
0.41 0.551352
0.42 0.543962
0.43 0.536492
0.44 0.52895
0.45 0.52134
0.46 0.513668
0.47 0.505941
0.48 0.498163
0.49 0.490341
0.5 0.48248
0.51 0.474586
0.52 0.466665
0.53 0.458721
0.54 0.450761
0.55 0.442789
0.56 0.434812
0.57 0.426834
0.58 0.418861
0.59 0.410896
0.6 0.402947
0.61 0.395017
0.62 0.387111
0.63 0.379233
0.64 0.371389
0.65 0.363583
0.66 0.355819
0.67 0.348101
0.68 0.340433
0.69 0.33282
0.7 0.325264
0.71 0.317771
0.72 0.310343
0.73 0.302984
0.74 0.295693
0.75 0.288451
0.76 0.28125
0.77 0.27429
0.78 0.268302
0.79 0.264362
0.8 0.262522
0.81 0.26091
0.82 0.258082
0.83 0.255451
0.84 0.254017
0.85 0.251992
0.86 0.249654
0.87 0.248437
0.88 0.246642
0.89 0.244905
0.9 0.243989
0.91 0.24227
0.92 0.241445
0.93 0.240361
0.94 0.239373
0.95 0.238903
0.96 0.237935
0.97 0.237873
0.98 0.237107
0.99 0.237336
