-1 0.282619
-0.998 0.282862
-0.996 0.28359
-0.994 0.284804
-0.992 0.286503
-0.99 0.288687
-0.988 0.291356
-0.986 0.294511
-0.984 0.298149
-0.982 0.302272
-0.98 0.306879
-0.978 0.311969
-0.976 0.317543
-0.974 0.323598
-0.972 0.330136
-0.97 0.337154
-0.968 0.344652
-0.966 0.352629
-0.964 0.361083
-0.962 0.370014
-0.96 0.37942
-0.958 0.389299
-0.956 0.39965
-0.954 0.410469
-0.952 0.421756
-0.95 0.433507
-0.948 0.44572
-0.946 0.458391
-0.944 0.471518
-0.942 0.485097
-0.94 0.499123
-0.938 0.513593
-0.936 0.528501
-0.934 0.543844
-0.932 0.559616
-0.93 0.57581
-0.928 0.592421
-0.926 0.609443
-0.924 0.626869
-0.922 0.64469
-0.92 0.662901
-0.918 0.681491
-0.916 0.700452
-0.914 0.719776
-0.912 0.739453
-0.91 0.759472
-0.908 0.779823
-0.906 0.800494
-0.904 0.821475
-0.902 0.842752
-0.9 0.864314
-0.898 0.886146
-0.896 0.908236
-0.894 0.930569
-0.892 0.953131
-0.89 0.975906
-0.888 0.998878
-0.886 1.02203
-0.884 1.04535
-0.882 1.06882
-0.88 1.09241
-0.878 1.11612
-0.876 1.13992
-0.874 1.1638
-0.872 1.18773
-0.87 1.21169
-0.868 1.23567
-0.866 1.25965
-0.864 1.2836
-0.862 1.30751
-0.86 1.33134
-0.858 1.35509
-0.856 1.37873
-0.854 1.40223
-0.852 1.42558
-0.85 1.44875
-0.848 1.47172
-0.846 1.49447
-0.844 1.51698
-0.842 1.53922
-0.84 1.56117
-0.838 1.5828
-0.836 1.60411
-0.834 1.62505
-0.832 1.64562
-0.83 1.66579
-0.828 1.68554
-0.826 1.70484
-0.824 1.72368
-0.822 1.74204
-0.82 1.75989
-0.818 1.77722
-0.816 1.794
-0.814 1.81022
-0.812 1.82586
-0.81 1.84091
-0.808 1.85533
-0.806 1.86913
-0.804 1.88227
-0.802 1.89475
-0.8 1.90656
-0.798 1.91767
-0.796 1.92808
-0.794 1.93777
-0.792 1.94673
-0.79 1.95495
-0.788 1.96242
-0.786 1.96913
-0.784 1.97508
-0.782 1.98025
-0.78 1.98464
-0.778 1.98825
-0.776 1.99107
-0.774 1.9931
-0.772 1.99433
-0.77 1.99476
-0.768 1.9944
-0.766 1.99324
-0.764 1.99128
-0.762 1.98853
-0.76 1.98499
-0.758 1.98067
-0.756 1.97556
-0.754 1.96968
-0.752 1.96303
-0.75 1.95562
-0.748 1.94746
-0.746 1.93856
-0.744 1.92893
-0.742 1.91858
-0.74 1.90752
-0.738 1.89577
-0.736 1.88333
-0.734 1.87023
-0.732 1.85648
-0.73 1.84209
-0.728 1.82709
-0.726 1.81148
-0.724 1.79528
-0.722 1.77852
-0.72 1.76121
-0.718 1.74337
-0.716 1.72502
-0.714 1.70619
-0.712 1.68688
-0.71 1.66712
-0.708 1.64694
-0.706 1.62635
-0.704 1.60538
-0.702 1.58404
-0.7 1.56236
-0.698 1.54037
-0.696 1.51807
-0.694 1.4955
-0.692 1.47267
-0.69 1.44962
-0.688 1.42635
-0.686 1.4029
-0.684 1.37928
-0.682 1.35551
-0.68 1.33162
-0.678 1.30763
-0.676 1.28356
-0.674 1.25943
-0.672 1.23526
-0.67 1.21106
-0.668 1.18687
-0.666 1.16269
-0.664 1.13855
-0.662 1.11447
-0.66 1.09046
-0.658 1.06654
-0.656 1.04273
-0.654 1.01904
-0.652 0.995489
-0.65 0.972096
-0.648 0.948872
-0.646 0.925833
-0.644 0.902992
-0.642 0.880363
-0.64 0.857957
-0.638 0.835787
-0.636 0.813865
-0.634 0.7922
-0.632 0.770804
-0.63 0.749686
-0.628 0.728855
-0.626 0.708319
-0.624 0.688086
-0.622 0.668164
-0.62 0.64856
-0.618 0.629279
-0.616 0.610327
-0.614 0.591709
-0.612 0.573429
-0.61 0.555492
-0.608 0.537901
-0.606 0.520658
-0.604 0.503767
-0.602 0.487229
-0.6 0.471045
-0.598 0.455217
-0.596 0.439745
-0.594 0.424628
-0.592 0.409868
-0.59 0.395462
-0.588 0.38141
-0.586 0.36771
-0.584 0.35436
-0.582 0.341359
-0.58 0.328703
-0.578 0.31639
-0.576 0.304416
-0.574 0.292778
-0.572 0.281472
-0.57 0.270495
-0.568 0.259842
-0.566 0.249509
-0.564 0.239491
-0.562 0.229783
-0.56 0.22038
-0.558 0.211278
-0.556 0.202471
-0.554 0.193953
-0.552 0.185719
-0.55 0.177764
-0.548 0.170081
-0.546 0.162665
-0.544 0.155511
-0.542 0.148611
-0.54 0.141961
-0.538 0.135555
-0.536 0.129385
-0.534 0.123447
-0.532 0.117735
-0.53 0.112242
-0.528 0.106962
-0.526 0.10189
-0.524 0.0970197
-0.522 0.0923453
-0.52 0.0878609
-0.518 0.0835608
-0.516 0.0794394
-0.514 0.0754911
-0.512 0.0717103
-0.51 0.0680916
-0.508 0.0646297
-0.506 0.0613193
-0.504 0.0581551
-0.502 0.0551322
-0.5 0.0522455
-0.498 0.0494902
-0.496 0.0468614
-0.494 0.0443545
-0.492 0.0419649
-0.49 0.0396882
-0.488 0.03752
-0.486 0.0354561
-0.484 0.0334923
-0.482 0.0316246
-0.48 0.0298491
-0.478 0.028162
-0.476 0.0265597
-0.474 0.0250385
-0.472 0.023595
-0.47 0.0222258
-0.468 0.0209277
-0.466 0.0196975
-0.464 0.0185323
-0.462 0.017429
-0.46 0.0163848
-0.458 0.015397
-0.456 0.014463
-0.454 0.0135802
-0.452 0.0127462
-0.45 0.0119586
-0.448 0.0112152
-0.446 0.0105139
-0.444 0.00985238
-0.442 0.00922884
-0.44 0.0086413
-0.438 0.00808793
-0.436 0.00756697
-0.434 0.00707674
-0.432 0.00661562
-0.43 0.00618207
-0.428 0.00577462
-0.426 0.00539187
-0.424 0.00503248
-0.422 0.00469516
-0.42 0.0043787
-0.418 0.00408194
-0.416 0.00380377
-0.414 0.00354314
-0.412 0.00329904
-0.41 0.00307054
-0.408 0.00285671
-0.406 0.00265672
-0.404 0.00246974
-0.402 0.002295
-0.4 0.00213177
-0.398 0.00197936
-0.396 0.00183711
-0.394 0.0017044
-0.392 0.00158064
-0.39 0.00146529
-0.388 0.00135781
-0.386 0.00125771
-0.384 0.00116452
-0.382 0.00107781
-0.38 0.000997154
-0.378 0.000922166
-0.376 0.000852476
-0.374 0.000787738
-0.372 0.000727624
-0.37 0.00067183
-0.368 0.000620065
-0.366 0.00057206
-0.364 0.000527561
-0.362 0.000486328
-0.36 0.000448139
-0.358 0.000412784
-0.356 0.000380065
-0.354 0.000349801
-0.352 0.000321817
-0.35 0.000295954
-0.348 0.00027206
-0.346 0.000249995
-0.344 0.000229628
-0.342 0.000210836
-0.34 0.000193505
-0.338 0.000177527
-0.336 0.000162803
-0.334 0.000149241
-0.332 0.000136754
-0.33 0.000125261
-0.328 0.000114688
-0.326 0.000104966
-0.324 9.60299e-05
-0.322 8.78191e-05
-0.32 8.02782e-05
-0.318 7.33556e-05
-0.316 6.7003e-05
-0.314 6.11762e-05
-0.312 5.58337e-05
-0.31 5.09374e-05
-0.308 4.64519e-05
-0.306 4.23444e-05
-0.304 3.85847e-05
-0.302 3.51448e-05
-0.3 3.19987e-05
-0.298 2.91226e-05
-0.296 2.64944e-05
-0.294 2.40938e-05
-0.292 2.19019e-05
-0.29 1.99015e-05
-0.288 1.80765e-05
-0.286 1.64123e-05
-0.284 1.48954e-05
-0.282 1.35133e-05
-0.28 1.22545e-05
-0.278 1.11085e-05
-0.276 1.00657e-05
-0.274 9.11708e-06
-0.272 8.25458e-06
-0.27 7.4707e-06
-0.268 6.75854e-06
-0.266 6.11184e-06
-0.264 5.5248e-06
-0.262 4.99215e-06
-0.26 4.50905e-06
-0.258 4.07107e-06
-0.256 3.67416e-06
-0.254 3.31462e-06
-0.252 2.98907e-06
-0.25 2.69442e-06
-0.248 2.42784e-06
-0.246 2.18676e-06
-0.244 1.96883e-06
-0.242 1.77191e-06
-0.24 1.59405e-06
-0.238 1.43347e-06
-0.236 1.28855e-06
-0.234 1.15782e-06
-0.232 1.03993e-06
-0.23 9.33677e-07
-0.228 8.37943e-07
-0.226 7.51724e-07
-0.224 6.74107e-07
-0.222 6.04262e-07
-0.22 5.41437e-07
-0.218 4.8495e-07
-0.216 4.34183e-07
-0.214 3.88574e-07
-0.212 3.47618e-07
-0.21 3.10854e-07
-0.208 2.77867e-07
-0.206 2.48281e-07
-0.204 2.21757e-07
-0.202 1.97987e-07
-0.2 1.76694e-07
-0.198 1.57628e-07
-0.196 1.40563e-07
-0.194 1.25296e-07
-0.192 1.11642e-07
-0.19 9.94359e-08
-0.188 8.85292e-08
-0.186 7.87873e-08
-0.184 7.00893e-08
-0.182 6.23267e-08
-0.18 5.54016e-08
-0.178 4.92263e-08
-0.176 4.37218e-08
-0.174 3.88172e-08
-0.172 3.44491e-08
-0.17 3.05603e-08
-0.168 2.70997e-08
-0.166 2.40213e-08
-0.164 2.12841e-08
-0.162 1.88512e-08
-0.16 1.66898e-08
-0.158 1.47702e-08
-0.156 1.30663e-08
-0.154 1.15542e-08
-0.152 1.02131e-08
-0.15 9.02402e-09
-0.148 7.97019e-09
-0.146 7.03661e-09
-0.144 6.20991e-09
-0.142 5.47813e-09
-0.14 4.83066e-09
-0.138 4.25801e-09
-0.136 3.75174e-09
-0.134 3.30434e-09
-0.132 2.90914e-09
-0.13 2.56018e-09
-0.128 2.25218e-09
-0.126 1.98043e-09
-0.124 1.74078e-09
-0.122 1.52951e-09
-0.12 1.34335e-09
-0.118 1.17938e-09
-0.116 1.035e-09
-0.114 9.07939e-10
-0.112 7.96158e-10
-0.11 6.97857e-10
-0.108 6.1145e-10
-0.106 5.35529e-10
-0.104 4.68845e-10
-0.102 4.103e-10
-0.1 3.58923e-10
-0.098 3.13851e-10
-0.096 2.74335e-10
-0.094 2.39693e-10
-0.092 2.09341e-10
-0.09 1.82766e-10
-0.088 1.59496e-10
-0.086 1.39137e-10
-0.084 1.21325e-10
-0.082 1.0575e-10
-0.08 9.21415e-11
-0.078 8.02488e-11
-0.076 6.98629e-11
-0.074 6.07994e-11
-0.072 5.28904e-11
-0.07 4.59927e-11
-0.068 3.99728e-11
-0.066 3.47331e-11
-0.064 3.01636e-11
-0.062 2.61909e-11
-0.06 2.27256e-11
-0.058 1.97166e-11
-0.056 1.70952e-11
-0.054 1.48232e-11
-0.052 1.28437e-11
-0.05 1.11256e-11
-0.048 9.63187e-12
-0.046 8.33825e-12
-0.044 7.21302e-12
-0.042 6.24047e-12
-0.04 5.39716e-12
-0.038 4.66755e-12
-0.036 4.03518e-12
-0.034 3.48931e-12
-0.032 3.01749e-12
-0.03 2.61038e-12
-0.028 2.25705e-12
-0.026 1.95386e-12
-0.024 1.6997e-12
-0.022 1.47049e-12
-0.02 1.28484e-12
-0.018 1.12266e-12
-0.016 9.86023e-13
-0.014 8.733e-13
-0.012 7.74595e-13
-0.01 6.993e-13
-0.008 6.40389e-13
-0.006 5.95217e-13
-0.004 5.61126e-13
-0.002 5.39882e-13
0 5.44812e-13
0.002 5.44049e-13
0.004 5.60641e-13
0.006 5.92707e-13
0.008 6.4368e-13
0.01 6.99158e-13
0.012 7.80075e-13
0.014 8.71536e-13
0.016 9.84164e-13
0.018 1.11963e-12
0.02 1.28428e-12
0.022 1.47326e-12
0.024 1.69593e-12
0.026 1.95319e-12
0.028 2.25825e-12
0.03 2.60625e-12
0.032 3.01836e-12
0.034 3.48719e-12
0.036 4.03361e-12
0.038 4.66735e-12
0.04 5.39635e-12
0.042 6.23953e-12
0.044 7.21333e-12
0.046 8.33857e-12
0.048 9.63151e-12
0.05 1.11255e-11
0.052 1.28417e-11
0.054 1.48223e-11
0.056 1.70975e-11
0.058 1.97144e-11
0.06 2.27247e-11
0.062 2.61902e-11
0.064 3.01666e-11
0.066 3.47355e-11
0.068 3.99739e-11
0.07 4.599e-11
0.072 5.28882e-11
0.074 6.07955e-11
0.076 6.98628e-11
0.078 8.02427e-11
0.08 9.21366e-11
0.082 1.05752e-10
0.084 1.2132e-10
0.086 1.39135e-10
0.088 1.595e-10
0.09 1.82761e-10
0.092 2.09347e-10
0.094 2.39692e-10
0.096 2.74332e-10
0.098 3.13853e-10
0.1 3.58922e-10
0.102 4.10299e-10
0.104 4.68843e-10
0.106 5.35527e-10
0.108 6.1145e-10
0.11 6.97858e-10
0.112 7.96155e-10
0.114 9.07938e-10
0.116 1.035e-09
0.118 1.17938e-09
0.12 1.34335e-09
0.122 1.52951e-09
0.124 1.74077e-09
0.126 1.98043e-09
0.128 2.25216e-09
0.13 2.56017e-09
0.132 2.90914e-09
0.134 3.30434e-09
0.136 3.75174e-09
0.138 4.258e-09
0.14 4.83065e-09
0.142 5.47813e-09
0.144 6.2099e-09
0.146 7.03661e-09
0.148 7.97019e-09
0.15 9.02401e-09
0.152 1.02131e-08
0.154 1.15542e-08
0.156 1.30663e-08
0.158 1.47702e-08
0.16 1.66898e-08
0.162 1.88512e-08
0.164 2.12841e-08
0.166 2.40213e-08
0.168 2.70997e-08
0.17 3.05603e-08
0.172 3.44491e-08
0.174 3.88172e-08
0.176 4.37218e-08
0.178 4.92262e-08
0.18 5.54016e-08
0.182 6.23267e-08
0.184 7.00893e-08
0.186 7.87873e-08
0.188 8.85292e-08
0.19 9.94359e-08
0.192 1.11642e-07
0.194 1.25296e-07
0.196 1.40563e-07
0.198 1.57628e-07
0.2 1.76694e-07
0.202 1.97987e-07
0.204 2.21757e-07
0.206 2.48281e-07
0.208 2.77867e-07
0.21 3.10854e-07
0.212 3.47618e-07
0.214 3.88574e-07
0.216 4.34183e-07
0.218 4.8495e-07
0.22 5.41437e-07
0.222 6.04262e-07
0.224 6.74107e-07
0.226 7.51724e-07
0.228 8.37943e-07
0.23 9.33677e-07
0.232 1.03993e-06
0.234 1.15782e-06
0.236 1.28855e-06
0.238 1.43347e-06
0.24 1.59405e-06
0.242 1.77191e-06
0.244 1.96883e-06
0.246 2.18676e-06
0.248 2.42784e-06
0.25 2.69442e-06
0.252 2.98907e-06
0.254 3.31462e-06
0.256 3.67416e-06
0.258 4.07107e-06
0.26 4.50905e-06
0.262 4.99215e-06
0.264 5.5248e-06
0.266 6.11184e-06
0.268 6.75854e-06
0.27 7.4707e-06
0.272 8.25458e-06
0.274 9.11708e-06
0.276 1.00657e-05
0.278 1.11085e-05
0.28 1.22545e-05
0.282 1.35133e-05
0.284 1.48954e-05
0.286 1.64123e-05
0.288 1.80765e-05
0.29 1.99015e-05
0.292 2.19019e-05
0.294 2.40938e-05
0.296 2.64944e-05
0.298 2.91226e-05
0.3 3.19987e-05
0.302 3.51448e-05
0.304 3.85847e-05
0.306 4.23444e-05
0.308 4.64519e-05
0.31 5.09374e-05
0.312 5.58337e-05
0.314 6.11762e-05
0.316 6.7003e-05
0.318 7.33556e-05
0.32 8.02782e-05
0.322 8.78191e-05
0.324 9.60299e-05
0.326 0.000104966
0.328 0.000114688
0.33 0.000125261
0.332 0.000136754
0.334 0.000149241
0.336 0.000162803
0.338 0.000177527
0.34 0.000193505
0.342 0.000210836
0.344 0.000229628
0.346 0.000249995
0.348 0.00027206
0.35 0.000295954
0.352 0.000321817
0.354 0.000349801
0.356 0.000380065
0.358 0.000412784
0.36 0.000448139
0.362 0.000486328
0.364 0.000527561
0.366 0.00057206
0.368 0.000620065
0.37 0.00067183
0.372 0.000727624
0.374 0.000787738
0.376 0.000852476
0.378 0.000922166
0.38 0.000997154
0.382 0.00107781
0.384 0.00116452
0.386 0.00125771
0.388 0.00135781
0.39 0.00146529
0.392 0.00158064
0.394 0.0017044
0.396 0.00183711
0.398 0.00197936
0.4 0.00213177
0.402 0.002295
0.404 0.00246974
0.406 0.00265672
0.408 0.00285671
0.41 0.00307054
0.412 0.00329904
0.414 0.00354314
0.416 0.00380377
0.418 0.00408194
0.42 0.0043787
0.422 0.00469516
0.424 0.00503248
0.426 0.00539187
0.428 0.00577462
0.43 0.00618207
0.432 0.00661562
0.434 0.00707674
0.436 0.00756697
0.438 0.00808793
0.44 0.0086413
0.442 0.00922884
0.444 0.00985238
0.446 0.0105139
0.448 0.0112152
0.45 0.0119586
0.452 0.0127462
0.454 0.0135802
0.456 0.014463
0.458 0.015397
0.46 0.0163848
0.462 0.017429
0.464 0.0185323
0.466 0.0196975
0.468 0.0209277
0.47 0.0222258
0.472 0.023595
0.474 0.0250385
0.476 0.0265597
0.478 0.028162
0.48 0.0298491
0.482 0.0316246
0.484 0.0334923
0.486 0.0354561
0.488 0.03752
0.49 0.0396882
0.492 0.0419649
0.494 0.0443545
0.496 0.0468614
0.498 0.0494902
0.5 0.0522455
0.502 0.0551322
0.504 0.0581551
0.506 0.0613193
0.508 0.0646297
0.51 0.0680916
0.512 0.0717103
0.514 0.0754911
0.516 0.0794394
0.518 0.0835608
0.52 0.0878609
0.522 0.0923453
0.524 0.0970197
0.526 0.10189
0.528 0.106962
0.53 0.112242
0.532 0.117735
0.534 0.123447
0.536 0.129385
0.538 0.135555
0.54 0.141961
0.542 0.148611
0.544 0.155511
0.546 0.162665
0.548 0.170081
0.55 0.177764
0.552 0.185719
0.554 0.193953
0.556 0.202471
0.558 0.211278
0.56 0.22038
0.562 0.229783
0.564 0.239491
0.566 0.249509
0.568 0.259842
0.57 0.270495
0.572 0.281472
0.574 0.292778
0.576 0.304416
0.578 0.31639
0.58 0.328703
0.582 0.341359
0.584 0.35436
0.586 0.36771
0.588 0.38141
0.59 0.395462
0.592 0.409868
0.594 0.424628
0.596 0.439745
0.598 0.455217
0.6 0.471045
0.602 0.487229
0.604 0.503767
0.606 0.520658
0.608 0.537901
0.61 0.555492
0.612 0.573429
0.614 0.591709
0.616 0.610327
0.618 0.629279
0.62 0.64856
0.622 0.668164
0.624 0.688086
0.626 0.708319
0.628 0.728855
0.63 0.749686
0.632 0.770804
0.634 0.7922
0.636 0.813865
0.638 0.835787
0.64 0.857957
0.642 0.880363
0.644 0.902992
0.646 0.925833
0.648 0.948872
0.65 0.972096
0.652 0.995489
0.654 1.01904
0.656 1.04273
0.658 1.06654
0.66 1.09046
0.662 1.11447
0.664 1.13855
0.666 1.16269
0.668 1.18687
0.67 1.21106
0.672 1.23526
0.674 1.25943
0.676 1.28356
0.678 1.30763
0.68 1.33162
0.682 1.35551
0.684 1.37928
0.686 1.4029
0.688 1.42635
0.69 1.44962
0.692 1.47267
0.694 1.4955
0.696 1.51807
0.698 1.54037
0.7 1.56236
0.702 1.58404
0.704 1.60538
0.706 1.62635
0.708 1.64694
0.71 1.66712
0.712 1.68688
0.714 1.70619
0.716 1.72502
0.718 1.74337
0.72 1.76121
0.722 1.77852
0.724 1.79528
0.726 1.81148
0.728 1.82709
0.73 1.84209
0.732 1.85648
0.734 1.87023
0.736 1.88333
0.738 1.89577
0.74 1.90752
0.742 1.91858
0.744 1.92893
0.746 1.93856
0.748 1.94746
0.75 1.95562
0.752 1.96303
0.754 1.96968
0.756 1.97556
0.758 1.98067
0.76 1.98499
0.762 1.98853
0.764 1.99128
0.766 1.99324
0.768 1.9944
0.77 1.99476
0.772 1.99433
0.774 1.9931
0.776 1.99107
0.778 1.98825
0.78 1.98464
0.782 1.98025
0.784 1.97508
0.786 1.96913
0.788 1.96242
0.79 1.95495
0.792 1.94673
0.794 1.93777
0.796 1.92808
0.798 1.91767
0.8 1.90656
0.802 1.89475
0.804 1.88227
0.806 1.86913
0.808 1.85533
0.81 1.84091
0.812 1.82586
0.814 1.81022
0.816 1.794
0.818 1.77722
0.82 1.75989
0.822 1.74204
0.824 1.72368
0.826 1.70484
0.828 1.68554
0.83 1.66579
0.832 1.64562
0.834 1.62505
0.836 1.60411
0.838 1.5828
0.84 1.56117
0.842 1.53922
0.844 1.51698
0.846 1.49447
0.848 1.47172
0.85 1.44875
0.852 1.42558
0.854 1.40223
0.856 1.37873
0.858 1.35509
0.86 1.33134
0.862 1.30751
0.864 1.2836
0.866 1.25965
0.868 1.23567
0.87 1.21169
0.872 1.18773
0.874 1.1638
0.876 1.13992
0.878 1.11612
0.88 1.09241
0.882 1.06882
0.884 1.04535
0.886 1.02203
0.888 0.998878
0.89 0.975906
0.892 0.953131
0.894 0.930569
0.896 0.908236
0.898 0.886146
0.9 0.864314
0.902 0.842752
0.904 0.821475
0.906 0.800494
0.908 0.779823
0.91 0.759472
0.912 0.739453
0.914 0.719776
0.916 0.700452
0.918 0.681491
0.92 0.662901
0.922 0.64469
0.924 0.626869
0.926 0.609443
0.928 0.592421
0.93 0.57581
0.932 0.559616
0.934 0.543844
0.936 0.528501
0.938 0.513593
0.94 0.499123
0.942 0.485097
0.944 0.471518
0.946 0.458391
0.948 0.44572
0.95 0.433507
0.952 0.421756
0.954 0.410469
0.956 0.39965
0.958 0.389299
0.96 0.37942
0.962 0.370014
0.964 0.361083
0.966 0.352629
0.968 0.344652
0.97 0.337154
0.972 0.330136
0.974 0.323598
0.976 0.317543
0.978 0.311969
0.98 0.306879
0.982 0.302272
0.984 0.298149
0.986 0.294511
0.988 0.291356
0.99 0.288687
0.992 0.286503
0.994 0.284804
0.996 0.28359
0.998 0.282862
