-1 1.78287e-08
-0.998 1.79624e-08
-0.996 1.83653e-08
-0.994 1.90427e-08
-0.992 2.00037e-08
-0.99 2.12611e-08
-0.988 2.28316e-08
-0.986 2.47361e-08
-0.984 2.69996e-08
-0.982 2.96521e-08
-0.98 3.27283e-08
-0.978 3.62683e-08
-0.976 4.03181e-08
-0.974 4.49301e-08
-0.972 5.01635e-08
-0.97 5.60852e-08
-0.968 6.27703e-08
-0.966 7.03032e-08
-0.964 7.87783e-08
-0.962 8.83013e-08
-0.96 9.89897e-08
-0.958 1.10975e-07
-0.956 1.24403e-07
-0.954 1.39437e-07
-0.952 1.56257e-07
-0.95 1.75064e-07
-0.948 1.96081e-07
-0.946 2.19554e-07
-0.944 2.45758e-07
-0.942 2.74995e-07
-0.94 3.07602e-07
-0.938 3.4395e-07
-0.936 3.8445e-07
-0.934 4.29557e-07
-0.932 4.79773e-07
-0.93 5.35652e-07
-0.928 5.97806e-07
-0.926 6.6691e-07
-0.924 7.43711e-07
-0.922 8.29027e-07
-0.92 9.23766e-07
-0.918 1.02892e-06
-0.916 1.14559e-06
-0.914 1.27499e-06
-0.912 1.41843e-06
-0.91 1.57738e-06
-0.908 1.75344e-06
-0.906 1.94838e-06
-0.904 2.16412e-06
-0.902 2.40279e-06
-0.9 2.66672e-06
-0.898 2.95846e-06
-0.896 3.2808e-06
-0.894 3.6368e-06
-0.892 4.02983e-06
-0.89 4.46354e-06
-0.888 4.94196e-06
-0.886 5.46946e-06
-0.884 6.05085e-06
-0.882 6.69137e-06
-0.88 7.39673e-06
-0.878 8.17317e-06
-0.876 9.02751e-06
-0.874 9.96716e-06
-0.872 1.10002e-05
-0.87 1.21355e-05
-0.868 1.33826e-05
-0.866 1.47519e-05
-0.864 1.62549e-05
-0.862 1.79038e-05
-0.86 1.97121e-05
-0.858 2.16943e-05
-0.856 2.38664e-05
-0.854 2.62454e-05
-0.852 2.885e-05
-0.85 3.17004e-05
-0.848 3.48185e-05
-0.846 3.8228e-05
-0.844 4.19546e-05
-0.842 4.6026e-05
-0.84 5.04724e-05
-0.838 5.53261e-05
-0.836 6.06224e-05
-0.834 6.63992e-05
-0.832 7.26973e-05
-0.83 7.9561e-05
-0.828 8.70379e-05
-0.826 9.51794e-05
-0.824 0.000104041
-0.822 0.000113682
-0.82 0.000124166
-0.818 0.000135564
-0.816 0.000147948
-0.814 0.000161399
-0.812 0.000176003
-0.81 0.000191851
-0.808 0.000209043
-0.806 0.000227684
-0.804 0.000247889
-0.802 0.000269778
-0.8 0.000293483
-0.798 0.000319143
-0.796 0.000346907
-0.794 0.000376937
-0.792 0.000409402
-0.79 0.000444485
-0.788 0.000482382
-0.786 0.000523301
-0.784 0.000567463
-0.782 0.000615107
-0.78 0.000666484
-0.778 0.000721863
-0.776 0.000781531
-0.774 0.000845793
-0.772 0.000914973
-0.77 0.000989416
-0.768 0.00106949
-0.766 0.00115558
-0.764 0.0012481
-0.762 0.00134748
-0.76 0.0014542
-0.758 0.00156875
-0.756 0.00169164
-0.754 0.00182343
-0.752 0.0019647
-0.75 0.00211606
-0.748 0.00227818
-0.746 0.00245174
-0.744 0.00263746
-0.742 0.00283612
-0.74 0.00304852
-0.738 0.00327552
-0.736 0.00351801
-0.734 0.00377695
-0.732 0.00405332
-0.73 0.00434818
-0.728 0.00466261
-0.726 0.00499779
-0.724 0.00535492
-0.722 0.00573528
-0.72 0.00614019
-0.718 0.00657106
-0.716 0.00702936
-0.714 0.00751661
-0.712 0.00803442
-0.71 0.00858447
-0.708 0.00916851
-0.706 0.00978837
-0.704 0.010446
-0.702 0.0111433
-0.7 0.0118824
-0.698 0.0126654
-0.696 0.0134947
-0.694 0.0143725
-0.692 0.0153013
-0.69 0.0162835
-0.688 0.017322
-0.686 0.0184192
-0.684 0.0195782
-0.682 0.0208017
-0.68 0.0220929
-0.678 0.0234548
-0.676 0.0248907
-0.674 0.026404
-0.672 0.027998
-0.67 0.0296765
-0.668 0.0314429
-0.666 0.0333012
-0.664 0.0352552
-0.662 0.037309
-0.66 0.0394666
-0.658 0.0417322
-0.656 0.0441103
-0.654 0.0466053
-0.652 0.0492217
-0.65 0.0519641
-0.648 0.0548375
-0.646 0.0578466
-0.644 0.0609963
-0.642 0.0642919
-0.64 0.0677384
-0.638 0.0713412
-0.636 0.0751055
-0.634 0.0790368
-0.632 0.0831407
-0.63 0.0874226
-0.628 0.0918883
-0.626 0.0965435
-0.624 0.101394
-0.622 0.106446
-0.62 0.111704
-0.618 0.117176
-0.616 0.122866
-0.614 0.128781
-0.612 0.134927
-0.61 0.14131
-0.608 0.147935
-0.606 0.154809
-0.604 0.161938
-0.602 0.169327
-0.6 0.176983
-0.598 0.184911
-0.596 0.193117
-0.594 0.201606
-0.592 0.210384
-0.59 0.219456
-0.588 0.228829
-0.586 0.238506
-0.584 0.248493
-0.582 0.258794
-0.58 0.269415
-0.578 0.28036
-0.576 0.291632
-0.574 0.303237
-0.572 0.315177
-0.57 0.327456
-0.568 0.340078
-0.566 0.353044
-0.564 0.366359
-0.562 0.380024
-0.56 0.394041
-0.558 0.408411
-0.556 0.423136
-0.554 0.438217
-0.552 0.453654
-0.55 0.469446
-0.548 0.485595
-0.546 0.502097
-0.544 0.518953
-0.542 0.536161
-0.54 0.553717
-0.538 0.57162
-0.536 0.589865
-0.534 0.60845
-0.532 0.627369
-0.53 0.646617
-0.528 0.666189
-0.526 0.68608
-0.524 0.706282
-0.522 0.726787
-0.52 0.74759
-0.518 0.76868
-0.516 0.790048
-0.514 0.811686
-0.512 0.833584
-0.51 0.855729
-0.508 0.878112
-0.506 0.90072
-0.504 0.92354
-0.502 0.94656
-0.5 0.969765
-0.498 0.993143
-0.496 1.01668
-0.494 1.04035
-0.492 1.06415
-0.49 1.08806
-0.488 1.11207
-0.486 1.13614
-0.484 1.16028
-0.482 1.18445
-0.48 1.20864
-0.478 1.23284
-0.476 1.25701
-0.474 1.28115
-0.472 1.30523
-0.47 1.32923
-0.468 1.35313
-0.466 1.37691
-0.464 1.40054
-0.462 1.42401
-0.46 1.4473
-0.458 1.47038
-0.456 1.49323
-0.454 1.51582
-0.452 1.53815
-0.45 1.56018
-0.448 1.58189
-0.446 1.60326
-0.444 1.62427
-0.442 1.6449
-0.44 1.66512
-0.438 1.68492
-0.436 1.70427
-0.434 1.72316
-0.432 1.74156
-0.43 1.75945
-0.428 1.77681
-0.426 1.79363
-0.424 1.80988
-0.422 1.82555
-0.42 1.84061
-0.418 1.85506
-0.416 1.86888
-0.414 1.88204
-0.412 1.89455
-0.41 1.90637
-0.408 1.91749
-0.406 1.92791
-0.404 1.93762
-0.402 1.94659
-0.4 1.95482
-0.398 1.9623
-0.396 1.96903
-0.394 1.97498
-0.392 1.98016
-0.39 1.98456
-0.388 1.98818
-0.386 1.991
-0.384 1.99304
-0.382 1.99427
-0.38 1.99471
-0.378 1.99435
-0.376 1.99319
-0.374 1.99124
-0.372 1.9885
-0.37 1.98496
-0.368 1.98064
-0.366 1.97553
-0.364 1.96966
-0.362 1.96301
-0.36 1.9556
-0.358 1.94745
-0.356 1.93855
-0.354 1.92892
-0.352 1.91857
-0.35 1.90751
-0.348 1.89576
-0.346 1.88332
-0.344 1.87023
-0.342 1.85647
-0.34 1.84209
-0.338 1.82708
-0.336 1.81147
-0.334 1.79528
-0.332 1.77852
-0.33 1.76121
-0.328 1.74337
-0.326 1.72502
-0.324 1.70618
-0.322 1.68688
-0.32 1.66712
-0.318 1.64694
-0.316 1.62635
-0.314 1.60538
-0.312 1.58404
-0.31 1.56236
-0.308 1.54036
-0.306 1.51807
-0.304 1.4955
-0.302 1.47267
-0.3 1.44962
-0.298 1.42635
-0.296 1.4029
-0.294 1.37928
-0.292 1.35551
-0.29 1.33162
-0.288 1.30763
-0.286 1.28356
-0.284 1.25943
-0.282 1.23526
-0.28 1.21106
-0.278 1.18687
-0.276 1.16269
-0.274 1.13855
-0.272 1.11447
-0.27 1.09046
-0.268 1.06654
-0.266 1.04273
-0.264 1.01904
-0.262 0.995489
-0.26 0.972096
-0.258 0.948872
-0.256 0.925833
-0.254 0.902992
-0.252 0.880363
-0.25 0.857957
-0.248 0.835787
-0.246 0.813865
-0.244 0.7922
-0.242 0.770804
-0.24 0.749686
-0.238 0.728855
-0.236 0.708319
-0.234 0.688086
-0.232 0.668164
-0.23 0.64856
-0.228 0.629279
-0.226 0.610327
-0.224 0.591709
-0.222 0.573429
-0.22 0.555492
-0.218 0.537901
-0.216 0.520658
-0.214 0.503767
-0.212 0.487229
-0.21 0.471045
-0.208 0.455217
-0.206 0.439745
-0.204 0.424628
-0.202 0.409868
-0.2 0.395462
-0.198 0.38141
-0.196 0.36771
-0.194 0.354361
-0.192 0.341359
-0.19 0.328703
-0.188 0.31639
-0.186 0.304416
-0.184 0.292778
-0.182 0.281473
-0.18 0.270496
-0.178 0.259843
-0.176 0.249509
-0.174 0.239491
-0.172 0.229783
-0.17 0.220381
-0.168 0.211279
-0.166 0.202471
-0.164 0.193953
-0.162 0.18572
-0.16 0.177765
-0.158 0.170082
-0.156 0.162666
-0.154 0.155512
-0.152 0.148613
-0.15 0.141963
-0.148 0.135556
-0.146 0.129387
-0.144 0.12345
-0.142 0.117737
-0.14 0.112244
-0.138 0.106965
-0.136 0.101893
-0.134 0.0970234
-0.132 0.0923493
-0.13 0.0878654
-0.128 0.0835658
-0.126 0.0794449
-0.124 0.0754972
-0.122 0.0717171
-0.12 0.0680991
-0.118 0.064638
-0.116 0.0613284
-0.114 0.0581652
-0.112 0.0551433
-0.11 0.0522578
-0.108 0.0495037
-0.106 0.0468763
-0.104 0.0443709
-0.102 0.041983
-0.1 0.0397081
-0.098 0.0375419
-0.096 0.0354802
-0.094 0.0335187
-0.092 0.0316537
-0.09 0.0298811
-0.088 0.0281972
-0.086 0.0265983
-0.084 0.0250808
-0.082 0.0236414
-0.08 0.0222767
-0.078 0.0209835
-0.076 0.0197587
-0.074 0.0185993
-0.072 0.0175023
-0.07 0.0164651
-0.068 0.0154848
-0.066 0.014559
-0.064 0.0136852
-0.062 0.0128609
-0.06 0.0120839
-0.058 0.011352
-0.056 0.0106631
-0.054 0.0100152
-0.052 0.00940636
-0.05 0.0088348
-0.048 0.00829877
-0.046 0.0077966
-0.044 0.00732673
-0.042 0.00688767
-0.04 0.00647802
-0.038 0.00609644
-0.036 0.00574167
-0.034 0.00541254
-0.032 0.00510794
-0.03 0.00482684
-0.028 0.00456827
-0.026 0.00433133
-0.024 0.00411519
-0.022 0.0039191
-0.02 0.00374236
-0.018 0.00358434
-0.016 0.00344445
-0.014 0.00332221
-0.012 0.00321716
-0.01 0.00312892
-0.008 0.00305716
-0.006 0.00300162
-0.004 0.0029621
-0.002 0.00293845
0 0.00293057
0.002 0.00293845
0.004 0.0029621
0.006 0.00300162
0.008 0.00305716
0.01 0.00312892
0.012 0.00321716
0.014 0.00332221
0.016 0.00344445
0.018 0.00358434
0.02 0.00374236
0.022 0.0039191
0.024 0.00411519
0.026 0.00433133
0.028 0.00456827
0.03 0.00482684
0.032 0.00510794
0.034 0.00541254
0.036 0.00574167
0.038 0.00609644
0.04 0.00647802
0.042 0.00688767
0.044 0.00732673
0.046 0.0077966
0.048 0.00829877
0.05 0.0088348
0.052 0.00940636
0.054 0.0100152
0.056 0.0106631
0.058 0.011352
0.06 0.0120839
0.062 0.0128609
0.064 0.0136852
0.066 0.014559
0.068 0.0154848
0.07 0.0164651
0.072 0.0175023
0.074 0.0185993
0.076 0.0197587
0.078 0.0209835
0.08 0.0222767
0.082 0.0236414
0.084 0.0250808
0.086 0.0265983
0.088 0.0281972
0.09 0.0298811
0.092 0.0316537
0.094 0.0335187
0.096 0.0354802
0.098 0.0375419
0.1 0.0397081
0.102 0.041983
0.104 0.0443709
0.106 0.0468763
0.108 0.0495037
0.11 0.0522578
0.112 0.0551433
0.114 0.0581652
0.116 0.0613284
0.118 0.064638
0.12 0.0680991
0.122 0.0717171
0.124 0.0754972
0.126 0.0794449
0.128 0.0835658
0.13 0.0878654
0.132 0.0923493
0.134 0.0970234
0.136 0.101893
0.138 0.106965
0.14 0.112244
0.142 0.117737
0.144 0.12345
0.146 0.129387
0.148 0.135556
0.15 0.141963
0.152 0.148613
0.154 0.155512
0.156 0.162666
0.158 0.170082
0.16 0.177765
0.162 0.18572
0.164 0.193953
0.166 0.202471
0.168 0.211279
0.17 0.220381
0.172 0.229783
0.174 0.239491
0.176 0.249509
0.178 0.259843
0.18 0.270496
0.182 0.281473
0.184 0.292778
0.186 0.304416
0.188 0.31639
0.19 0.328703
0.192 0.341359
0.194 0.354361
0.196 0.36771
0.198 0.38141
0.2 0.395462
0.202 0.409868
0.204 0.424628
0.206 0.439745
0.208 0.455217
0.21 0.471045
0.212 0.487229
0.214 0.503767
0.216 0.520658
0.218 0.537901
0.22 0.555492
0.222 0.573429
0.224 0.591709
0.226 0.610327
0.228 0.629279
0.23 0.64856
0.232 0.668164
0.234 0.688086
0.236 0.708319
0.238 0.728855
0.24 0.749686
0.242 0.770804
0.244 0.7922
0.246 0.813865
0.248 0.835787
0.25 0.857957
0.252 0.880363
0.254 0.902992
0.256 0.925833
0.258 0.948872
0.26 0.972096
0.262 0.995489
0.264 1.01904
0.266 1.04273
0.268 1.06654
0.27 1.09046
0.272 1.11447
0.274 1.13855
0.276 1.16269
0.278 1.18687
0.28 1.21106
0.282 1.23526
0.284 1.25943
0.286 1.28356
0.288 1.30763
0.29 1.33162
0.292 1.35551
0.294 1.37928
0.296 1.4029
0.298 1.42635
0.3 1.44962
0.302 1.47267
0.304 1.4955
0.306 1.51807
0.308 1.54036
0.31 1.56236
0.312 1.58404
0.314 1.60538
0.316 1.62635
0.318 1.64694
0.32 1.66712
0.322 1.68688
0.324 1.70618
0.326 1.72502
0.328 1.74337
0.33 1.76121
0.332 1.77852
0.334 1.79528
0.336 1.81147
0.338 1.82708
0.34 1.84209
0.342 1.85647
0.344 1.87023
0.346 1.88332
0.348 1.89576
0.35 1.90751
0.352 1.91857
0.354 1.92892
0.356 1.93855
0.358 1.94745
0.36 1.9556
0.362 1.96301
0.364 1.96966
0.366 1.97553
0.368 1.98064
0.37 1.98496
0.372 1.9885
0.374 1.99124
0.376 1.99319
0.378 1.99435
0.38 1.99471
0.382 1.99427
0.384 1.99304
0.386 1.991
0.388 1.98818
0.39 1.98456
0.392 1.98016
0.394 1.97498
0.396 1.96903
0.398 1.9623
0.4 1.95482
0.402 1.94659
0.404 1.93762
0.406 1.92791
0.408 1.91749
0.41 1.90637
0.412 1.89455
0.414 1.88204
0.416 1.86888
0.418 1.85506
0.42 1.84061
0.422 1.82555
0.424 1.80988
0.426 1.79363
0.428 1.77681
0.43 1.75945
0.432 1.74156
0.434 1.72316
0.436 1.70427
0.438 1.68492
0.44 1.66512
0.442 1.6449
0.444 1.62427
0.446 1.60326
0.448 1.58189
0.45 1.56018
0.452 1.53815
0.454 1.51582
0.456 1.49323
0.458 1.47038
0.46 1.4473
0.462 1.42401
0.464 1.40054
0.466 1.37691
0.468 1.35313
0.47 1.32923
0.472 1.30523
0.474 1.28115
0.476 1.25701
0.478 1.23284
0.48 1.20864
0.482 1.18445
0.484 1.16028
0.486 1.13614
0.488 1.11207
0.49 1.08806
0.492 1.06415
0.494 1.04035
0.496 1.01668
0.498 0.993143
0.5 0.969765
0.502 0.94656
0.504 0.92354
0.506 0.90072
0.508 0.878112
0.51 0.855729
0.512 0.833584
0.514 0.811686
0.516 0.790048
0.518 0.76868
0.52 0.74759
0.522 0.726787
0.524 0.706282
0.526 0.68608
0.528 0.666189
0.53 0.646617
0.532 0.627369
0.534 0.60845
0.536 0.589865
0.538 0.57162
0.54 0.553717
0.542 0.536161
0.544 0.518953
0.546 0.502097
0.548 0.485595
0.55 0.469446
0.552 0.453654
0.554 0.438217
0.556 0.423136
0.558 0.408411
0.56 0.394041
0.562 0.380024
0.564 0.366359
0.566 0.353044
0.568 0.340078
0.57 0.327456
0.572 0.315177
0.574 0.303237
0.576 0.291632
0.578 0.28036
0.58 0.269415
0.582 0.258794
0.584 0.248493
0.586 0.238506
0.588 0.228829
0.59 0.219456
0.592 0.210384
0.594 0.201606
0.596 0.193117
0.598 0.184911
0.6 0.176983
0.602 0.169327
0.604 0.161938
0.606 0.154809
0.608 0.147935
0.61 0.14131
0.612 0.134927
0.614 0.128781
0.616 0.122866
0.618 0.117176
0.62 0.111704
0.622 0.106446
0.624 0.101394
0.626 0.0965435
0.628 0.0918883
0.63 0.0874226
0.632 0.0831407
0.634 0.0790368
0.636 0.0751055
0.638 0.0713412
0.64 0.0677384
0.642 0.0642919
0.644 0.0609963
0.646 0.0578466
0.648 0.0548375
0.65 0.0519641
0.652 0.0492217
0.654 0.0466053
0.656 0.0441103
0.658 0.0417322
0.66 0.0394666
0.662 0.037309
0.664 0.0352552
0.666 0.0333012
0.668 0.0314429
0.67 0.0296765
0.672 0.027998
0.674 0.026404
0.676 0.0248907
0.678 0.0234548
0.68 0.0220929
0.682 0.0208017
0.684 0.0195782
0.686 0.0184192
0.688 0.017322
0.69 0.0162835
0.692 0.0153013
0.694 0.0143725
0.696 0.0134947
0.698 0.0126654
0.7 0.0118824
0.702 0.0111433
0.704 0.010446
0.706 0.00978837
0.708 0.00916851
0.71 0.00858447
0.712 0.00803442
0.714 0.00751661
0.716 0.00702936
0.718 0.00657106
0.72 0.00614019
0.722 0.00573528
0.724 0.00535492
0.726 0.00499779
0.728 0.00466261
0.73 0.00434818
0.732 0.00405332
0.734 0.00377695
0.736 0.00351801
0.738 0.00327552
0.74 0.00304852
0.742 0.00283612
0.744 0.00263746
0.746 0.00245174
0.748 0.00227818
0.75 0.00211606
0.752 0.0019647
0.754 0.00182343
0.756 0.00169164
0.758 0.00156875
0.76 0.0014542
0.762 0.00134748
0.764 0.0012481
0.766 0.00115558
0.768 0.00106949
0.77 0.000989416
0.772 0.000914973
0.774 0.000845793
0.776 0.000781531
0.778 0.000721863
0.78 0.000666484
0.782 0.000615107
0.784 0.000567463
0.786 0.000523301
0.788 0.000482382
0.79 0.000444485
0.792 0.000409402
0.794 0.000376937
0.796 0.000346907
0.798 0.000319143
0.8 0.000293483
0.802 0.000269778
0.804 0.000247889
0.806 0.000227684
0.808 0.000209043
0.81 0.000191851
0.812 0.000176003
0.814 0.000161399
0.816 0.000147948
0.818 0.000135564
0.82 0.000124166
0.822 0.000113682
0.824 0.000104041
0.826 9.51794e-05
0.828 8.70379e-05
0.83 7.9561e-05
0.832 7.26973e-05
0.834 6.63992e-05
0.836 6.06224e-05
0.838 5.53261e-05
0.84 5.04724e-05
0.842 4.6026e-05
0.844 4.19546e-05
0.846 3.8228e-05
0.848 3.48185e-05
0.85 3.17004e-05
0.852 2.885e-05
0.854 2.62454e-05
0.856 2.38664e-05
0.858 2.16943e-05
0.86 1.97121e-05
0.862 1.79038e-05
0.864 1.62549e-05
0.866 1.47519e-05
0.868 1.33826e-05
0.87 1.21355e-05
0.872 1.10002e-05
0.874 9.96716e-06
0.876 9.02751e-06
0.878 8.17317e-06
0.88 7.39673e-06
0.882 6.69137e-06
0.884 6.05085e-06
0.886 5.46946e-06
0.888 4.94196e-06
0.89 4.46354e-06
0.892 4.02983e-06
0.894 3.6368e-06
0.896 3.2808e-06
0.898 2.95846e-06
0.9 2.66672e-06
0.902 2.40279e-06
0.904 2.16412e-06
0.906 1.94838e-06
0.908 1.75344e-06
0.91 1.57738e-06
0.912 1.41843e-06
0.914 1.27499e-06
0.916 1.14559e-06
0.918 1.02892e-06
0.92 9.23766e-07
0.922 8.29027e-07
0.924 7.43711e-07
0.926 6.6691e-07
0.928 5.97806e-07
0.93 5.35652e-07
0.932 4.79773e-07
0.934 4.29557e-07
0.936 3.8445e-07
0.938 3.4395e-07
0.94 3.07602e-07
0.942 2.74995e-07
0.944 2.45758e-07
0.946 2.19554e-07
0.948 1.96081e-07
0.95 1.75064e-07
0.952 1.56257e-07
0.954 1.39437e-07
0.956 1.24403e-07
0.958 1.10975e-07
0.96 9.89897e-08
0.962 8.83013e-08
0.964 7.87784e-08
0.966 7.03032e-08
0.968 6.27703e-08
0.97 5.60852e-08
0.972 5.01635e-08
0.974 4.49301e-08
0.976 4.03181e-08
0.978 3.62683e-08
0.98 3.27283e-08
0.982 2.96521e-08
0.984 2.69996e-08
0.986 2.47361e-08
0.988 2.28316e-08
0.99 2.12611e-08
0.992 2.00037e-08
0.994 1.90427e-08
0.996 1.83653e-08
0.998 1.79624e-08
