-1 0.791164
-0.99 0.791021
-0.98 0.790545
-0.97 0.789772
-0.96 0.788691
-0.95 0.787279
-0.94 0.785611
-0.93 0.783554
-0.92 0.781319
-0.91 0.778616
-0.9 0.775833
-0.89 0.772492
-0.88 0.769174
-0.87 0.765214
-0.86 0.761366
-0.85 0.756826
-0.84 0.752436
-0.83 0.747373
-0.82 0.742418
-0.81 0.736906
-0.8 0.731355
-0.79 0.725467
-0.78 0.719308
-0.77 0.713088
-0.76 0.706357
-0.75 0.699792
-0.74 0.692592
-0.73 0.685607
-0.72 0.678093
-0.71 0.670593
-0.7 0.662897
-0.69 0.654863
-0.68 0.646999
-0.67 0.638559
-0.66 0.630397
-0.65 0.621787
-0.64 0.613166
-0.63 0.604548
-0.62 0.595491
-0.61 0.586771
-0.6 0.577555
-0.59 0.568479
-0.58 0.559372
-0.57 0.549893
-0.56 0.540801
-0.55 0.531262
-0.54 0.521842
-0.53 0.512545
-0.52 0.502816
-0.51 0.493514
-0.5 0.483961
-0.49 0.474294
-0.48 0.465037
-0.47 0.455339
-0.46 0.445861
-0.45 0.436605
-0.44 0.426917
-0.43 0.41766
-0.42 0.408437
-0.41 0.398878
-0.4 0.389848
-0.39 0.380739
-0.38 0.371373
-0.37 0.362581
-0.36 0.353684
-0.35 0.344543
-0.34 0.336
-0.33 0.32742
-0.32 0.31853
-0.31 0.310222
-0.3 0.30206
-0.29 0.293483
-0.28 0.285348
-0.27 0.277657
-0.26 0.269548
-0.25 0.261518
-0.24 0.254193
-0.23 0.246783
-0.22 0.23898
-0.21 0.231697
-0.2 0.224992
-0.19 0.217927
-0.18 0.210592
-0.17 0.203932
-0.16 0.197854
-0.15 0.19139
-0.14 0.184489
-0.13 0.178119
-0.12 0.172666
-0.11 0.167314
-0.1 0.161224
-0.09 0.154667
-0.08 0.148772
-0.07 0.144467
-0.06 0.141882
-0.05 0.140536
-0.04 0.139843
-0.03 0.139423
-0.02 0.139127
-0.01 0.138938
0 0.138872
0.01 0.138938
0.02 0.139127
0.03 0.139423
0.04 0.139843
0.05 0.140536
0.06 0.141882
0.07 0.144467
0.08 0.148772
0.09 0.154667
0.1 0.161224
0.11 0.167314
0.12 0.172666
0.13 0.178119
0.14 0.184489
0.15 0.19139
0.16 0.197854
0.17 0.203932
0.18 0.210592
0.19 0.217927
0.2 0.224992
0.21 0.231697
0.22 0.23898
0.23 0.246783
0.24 0.254193
0.25 0.261518
0.26 0.269548
0.27 0.277657
0.28 0.285348
0.29 0.293483
0.3 0.30206
0.31 0.310222
0.32 0.31853
0.33 0.32742
0.34 0.336
0.35 0.344543
0.36 0.353684
0.37 0.362581
0.38 0.371373
0.39 0.380739
0.4 0.389848
0.41 0.398878
0.42 0.408437
0.43 0.41766
0.44 0.426917
0.45 0.436605
0.46 0.445861
0.47 0.455339
0.48 0.465037
0.49 0.474294
0.5 0.483961
0.51 0.493514
0.52 0.502816
0.53 0.512545
0.54 0.521842
0.55 0.531262
0.56 0.540801
0.57 0.549893
0.58 0.559372
0.59 0.568479
0.6 0.577555
0.61 0.586771
0.62 0.595491
0.63 0.604548
0.64 0.613166
0.65 0.621787
0.66 0.630397
0.67 0.638559
0.68 0.646999
0.69 0.654863
0.7 0.662897
0.71 0.670593
0.72 0.678093
0.73 0.685607
0.74 0.692592
0.75 0.699792
0.76 0.706357
0.77 0.713088
0.78 0.719308
0.79 0.725467
0.8 0.731355
0.81 0.736906
0.82 0.742418
0.83 0.747373
0.84 0.752436
0.85 0.756826
0.86 0.761366
0.87 0.765214
0.88 0.769174
0.89 0.772492
0.9 0.775833
0.91 0.778616
0.92 0.781319
0.93 0.783554
0.94 0.785611
0.95 0.787279
0.96 0.788691
0.97 0.789772
0.98 0.790545
0.99 0.791021
