-1 0.582033
-0.99 0.582244
-0.98 0.581863
-0.97 0.581897
-0.96 0.581352
-0.95 0.581198
-0.94 0.580504
-0.93 0.580141
-0.92 0.579325
-0.91 0.578718
-0.9 0.577818
-0.89 0.576925
-0.88 0.575977
-0.87 0.57477
-0.86 0.573781
-0.85 0.572277
-0.84 0.571192
-0.83 0.569483
-0.82 0.568168
-0.81 0.566409
-0.8 0.56471
-0.79 0.563014
-0.78 0.560893
-0.77 0.559183
-0.76 0.556835
-0.75 0.554821
-0.74 0.552552
-0.73 0.550017
-0.72 0.547845
-0.71 0.545015
-0.7 0.542515
-0.69 0.539851
-0.68 0.536757
-0.67 0.534142
-0.66 0.530958
-0.65 0.527749
-0.64 0.524851
-0.63 0.521259
-0.62 0.517912
-0.61 0.514692
-0.6 0.510774
-0.59 0.507209
-0.58 0.503723
-0.57 0.499517
-0.56 0.495632
-0.55 0.491969
-0.54 0.487544
-0.53 0.483198
-0.52 0.479376
-0.51 0.474956
-0.5 0.470059
-0.49 0.465788
-0.48 0.461656
-0.47 0.456651
-0.46 0.451403
-0.45 0.446948
-0.44 0.442758
-0.43 0.437649
-0.42 0.431702
-0.41 0.426242
-0.4 0.422364
-0.39 0.420105
-0.38 0.418818
-0.37 0.417859
-0.36 0.416904
-0.35 0.415873
-0.34 0.414781
-0.33 0.413652
-0.32 0.412495
-0.31 0.411317
-0.3 0.410122
-0.29 0.408913
-0.28 0.407695
-0.27 0.406473
-0.26 0.40525
-0.25 0.404033
-0.24 0.402824
-0.23 0.401627
-0.22 0.400449
-0.21 0.399291
-0.2 0.398158
-0.19 0.397055
-0.18 0.395984
-0.17 0.394949
-0.16 0.393954
-0.15 0.393002
-0.14 0.392097
-0.13 0.39124
-0.12 0.390435
-0.11 0.389685
-0.1 0.388991
-0.09 0.388357
-0.08 0.387784
-0.07 0.387274
-0.06 0.386829
-0.05 0.386449
-0.04 0.386137
-0.03 0.385894
-0.02 0.385719
-0.01 0.385614
0 0.385579
0.01 0.385614
0.02 0.385719
0.03 0.385894
0.04 0.386137
0.05 0.386449
0.06 0.386829
0.07 0.387274
0.08 0.387784
0.09 0.388357
0.1 0.388991
0.11 0.389685
0.12 0.390435
0.13 0.39124
0.14 0.392097
0.15 0.393002
0.16 0.393954
0.17 0.394949
0.18 0.395984
0.19 0.397055
0.2 0.398158
0.21 0.399291
0.22 0.400449
0.23 0.401627
0.24 0.402824
0.25 0.404033
0.26 0.40525
0.27 0.406473
0.28 0.407695
0.29 0.408913
0.3 0.410122
0.31 0.411317
0.32 0.412495
0.33 0.413652
0.34 0.414781
0.35 0.415873
0.36 0.416904
0.37 0.417859
0.38 0.418818
0.39 0.420105
0.4 0.422364
0.41 0.426242
0.42 0.431702
0.43 0.437649
0.44 0.442758
0.45 0.446948
0.46 0.451403
0.47 0.456651
0.48 0.461656
0.49 0.465788
0.5 0.470059
0.51 0.474956
0.52 0.479376
0.53 0.483198
0.54 0.487544
0.55 0.491969
0.56 0.495632
0.57 0.499517
0.58 0.503723
0.59 0.507209
0.6 0.510774
0.61 0.514692
0.62 0.517912
0.63 0.521259
0.64 0.524851
0.65 0.527749
0.66 0.530958
0.67 0.534142
0.68 0.536757
0.69 0.539851
0.7 0.542515
0.71 0.545015
0.72 0.547845
0.73 0.550017
0.74 0.552552
0.75 0.554821
0.76 0.556835
0.77 0.559183
0.78 0.560893
0.79 0.563014
0.8 0.56471
0.81 0.566409
0.82 0.568168
0.83 0.569483
0.84 0.571192
0.85 0.572277
0.86 0.573781
0.87 0.57477
0.88 0.575977
0.89 0.576925
0.9 0.577818
0.91 0.578718
0.92 0.579325
0.93 0.580141
0.94 0.580504
0.95 0.581198
0.96 0.581352
0.97 0.581897
0.98 0.581863
0.99 0.582244
