-1 0.600448
-0.99 0.600433
-0.98 0.600235
-0.97 0.60003
-0.96 0.599597
-0.95 0.599222
-0.94 0.598534
-0.93 0.598008
-0.92 0.59705
-0.91 0.596379
-0.9 0.595156
-0.89 0.594323
-0.88 0.592867
-0.87 0.59182
-0.86 0.590201
-0.85 0.588856
-0.84 0.587164
-0.83 0.585437
-0.82 0.583731
-0.81 0.581608
-0.8 0.579841
-0.79 0.577441
-0.78 0.575429
-0.77 0.572975
-0.76 0.570508
-0.75 0.568133
-0.74 0.565219
-0.73 0.562747
-0.72 0.55971
-0.71 0.556768
-0.7 0.55389
-0.69 0.550442
-0.68 0.547452
-0.67 0.544003
-0.66 0.540406
-0.65 0.537157
-0.64 0.533236
-0.63 0.529537
-0.62 0.525923
-0.61 0.521654
-0.6 0.517791
-0.59 0.513836
-0.58 0.50927
-0.57 0.505172
-0.56 0.500969
-0.55 0.496114
-0.54 0.491698
-0.53 0.487362
-0.52 0.482274
-0.51 0.477397
-0.5 0.472975
-0.49 0.467891
-0.48 0.462435
-0.47 0.457639
-0.46 0.452907
-0.45 0.447305
-0.44 0.441538
-0.43 0.436582
-0.42 0.431856
-0.41 0.426208
-0.4 0.419762
-0.39 0.413834
-0.38 0.409496
-0.37 0.406779
-0.36 0.405045
-0.35 0.403659
-0.34 0.402294
-0.33 0.40087
-0.32 0.399402
-0.31 0.397911
-0.3 0.39641
-0.29 0.394905
-0.28 0.393399
-0.27 0.391897
-0.26 0.390403
-0.25 0.388922
-0.24 0.38746
-0.23 0.386019
-0.22 0.384604
-0.21 0.38322
-0.2 0.381871
-0.19 0.38056
-0.18 0.379292
-0.17 0.37807
-0.16 0.376898
-0.15 0.375779
-0.14 0.374716
-0.13 0.373713
-0.12 0.372772
-0.11 0.371896
-0.1 0.371088
-0.09 0.37035
-0.08 0.369684
-0.07 0.369091
-0.06 0.368574
-0.05 0.368135
-0.04 0.367773
-0.03 0.367491
-0.02 0.367288
-0.01 0.367167
0 0.367126
0.01 0.367167
0.02 0.367288
0.03 0.367491
0.04 0.367773
0.05 0.368135
0.06 0.368574
0.07 0.369091
0.08 0.369684
0.09 0.37035
0.1 0.371088
0.11 0.371896
0.12 0.372772
0.13 0.373713
0.14 0.374716
0.15 0.375779
0.16 0.376898
0.17 0.37807
0.18 0.379292
0.19 0.38056
0.2 0.381871
0.21 0.38322
0.22 0.384604
0.23 0.386019
0.24 0.38746
0.25 0.388922
0.26 0.390403
0.27 0.391897
0.28 0.393399
0.29 0.394905
0.3 0.39641
0.31 0.397911
0.32 0.399402
0.33 0.40087
0.34 0.402294
0.35 0.403659
0.36 0.405045
0.37 0.406779
0.38 0.409496
0.39 0.413834
0.4 0.419762
0.41 0.426208
0.42 0.431856
0.43 0.436582
0.44 0.441538
0.45 0.447305
0.46 0.452907
0.47 0.457639
0.48 0.462435
0.49 0.467891
0.5 0.472975
0.51 0.477397
0.52 0.482274
0.53 0.487362
0.54 0.491698
0.55 0.496114
0.56 0.500969
0.57 0.505172
0.58 0.50927
0.59 0.513836
0.6 0.517791
0.61 0.521654
0.62 0.525923
0.63 0.529537
0.64 0.533236
0.65 0.537157
0.66 0.540406
0.67 0.544003
0.68 0.547452
0.69 0.550442
0.7 0.55389
0.71 0.556768
0.72 0.55971
0.73 0.562747
0.74 0.565219
0.75 0.568133
0.76 0.570508
0.77 0.572975
0.78 0.575429
0.79 0.577441
0.8 0.579841
0.81 0.581608
0.82 0.583731
0.83 0.585437
0.84 0.587164
0.85 0.588856
0.86 0.590201
0.87 0.59182
0.88 0.592867
0.89 0.594323
0.9 0.595156
0.91 0.596379
0.92 0.59705
0.93 0.598008
0.94 0.598534
0.95 0.599222
0.96 0.599597
0.97 0.60003
0.98 0.600235
0.99 0.600433
