-1 1.29712
-0.998 1.29744
-0.996 1.29841
-0.994 1.30003
-0.992 1.30228
-0.99 1.30518
-0.988 1.3087
-0.986 1.31286
-0.984 1.31763
-0.982 1.32302
-0.98 1.329
-0.978 1.33558
-0.976 1.34274
-0.974 1.35046
-0.972 1.35874
-0.97 1.36756
-0.968 1.3769
-0.966 1.38675
-0.964 1.39709
-0.962 1.4079
-0.96 1.41916
-0.958 1.43086
-0.956 1.44297
-0.954 1.45547
-0.952 1.46834
-0.95 1.48156
-0.948 1.4951
-0.946 1.50894
-0.944 1.52305
-0.942 1.53742
-0.94 1.552
-0.938 1.56679
-0.936 1.58175
-0.934 1.59685
-0.932 1.61207
-0.93 1.62738
-0.928 1.64275
-0.926 1.65816
-0.924 1.67358
-0.922 1.68898
-0.92 1.70432
-0.918 1.7196
-0.916 1.73476
-0.914 1.7498
-0.912 1.76467
-0.91 1.77936
-0.908 1.79384
-0.906 1.80807
-0.904 1.82204
-0.902 1.83571
-0.9 1.84907
-0.898 1.86208
-0.896 1.87472
-0.894 1.88696
-0.892 1.89879
-0.89 1.91018
-0.888 1.9211
-0.886 1.93154
-0.884 1.94148
-0.882 1.95089
-0.88 1.95976
-0.878 1.96806
-0.876 1.97578
-0.874 1.9829
-0.872 1.98941
-0.87 1.99529
-0.868 2.00053
-0.866 2.00511
-0.864 2.00903
-0.862 2.01226
-0.86 2.01481
-0.858 2.01666
-0.856 2.0178
-0.854 2.01823
-0.852 2.01795
-0.85 2.01694
-0.848 2.0152
-0.846 2.01273
-0.844 2.00954
-0.842 2.00561
-0.84 2.00095
-0.838 1.99556
-0.836 1.98944
-0.834 1.98261
-0.832 1.97505
-0.83 1.96678
-0.828 1.9578
-0.826 1.94813
-0.824 1.93777
-0.822 1.92672
-0.82 1.91501
-0.818 1.90263
-0.816 1.88961
-0.814 1.87596
-0.812 1.86168
-0.81 1.8468
-0.808 1.83132
-0.806 1.81527
-0.804 1.79866
-0.802 1.7815
-0.8 1.76382
-0.798 1.74564
-0.796 1.72696
-0.794 1.70782
-0.792 1.68822
-0.79 1.66819
-0.788 1.64776
-0.786 1.62693
-0.784 1.60573
-0.782 1.58418
-0.78 1.56231
-0.778 1.54013
-0.776 1.51766
-0.774 1.49493
-0.772 1.47196
-0.77 1.44876
-0.768 1.42537
-0.766 1.4018
-0.764 1.37807
-0.762 1.35421
-0.76 1.33023
-0.758 1.30615
-0.756 1.282
-0.754 1.2578
-0.752 1.23357
-0.75 1.20932
-0.748 1.18507
-0.746 1.16085
-0.744 1.13667
-0.742 1.11255
-0.74 1.08851
-0.738 1.06457
-0.736 1.04073
-0.734 1.01703
-0.732 0.993464
-0.73 0.970061
-0.728 0.946832
-0.726 0.92379
-0.724 0.900949
-0.722 0.878323
-0.72 0.855923
-0.718 0.833761
-0.716 0.811849
-0.714 0.790198
-0.712 0.768816
-0.71 0.747715
-0.708 0.726902
-0.706 0.706387
-0.704 0.686176
-0.702 0.666277
-0.7 0.646697
-0.698 0.627442
-0.696 0.608517
-0.694 0.589926
-0.692 0.571676
-0.69 0.553768
-0.688 0.536207
-0.686 0.518996
-0.684 0.502136
-0.682 0.48563
-0.68 0.469478
-0.678 0.453683
-0.676 0.438243
-0.674 0.42316
-0.672 0.408433
-0.67 0.394061
-0.668 0.380042
-0.666 0.366376
-0.664 0.353059
-0.662 0.340091
-0.66 0.327468
-0.658 0.315188
-0.656 0.303247
-0.654 0.291641
-0.652 0.280368
-0.65 0.269423
-0.648 0.258801
-0.646 0.248499
-0.644 0.238511
-0.642 0.228834
-0.64 0.219461
-0.638 0.210388
-0.636 0.201609
-0.634 0.19312
-0.632 0.184914
-0.63 0.176986
-0.628 0.16933
-0.626 0.16194
-0.624 0.154811
-0.622 0.147937
-0.62 0.141311
-0.618 0.134928
-0.616 0.128782
-0.614 0.122867
-0.612 0.117177
-0.61 0.111705
-0.608 0.106446
-0.606 0.101395
-0.604 0.0965442
-0.602 0.0918889
-0.6 0.0874232
-0.598 0.0831412
-0.596 0.0790373
-0.594 0.0751059
-0.592 0.0713415
-0.59 0.0677388
-0.588 0.0642922
-0.586 0.0609966
-0.584 0.0578468
-0.582 0.0548377
-0.58 0.0519643
-0.578 0.0492218
-0.576 0.0466054
-0.574 0.0441105
-0.572 0.0417324
-0.57 0.0394667
-0.568 0.0373091
-0.566 0.0352553
-0.564 0.0333013
-0.562 0.031443
-0.56 0.0296765
-0.558 0.0279981
-0.556 0.026404
-0.554 0.0248907
-0.552 0.0234548
-0.55 0.0220929
-0.548 0.0208017
-0.546 0.0195782
-0.544 0.0184192
-0.542 0.017322
-0.54 0.0162836
-0.538 0.0153013
-0.536 0.0143725
-0.534 0.0134947
-0.532 0.0126654
-0.53 0.0118824
-0.528 0.0111433
-0.526 0.010446
-0.524 0.00978837
-0.522 0.00916851
-0.52 0.00858447
-0.518 0.00803442
-0.516 0.00751661
-0.514 0.00702936
-0.512 0.00657106
-0.51 0.00614019
-0.508 0.00573527
-0.506 0.00535492
-0.504 0.00499779
-0.502 0.00466261
-0.5 0.00434817
-0.498 0.00405332
-0.496 0.00377695
-0.494 0.00351801
-0.492 0.00327552
-0.49 0.00304852
-0.488 0.00283612
-0.486 0.00263746
-0.484 0.00245174
-0.482 0.00227818
-0.48 0.00211606
-0.478 0.00196469
-0.476 0.00182342
-0.474 0.00169164
-0.472 0.00156875
-0.47 0.0014542
-0.468 0.00134748
-0.466 0.00124809
-0.464 0.00115557
-0.462 0.00106948
-0.46 0.000989413
-0.458 0.000914971
-0.456 0.000845791
-0.454 0.000781529
-0.452 0.000721861
-0.45 0.000666482
-0.448 0.000615105
-0.446 0.000567462
-0.444 0.000523299
-0.442 0.000482381
-0.44 0.000444484
-0.438 0.0004094
-0.436 0.000376935
-0.434 0.000346906
-0.432 0.000319141
-0.43 0.000293481
-0.428 0.000269777
-0.426 0.000247887
-0.424 0.000227683
-0.422 0.000209042
-0.42 0.00019185
-0.418 0.000176002
-0.416 0.000161398
-0.414 0.000147947
-0.412 0.000135563
-0.41 0.000124166
-0.408 0.000113681
-0.406 0.00010404
-0.404 9.51787e-05
-0.402 8.70373e-05
-0.4 7.95604e-05
-0.398 7.26968e-05
-0.396 6.63987e-05
-0.394 6.0622e-05
-0.392 5.53257e-05
-0.39 5.0472e-05
-0.388 4.60256e-05
-0.386 4.19542e-05
-0.384 3.82276e-05
-0.382 3.48182e-05
-0.38 3.17001e-05
-0.378 2.88497e-05
-0.376 2.62451e-05
-0.374 2.38661e-05
-0.372 2.16941e-05
-0.37 1.97119e-05
-0.368 1.79036e-05
-0.366 1.62547e-05
-0.364 1.47518e-05
-0.362 1.33824e-05
-0.36 1.21353e-05
-0.358 1.10001e-05
-0.356 9.96703e-06
-0.354 9.02739e-06
-0.352 8.17306e-06
-0.35 7.39663e-06
-0.348 6.69128e-06
-0.346 6.05077e-06
-0.344 5.46938e-06
-0.342 4.94188e-06
-0.34 4.46347e-06
-0.338 4.02976e-06
-0.336 3.63674e-06
-0.334 3.28073e-06
-0.332 2.9584e-06
-0.33 2.66666e-06
-0.328 2.40274e-06
-0.326 2.16407e-06
-0.324 1.94832e-06
-0.322 1.75339e-06
-0.32 1.57733e-06
-0.318 1.41837e-06
-0.316 1.27493e-06
-0.314 1.14554e-06
-0.312 1.02886e-06
-0.31 9.23701e-07
-0.308 8.28957e-07
-0.306 7.43634e-07
-0.304 6.66826e-07
-0.302 5.97713e-07
-0.3 5.35548e-07
-0.298 4.79657e-07
-0.296 4.29427e-07
-0.294 3.84303e-07
-0.292 3.43784e-07
-0.29 3.07414e-07
-0.288 2.74781e-07
-0.286 2.45514e-07
-0.284 2.19277e-07
-0.282 1.95765e-07
-0.28 1.74705e-07
-0.278 1.55847e-07
-0.276 1.3897e-07
-0.274 1.23871e-07
-0.272 1.10368e-07
-0.27 9.82977e-08
-0.268 8.75124e-08
-0.266 7.78794e-08
-0.264 6.9279e-08
-0.262 6.16038e-08
-0.26 5.47569e-08
-0.258 4.86516e-08
-0.256 4.32097e-08
-0.254 3.83612e-08
-0.252 3.40431e-08
-0.25 3.0199e-08
-0.248 2.67782e-08
-0.246 2.37354e-08
-0.244 2.103e-08
-0.242 1.86255e-08
-0.24 1.64893e-08
-0.238 1.45923e-08
-0.236 1.29083e-08
-0.234 1.14142e-08
-0.232 1.00889e-08
-0.23 8.91395e-09
-0.228 7.87267e-09
-0.226 6.95026e-09
-0.224 6.13346e-09
-0.222 5.4105e-09
-0.22 4.77083e-09
-0.218 4.20512e-09
-0.216 3.705e-09
-0.214 3.26306e-09
-0.212 2.87268e-09
-0.21 2.528e-09
-0.208 2.22378e-09
-0.206 1.95539e-09
-0.204 1.7187e-09
-0.202 1.51006e-09
-0.2 1.32622e-09
-0.198 1.16429e-09
-0.196 1.02173e-09
-0.194 8.96258e-10
-0.192 7.85887e-10
-0.19 6.8883e-10
-0.188 6.0352e-10
-0.186 5.28561e-10
-0.184 4.62729e-10
-0.182 4.0493e-10
-0.18 3.54215e-10
-0.178 3.09725e-10
-0.176 2.70716e-10
-0.174 2.36524e-10
-0.172 2.06569e-10
-0.17 1.80331e-10
-0.168 1.57366e-10
-0.166 1.37273e-10
-0.164 1.19694e-10
-0.162 1.04328e-10
-0.16 9.08976e-11
-0.158 7.91615e-11
-0.156 6.89149e-11
-0.154 5.99697e-11
-0.152 5.2164e-11
-0.15 4.53607e-11
-0.148 3.94235e-11
-0.146 3.42541e-11
-0.144 2.9749e-11
-0.142 2.58236e-11
-0.14 2.24105e-11
-0.138 1.94414e-11
-0.136 1.68538e-11
-0.134 1.4612e-11
-0.132 1.26548e-11
-0.13 1.09631e-11
-0.128 9.48936e-12
-0.126 8.20979e-12
-0.124 7.10751e-12
-0.122 6.14534e-12
-0.12 5.30948e-12
-0.118 4.58791e-12
-0.116 3.96174e-12
-0.114 3.41711e-12
-0.112 2.95206e-12
-0.11 2.5445e-12
-0.108 2.19549e-12
-0.106 1.89068e-12
-0.104 1.63034e-12
-0.102 1.40242e-12
-0.1 1.20939e-12
-0.098 1.03899e-12
-0.096 8.97029e-13
-0.094 7.67981e-13
-0.092 6.60851e-13
-0.09 5.68806e-13
-0.088 4.86639e-13
-0.086 4.20076e-13
-0.084 3.58848e-13
-0.082 3.09088e-13
-0.08 2.63426e-13
-0.078 2.29013e-13
-0.076 1.93217e-13
-0.074 1.6232e-13
-0.072 1.43388e-13
-0.07 1.20446e-13
-0.068 1.05177e-13
-0.066 8.97551e-14
-0.064 7.66878e-14
-0.062 6.64968e-14
-0.06 5.28099e-14
-0.058 5.11699e-14
-0.056 4.03292e-14
-0.054 3.61361e-14
-0.052 2.76727e-14
-0.05 2.74862e-14
-0.048 1.82034e-14
-0.046 1.95503e-14
-0.044 1.52343e-14
-0.042 1.34532e-14
-0.04 8.50855e-15
-0.038 8.07072e-15
-0.036 1.01901e-14
-0.034 8.32125e-15
-0.032 7.27743e-15
-0.03 5.0729e-15
-0.028 3.36612e-15
-0.026 5.08159e-15
-0.024 3.34784e-15
-0.022 4.4186e-15
-0.02 1.98655e-15
-0.018 3.03942e-15
-0.016 1.89366e-15
-0.014 1.43325e-15
-0.012 -6.78801e-16
-0.01 1.53507e-15
-0.008 2.03397e-15
-0.006 5.80177e-16
-0.004 7.1577e-15
-0.002 6.51272e-16
0 -9.66237e-16
0.002 2.46222e-15
0.004 4.26322e-15
0.006 -1.24283e-15
0.008 2.08491e-15
0.01 -2.71486e-16
0.012 4.19769e-15
0.014 -7.73695e-16
0.016 2.68693e-15
0.018 4.07483e-15
0.02 4.73927e-15
0.022 2.05946e-15
0.024 3.3668e-15
0.026 4.12344e-15
0.028 5.37042e-15
0.03 3.77845e-15
0.032 4.44849e-15
0.034 3.24878e-15
0.036 6.3199e-15
0.038 9.79078e-15
0.04 1.37862e-14
0.042 1.15073e-14
0.044 1.67582e-14
0.046 1.79193e-14
0.048 2.53027e-14
0.05 2.63834e-14
0.052 3.27851e-14
0.054 3.32687e-14
0.056 4.09473e-14
0.058 4.84202e-14
0.06 5.60885e-14
0.062 6.44303e-14
0.064 7.553e-14
0.066 8.89406e-14
0.068 1.04382e-13
0.07 1.18703e-13
0.072 1.43834e-13
0.074 1.657e-13
0.076 1.96829e-13
0.078 2.28582e-13
0.08 2.62314e-13
0.082 3.14613e-13
0.084 3.57652e-13
0.086 4.20063e-13
0.088 4.83694e-13
0.09 5.69961e-13
0.092 6.63447e-13
0.094 7.6831e-13
0.096 8.91943e-13
0.098 1.04073e-12
0.1 1.20908e-12
0.102 1.40407e-12
0.104 1.6334e-12
0.106 1.89489e-12
0.108 2.19739e-12
0.11 2.54877e-12
0.112 2.94961e-12
0.114 3.42284e-12
0.116 3.96389e-12
0.118 4.58558e-12
0.12 5.3113e-12
0.122 6.14084e-12
0.124 7.10548e-12
0.126 8.21037e-12
0.128 9.49163e-12
0.13 1.09639e-11
0.132 1.26573e-11
0.134 1.46098e-11
0.136 1.68533e-11
0.138 1.94396e-11
0.14 2.24112e-11
0.142 2.58259e-11
0.144 2.97462e-11
0.146 3.42568e-11
0.148 3.94251e-11
0.15 4.53564e-11
0.152 5.21691e-11
0.154 5.99699e-11
0.156 6.89154e-11
0.158 7.91634e-11
0.16 9.08982e-11
0.162 1.04325e-10
0.164 1.19697e-10
0.166 1.37273e-10
0.168 1.57368e-10
0.17 1.80332e-10
0.172 2.06567e-10
0.174 2.36524e-10
0.176 2.70715e-10
0.178 3.09726e-10
0.18 3.54216e-10
0.182 4.04931e-10
0.184 4.62727e-10
0.186 5.28561e-10
0.188 6.03516e-10
0.19 6.88832e-10
0.192 7.85885e-10
0.194 8.96263e-10
0.196 1.02173e-09
0.198 1.16429e-09
0.2 1.32622e-09
0.202 1.51006e-09
0.204 1.7187e-09
0.206 1.95539e-09
0.208 2.22378e-09
0.21 2.528e-09
0.212 2.87268e-09
0.214 3.26306e-09
0.216 3.705e-09
0.218 4.20512e-09
0.22 4.77083e-09
0.222 5.41049e-09
0.224 6.13346e-09
0.226 6.95026e-09
0.228 7.87267e-09
0.23 8.91394e-09
0.232 1.00889e-08
0.234 1.14142e-08
0.236 1.29083e-08
0.238 1.45923e-08
0.24 1.64893e-08
0.242 1.86255e-08
0.244 2.103e-08
0.246 2.37354e-08
0.248 2.67782e-08
0.25 3.0199e-08
0.252 3.40431e-08
0.254 3.83612e-08
0.256 4.32097e-08
0.258 4.86516e-08
0.26 5.47569e-08
0.262 6.16038e-08
0.264 6.9279e-08
0.266 7.78794e-08
0.268 8.75124e-08
0.27 9.82977e-08
0.272 1.10368e-07
0.274 1.23871e-07
0.276 1.3897e-07
0.278 1.55847e-07
0.28 1.74705e-07
0.282 1.95765e-07
0.284 2.19277e-07
0.286 2.45514e-07
0.288 2.74781e-07
0.29 3.07414e-07
0.292 3.43784e-07
0.294 3.84303e-07
0.296 4.29427e-07
0.298 4.79657e-07
0.3 5.35548e-07
0.302 5.97713e-07
0.304 6.66826e-07
0.306 7.43634e-07
0.308 8.28957e-07
0.31 9.23701e-07
0.312 1.02886e-06
0.314 1.14554e-06
0.316 1.27493e-06
0.318 1.41837e-06
0.32 1.57733e-06
0.322 1.75339e-06
0.324 1.94832e-06
0.326 2.16407e-06
0.328 2.40274e-06
0.33 2.66666e-06
0.332 2.9584e-06
0.334 3.28073e-06
0.336 3.63674e-06
0.338 4.02976e-06
0.34 4.46347e-06
0.342 4.94188e-06
0.344 5.46938e-06
0.346 6.05077e-06
0.348 6.69128e-06
0.35 7.39663e-06
0.352 8.17306e-06
0.354 9.02739e-06
0.356 9.96703e-06
0.358 1.10001e-05
0.36 1.21353e-05
0.362 1.33824e-05
0.364 1.47518e-05
0.366 1.62547e-05
0.368 1.79036e-05
0.37 1.97119e-05
0.372 2.16941e-05
0.374 2.38661e-05
0.376 2.62451e-05
0.378 2.88497e-05
0.38 3.17001e-05
0.382 3.48182e-05
0.384 3.82276e-05
0.386 4.19542e-05
0.388 4.60256e-05
0.39 5.0472e-05
0.392 5.53257e-05
0.394 6.0622e-05
0.396 6.63987e-05
0.398 7.26968e-05
0.4 7.95604e-05
0.402 8.70373e-05
0.404 9.51787e-05
0.406 0.00010404
0.408 0.000113681
0.41 0.000124166
0.412 0.000135563
0.414 0.000147947
0.416 0.000161398
0.418 0.000176002
0.42 0.00019185
0.422 0.000209042
0.424 0.000227683
0.426 0.000247887
0.428 0.000269777
0.43 0.000293481
0.432 0.000319141
0.434 0.000346906
0.436 0.000376935
0.438 0.0004094
0.44 0.000444484
0.442 0.000482381
0.444 0.000523299
0.446 0.000567462
0.448 0.000615105
0.45 0.000666482
0.452 0.000721861
0.454 0.000781529
0.456 0.000845791
0.458 0.000914971
0.46 0.000989413
0.462 0.00106948
0.464 0.00115557
0.466 0.00124809
0.468 0.00134748
0.47 0.0014542
0.472 0.00156875
0.474 0.00169164
0.476 0.00182342
0.478 0.00196469
0.48 0.00211606
0.482 0.00227818
0.484 0.00245174
0.486 0.00263746
0.488 0.00283612
0.49 0.00304852
0.492 0.00327552
0.494 0.00351801
0.496 0.00377695
0.498 0.00405332
0.5 0.00434817
0.502 0.00466261
0.504 0.00499779
0.506 0.00535492
0.508 0.00573527
0.51 0.00614019
0.512 0.00657106
0.514 0.00702936
0.516 0.00751661
0.518 0.00803442
0.52 0.00858447
0.522 0.00916851
0.524 0.00978837
0.526 0.010446
0.528 0.0111433
0.53 0.0118824
0.532 0.0126654
0.534 0.0134947
0.536 0.0143725
0.538 0.0153013
0.54 0.0162836
0.542 0.017322
0.544 0.0184192
0.546 0.0195782
0.548 0.0208017
0.55 0.0220929
0.552 0.0234548
0.554 0.0248907
0.556 0.026404
0.558 0.0279981
0.56 0.0296765
0.562 0.031443
0.564 0.0333013
0.566 0.0352553
0.568 0.0373091
0.57 0.0394667
0.572 0.0417324
0.574 0.0441105
0.576 0.0466054
0.578 0.0492218
0.58 0.0519643
0.582 0.0548377
0.584 0.0578468
0.586 0.0609966
0.588 0.0642922
0.59 0.0677388
0.592 0.0713415
0.594 0.0751059
0.596 0.0790373
0.598 0.0831412
0.6 0.0874232
0.602 0.0918889
0.604 0.0965442
0.606 0.101395
0.608 0.106446
0.61 0.111705
0.612 0.117177
0.614 0.122867
0.616 0.128782
0.618 0.134928
0.62 0.141311
0.622 0.147937
0.624 0.154811
0.626 0.16194
0.628 0.16933
0.63 0.176986
0.632 0.184914
0.634 0.19312
0.636 0.201609
0.638 0.210388
0.64 0.219461
0.642 0.228834
0.644 0.238511
0.646 0.248499
0.648 0.258801
0.65 0.269423
0.652 0.280368
0.654 0.291641
0.656 0.303247
0.658 0.315188
0.66 0.327468
0.662 0.340091
0.664 0.353059
0.666 0.366376
0.668 0.380042
0.67 0.394061
0.672 0.408433
0.674 0.42316
0.676 0.438243
0.678 0.453683
0.68 0.469478
0.682 0.48563
0.684 0.502136
0.686 0.518996
0.688 0.536207
0.69 0.553768
0.692 0.571676
0.694 0.589926
0.696 0.608517
0.698 0.627442
0.7 0.646697
0.702 0.666277
0.704 0.686176
0.706 0.706387
0.708 0.726902
0.71 0.747715
0.712 0.768816
0.714 0.790198
0.716 0.811849
0.718 0.833761
0.72 0.855923
0.722 0.878323
0.724 0.900949
0.726 0.92379
0.728 0.946832
0.73 0.970061
0.732 0.993464
0.734 1.01703
0.736 1.04073
0.738 1.06457
0.74 1.08851
0.742 1.11255
0.744 1.13667
0.746 1.16085
0.748 1.18507
0.75 1.20932
0.752 1.23357
0.754 1.2578
0.756 1.282
0.758 1.30615
0.76 1.33023
0.762 1.35421
0.764 1.37807
0.766 1.4018
0.768 1.42537
0.77 1.44876
0.772 1.47196
0.774 1.49493
0.776 1.51766
0.778 1.54013
0.78 1.56231
0.782 1.58418
0.784 1.60573
0.786 1.62693
0.788 1.64776
0.79 1.66819
0.792 1.68822
0.794 1.70782
0.796 1.72696
0.798 1.74564
0.8 1.76382
0.802 1.7815
0.804 1.79866
0.806 1.81527
0.808 1.83132
0.81 1.8468
0.812 1.86168
0.814 1.87596
0.816 1.88961
0.818 1.90263
0.82 1.91501
0.822 1.92672
0.824 1.93777
0.826 1.94813
0.828 1.9578
0.83 1.96678
0.832 1.97505
0.834 1.98261
0.836 1.98944
0.838 1.99556
0.84 2.00095
0.842 2.00561
0.844 2.00954
0.846 2.01273
0.848 2.0152
0.85 2.01694
0.852 2.01795
0.854 2.01823
0.856 2.0178
0.858 2.01666
0.86 2.01481
0.862 2.01226
0.864 2.00903
0.866 2.00511
0.868 2.00053
0.87 1.99529
0.872 1.98941
0.874 1.9829
0.876 1.97578
0.878 1.96806
0.88 1.95976
0.882 1.95089
0.884 1.94148
0.886 1.93154
0.888 1.9211
0.89 1.91018
0.892 1.89879
0.894 1.88696
0.896 1.87472
0.898 1.86208
0.9 1.84907
0.902 1.83571
0.904 1.82204
0.906 1.80807
0.908 1.79384
0.91 1.77936
0.912 1.76467
0.914 1.7498
0.916 1.73476
0.918 1.7196
0.92 1.70432
0.922 1.68898
0.924 1.67358
0.926 1.65816
0.928 1.64275
0.93 1.62738
0.932 1.61207
0.934 1.59685
0.936 1.58175
0.938 1.56679
0.94 1.552
0.942 1.53742
0.944 1.52305
0.946 1.50894
0.948 1.4951
0.95 1.48156
0.952 1.46834
0.954 1.45547
0.956 1.44297
0.958 1.43086
0.96 1.41916
0.962 1.4079
0.964 1.39709
0.966 1.38675
0.968 1.3769
0.97 1.36756
0.972 1.35874
0.974 1.35046
0.976 1.34274
0.978 1.33558
0.98 1.329
0.982 1.32302
0.984 1.31763
0.986 1.31286
0.988 1.3087
0.99 1.30518
0.992 1.30228
0.994 1.30003
0.996 1.29841
0.998 1.29744
