-1 0.797377
-0.99 0.797415
-0.98 0.796741
-0.97 0.796141
-0.96 0.794835
-0.95 0.793596
-0.94 0.791671
-0.93 0.789792
-0.92 0.787266
-0.91 0.784744
-0.9 0.781642
-0.89 0.778474
-0.88 0.774829
-0.87 0.771011
-0.86 0.766858
-0.85 0.762392
-0.84 0.757762
-0.83 0.752664
-0.82 0.747575
-0.81 0.741883
-0.8 0.736329
-0.79 0.730114
-0.78 0.724062
-0.77 0.717421
-0.76 0.710824
-0.75 0.703857
-0.74 0.696689
-0.73 0.689457
-0.72 0.681754
-0.71 0.67424
-0.7 0.666128
-0.69 0.658237
-0.68 0.649894
-0.67 0.641524
-0.66 0.63308
-0.65 0.624241
-0.64 0.615665
-0.63 0.606544
-0.62 0.597661
-0.61 0.58851
-0.6 0.579197
-0.59 0.570092
-0.58 0.560491
-0.57 0.55123
-0.56 0.541672
-0.55 0.532038
-0.54 0.522654
-0.53 0.512802
-0.52 0.503313
-0.51 0.493655
-0.5 0.483825
-0.49 0.474399
-0.48 0.464549
-0.47 0.45493
-0.46 0.445466
-0.45 0.435622
-0.44 0.426245
-0.43 0.416746
-0.42 0.407074
-0.41 0.397918
-0.4 0.388466
-0.39 0.379056
-0.38 0.370119
-0.37 0.360816
-0.36 0.351699
-0.35 0.343016
-0.34 0.333949
-0.33 0.325129
-0.32 0.316754
-0.31 0.307999
-0.3 0.299462
-0.29 0.291445
-0.28 0.283086
-0.27 0.274808
-0.26 0.26716
-0.25 0.259309
-0.24 0.251292
-0.23 0.243936
-0.22 0.236705
-0.21 0.229065
-0.2 0.221838
-0.19 0.215193
-0.18 0.208231
-0.17 0.201096
-0.16 0.19466
-0.15 0.18858
-0.14 0.182029
-0.13 0.175436
-0.12 0.169629
-0.11 0.164211
-0.1 0.158294
-0.09 0.152093
-0.08 0.146577
-0.07 0.1419
-0.06 0.137157
-0.05 0.131645
-0.04 0.125793
-0.03 0.120725
-0.02 0.117254
-0.01 0.115436
0 0.114901
0.01 0.115436
0.02 0.117254
0.03 0.120725
0.04 0.125793
0.05 0.131645
0.06 0.137157
0.07 0.1419
0.08 0.146577
0.09 0.152093
0.1 0.158294
0.11 0.164211
0.12 0.169629
0.13 0.175436
0.14 0.182029
0.15 0.18858
0.16 0.19466
0.17 0.201096
0.18 0.208231
0.19 0.215193
0.2 0.221838
0.21 0.229065
0.22 0.236705
0.23 0.243936
0.24 0.251292
0.25 0.259309
0.26 0.26716
0.27 0.274808
0.28 0.283086
0.29 0.291445
0.3 0.299462
0.31 0.307999
0.32 0.316754
0.33 0.325129
0.34 0.333949
0.35 0.343016
0.36 0.351699
0.37 0.360816
0.38 0.370119
0.39 0.379056
0.4 0.388466
0.41 0.397918
0.42 0.407074
0.43 0.416746
0.44 0.426245
0.45 0.435622
0.46 0.445466
0.47 0.45493
0.48 0.464549
0.49 0.474399
0.5 0.483825
0.51 0.493655
0.52 0.503313
0.53 0.512802
0.54 0.522654
0.55 0.532038
0.56 0.541672
0.57 0.55123
0.58 0.560491
0.59 0.570092
0.6 0.579197
0.61 0.58851
0.62 0.597661
0.63 0.606544
0.64 0.615665
0.65 0.624241
0.66 0.63308
0.67 0.641524
0.68 0.649894
0.69 0.658237
0.7 0.666128
0.71 0.67424
0.72 0.681754
0.73 0.689457
0.74 0.696689
0.75 0.703857
0.76 0.710824
0.77 0.717421
0.78 0.724062
0.79 0.730114
0.8 0.736329
0.81 0.741883
0.82 0.747575
0.83 0.752664
0.84 0.757762
0.85 0.762392
0.86 0.766858
0.87 0.771011
0.88 0.774829
0.89 0.778474
0.9 0.781642
0.91 0.784744
0.92 0.787266
0.93 0.789792
0.94 0.791671
0.95 0.793596
0.96 0.794835
0.97 0.796141
0.98 0.796741
0.99 0.797415
