-1 3.80294e-15
-0.998 2.73705e-15
-0.996 7.89542e-15
-0.994 3.03851e-16
-0.992 8.22884e-15
-0.99 2.36338e-15
-0.988 9.52774e-15
-0.986 -2.05337e-15
-0.984 8.66188e-15
-0.982 2.39776e-15
-0.98 1.02879e-14
-0.978 2.2346e-15
-0.976 8.3885e-15
-0.974 1.57441e-15
-0.972 4.40647e-15
-0.97 4.0095e-15
-0.968 1.01501e-14
-0.966 4.2938e-15
-0.964 7.72993e-15
-0.962 4.40027e-15
-0.96 4.19767e-15
-0.958 1.31212e-15
-0.956 5.93834e-15
-0.954 7.06598e-15
-0.952 4.58342e-15
-0.95 5.26598e-15
-0.948 1.79465e-15
-0.946 6.93138e-15
-0.944 5.00378e-15
-0.942 4.61471e-15
-0.94 1.07955e-15
-0.938 8.31096e-15
-0.936 5.6038e-15
-0.934 1.24852e-14
-0.932 5.16427e-15
-0.93 6.68919e-15
-0.928 4.19481e-15
-0.926 4.2584e-15
-0.924 7.86999e-15
-0.922 4.57552e-15
-0.92 3.07383e-15
-0.918 8.02269e-15
-0.916 2.3225e-15
-0.914 9.95652e-15
-0.912 7.4589e-15
-0.91 6.92474e-15
-0.908 4.6027e-15
-0.906 9.07515e-15
-0.904 3.65227e-15
-0.902 5.69589e-15
-0.9 9.42293e-15
-0.898 5.17083e-15
-0.896 5.82328e-15
-0.894 6.85039e-15
-0.892 9.08439e-16
-0.89 1.44653e-14
-0.888 5.56249e-15
-0.886 1.09499e-14
-0.884 6.96343e-15
-0.882 1.47137e-14
-0.88 5.20878e-15
-0.878 8.40003e-15
-0.876 8.16384e-15
-0.874 4.4039e-15
-0.872 1.58908e-14
-0.87 1.68123e-14
-0.868 1.9899e-14
-0.866 1.84632e-14
-0.864 2.18881e-14
-0.862 2.68265e-14
-0.86 2.65891e-14
-0.858 3.36632e-14
-0.856 3.56004e-14
-0.854 4.68059e-14
-0.852 4.68451e-14
-0.85 6.15852e-14
-0.848 6.91689e-14
-0.846 7.94386e-14
-0.844 9.49057e-14
-0.842 1.08095e-13
-0.84 1.3012e-13
-0.838 1.41684e-13
-0.836 1.78597e-13
-0.834 1.93184e-13
-0.832 2.34055e-13
-0.83 2.6827e-13
-0.828 3.09455e-13
-0.826 3.64962e-13
-0.824 4.23588e-13
-0.822 4.91896e-13
-0.82 5.68599e-13
-0.818 6.68578e-13
-0.816 7.71155e-13
-0.814 8.95832e-13
-0.812 1.0461e-12
-0.81 1.21161e-12
-0.808 1.41328e-12
-0.806 1.63024e-12
-0.804 1.89522e-12
-0.802 2.20091e-12
-0.8 2.549e-12
-0.798 2.96028e-12
-0.796 3.41854e-12
-0.794 3.97208e-12
-0.792 4.58488e-12
-0.79 5.31048e-12
-0.788 6.15461e-12
-0.786 7.10746e-12
-0.784 8.22426e-12
-0.782 9.49686e-12
-0.78 1.09713e-11
-0.778 1.2665e-11
-0.776 1.46107e-11
-0.774 1.68668e-11
-0.772 1.94468e-11
-0.77 2.24186e-11
-0.768 2.58399e-11
-0.766 2.97545e-11
-0.764 3.42668e-11
-0.762 3.9438e-11
-0.76 4.53758e-11
-0.758 5.21802e-11
-0.756 5.9993e-11
-0.754 6.89315e-11
-0.752 7.91831e-11
-0.75 9.09223e-11
-0.748 1.04355e-10
-0.746 1.19732e-10
-0.744 1.37315e-10
-0.742 1.5741e-10
-0.74 1.80385e-10
-0.738 2.06624e-10
-0.736 2.36584e-10
-0.734 2.70791e-10
-0.732 3.09802e-10
-0.73 3.54314e-10
-0.728 4.05044e-10
-0.726 4.62853e-10
-0.724 5.28709e-10
-0.722 6.03685e-10
-0.72 6.89025e-10
-0.718 7.86106e-10
-0.716 8.96512e-10
-0.714 1.02202e-09
-0.712 1.16463e-09
-0.71 1.32661e-09
-0.708 1.51051e-09
-0.706 1.71922e-09
-0.704 1.95598e-09
-0.702 2.22446e-09
-0.7 2.52878e-09
-0.698 2.87358e-09
-0.696 3.2641e-09
-0.694 3.70619e-09
-0.692 4.20649e-09
-0.69 4.77241e-09
-0.688 5.41231e-09
-0.686 6.13556e-09
-0.684 6.95266e-09
-0.682 7.87544e-09
-0.68 8.91713e-09
-0.678 1.00925e-08
-0.676 1.14184e-08
-0.674 1.29132e-08
-0.672 1.45978e-08
-0.67 1.64957e-08
-0.668 1.86328e-08
-0.666 2.10385e-08
-0.664 2.37451e-08
-0.662 2.67894e-08
-0.66 3.02118e-08
-0.658 3.40578e-08
-0.656 3.83781e-08
-0.654 4.32291e-08
-0.652 4.86738e-08
-0.65 5.47824e-08
-0.648 6.1633e-08
-0.646 6.93126e-08
-0.644 7.79178e-08
-0.642 8.75565e-08
-0.64 9.83481e-08
-0.638 1.10426e-07
-0.636 1.23937e-07
-0.634 1.39046e-07
-0.632 1.55934e-07
-0.63 1.74804e-07
-0.628 1.95879e-07
-0.626 2.19407e-07
-0.624 2.45663e-07
-0.622 2.74951e-07
-0.62 3.07608e-07
-0.618 3.44006e-07
-0.616 3.84557e-07
-0.614 4.29716e-07
-0.612 4.79987e-07
-0.61 5.35925e-07
-0.608 5.98143e-07
-0.606 6.67317e-07
-0.604 7.44193e-07
-0.602 8.29594e-07
-0.6 9.24426e-07
-0.598 1.02969e-06
-0.596 1.14648e-06
-0.594 1.276e-06
-0.592 1.41959e-06
-0.59 1.57871e-06
-0.588 1.75496e-06
-0.586 1.95011e-06
-0.584 2.1661e-06
-0.582 2.40505e-06
-0.58 2.66929e-06
-0.578 2.96138e-06
-0.576 3.28411e-06
-0.574 3.64057e-06
-0.572 4.0341e-06
-0.57 4.46839e-06
-0.568 4.94746e-06
-0.566 5.4757e-06
-0.564 6.05792e-06
-0.562 6.69938e-06
-0.56 7.40579e-06
-0.558 8.18343e-06
-0.556 9.03911e-06
-0.554 9.98028e-06
-0.552 1.1015e-05
-0.55 1.21522e-05
-0.548 1.34015e-05
-0.546 1.47733e-05
-0.544 1.6279e-05
-0.542 1.7931e-05
-0.54 1.97427e-05
-0.538 2.17289e-05
-0.536 2.39053e-05
-0.534 2.62892e-05
-0.532 2.88993e-05
-0.53 3.17559e-05
-0.528 3.48809e-05
-0.526 3.82982e-05
-0.524 4.20335e-05
-0.522 4.61147e-05
-0.52 5.0572e-05
-0.518 5.5438e-05
-0.516 6.07479e-05
-0.514 6.65399e-05
-0.512 7.28551e-05
-0.51 7.97379e-05
-0.508 8.72361e-05
-0.506 9.54014e-05
-0.504 0.000104289
-0.502 0.00011396
-0.5 0.000124477
-0.498 0.000135912
-0.496 0.000148337
-0.494 0.000161834
-0.492 0.000176488
-0.49 0.000192393
-0.488 0.000209648
-0.486 0.000228359
-0.484 0.000248641
-0.482 0.000270616
-0.48 0.000294417
-0.478 0.000320183
-0.476 0.000348066
-0.474 0.000378226
-0.472 0.000410836
-0.47 0.00044608
-0.468 0.000484155
-0.466 0.00052527
-0.464 0.000569651
-0.462 0.000617536
-0.46 0.000669179
-0.458 0.000724853
-0.456 0.000784847
-0.454 0.000849468
-0.452 0.000919045
-0.45 0.000993926
-0.448 0.00107448
-0.446 0.0011611
-0.444 0.00125421
-0.442 0.00135424
-0.44 0.00146168
-0.438 0.001577
-0.436 0.00170076
-0.434 0.00183349
-0.432 0.00197581
-0.43 0.00212832
-0.428 0.0022917
-0.426 0.00246664
-0.424 0.00265388
-0.422 0.0028542
-0.42 0.00306843
-0.418 0.00329742
-0.416 0.00354211
-0.414 0.00380344
-0.412 0.00408244
-0.41 0.00438018
-0.408 0.00469776
-0.406 0.00503638
-0.404 0.00539727
-0.402 0.00578173
-0.4 0.00619113
-0.398 0.0066269
-0.396 0.00709054
-0.394 0.00758362
-0.392 0.00810778
-0.39 0.00866475
-0.388 0.00925633
-0.386 0.0098844
-0.384 0.0105509
-0.382 0.011258
-0.38 0.0120076
-0.378 0.0128022
-0.376 0.0136439
-0.374 0.0145353
-0.372 0.0154788
-0.37 0.016477
-0.368 0.0175328
-0.366 0.0186488
-0.364 0.0198282
-0.362 0.0210738
-0.36 0.0223888
-0.358 0.0237766
-0.356 0.0252405
-0.354 0.026784
-0.352 0.0284108
-0.35 0.0301246
-0.348 0.0319293
-0.346 0.0338288
-0.344 0.0358273
-0.342 0.037929
-0.34 0.0401384
-0.338 0.0424599
-0.336 0.0448981
-0.334 0.0474578
-0.332 0.0501438
-0.33 0.0529613
-0.328 0.0559153
-0.326 0.0590111
-0.324 0.062254
-0.322 0.0656497
-0.32 0.0692037
-0.318 0.0729218
-0.316 0.0768099
-0.314 0.0808739
-0.312 0.08512
-0.31 0.0895544
-0.308 0.0941833
-0.306 0.0990132
-0.304 0.104051
-0.302 0.109302
-0.3 0.114775
-0.298 0.120475
-0.296 0.126409
-0.294 0.132585
-0.292 0.139009
-0.29 0.145688
-0.288 0.15263
-0.286 0.159842
-0.284 0.16733
-0.282 0.175102
-0.28 0.183165
-0.278 0.191526
-0.276 0.200193
-0.274 0.209173
-0.272 0.218472
-0.27 0.228098
-0.268 0.238058
-0.266 0.248358
-0.264 0.259007
-0.262 0.27001
-0.26 0.281374
-0.258 0.293106
-0.256 0.305213
-0.254 0.3177
-0.252 0.330574
-0.25 0.343841
-0.248 0.357507
-0.246 0.371577
-0.244 0.386057
-0.242 0.400952
-0.24 0.416266
-0.238 0.432006
-0.236 0.448175
-0.234 0.464777
-0.232 0.481816
-0.23 0.499295
-0.228 0.517219
-0.226 0.53559
-0.224 0.554409
-0.222 0.573681
-0.22 0.593405
-0.218 0.613585
-0.216 0.63422
-0.214 0.655311
-0.212 0.676859
-0.21 0.698862
-0.208 0.721322
-0.206 0.744235
-0.204 0.767601
-0.202 0.791417
-0.2 0.815681
-0.198 0.84039
-0.196 0.865539
-0.194 0.891126
-0.192 0.917145
-0.19 0.94359
-0.188 0.970457
-0.186 0.99774
-0.184 1.02543
-0.182 1.05352
-0.18 1.08201
-0.178 1.11088
-0.176 1.14012
-0.174 1.16974
-0.172 1.19971
-0.17 1.23002
-0.168 1.26068
-0.166 1.29165
-0.164 1.32294
-0.162 1.35453
-0.16 1.38641
-0.158 1.41856
-0.156 1.45097
-0.154 1.48362
-0.152 1.51651
-0.15 1.54961
-0.148 1.58291
-0.146 1.6164
-0.144 1.65005
-0.142 1.68386
-0.14 1.71779
-0.138 1.75185
-0.136 1.786
-0.134 1.82024
-0.132 1.85454
-0.13 1.88888
-0.128 1.92325
-0.126 1.95762
-0.124 1.99198
-0.122 2.02631
-0.12 2.06058
-0.118 2.09479
-0.116 2.1289
-0.114 2.1629
-0.112 2.19677
-0.11 2.23049
-0.108 2.26404
-0.106 2.29739
-0.104 2.33054
-0.102 2.36345
-0.1 2.39611
-0.098 2.42849
-0.096 2.46059
-0.094 2.49237
-0.092 2.52382
-0.09 2.55493
-0.088 2.58566
-0.086 2.616
-0.084 2.64594
-0.082 2.67544
-0.08 2.70451
-0.078 2.73311
-0.076 2.76123
-0.074 2.78885
-0.072 2.81595
-0.07 2.84252
-0.068 2.86854
-0.066 2.894
-0.064 2.91887
-0.062 2.94314
-0.06 2.96681
-0.058 2.98984
-0.056 3.01223
-0.054 3.03397
-0.052 3.05504
-0.05 3.07542
-0.048 3.09511
-0.046 3.11409
-0.044 3.13235
-0.042 3.14988
-0.04 3.16667
-0.038 3.1827
-0.036 3.19798
-0.034 3.21248
-0.032 3.2262
-0.03 3.23913
-0.028 3.25127
-0.026 3.2626
-0.024 3.27312
-0.022 3.28282
-0.02 3.2917
-0.018 3.29975
-0.016 3.30697
-0.014 3.31334
-0.012 3.31888
-0.01 3.32357
-0.008 3.32741
-0.006 3.3304
-0.004 3.33253
-0.002 3.33382
0 3.33424
0.002 3.33382
0.004 3.33253
0.006 3.3304
0.008 3.32741
0.01 3.32357
0.012 3.31888
0.014 3.31334
0.016 3.30697
0.018 3.29975
0.02 3.2917
0.022 3.28282
0.024 3.27312
0.026 3.2626
0.028 3.25127
0.03 3.23913
0.032 3.2262
0.034 3.21248
0.036 3.19798
0.038 3.1827
0.04 3.16667
0.042 3.14988
0.044 3.13235
0.046 3.11409
0.048 3.09511
0.05 3.07542
0.052 3.05504
0.054 3.03397
0.056 3.01223
0.058 2.98984
0.06 2.96681
0.062 2.94314
0.064 2.91887
0.066 2.894
0.068 2.86854
0.07 2.84252
0.072 2.81595
0.074 2.78885
0.076 2.76123
0.078 2.73311
0.08 2.70451
0.082 2.67544
0.084 2.64594
0.086 2.616
0.088 2.58566
0.09 2.55493
0.092 2.52382
0.094 2.49237
0.096 2.46059
0.098 2.42849
0.1 2.39611
0.102 2.36345
0.104 2.33054
0.106 2.29739
0.108 2.26404
0.11 2.23049
0.112 2.19677
0.114 2.1629
0.116 2.1289
0.118 2.09479
0.12 2.06058
0.122 2.02631
0.124 1.99198
0.126 1.95762
0.128 1.92325
0.13 1.88888
0.132 1.85454
0.134 1.82024
0.136 1.786
0.138 1.75185
0.14 1.71779
0.142 1.68386
0.144 1.65005
0.146 1.6164
0.148 1.58291
0.15 1.54961
0.152 1.51651
0.154 1.48362
0.156 1.45097
0.158 1.41856
0.16 1.38641
0.162 1.35453
0.164 1.32294
0.166 1.29165
0.168 1.26068
0.17 1.23002
0.172 1.19971
0.174 1.16974
0.176 1.14012
0.178 1.11088
0.18 1.08201
0.182 1.05352
0.184 1.02543
0.186 0.99774
0.188 0.970457
0.19 0.94359
0.192 0.917145
0.194 0.891126
0.196 0.865539
0.198 0.84039
0.2 0.815681
0.202 0.791417
0.204 0.767601
0.206 0.744235
0.208 0.721322
0.21 0.698862
0.212 0.676859
0.214 0.655311
0.216 0.63422
0.218 0.613585
0.22 0.593405
0.222 0.573681
0.224 0.554409
0.226 0.53559
0.228 0.517219
0.23 0.499295
0.232 0.481816
0.234 0.464777
0.236 0.448175
0.238 0.432006
0.24 0.416266
0.242 0.400952
0.244 0.386057
0.246 0.371577
0.248 0.357507
0.25 0.343841
0.252 0.330574
0.254 0.3177
0.256 0.305213
0.258 0.293106
0.26 0.281374
0.262 0.27001
0.264 0.259007
0.266 0.248358
0.268 0.238058
0.27 0.228098
0.272 0.218472
0.274 0.209173
0.276 0.200193
0.278 0.191526
0.28 0.183165
0.282 0.175102
0.284 0.16733
0.286 0.159842
0.288 0.15263
0.29 0.145688
0.292 0.139009
0.294 0.132585
0.296 0.126409
0.298 0.120475
0.3 0.114775
0.302 0.109302
0.304 0.104051
0.306 0.0990132
0.308 0.0941833
0.31 0.0895544
0.312 0.08512
0.314 0.0808739
0.316 0.0768099
0.318 0.0729218
0.32 0.0692037
0.322 0.0656497
0.324 0.062254
0.326 0.0590111
0.328 0.0559153
0.33 0.0529613
0.332 0.0501438
0.334 0.0474578
0.336 0.0448981
0.338 0.0424599
0.34 0.0401384
0.342 0.037929
0.344 0.0358273
0.346 0.0338288
0.348 0.0319293
0.35 0.0301246
0.352 0.0284108
0.354 0.026784
0.356 0.0252405
0.358 0.0237766
0.36 0.0223888
0.362 0.0210738
0.364 0.0198282
0.366 0.0186488
0.368 0.0175328
0.37 0.016477
0.372 0.0154788
0.374 0.0145353
0.376 0.0136439
0.378 0.0128022
0.38 0.0120076
0.382 0.011258
0.384 0.0105509
0.386 0.0098844
0.388 0.00925633
0.39 0.00866475
0.392 0.00810778
0.394 0.00758362
0.396 0.00709054
0.398 0.0066269
0.4 0.00619113
0.402 0.00578173
0.404 0.00539727
0.406 0.00503638
0.408 0.00469776
0.41 0.00438018
0.412 0.00408244
0.414 0.00380344
0.416 0.00354211
0.418 0.00329742
0.42 0.00306843
0.422 0.0028542
0.424 0.00265388
0.426 0.00246664
0.428 0.0022917
0.43 0.00212832
0.432 0.00197581
0.434 0.00183349
0.436 0.00170076
0.438 0.001577
0.44 0.00146168
0.442 0.00135424
0.444 0.00125421
0.446 0.0011611
0.448 0.00107448
0.45 0.000993926
0.452 0.000919045
0.454 0.000849468
0.456 0.000784847
0.458 0.000724853
0.46 0.000669179
0.462 0.000617536
0.464 0.000569651
0.466 0.00052527
0.468 0.000484155
0.47 0.00044608
0.472 0.000410836
0.474 0.000378226
0.476 0.000348066
0.478 0.000320183
0.48 0.000294417
0.482 0.000270616
0.484 0.000248641
0.486 0.000228359
0.488 0.000209648
0.49 0.000192393
0.492 0.000176488
0.494 0.000161834
0.496 0.000148337
0.498 0.000135912
0.5 0.000124477
0.502 0.00011396
0.504 0.000104289
0.506 9.54014e-05
0.508 8.72361e-05
0.51 7.97379e-05
0.512 7.28551e-05
0.514 6.65399e-05
0.516 6.07479e-05
0.518 5.5438e-05
0.52 5.0572e-05
0.522 4.61147e-05
0.524 4.20335e-05
0.526 3.82982e-05
0.528 3.48809e-05
0.53 3.17559e-05
0.532 2.88993e-05
0.534 2.62892e-05
0.536 2.39053e-05
0.538 2.17289e-05
0.54 1.97427e-05
0.542 1.7931e-05
0.544 1.6279e-05
0.546 1.47733e-05
0.548 1.34015e-05
0.55 1.21522e-05
0.552 1.1015e-05
0.554 9.98028e-06
0.556 9.03911e-06
0.558 8.18343e-06
0.56 7.40579e-06
0.562 6.69938e-06
0.564 6.05792e-06
0.566 5.4757e-06
0.568 4.94746e-06
0.57 4.46839e-06
0.572 4.0341e-06
0.574 3.64057e-06
0.576 3.28411e-06
0.578 2.96138e-06
0.58 2.66929e-06
0.582 2.40505e-06
0.584 2.1661e-06
0.586 1.95011e-06
0.588 1.75496e-06
0.59 1.57871e-06
0.592 1.41959e-06
0.594 1.276e-06
0.596 1.14648e-06
0.598 1.02969e-06
0.6 9.24426e-07
0.602 8.29594e-07
0.604 7.44193e-07
0.606 6.67317e-07
0.608 5.98143e-07
0.61 5.35925e-07
0.612 4.79987e-07
0.614 4.29716e-07
0.616 3.84557e-07
0.618 3.44006e-07
0.62 3.07608e-07
0.622 2.74951e-07
0.624 2.45663e-07
0.626 2.19407e-07
0.628 1.95879e-07
0.63 1.74804e-07
0.632 1.55934e-07
0.634 1.39046e-07
0.636 1.23937e-07
0.638 1.10426e-07
0.64 9.83481e-08
0.642 8.75565e-08
0.644 7.79178e-08
0.646 6.93126e-08
0.648 6.1633e-08
0.65 5.47824e-08
0.652 4.86738e-08
0.654 4.32291e-08
0.656 3.83781e-08
0.658 3.40578e-08
0.66 3.02118e-08
0.662 2.67894e-08
0.664 2.37451e-08
0.666 2.10385e-08
0.668 1.86328e-08
0.67 1.64957e-08
0.672 1.45978e-08
0.674 1.29132e-08
0.676 1.14184e-08
0.678 1.00926e-08
0.68 8.91712e-09
0.682 7.87544e-09
0.684 6.95267e-09
0.686 6.13555e-09
0.688 5.41231e-09
0.69 4.77242e-09
0.692 4.20649e-09
0.694 3.70619e-09
0.696 3.26409e-09
0.698 2.87358e-09
0.7 2.52878e-09
0.702 2.22446e-09
0.704 1.95598e-09
0.706 1.71922e-09
0.708 1.51051e-09
0.71 1.3266e-09
0.712 1.16463e-09
0.714 1.02202e-09
0.716 8.96517e-10
0.718 7.86113e-10
0.72 6.89023e-10
0.722 6.03684e-10
0.724 5.28706e-10
0.726 4.6286e-10
0.728 4.05043e-10
0.73 3.54314e-10
0.732 3.09806e-10
0.734 2.70788e-10
0.736 2.36585e-10
0.738 2.06621e-10
0.74 1.80384e-10
0.742 1.5741e-10
0.744 1.37314e-10
0.746 1.19727e-10
0.748 1.04358e-10
0.75 9.09255e-11
0.752 7.9188e-11
0.754 6.89337e-11
0.756 5.99917e-11
0.758 5.21851e-11
0.76 4.53731e-11
0.762 3.94401e-11
0.764 3.4266e-11
0.766 2.97619e-11
0.768 2.58385e-11
0.77 2.24257e-11
0.772 1.94492e-11
0.774 1.68674e-11
0.776 1.46181e-11
0.778 1.26682e-11
0.78 1.09703e-11
0.782 9.49431e-12
0.784 8.22024e-12
0.786 7.11358e-12
0.788 6.14566e-12
0.79 5.3141e-12
0.792 4.59906e-12
0.794 3.96289e-12
0.796 3.43016e-12
0.798 2.95513e-12
0.8 2.54997e-12
0.802 2.20137e-12
0.804 1.8975e-12
0.806 1.63516e-12
0.808 1.41047e-12
0.81 1.21299e-12
0.812 1.04658e-12
0.814 8.99047e-13
0.816 7.70998e-13
0.818 6.68882e-13
0.82 5.67416e-13
0.822 4.99668e-13
0.824 4.22556e-13
0.826 3.64561e-13
0.828 3.15287e-13
0.83 2.69259e-13
0.832 2.35525e-13
0.834 1.93582e-13
0.836 1.73426e-13
0.838 1.46399e-13
0.84 1.27056e-13
0.842 1.11395e-13
0.844 9.08443e-14
0.846 7.94302e-14
0.848 7.16772e-14
0.85 6.27776e-14
0.852 5.22799e-14
0.854 4.30315e-14
0.856 3.86706e-14
0.858 3.73007e-14
0.86 2.87836e-14
0.862 2.75065e-14
0.864 2.37027e-14
0.866 1.87311e-14
0.868 1.87651e-14
0.87 1.32066e-14
0.872 1.3239e-14
0.874 1.20578e-14
0.876 1.35076e-14
0.878 8.00787e-15
0.88 4.25897e-15
0.882 6.34436e-15
0.884 1.14758e-14
0.886 4.87516e-15
0.888 6.76217e-15
0.89 7.20287e-15
0.892 2.12674e-15
0.894 6.99008e-15
0.896 8.09234e-15
0.898 9.0488e-15
0.9 -8.83215e-16
0.902 7.50696e-15
0.904 3.79036e-15
0.906 7.73104e-15
0.908 6.4372e-15
0.91 2.03847e-15
0.912 9.2304e-15
0.914 1.64233e-15
0.916 9.68738e-15
0.918 4.47581e-15
0.92 5.02299e-15
0.922 1.69259e-15
0.924 6.43627e-15
0.926 2.45927e-15
0.928 7.30923e-15
0.93 7.66267e-15
0.932 6.7077e-15
0.934 1.03238e-14
0.936 2.53816e-15
0.938 3.73667e-15
0.94 3.37788e-16
0.942 9.59916e-16
0.944 2.46849e-16
0.946 4.39458e-15
0.948 1.52027e-15
0.95 1.03887e-14
0.952 8.79176e-16
0.954 1.03829e-14
0.956 2.50337e-15
0.958 6.48404e-15
0.96 8.77129e-15
0.962 4.37787e-15
0.964 8.70495e-15
0.966 5.09424e-15
0.968 9.10043e-15
0.97 4.22333e-16
0.972 8.32335e-15
0.974 9.56696e-16
0.976 5.32832e-15
0.978 5.37613e-15
0.98 2.29311e-15
0.982 2.43168e-15
0.984 5.28491e-15
0.986 2.78719e-15
0.988 8.12439e-15
0.99 4.37303e-15
0.992 4.4687e-15
0.994 9.26663e-15
0.996 2.98021e-15
0.998 6.06583e-15
