-1 0.749894
-0.99 0.749882
-0.98 0.749372
-0.97 0.748825
-0.96 0.747808
-0.95 0.746715
-0.94 0.745209
-0.93 0.74356
-0.92 0.741587
-0.91 0.739371
-0.9 0.736957
-0.89 0.73417
-0.88 0.731334
-0.87 0.727982
-0.86 0.724731
-0.85 0.720844
-0.84 0.717163
-0.83 0.712801
-0.82 0.708645
-0.81 0.703896
-0.8 0.699206
-0.79 0.694162
-0.78 0.688898
-0.77 0.683609
-0.76 0.677802
-0.75 0.67223
-0.74 0.666012
-0.73 0.660027
-0.72 0.653592
-0.71 0.647067
-0.7 0.640529
-0.69 0.633491
-0.68 0.626762
-0.67 0.619449
-0.66 0.612291
-0.65 0.604966
-0.64 0.597282
-0.63 0.589917
-0.62 0.581975
-0.61 0.574238
-0.6 0.566401
-0.59 0.558165
-0.58 0.550331
-0.57 0.542011
-0.56 0.533734
-0.55 0.525658
-0.54 0.517038
-0.53 0.508782
-0.52 0.500427
-0.51 0.491688
-0.5 0.483434
-0.49 0.47487
-0.48 0.466113
-0.47 0.457854
-0.46 0.44919
-0.45 0.440451
-0.44 0.432219
-0.43 0.423569
-0.42 0.414849
-0.41 0.406686
-0.4 0.398172
-0.39 0.389466
-0.38 0.381379
-0.37 0.373145
-0.36 0.364495
-0.35 0.356398
-0.34 0.348561
-0.33 0.340168
-0.32 0.331913
-0.31 0.324354
-0.3 0.316603
-0.29 0.308342
-0.28 0.300544
-0.27 0.293428
-0.26 0.285999
-0.25 0.277991
-0.24 0.270381
-0.23 0.263689
-0.22 0.257113
-0.21 0.249744
-0.2 0.241866
-0.19 0.234678
-0.18 0.229127
-0.17 0.225287
-0.16 0.222619
-0.15 0.220524
-0.14 0.218646
-0.13 0.216867
-0.12 0.215181
-0.11 0.213611
-0.1 0.212168
-0.09 0.210857
-0.08 0.209679
-0.07 0.208637
-0.06 0.20773
-0.05 0.206961
-0.04 0.20633
-0.03 0.205839
-0.02 0.205487
-0.01 0.205276
0 0.205205
0.01 0.205276
0.02 0.205487
0.03 0.205839
0.04 0.20633
0.05 0.206961
0.06 0.20773
0.07 0.208637
0.08 0.209679
0.09 0.210857
0.1 0.212168
0.11 0.213611
0.12 0.215181
0.13 0.216867
0.14 0.218646
0.15 0.220524
0.16 0.222619
0.17 0.225287
0.18 0.229127
0.19 0.234678
0.2 0.241866
0.21 0.249744
0.22 0.257113
0.23 0.263689
0.24 0.270381
0.25 0.277991
0.26 0.285999
0.27 0.293428
0.28 0.300544
0.29 0.308342
0.3 0.316603
0.31 0.324354
0.32 0.331913
0.33 0.340168
0.34 0.348561
0.35 0.356398
0.36 0.364495
0.37 0.373145
0.38 0.381379
0.39 0.389466
0.4 0.398172
0.41 0.406686
0.42 0.414849
0.43 0.423569
0.44 0.432219
0.45 0.440451
0.46 0.44919
0.47 0.457854
0.48 0.466113
0.49 0.47487
0.5 0.483434
0.51 0.491688
0.52 0.500427
0.53 0.508782
0.54 0.517038
0.55 0.525658
0.56 0.533734
0.57 0.542011
0.58 0.550331
0.59 0.558165
0.6 0.566401
0.61 0.574238
0.62 0.581975
0.63 0.589917
0.64 0.597282
0.65 0.604966
0.66 0.612291
0.67 0.619449
0.68 0.626762
0.69 0.633491
0.7 0.640529
0.71 0.647067
0.72 0.653592
0.73 0.660027
0.74 0.666012
0.75 0.67223
0.76 0.677802
0.77 0.683609
0.78 0.688898
0.79 0.694162
0.8 0.699206
0.81 0.703896
0.82 0.708645
0.83 0.712801
0.84 0.717163
0.85 0.720844
0.86 0.724731
0.87 0.727982
0.88 0.731334
0.89 0.73417
0.9 0.736957
0.91 0.739371
0.92 0.741587
0.93 0.74356
0.94 0.745209
0.95 0.746715
0.96 0.747808
0.97 0.748825
0.98 0.749372
0.99 0.749882
