-1 0.000896281
-0.998 0.000899115
-0.996 0.000907629
-0.994 0.000921863
-0.992 0.000941885
-0.99 0.000967786
-0.988 0.000999687
-0.986 0.00103774
-0.984 0.00108211
-0.982 0.00113301
-0.98 0.00119066
-0.978 0.00125534
-0.976 0.00132733
-0.974 0.00140695
-0.972 0.00149456
-0.97 0.00159055
-0.968 0.00169533
-0.966 0.00180937
-0.964 0.00193314
-0.962 0.00206718
-0.96 0.00221205
-0.958 0.00236836
-0.956 0.00253674
-0.954 0.0027179
-0.952 0.00291255
-0.95 0.00312148
-0.948 0.0033455
-0.946 0.00358548
-0.944 0.00384236
-0.942 0.00411709
-0.94 0.00441071
-0.938 0.00472429
-0.936 0.00505898
-0.934 0.00541597
-0.932 0.00579653
-0.93 0.00620197
-0.928 0.0066337
-0.926 0.00709315
-0.924 0.00758187
-0.922 0.00810145
-0.92 0.00865356
-0.918 0.00923995
-0.916 0.00986245
-0.914 0.010523
-0.912 0.0112235
-0.91 0.0119661
-0.908 0.012753
-0.906 0.0135863
-0.904 0.0144685
-0.902 0.015402
-0.9 0.0163893
-0.898 0.017433
-0.896 0.018536
-0.894 0.0197009
-0.892 0.0209307
-0.89 0.0222285
-0.888 0.0235974
-0.886 0.0250407
-0.884 0.0265616
-0.882 0.0281638
-0.88 0.0298507
-0.878 0.031626
-0.876 0.0334935
-0.874 0.0354572
-0.872 0.037521
-0.87 0.0396891
-0.868 0.0419658
-0.866 0.0443553
-0.864 0.0468621
-0.862 0.0494908
-0.86 0.0522461
-0.858 0.0551327
-0.856 0.0581556
-0.854 0.0613197
-0.852 0.0646301
-0.85 0.0680919
-0.848 0.0717106
-0.846 0.0754913
-0.844 0.0794396
-0.842 0.083561
-0.84 0.087861
-0.838 0.0923454
-0.836 0.0970199
-0.834 0.10189
-0.832 0.106962
-0.83 0.112242
-0.828 0.117735
-0.826 0.123447
-0.824 0.129385
-0.822 0.135555
-0.82 0.141961
-0.818 0.148611
-0.816 0.155511
-0.814 0.162665
-0.812 0.170081
-0.81 0.177764
-0.808 0.185719
-0.806 0.193953
-0.804 0.202471
-0.802 0.211278
-0.8 0.22038
-0.798 0.229783
-0.796 0.239491
-0.794 0.249509
-0.792 0.259842
-0.79 0.270495
-0.788 0.281472
-0.786 0.292778
-0.784 0.304416
-0.782 0.31639
-0.78 0.328703
-0.778 0.341359
-0.776 0.35436
-0.774 0.36771
-0.772 0.38141
-0.77 0.395462
-0.768 0.409868
-0.766 0.424628
-0.764 0.439745
-0.762 0.455217
-0.76 0.471045
-0.758 0.487229
-0.756 0.503767
-0.754 0.520658
-0.752 0.537901
-0.75 0.555492
-0.748 0.573429
-0.746 0.591709
-0.744 0.610327
-0.742 0.629279
-0.74 0.64856
-0.738 0.668164
-0.736 0.688086
-0.734 0.708319
-0.732 0.728855
-0.73 0.749686
-0.728 0.770804
-0.726 0.7922
-0.724 0.813865
-0.722 0.835787
-0.72 0.857957
-0.718 0.880363
-0.716 0.902992
-0.714 0.925833
-0.712 0.948872
-0.71 0.972096
-0.708 0.995489
-0.706 1.01904
-0.704 1.04273
-0.702 1.06654
-0.7 1.09046
-0.698 1.11447
-0.696 1.13855
-0.694 1.16269
-0.692 1.18687
-0.69 1.21106
-0.688 1.23526
-0.686 1.25943
-0.684 1.28356
-0.682 1.30763
-0.68 1.33162
-0.678 1.35551
-0.676 1.37928
-0.674 1.4029
-0.672 1.42635
-0.67 1.44962
-0.668 1.47267
-0.666 1.4955
-0.664 1.51807
-0.662 1.54036
-0.66 1.56236
-0.658 1.58404
-0.656 1.60538
-0.654 1.62635
-0.652 1.64694
-0.65 1.66712
-0.648 1.68688
-0.646 1.70618
-0.644 1.72502
-0.642 1.74337
-0.64 1.76121
-0.638 1.77852
-0.636 1.79528
-0.634 1.81147
-0.632 1.82708
-0.63 1.84209
-0.628 1.85647
-0.626 1.87023
-0.624 1.88333
-0.622 1.89576
-0.62 1.90751
-0.618 1.91857
-0.616 1.92892
-0.614 1.93855
-0.612 1.94745
-0.61 1.9556
-0.608 1.96301
-0.606 1.96966
-0.604 1.97553
-0.602 1.98064
-0.6 1.98496
-0.598 1.9885
-0.596 1.99124
-0.594 1.99319
-0.592 1.99435
-0.59 1.99471
-0.588 1.99427
-0.586 1.99304
-0.584 1.991
-0.582 1.98818
-0.58 1.98456
-0.578 1.98016
-0.576 1.97498
-0.574 1.96903
-0.572 1.9623
-0.57 1.95482
-0.568 1.94659
-0.566 1.93762
-0.564 1.92791
-0.562 1.91749
-0.56 1.90637
-0.558 1.89455
-0.556 1.88204
-0.554 1.86888
-0.552 1.85506
-0.55 1.84061
-0.548 1.82555
-0.546 1.80988
-0.544 1.79363
-0.542 1.77681
-0.54 1.75945
-0.538 1.74156
-0.536 1.72316
-0.534 1.70427
-0.532 1.68492
-0.53 1.66512
-0.528 1.6449
-0.526 1.62427
-0.524 1.60326
-0.522 1.58189
-0.52 1.56018
-0.518 1.53815
-0.516 1.51582
-0.514 1.49323
-0.512 1.47038
-0.51 1.4473
-0.508 1.42401
-0.506 1.40054
-0.504 1.37691
-0.502 1.35313
-0.5 1.32923
-0.498 1.30523
-0.496 1.28115
-0.494 1.25701
-0.492 1.23284
-0.49 1.20864
-0.488 1.18445
-0.486 1.16028
-0.484 1.13614
-0.482 1.11207
-0.48 1.08806
-0.478 1.06415
-0.476 1.04035
-0.474 1.01668
-0.472 0.993143
-0.47 0.969765
-0.468 0.94656
-0.466 0.92354
-0.464 0.90072
-0.462 0.878112
-0.46 0.855729
-0.458 0.833584
-0.456 0.811686
-0.454 0.790048
-0.452 0.76868
-0.45 0.74759
-0.448 0.726788
-0.446 0.706282
-0.444 0.68608
-0.442 0.666189
-0.44 0.646617
-0.438 0.627369
-0.436 0.60845
-0.434 0.589865
-0.432 0.57162
-0.43 0.553717
-0.428 0.536161
-0.426 0.518953
-0.424 0.502097
-0.422 0.485595
-0.42 0.469446
-0.418 0.453654
-0.416 0.438217
-0.414 0.423136
-0.412 0.408411
-0.41 0.394041
-0.408 0.380024
-0.406 0.366359
-0.404 0.353044
-0.402 0.340078
-0.4 0.327456
-0.398 0.315177
-0.396 0.303237
-0.394 0.291632
-0.392 0.28036
-0.39 0.269415
-0.388 0.258794
-0.386 0.248493
-0.384 0.238506
-0.382 0.228829
-0.38 0.219457
-0.378 0.210384
-0.376 0.201606
-0.374 0.193117
-0.372 0.184911
-0.37 0.176983
-0.368 0.169327
-0.366 0.161938
-0.364 0.154809
-0.362 0.147935
-0.36 0.14131
-0.358 0.134927
-0.356 0.128781
-0.354 0.122866
-0.352 0.117176
-0.35 0.111704
-0.348 0.106446
-0.346 0.101394
-0.344 0.0965435
-0.342 0.0918883
-0.34 0.0874226
-0.338 0.0831407
-0.336 0.0790368
-0.334 0.0751055
-0.332 0.0713412
-0.33 0.0677385
-0.328 0.0642919
-0.326 0.0609964
-0.324 0.0578466
-0.322 0.0548375
-0.32 0.0519642
-0.318 0.0492217
-0.316 0.0466053
-0.314 0.0441103
-0.312 0.0417322
-0.31 0.0394666
-0.308 0.037309
-0.306 0.0352552
-0.304 0.0333012
-0.302 0.0314429
-0.3 0.0296765
-0.298 0.027998
-0.296 0.026404
-0.294 0.0248907
-0.292 0.0234548
-0.29 0.0220929
-0.288 0.0208017
-0.286 0.0195782
-0.284 0.0184192
-0.282 0.0173219
-0.28 0.0162835
-0.278 0.0153012
-0.276 0.0143725
-0.274 0.0134947
-0.272 0.0126654
-0.27 0.0118824
-0.268 0.0111433
-0.266 0.010446
-0.264 0.00978837
-0.262 0.00916851
-0.26 0.00858447
-0.258 0.00803442
-0.256 0.00751661
-0.254 0.00702935
-0.252 0.00657106
-0.25 0.00614018
-0.248 0.00573527
-0.246 0.00535491
-0.244 0.00499779
-0.242 0.00466261
-0.24 0.00434817
-0.238 0.00405331
-0.236 0.00377694
-0.234 0.00351801
-0.232 0.00327552
-0.23 0.00304852
-0.228 0.00283612
-0.226 0.00263746
-0.224 0.00245173
-0.222 0.00227818
-0.22 0.00211606
-0.218 0.00196469
-0.216 0.00182342
-0.214 0.00169164
-0.212 0.00156874
-0.21 0.0014542
-0.208 0.00134748
-0.206 0.00124809
-0.204 0.00115557
-0.202 0.00106948
-0.2 0.000989413
-0.198 0.00091497
-0.196 0.00084579
-0.194 0.000781528
-0.192 0.00072186
-0.19 0.000666481
-0.188 0.000615104
-0.186 0.000567461
-0.184 0.000523298
-0.182 0.00048238
-0.18 0.000444483
-0.178 0.0004094
-0.176 0.000376935
-0.174 0.000346906
-0.172 0.000319141
-0.17 0.000293481
-0.168 0.000269776
-0.166 0.000247887
-0.164 0.000227683
-0.162 0.000209042
-0.16 0.00019185
-0.158 0.000176002
-0.156 0.000161398
-0.154 0.000147947
-0.152 0.000135563
-0.15 0.000124165
-0.148 0.000113681
-0.146 0.00010404
-0.144 9.51785e-05
-0.142 8.70371e-05
-0.14 7.95603e-05
-0.138 7.26966e-05
-0.136 6.63985e-05
-0.134 6.06218e-05
-0.132 5.53256e-05
-0.13 5.04718e-05
-0.128 4.60255e-05
-0.126 4.19541e-05
-0.124 3.82276e-05
-0.122 3.48181e-05
-0.12 3.17e-05
-0.118 2.88496e-05
-0.116 2.62451e-05
-0.114 2.38661e-05
-0.112 2.16941e-05
-0.11 1.97118e-05
-0.108 1.79036e-05
-0.106 1.62547e-05
-0.104 1.47518e-05
-0.102 1.33825e-05
-0.1 1.21354e-05
-0.098 1.10001e-05
-0.096 9.96711e-06
-0.094 9.02749e-06
-0.092 8.17319e-06
-0.09 7.39677e-06
-0.088 6.69145e-06
-0.086 6.05097e-06
-0.084 5.46962e-06
-0.082 4.94216e-06
-0.08 4.4638e-06
-0.078 4.03014e-06
-0.076 3.63718e-06
-0.074 3.28125e-06
-0.072 2.95898e-06
-0.07 2.66734e-06
-0.068 2.40351e-06
-0.066 2.16495e-06
-0.064 1.94933e-06
-0.062 1.75454e-06
-0.06 1.57864e-06
-0.058 1.41987e-06
-0.056 1.27664e-06
-0.054 1.14748e-06
-0.052 1.03108e-06
-0.05 9.26222e-07
-0.048 8.31824e-07
-0.046 7.46892e-07
-0.044 6.70526e-07
-0.042 6.01913e-07
-0.04 5.40315e-07
-0.038 4.85064e-07
-0.036 4.35557e-07
-0.034 3.9125e-07
-0.032 3.51653e-07
-0.03 3.16325e-07
-0.028 2.84867e-07
-0.026 2.56926e-07
-0.024 2.32183e-07
-0.022 2.10355e-07
-0.02 1.91192e-07
-0.018 1.74471e-07
-0.016 1.59998e-07
-0.014 1.47605e-07
-0.012 1.37145e-07
-0.01 1.28495e-07
-0.008 1.21554e-07
-0.006 1.16239e-07
-0.004 1.12487e-07
-0.002 1.10254e-07
0 1.09513e-07
0.002 1.10254e-07
0.004 1.12487e-07
0.006 1.16239e-07
0.008 1.21554e-07
0.01 1.28495e-07
0.012 1.37145e-07
0.014 1.47605e-07
0.016 1.59998e-07
0.018 1.74471e-07
0.02 1.91192e-07
0.022 2.10355e-07
0.024 2.32183e-07
0.026 2.56926e-07
0.028 2.84867e-07
0.03 3.16325e-07
0.032 3.51653e-07
0.034 3.9125e-07
0.036 4.35557e-07
0.038 4.85064e-07
0.04 5.40315e-07
0.042 6.01913e-07
0.044 6.70526e-07
0.046 7.46892e-07
0.048 8.31824e-07
0.05 9.26222e-07
0.052 1.03108e-06
0.054 1.14748e-06
0.056 1.27664e-06
0.058 1.41987e-06
0.06 1.57864e-06
0.062 1.75454e-06
0.064 1.94933e-06
0.066 2.16495e-06
0.068 2.40351e-06
0.07 2.66734e-06
0.072 2.95898e-06
0.074 3.28125e-06
0.076 3.63718e-06
0.078 4.03014e-06
0.08 4.4638e-06
0.082 4.94216e-06
0.084 5.46962e-06
0.086 6.05097e-06
0.088 6.69145e-06
0.09 7.39677e-06
0.092 8.17319e-06
0.094 9.02749e-06
0.096 9.96711e-06
0.098 1.10001e-05
0.1 1.21354e-05
0.102 1.33825e-05
0.104 1.47518e-05
0.106 1.62547e-05
0.108 1.79036e-05
0.11 1.97118e-05
0.112 2.16941e-05
0.114 2.38661e-05
0.116 2.62451e-05
0.118 2.88496e-05
0.12 3.17e-05
0.122 3.48181e-05
0.124 3.82276e-05
0.126 4.19541e-05
0.128 4.60255e-05
0.13 5.04718e-05
0.132 5.53256e-05
0.134 6.06218e-05
0.136 6.63985e-05
0.138 7.26966e-05
0.14 7.95603e-05
0.142 8.70371e-05
0.144 9.51785e-05
0.146 0.00010404
0.148 0.000113681
0.15 0.000124165
0.152 0.000135563
0.154 0.000147947
0.156 0.000161398
0.158 0.000176002
0.16 0.00019185
0.162 0.000209042
0.164 0.000227683
0.166 0.000247887
0.168 0.000269776
0.17 0.000293481
0.172 0.000319141
0.174 0.000346906
0.176 0.000376935
0.178 0.0004094
0.18 0.000444483
0.182 0.00048238
0.184 0.000523298
0.186 0.000567461
0.188 0.000615104
0.19 0.000666481
0.192 0.00072186
0.194 0.000781528
0.196 0.00084579
0.198 0.00091497
0.2 0.000989413
0.202 0.00106948
0.204 0.00115557
0.206 0.00124809
0.208 0.00134748
0.21 0.0014542
0.212 0.00156874
0.214 0.00169164
0.216 0.00182342
0.218 0.00196469
0.22 0.00211606
0.222 0.00227818
0.224 0.00245173
0.226 0.00263746
0.228 0.00283612
0.23 0.00304852
0.232 0.00327552
0.234 0.00351801
0.236 0.00377694
0.238 0.00405331
0.24 0.00434817
0.242 0.00466261
0.244 0.00499779
0.246 0.00535491
0.248 0.00573527
0.25 0.00614018
0.252 0.00657106
0.254 0.00702935
0.256 0.00751661
0.258 0.00803442
0.26 0.00858447
0.262 0.00916851
0.264 0.00978837
0.266 0.010446
0.268 0.0111433
0.27 0.0118824
0.272 0.0126654
0.274 0.0134947
0.276 0.0143725
0.278 0.0153012
0.28 0.0162835
0.282 0.0173219
0.284 0.0184192
0.286 0.0195782
0.288 0.0208017
0.29 0.0220929
0.292 0.0234548
0.294 0.0248907
0.296 0.026404
0.298 0.027998
0.3 0.0296765
0.302 0.0314429
0.304 0.0333012
0.306 0.0352552
0.308 0.037309
0.31 0.0394666
0.312 0.0417322
0.314 0.0441103
0.316 0.0466053
0.318 0.0492217
0.32 0.0519642
0.322 0.0548375
0.324 0.0578466
0.326 0.0609964
0.328 0.0642919
0.33 0.0677385
0.332 0.0713412
0.334 0.0751055
0.336 0.0790368
0.338 0.0831407
0.34 0.0874226
0.342 0.0918883
0.344 0.0965435
0.346 0.101394
0.348 0.106446
0.35 0.111704
0.352 0.117176
0.354 0.122866
0.356 0.128781
0.358 0.134927
0.36 0.14131
0.362 0.147935
0.364 0.154809
0.366 0.161938
0.368 0.169327
0.37 0.176983
0.372 0.184911
0.374 0.193117
0.376 0.201606
0.378 0.210384
0.38 0.219457
0.382 0.228829
0.384 0.238506
0.386 0.248493
0.388 0.258794
0.39 0.269415
0.392 0.28036
0.394 0.291632
0.396 0.303237
0.398 0.315177
0.4 0.327456
0.402 0.340078
0.404 0.353044
0.406 0.366359
0.408 0.380024
0.41 0.394041
0.412 0.408411
0.414 0.423136
0.416 0.438217
0.418 0.453654
0.42 0.469446
0.422 0.485595
0.424 0.502097
0.426 0.518953
0.428 0.536161
0.43 0.553717
0.432 0.57162
0.434 0.589865
0.436 0.60845
0.438 0.627369
0.44 0.646617
0.442 0.666189
0.444 0.68608
0.446 0.706282
0.448 0.726788
0.45 0.74759
0.452 0.76868
0.454 0.790048
0.456 0.811686
0.458 0.833584
0.46 0.855729
0.462 0.878112
0.464 0.90072
0.466 0.92354
0.468 0.94656
0.47 0.969765
0.472 0.993143
0.474 1.01668
0.476 1.04035
0.478 1.06415
0.48 1.08806
0.482 1.11207
0.484 1.13614
0.486 1.16028
0.488 1.18445
0.49 1.20864
0.492 1.23284
0.494 1.25701
0.496 1.28115
0.498 1.30523
0.5 1.32923
0.502 1.35313
0.504 1.37691
0.506 1.40054
0.508 1.42401
0.51 1.4473
0.512 1.47038
0.514 1.49323
0.516 1.51582
0.518 1.53815
0.52 1.56018
0.522 1.58189
0.524 1.60326
0.526 1.62427
0.528 1.6449
0.53 1.66512
0.532 1.68492
0.534 1.70427
0.536 1.72316
0.538 1.74156
0.54 1.75945
0.542 1.77681
0.544 1.79363
0.546 1.80988
0.548 1.82555
0.55 1.84061
0.552 1.85506
0.554 1.86888
0.556 1.88204
0.558 1.89455
0.56 1.90637
0.562 1.91749
0.564 1.92791
0.566 1.93762
0.568 1.94659
0.57 1.95482
0.572 1.9623
0.574 1.96903
0.576 1.97498
0.578 1.98016
0.58 1.98456
0.582 1.98818
0.584 1.991
0.586 1.99304
0.588 1.99427
0.59 1.99471
0.592 1.99435
0.594 1.99319
0.596 1.99124
0.598 1.9885
0.6 1.98496
0.602 1.98064
0.604 1.97553
0.606 1.96966
0.608 1.96301
0.61 1.9556
0.612 1.94745
0.614 1.93855
0.616 1.92892
0.618 1.91857
0.62 1.90751
0.622 1.89576
0.624 1.88333
0.626 1.87023
0.628 1.85647
0.63 1.84209
0.632 1.82708
0.634 1.81147
0.636 1.79528
0.638 1.77852
0.64 1.76121
0.642 1.74337
0.644 1.72502
0.646 1.70618
0.648 1.68688
0.65 1.66712
0.652 1.64694
0.654 1.62635
0.656 1.60538
0.658 1.58404
0.66 1.56236
0.662 1.54036
0.664 1.51807
0.666 1.4955
0.668 1.47267
0.67 1.44962
0.672 1.42635
0.674 1.4029
0.676 1.37928
0.678 1.35551
0.68 1.33162
0.682 1.30763
0.684 1.28356
0.686 1.25943
0.688 1.23526
0.69 1.21106
0.692 1.18687
0.694 1.16269
0.696 1.13855
0.698 1.11447
0.7 1.09046
0.702 1.06654
0.704 1.04273
0.706 1.01904
0.708 0.995489
0.71 0.972096
0.712 0.948872
0.714 0.925833
0.716 0.902992
0.718 0.880363
0.72 0.857957
0.722 0.835787
0.724 0.813865
0.726 0.7922
0.728 0.770804
0.73 0.749686
0.732 0.728855
0.734 0.708319
0.736 0.688086
0.738 0.668164
0.74 0.64856
0.742 0.629279
0.744 0.610327
0.746 0.591709
0.748 0.573429
0.75 0.555492
0.752 0.537901
0.754 0.520658
0.756 0.503767
0.758 0.487229
0.76 0.471045
0.762 0.455217
0.764 0.439745
0.766 0.424628
0.768 0.409868
0.77 0.395462
0.772 0.38141
0.774 0.36771
0.776 0.35436
0.778 0.341359
0.78 0.328703
0.782 0.31639
0.784 0.304416
0.786 0.292778
0.788 0.281472
0.79 0.270495
0.792 0.259842
0.794 0.249509
0.796 0.239491
0.798 0.229783
0.8 0.22038
0.802 0.211278
0.804 0.202471
0.806 0.193953
0.808 0.185719
0.81 0.177764
0.812 0.170081
0.814 0.162665
0.816 0.155511
0.818 0.148611
0.82 0.141961
0.822 0.135555
0.824 0.129385
0.826 0.123447
0.828 0.117735
0.83 0.112242
0.832 0.106962
0.834 0.10189
0.836 0.0970199
0.838 0.0923454
0.84 0.087861
0.842 0.083561
0.844 0.0794396
0.846 0.0754913
0.848 0.0717106
0.85 0.0680919
0.852 0.0646301
0.854 0.0613197
0.856 0.0581556
0.858 0.0551327
0.86 0.0522461
0.862 0.0494908
0.864 0.0468621
0.866 0.0443553
0.868 0.0419658
0.87 0.0396891
0.872 0.037521
0.874 0.0354572
0.876 0.0334935
0.878 0.031626
0.88 0.0298507
0.882 0.0281638
0.884 0.0265616
0.886 0.0250407
0.888 0.0235974
0.89 0.0222285
0.892 0.0209307
0.894 0.0197009
0.896 0.018536
0.898 0.017433
0.9 0.0163893
0.902 0.015402
0.904 0.0144685
0.906 0.0135863
0.908 0.012753
0.91 0.0119661
0.912 0.0112235
0.914 0.010523
0.916 0.00986245
0.918 0.00923995
0.92 0.00865356
0.922 0.00810145
0.924 0.00758187
0.926 0.00709315
0.928 0.0066337
0.93 0.00620197
0.932 0.00579653
0.934 0.00541597
0.936 0.00505898
0.938 0.00472429
0.94 0.00441071
0.942 0.00411709
0.944 0.00384236
0.946 0.00358548
0.948 0.0033455
0.95 0.00312148
0.952 0.00291255
0.954 0.0027179
0.956 0.00253674
0.958 0.00236836
0.96 0.00221205
0.962 0.00206718
0.964 0.00193314
0.966 0.00180937
0.968 0.00169533
0.97 0.00159055
0.972 0.00149456
0.974 0.00140695
0.976 0.00132733
0.978 0.00125534
0.98 0.00119066
0.982 0.00113301
0.984 0.00108211
0.986 0.00103774
0.988 0.000999687
0.99 0.000967786
0.992 0.000941885
0.994 0.000921863
0.996 0.000907629
0.998 0.000899115
