-1 0.767321
-0.99 0.766962
-0.98 0.766756
-0.97 0.765832
-0.96 0.765063
-0.95 0.763576
-0.94 0.762246
-0.93 0.760209
-0.92 0.758316
-0.91 0.755749
-0.9 0.753285
-0.89 0.750219
-0.88 0.747171
-0.87 0.743646
-0.86 0.739999
-0.85 0.736058
-0.84 0.731805
-0.83 0.727478
-0.82 0.722638
-0.81 0.717924
-0.8 0.712559
-0.79 0.707414
-0.78 0.70163
-0.77 0.695979
-0.76 0.689899
-0.75 0.683679
-0.74 0.677382
-0.73 0.670613
-0.72 0.66407
-0.71 0.656899
-0.7 0.649964
-0.69 0.642609
-0.68 0.635147
-0.67 0.627726
-0.66 0.61979
-0.65 0.612182
-0.64 0.604049
-0.63 0.596002
-0.62 0.587921
-0.61 0.579405
-0.6 0.57126
-0.59 0.562624
-0.58 0.554068
-0.57 0.545609
-0.56 0.536661
-0.55 0.528121
-0.54 0.519281
-0.53 0.510282
-0.52 0.501672
-0.51 0.492561
-0.5 0.483636
-0.49 0.474907
-0.48 0.465684
-0.47 0.456859
-0.46 0.44805
-0.45 0.438829
-0.44 0.430108
-0.43 0.421307
-0.42 0.412153
-0.41 0.403544
-0.4 0.394863
-0.39 0.385812
-0.38 0.377315
-0.37 0.368871
-0.36 0.359976
-0.35 0.351552
-0.34 0.343441
-0.33 0.334826
-0.32 0.326401
-0.31 0.318604
-0.3 0.310509
-0.29 0.302112
-0.28 0.294365
-0.27 0.286957
-0.26 0.279013
-0.25 0.271028
-0.24 0.263839
-0.23 0.256909
-0.22 0.249372
-0.21 0.241668
-0.2 0.234779
-0.19 0.228582
-0.18 0.222027
-0.17 0.214661
-0.16 0.207269
-0.15 0.201058
-0.14 0.19662
-0.13 0.19372
-0.12 0.191746
-0.11 0.190186
-0.1 0.188787
-0.09 0.18749
-0.08 0.186304
-0.07 0.185247
-0.06 0.184328
-0.05 0.183549
-0.04 0.182911
-0.03 0.182414
-0.02 0.182059
-0.01 0.181845
0 0.181774
0.01 0.181845
0.02 0.182059
0.03 0.182414
0.04 0.182911
0.05 0.183549
0.06 0.184328
0.07 0.185247
0.08 0.186304
0.09 0.18749
0.1 0.188787
0.11 0.190186
0.12 0.191746
0.13 0.19372
0.14 0.19662
0.15 0.201058
0.16 0.207269
0.17 0.214661
0.18 0.222027
0.19 0.228582
0.2 0.234779
0.21 0.241668
0.22 0.249372
0.23 0.256909
0.24 0.263839
0.25 0.271028
0.26 0.279013
0.27 0.286957
0.28 0.294365
0.29 0.302112
0.3 0.310509
0.31 0.318604
0.32 0.326401
0.33 0.334826
0.34 0.343441
0.35 0.351552
0.36 0.359976
0.37 0.368871
0.38 0.377315
0.39 0.385812
0.4 0.394863
0.41 0.403544
0.42 0.412153
0.43 0.421307
0.44 0.430108
0.45 0.438829
0.46 0.44805
0.47 0.456859
0.48 0.465684
0.49 0.474907
0.5 0.483636
0.51 0.492561
0.52 0.501672
0.53 0.510282
0.54 0.519281
0.55 0.528121
0.56 0.536661
0.57 0.545609
0.58 0.554068
0.59 0.562624
0.6 0.57126
0.61 0.579405
0.62 0.587921
0.63 0.596002
0.64 0.604049
0.65 0.612182
0.66 0.61979
0.67 0.627726
0.68 0.635147
0.69 0.642609
0.7 0.649964
0.71 0.656899
0.72 0.66407
0.73 0.670613
0.74 0.677382
0.75 0.683679
0.76 0.689899
0.77 0.695979
0.78 0.70163
0.79 0.707414
0.8 0.712559
0.81 0.717924
0.82 0.722638
0.83 0.727478
0.84 0.731805
0.85 0.736058
0.86 0.739999
0.87 0.743646
0.88 0.747171
0.89 0.750219
0.9 0.753285
0.91 0.755749
0.92 0.758316
0.93 0.760209
0.94 0.762246
0.95 0.763576
0.96 0.765063
0.97 0.765832
0.98 0.766756
0.99 0.766962
