-1 0.538831
-0.998 0.539154
-0.996 0.540125
-0.994 0.541743
-0.992 0.544006
-0.99 0.546913
-0.988 0.550462
-0.986 0.55465
-0.984 0.559476
-0.982 0.564935
-0.98 0.571024
-0.978 0.577738
-0.976 0.585074
-0.974 0.593026
-0.972 0.601589
-0.97 0.610756
-0.968 0.620522
-0.966 0.630878
-0.964 0.641819
-0.962 0.653336
-0.96 0.665421
-0.958 0.678065
-0.956 0.691259
-0.954 0.704993
-0.952 0.719257
-0.95 0.73404
-0.948 0.74933
-0.946 0.765117
-0.944 0.781387
-0.942 0.798129
-0.94 0.815328
-0.938 0.832971
-0.936 0.851045
-0.934 0.869533
-0.932 0.888421
-0.93 0.907694
-0.928 0.927334
-0.926 0.947325
-0.924 0.96765
-0.922 0.988292
-0.92 1.00923
-0.918 1.03045
-0.916 1.05193
-0.914 1.07365
-0.912 1.0956
-0.91 1.11774
-0.908 1.14006
-0.906 1.16255
-0.904 1.18517
-0.902 1.20791
-0.9 1.23074
-0.898 1.25364
-0.896 1.27659
-0.894 1.29957
-0.892 1.32255
-0.89 1.34551
-0.888 1.36843
-0.886 1.39128
-0.884 1.41404
-0.882 1.43668
-0.88 1.45918
-0.878 1.48152
-0.876 1.50367
-0.874 1.52561
-0.872 1.54732
-0.87 1.56876
-0.868 1.58992
-0.866 1.61078
-0.864 1.6313
-0.862 1.65147
-0.86 1.67126
-0.858 1.69066
-0.856 1.70963
-0.854 1.72816
-0.852 1.74622
-0.85 1.76379
-0.848 1.78086
-0.846 1.7974
-0.844 1.8134
-0.842 1.82882
-0.84 1.84366
-0.838 1.8579
-0.836 1.87152
-0.834 1.8845
-0.832 1.89682
-0.83 1.90848
-0.828 1.91946
-0.826 1.92974
-0.824 1.93931
-0.822 1.94816
-0.82 1.95628
-0.818 1.96365
-0.816 1.97027
-0.814 1.97614
-0.812 1.98123
-0.81 1.98555
-0.808 1.98909
-0.806 1.99185
-0.804 1.99382
-0.802 1.99499
-0.8 1.99538
-0.798 1.99497
-0.796 1.99376
-0.794 1.99177
-0.792 1.98898
-0.79 1.9854
-0.788 1.98105
-0.786 1.97591
-0.784 1.97
-0.782 1.96333
-0.78 1.9559
-0.778 1.94772
-0.776 1.9388
-0.774 1.92914
-0.772 1.91878
-0.77 1.9077
-0.768 1.89593
-0.766 1.88349
-0.764 1.87037
-0.762 1.85661
-0.76 1.84221
-0.758 1.82719
-0.756 1.81157
-0.754 1.79537
-0.752 1.7786
-0.75 1.76129
-0.748 1.74344
-0.746 1.72509
-0.744 1.70624
-0.742 1.68693
-0.74 1.66717
-0.738 1.64699
-0.736 1.62639
-0.734 1.60542
-0.732 1.58408
-0.73 1.56239
-0.728 1.54039
-0.726 1.51809
-0.724 1.49552
-0.722 1.47269
-0.72 1.44964
-0.718 1.42637
-0.716 1.40291
-0.714 1.37929
-0.712 1.35552
-0.71 1.33164
-0.708 1.30764
-0.706 1.28357
-0.704 1.25944
-0.702 1.23526
-0.7 1.21107
-0.698 1.18688
-0.696 1.1627
-0.694 1.13856
-0.692 1.11447
-0.69 1.09046
-0.688 1.06654
-0.686 1.04273
-0.684 1.01904
-0.682 0.995492
-0.68 0.972098
-0.678 0.948875
-0.676 0.925835
-0.674 0.902994
-0.672 0.880365
-0.67 0.857959
-0.668 0.835789
-0.666 0.813866
-0.664 0.792201
-0.662 0.770805
-0.66 0.749687
-0.658 0.728855
-0.656 0.708319
-0.654 0.688087
-0.652 0.668165
-0.65 0.64856
-0.648 0.629279
-0.646 0.610327
-0.644 0.591709
-0.642 0.573429
-0.64 0.555492
-0.638 0.537901
-0.636 0.520659
-0.634 0.503767
-0.632 0.487229
-0.63 0.471045
-0.628 0.455217
-0.626 0.439745
-0.624 0.424628
-0.622 0.409868
-0.62 0.395462
-0.618 0.38141
-0.616 0.36771
-0.614 0.35436
-0.612 0.341359
-0.61 0.328703
-0.608 0.31639
-0.606 0.304416
-0.604 0.292778
-0.602 0.281472
-0.6 0.270495
-0.598 0.259842
-0.596 0.249509
-0.594 0.239491
-0.592 0.229783
-0.59 0.22038
-0.588 0.211278
-0.586 0.202471
-0.584 0.193953
-0.582 0.185719
-0.58 0.177764
-0.578 0.170081
-0.576 0.162665
-0.574 0.155511
-0.572 0.148611
-0.57 0.141961
-0.568 0.135555
-0.566 0.129385
-0.564 0.123447
-0.562 0.117735
-0.56 0.112242
-0.558 0.106962
-0.556 0.10189
-0.554 0.0970197
-0.552 0.0923453
-0.55 0.0878609
-0.548 0.0835608
-0.546 0.0794394
-0.544 0.0754911
-0.542 0.0717103
-0.54 0.0680916
-0.538 0.0646297
-0.536 0.0613193
-0.534 0.0581551
-0.532 0.0551322
-0.53 0.0522455
-0.528 0.0494902
-0.526 0.0468614
-0.524 0.0443545
-0.522 0.0419649
-0.52 0.0396882
-0.518 0.03752
-0.516 0.0354561
-0.514 0.0334923
-0.512 0.0316246
-0.51 0.0298491
-0.508 0.028162
-0.506 0.0265597
-0.504 0.0250385
-0.502 0.023595
-0.5 0.0222258
-0.498 0.0209277
-0.496 0.0196975
-0.494 0.0185323
-0.492 0.017429
-0.49 0.0163848
-0.488 0.015397
-0.486 0.014463
-0.484 0.0135802
-0.482 0.0127462
-0.48 0.0119586
-0.478 0.0112152
-0.476 0.0105139
-0.474 0.00985238
-0.472 0.00922884
-0.47 0.0086413
-0.468 0.00808793
-0.466 0.00756697
-0.464 0.00707674
-0.462 0.00661562
-0.46 0.00618207
-0.458 0.00577462
-0.456 0.00539187
-0.454 0.00503248
-0.452 0.00469516
-0.45 0.0043787
-0.448 0.00408194
-0.446 0.00380377
-0.444 0.00354314
-0.442 0.00329904
-0.44 0.00307054
-0.438 0.00285671
-0.436 0.00265672
-0.434 0.00246974
-0.432 0.002295
-0.43 0.00213177
-0.428 0.00197936
-0.426 0.00183711
-0.424 0.0017044
-0.422 0.00158064
-0.42 0.00146529
-0.418 0.00135781
-0.416 0.00125771
-0.414 0.00116452
-0.412 0.00107781
-0.41 0.000997154
-0.408 0.000922166
-0.406 0.000852476
-0.404 0.000787738
-0.402 0.000727624
-0.4 0.00067183
-0.398 0.000620065
-0.396 0.00057206
-0.394 0.000527561
-0.392 0.000486328
-0.39 0.000448139
-0.388 0.000412784
-0.386 0.000380065
-0.384 0.000349801
-0.382 0.000321817
-0.38 0.000295954
-0.378 0.00027206
-0.376 0.000249995
-0.374 0.000229628
-0.372 0.000210836
-0.37 0.000193505
-0.368 0.000177527
-0.366 0.000162803
-0.364 0.000149241
-0.362 0.000136754
-0.36 0.000125261
-0.358 0.000114689
-0.356 0.000104966
-0.354 9.60299e-05
-0.352 8.78191e-05
-0.35 8.02783e-05
-0.348 7.33556e-05
-0.346 6.7003e-05
-0.344 6.11762e-05
-0.342 5.58337e-05
-0.34 5.09374e-05
-0.338 4.64519e-05
-0.336 4.23444e-05
-0.334 3.85847e-05
-0.332 3.51448e-05
-0.33 3.19987e-05
-0.328 2.91226e-05
-0.326 2.64944e-05
-0.324 2.40938e-05
-0.322 2.19019e-05
-0.32 1.99015e-05
-0.318 1.80765e-05
-0.316 1.64123e-05
-0.314 1.48954e-05
-0.312 1.35133e-05
-0.31 1.22545e-05
-0.308 1.11085e-05
-0.306 1.00657e-05
-0.304 9.11708e-06
-0.302 8.25459e-06
-0.3 7.4707e-06
-0.298 6.75855e-06
-0.296 6.11184e-06
-0.294 5.5248e-06
-0.292 4.99215e-06
-0.29 4.50905e-06
-0.288 4.07107e-06
-0.286 3.67416e-06
-0.284 3.31462e-06
-0.282 2.98907e-06
-0.28 2.69442e-06
-0.278 2.42784e-06
-0.276 2.18676e-06
-0.274 1.96883e-06
-0.272 1.77191e-06
-0.27 1.59405e-06
-0.268 1.43347e-06
-0.266 1.28855e-06
-0.264 1.15782e-06
-0.262 1.03993e-06
-0.26 9.33678e-07
-0.258 8.37944e-07
-0.256 7.51725e-07
-0.254 6.74107e-07
-0.252 6.04262e-07
-0.25 5.41438e-07
-0.248 4.84951e-07
-0.246 4.34183e-07
-0.244 3.88575e-07
-0.242 3.47618e-07
-0.24 3.10854e-07
-0.238 2.77867e-07
-0.236 2.48281e-07
-0.234 2.21757e-07
-0.232 1.97987e-07
-0.23 1.76694e-07
-0.228 1.57628e-07
-0.226 1.40563e-07
-0.224 1.25296e-07
-0.222 1.11642e-07
-0.22 9.9436e-08
-0.218 8.85293e-08
-0.216 7.87874e-08
-0.214 7.00894e-08
-0.212 6.23267e-08
-0.21 5.54017e-08
-0.208 4.92263e-08
-0.206 4.37218e-08
-0.204 3.88173e-08
-0.202 3.44492e-08
-0.2 3.05604e-08
-0.198 2.70997e-08
-0.196 2.40213e-08
-0.194 2.12841e-08
-0.192 1.88513e-08
-0.19 1.66898e-08
-0.188 1.47703e-08
-0.186 1.30663e-08
-0.184 1.15543e-08
-0.182 1.02131e-08
-0.18 9.02404e-09
-0.178 7.9702e-09
-0.176 7.03663e-09
-0.174 6.20992e-09
-0.172 5.47815e-09
-0.17 4.83067e-09
-0.168 4.25802e-09
-0.166 3.75175e-09
-0.164 3.30435e-09
-0.162 2.90915e-09
-0.16 2.56018e-09
-0.158 2.25218e-09
-0.156 1.98043e-09
-0.154 1.74078e-09
-0.152 1.52952e-09
-0.15 1.34336e-09
-0.148 1.17938e-09
-0.146 1.03501e-09
-0.144 9.07942e-10
-0.142 7.96159e-10
-0.14 6.97859e-10
-0.138 6.11453e-10
-0.136 5.35529e-10
-0.134 4.68846e-10
-0.132 4.103e-10
-0.13 3.58923e-10
-0.128 3.13854e-10
-0.126 2.74336e-10
-0.124 2.39693e-10
-0.122 2.09347e-10
-0.12 1.82764e-10
-0.118 1.59499e-10
-0.116 1.39138e-10
-0.114 1.21324e-10
-0.112 1.05752e-10
-0.11 9.21415e-11
-0.108 8.02472e-11
-0.106 6.98648e-11
-0.104 6.07959e-11
-0.102 5.28905e-11
-0.1 4.59931e-11
-0.098 3.9974e-11
-0.096 3.47309e-11
-0.094 3.01635e-11
-0.092 2.61882e-11
-0.09 2.2726e-11
-0.088 1.97127e-11
-0.086 1.70944e-11
-0.084 1.48172e-11
-0.082 1.28385e-11
-0.08 1.11206e-11
-0.078 9.62603e-12
-0.076 8.3325e-12
-0.074 7.20705e-12
-0.072 6.23003e-12
-0.07 5.38634e-12
-0.068 4.65373e-12
-0.066 4.01782e-12
-0.064 3.47153e-12
-0.062 2.99186e-12
-0.06 2.5845e-12
-0.058 2.22652e-12
-0.056 1.92424e-12
-0.054 1.65228e-12
-0.052 1.42709e-12
-0.05 1.22818e-12
-0.048 1.05735e-12
-0.046 9.11398e-13
-0.044 7.82095e-13
-0.042 6.73278e-13
-0.04 5.79937e-13
-0.038 4.95209e-13
-0.036 4.30496e-13
-0.034 3.6647e-13
-0.032 3.13445e-13
-0.03 2.73865e-13
-0.028 2.32691e-13
-0.026 2.0013e-13
-0.024 1.71361e-13
-0.022 1.53092e-13
-0.02 1.29355e-13
-0.018 1.11782e-13
-0.016 9.88587e-14
-0.014 8.61289e-14
-0.012 7.42563e-14
-0.01 6.89765e-14
-0.008 6.22789e-14
-0.006 5.68888e-14
-0.004 5.47272e-14
-0.002 5.38007e-14
0 4.95665e-14
0.002 5.3837e-14
0.004 5.39583e-14
0.006 5.97987e-14
0.008 5.95849e-14
0.01 7.09176e-14
0.012 7.65817e-14
0.014 8.65289e-14
0.016 9.70565e-14
0.018 1.12768e-13
0.02 1.26407e-13
0.022 1.52197e-13
0.024 1.7165e-13
0.026 2.00233e-13
0.028 2.3425e-13
0.03 2.73671e-13
0.032 3.16265e-13
0.034 3.68062e-13
0.036 4.27759e-13
0.038 4.96875e-13
0.04 5.77961e-13
0.042 6.74473e-13
0.044 7.82687e-13
0.046 9.05598e-13
0.048 1.0575e-12
0.05 1.22661e-12
0.052 1.42403e-12
0.054 1.65502e-12
0.056 1.9201e-12
0.058 2.22634e-12
0.06 2.58825e-12
0.062 2.99342e-12
0.064 3.46833e-12
0.066 4.01929e-12
0.068 4.65316e-12
0.07 5.38339e-12
0.072 6.23266e-12
0.074 7.20435e-12
0.076 8.33021e-12
0.078 9.62877e-12
0.08 1.11163e-11
0.082 1.28411e-11
0.084 1.48144e-11
0.086 1.70933e-11
0.088 1.97135e-11
0.09 2.27228e-11
0.092 2.61864e-11
0.094 3.01646e-11
0.096 3.47318e-11
0.098 3.9976e-11
0.1 4.59844e-11
0.102 5.28868e-11
0.104 6.07973e-11
0.106 6.98576e-11
0.108 8.02454e-11
0.11 9.21361e-11
0.112 1.05748e-10
0.114 1.21324e-10
0.116 1.39136e-10
0.118 1.59492e-10
0.12 1.82764e-10
0.122 2.09344e-10
0.124 2.39693e-10
0.126 2.74333e-10
0.128 3.13852e-10
0.13 3.5892e-10
0.132 4.10298e-10
0.134 4.68843e-10
0.136 5.35527e-10
0.138 6.11452e-10
0.14 6.97857e-10
0.142 7.96156e-10
0.144 9.07938e-10
0.146 1.035e-09
0.148 1.17938e-09
0.15 1.34335e-09
0.152 1.52951e-09
0.154 1.74078e-09
0.156 1.98042e-09
0.158 2.25217e-09
0.16 2.56018e-09
0.162 2.90914e-09
0.164 3.30435e-09
0.166 3.75175e-09
0.168 4.25801e-09
0.17 4.83066e-09
0.172 5.47814e-09
0.174 6.20992e-09
0.176 7.03663e-09
0.178 7.9702e-09
0.18 9.02403e-09
0.182 1.02131e-08
0.184 1.15543e-08
0.186 1.30663e-08
0.188 1.47703e-08
0.19 1.66898e-08
0.192 1.88512e-08
0.194 2.12841e-08
0.196 2.40213e-08
0.198 2.70997e-08
0.2 3.05604e-08
0.202 3.44492e-08
0.204 3.88173e-08
0.206 4.37218e-08
0.208 4.92263e-08
0.21 5.54017e-08
0.212 6.23267e-08
0.214 7.00894e-08
0.216 7.87874e-08
0.218 8.85293e-08
0.22 9.9436e-08
0.222 1.11642e-07
0.224 1.25296e-07
0.226 1.40563e-07
0.228 1.57628e-07
0.23 1.76694e-07
0.232 1.97987e-07
0.234 2.21757e-07
0.236 2.48281e-07
0.238 2.77867e-07
0.24 3.10854e-07
0.242 3.47618e-07
0.244 3.88575e-07
0.246 4.34183e-07
0.248 4.84951e-07
0.25 5.41438e-07
0.252 6.04262e-07
0.254 6.74107e-07
0.256 7.51725e-07
0.258 8.37944e-07
0.26 9.33678e-07
0.262 1.03993e-06
0.264 1.15782e-06
0.266 1.28855e-06
0.268 1.43347e-06
0.27 1.59405e-06
0.272 1.77191e-06
0.274 1.96883e-06
0.276 2.18676e-06
0.278 2.42784e-06
0.28 2.69442e-06
0.282 2.98907e-06
0.284 3.31462e-06
0.286 3.67416e-06
0.288 4.07107e-06
0.29 4.50905e-06
0.292 4.99215e-06
0.294 5.5248e-06
0.296 6.11184e-06
0.298 6.75855e-06
0.3 7.4707e-06
0.302 8.25459e-06
0.304 9.11708e-06
0.306 1.00657e-05
0.308 1.11085e-05
0.31 1.22545e-05
0.312 1.35133e-05
0.314 1.48954e-05
0.316 1.64123e-05
0.318 1.80765e-05
0.32 1.99015e-05
0.322 2.19019e-05
0.324 2.40938e-05
0.326 2.64944e-05
0.328 2.91226e-05
0.33 3.19987e-05
0.332 3.51448e-05
0.334 3.85847e-05
0.336 4.23444e-05
0.338 4.64519e-05
0.34 5.09374e-05
0.342 5.58337e-05
0.344 6.11762e-05
0.346 6.7003e-05
0.348 7.33556e-05
0.35 8.02783e-05
0.352 8.78191e-05
0.354 9.60299e-05
0.356 0.000104966
0.358 0.000114689
0.36 0.000125261
0.362 0.000136754
0.364 0.000149241
0.366 0.000162803
0.368 0.000177527
0.37 0.000193505
0.372 0.000210836
0.374 0.000229628
0.376 0.000249995
0.378 0.00027206
0.38 0.000295954
0.382 0.000321817
0.384 0.000349801
0.386 0.000380065
0.388 0.000412784
0.39 0.000448139
0.392 0.000486328
0.394 0.000527561
0.396 0.00057206
0.398 0.000620065
0.4 0.00067183
0.402 0.000727624
0.404 0.000787738
0.406 0.000852476
0.408 0.000922166
0.41 0.000997154
0.412 0.00107781
0.414 0.00116452
0.416 0.00125771
0.418 0.00135781
0.42 0.00146529
0.422 0.00158064
0.424 0.0017044
0.426 0.00183711
0.428 0.00197936
0.43 0.00213177
0.432 0.002295
0.434 0.00246974
0.436 0.00265672
0.438 0.00285671
0.44 0.00307054
0.442 0.00329904
0.444 0.00354314
0.446 0.00380377
0.448 0.00408194
0.45 0.0043787
0.452 0.00469516
0.454 0.00503248
0.456 0.00539187
0.458 0.00577462
0.46 0.00618207
0.462 0.00661562
0.464 0.00707674
0.466 0.00756697
0.468 0.00808793
0.47 0.0086413
0.472 0.00922884
0.474 0.00985238
0.476 0.0105139
0.478 0.0112152
0.48 0.0119586
0.482 0.0127462
0.484 0.0135802
0.486 0.014463
0.488 0.015397
0.49 0.0163848
0.492 0.017429
0.494 0.0185323
0.496 0.0196975
0.498 0.0209277
0.5 0.0222258
0.502 0.023595
0.504 0.0250385
0.506 0.0265597
0.508 0.028162
0.51 0.0298491
0.512 0.0316246
0.514 0.0334923
0.516 0.0354561
0.518 0.03752
0.52 0.0396882
0.522 0.0419649
0.524 0.0443545
0.526 0.0468614
0.528 0.0494902
0.53 0.0522455
0.532 0.0551322
0.534 0.0581551
0.536 0.0613193
0.538 0.0646297
0.54 0.0680916
0.542 0.0717103
0.544 0.0754911
0.546 0.0794394
0.548 0.0835608
0.55 0.0878609
0.552 0.0923453
0.554 0.0970197
0.556 0.10189
0.558 0.106962
0.56 0.112242
0.562 0.117735
0.564 0.123447
0.566 0.129385
0.568 0.135555
0.57 0.141961
0.572 0.148611
0.574 0.155511
0.576 0.162665
0.578 0.170081
0.58 0.177764
0.582 0.185719
0.584 0.193953
0.586 0.202471
0.588 0.211278
0.59 0.22038
0.592 0.229783
0.594 0.239491
0.596 0.249509
0.598 0.259842
0.6 0.270495
0.602 0.281472
0.604 0.292778
0.606 0.304416
0.608 0.31639
0.61 0.328703
0.612 0.341359
0.614 0.35436
0.616 0.36771
0.618 0.38141
0.62 0.395462
0.622 0.409868
0.624 0.424628
0.626 0.439745
0.628 0.455217
0.63 0.471045
0.632 0.487229
0.634 0.503767
0.636 0.520659
0.638 0.537901
0.64 0.555492
0.642 0.573429
0.644 0.591709
0.646 0.610327
0.648 0.629279
0.65 0.64856
0.652 0.668165
0.654 0.688087
0.656 0.708319
0.658 0.728855
0.66 0.749687
0.662 0.770805
0.664 0.792201
0.666 0.813866
0.668 0.835789
0.67 0.857959
0.672 0.880365
0.674 0.902994
0.676 0.925835
0.678 0.948875
0.68 0.972098
0.682 0.995492
0.684 1.01904
0.686 1.04273
0.688 1.06654
0.69 1.09046
0.692 1.11447
0.694 1.13856
0.696 1.1627
0.698 1.18688
0.7 1.21107
0.702 1.23526
0.704 1.25944
0.706 1.28357
0.708 1.30764
0.71 1.33164
0.712 1.35552
0.714 1.37929
0.716 1.40291
0.718 1.42637
0.72 1.44964
0.722 1.47269
0.724 1.49552
0.726 1.51809
0.728 1.54039
0.73 1.56239
0.732 1.58408
0.734 1.60542
0.736 1.62639
0.738 1.64699
0.74 1.66717
0.742 1.68693
0.744 1.70624
0.746 1.72509
0.748 1.74344
0.75 1.76129
0.752 1.7786
0.754 1.79537
0.756 1.81157
0.758 1.82719
0.76 1.84221
0.762 1.85661
0.764 1.87037
0.766 1.88349
0.768 1.89593
0.77 1.9077
0.772 1.91878
0.774 1.92914
0.776 1.9388
0.778 1.94772
0.78 1.9559
0.782 1.96333
0.784 1.97
0.786 1.97591
0.788 1.98105
0.79 1.9854
0.792 1.98898
0.794 1.99177
0.796 1.99376
0.798 1.99497
0.8 1.99538
0.802 1.99499
0.804 1.99382
0.806 1.99185
0.808 1.98909
0.81 1.98555
0.812 1.98123
0.814 1.97614
0.816 1.97027
0.818 1.96365
0.82 1.95628
0.822 1.94816
0.824 1.93931
0.826 1.92974
0.828 1.91946
0.83 1.90848
0.832 1.89682
0.834 1.8845
0.836 1.87152
0.838 1.8579
0.84 1.84366
0.842 1.82882
0.844 1.8134
0.846 1.7974
0.848 1.78086
0.85 1.76379
0.852 1.74622
0.854 1.72816
0.856 1.70963
0.858 1.69066
0.86 1.67126
0.862 1.65147
0.864 1.6313
0.866 1.61078
0.868 1.58992
0.87 1.56876
0.872 1.54732
0.874 1.52561
0.876 1.50367
0.878 1.48152
0.88 1.45918
0.882 1.43668
0.884 1.41404
0.886 1.39128
0.888 1.36843
0.89 1.34551
0.892 1.32255
0.894 1.29957
0.896 1.27659
0.898 1.25364
0.9 1.23074
0.902 1.20791
0.904 1.18517
0.906 1.16255
0.908 1.14006
0.91 1.11774
0.912 1.0956
0.914 1.07365
0.916 1.05193
0.918 1.03045
0.92 1.00923
0.922 0.988292
0.924 0.96765
0.926 0.947325
0.928 0.927334
0.93 0.907694
0.932 0.888421
0.934 0.869533
0.936 0.851045
0.938 0.832971
0.94 0.815328
0.942 0.798129
0.944 0.781387
0.946 0.765117
0.948 0.74933
0.95 0.73404
0.952 0.719257
0.954 0.704993
0.956 0.691259
0.958 0.678065
0.96 0.665421
0.962 0.653336
0.964 0.641819
0.966 0.630878
0.968 0.620522
0.97 0.610756
0.972 0.601589
0.974 0.593026
0.976 0.585074
0.978 0.577738
0.98 0.571024
0.982 0.564935
0.984 0.559476
0.986 0.55465
0.988 0.550462
0.99 0.546913
0.992 0.544006
0.994 0.541743
0.996 0.540125
0.998 0.539154
