-1 -2.05559e-15
-0.998 1.02666e-17
-0.996 9.26129e-15
-0.994 4.10297e-15
-0.992 6.84962e-15
-0.99 5.39613e-15
-0.988 6.56772e-15
-0.986 3.85184e-15
-0.984 1.34784e-14
-0.982 7.71349e-16
-0.98 1.22113e-14
-0.978 -1.82406e-15
-0.976 1.17082e-14
-0.974 7.95319e-15
-0.972 1.00112e-14
-0.97 3.25728e-15
-0.968 4.18286e-15
-0.966 1.87222e-15
-0.964 7.01961e-15
-0.962 6.08568e-15
-0.96 7.6892e-15
-0.958 3.77995e-15
-0.956 6.31683e-15
-0.954 6.50073e-15
-0.952 7.33799e-15
-0.95 8.00399e-15
-0.948 6.75397e-15
-0.946 1.12922e-14
-0.944 7.94372e-15
-0.942 1.04502e-14
-0.94 5.79795e-15
-0.938 1.3093e-14
-0.936 4.81761e-15
-0.934 1.26012e-14
-0.932 1.59718e-14
-0.93 1.74425e-14
-0.928 1.77346e-14
-0.926 2.39727e-14
-0.924 2.07907e-14
-0.922 2.7879e-14
-0.92 3.10533e-14
-0.918 3.35849e-14
-0.916 3.51919e-14
-0.914 4.46344e-14
-0.912 5.17072e-14
-0.91 5.8455e-14
-0.908 7.15228e-14
-0.906 8.35176e-14
-0.904 9.01172e-14
-0.902 1.13619e-13
-0.9 1.21259e-13
-0.898 1.49888e-13
-0.896 1.70872e-13
-0.894 2.01823e-13
-0.892 2.32661e-13
-0.89 2.68501e-13
-0.888 3.12335e-13
-0.886 3.68882e-13
-0.884 4.22076e-13
-0.882 4.93636e-13
-0.88 5.73882e-13
-0.878 6.66112e-13
-0.876 7.70777e-13
-0.874 9.04019e-13
-0.872 1.04132e-12
-0.87 1.21599e-12
-0.868 1.41155e-12
-0.866 1.63407e-12
-0.864 1.89638e-12
-0.862 2.20381e-12
-0.86 2.55216e-12
-0.858 2.95805e-12
-0.856 3.42725e-12
-0.854 3.9649e-12
-0.852 4.59167e-12
-0.85 5.31288e-12
-0.848 6.15026e-12
-0.846 7.10987e-12
-0.844 8.22077e-12
-0.842 9.49456e-12
-0.84 1.09709e-11
-0.838 1.2663e-11
-0.836 1.46117e-11
-0.834 1.68609e-11
-0.832 1.94484e-11
-0.83 2.24218e-11
-0.828 2.58313e-11
-0.826 2.97562e-11
-0.824 3.42652e-11
-0.822 3.94288e-11
-0.82 4.53735e-11
-0.818 5.21747e-11
-0.816 5.99822e-11
-0.814 6.89248e-11
-0.812 7.91736e-11
-0.81 9.09104e-11
-0.808 1.0434e-10
-0.806 1.19716e-10
-0.804 1.3729e-10
-0.802 1.57388e-10
-0.8 1.80358e-10
-0.798 2.06594e-10
-0.796 2.36547e-10
-0.794 2.70748e-10
-0.792 3.09757e-10
-0.79 3.54253e-10
-0.788 4.04977e-10
-0.786 4.62776e-10
-0.784 5.28612e-10
-0.782 6.03583e-10
-0.78 6.88896e-10
-0.778 7.85958e-10
-0.776 8.96349e-10
-0.774 1.02181e-09
-0.772 1.1644e-09
-0.77 1.32633e-09
-0.768 1.51019e-09
-0.766 1.71885e-09
-0.764 1.95554e-09
-0.762 2.22396e-09
-0.76 2.52819e-09
-0.758 2.8729e-09
-0.756 3.2633e-09
-0.754 3.70526e-09
-0.752 4.20542e-09
-0.75 4.77117e-09
-0.748 5.41086e-09
-0.746 6.13388e-09
-0.744 6.95071e-09
-0.742 7.87318e-09
-0.74 8.91451e-09
-0.738 1.00895e-08
-0.736 1.14149e-08
-0.734 1.29091e-08
-0.732 1.45931e-08
-0.73 1.64903e-08
-0.728 1.86265e-08
-0.726 2.10312e-08
-0.724 2.37367e-08
-0.722 2.67797e-08
-0.72 3.02006e-08
-0.718 3.40448e-08
-0.716 3.83631e-08
-0.714 4.32119e-08
-0.712 4.8654e-08
-0.71 5.47595e-08
-0.708 6.16067e-08
-0.706 6.92822e-08
-0.704 7.78829e-08
-0.702 8.75163e-08
-0.7 9.83019e-08
-0.698 1.10373e-07
-0.696 1.23876e-07
-0.694 1.38976e-07
-0.692 1.55854e-07
-0.69 1.74711e-07
-0.688 1.95773e-07
-0.686 2.19285e-07
-0.684 2.45523e-07
-0.682 2.74791e-07
-0.68 3.07424e-07
-0.678 3.43796e-07
-0.676 3.84316e-07
-0.674 4.29441e-07
-0.672 4.79673e-07
-0.67 5.35565e-07
-0.668 5.97731e-07
-0.666 6.66847e-07
-0.664 7.43656e-07
-0.662 8.28982e-07
-0.66 9.23727e-07
-0.658 1.02889e-06
-0.656 1.14557e-06
-0.654 1.27496e-06
-0.652 1.41841e-06
-0.65 1.57737e-06
-0.648 1.75343e-06
-0.646 1.94837e-06
-0.644 2.16412e-06
-0.642 2.40279e-06
-0.64 2.66672e-06
-0.638 2.95846e-06
-0.636 3.28081e-06
-0.634 3.63682e-06
-0.632 4.02984e-06
-0.63 4.46356e-06
-0.628 4.94198e-06
-0.626 5.46949e-06
-0.624 6.05088e-06
-0.622 6.6914e-06
-0.62 7.39676e-06
-0.618 8.17321e-06
-0.616 9.02755e-06
-0.614 9.9672e-06
-0.612 1.10003e-05
-0.61 1.21355e-05
-0.608 1.33826e-05
-0.606 1.4752e-05
-0.604 1.62549e-05
-0.602 1.79039e-05
-0.6 1.97122e-05
-0.598 2.16944e-05
-0.596 2.38665e-05
-0.594 2.62455e-05
-0.592 2.88501e-05
-0.59 3.17005e-05
-0.588 3.48186e-05
-0.586 3.82281e-05
-0.584 4.19547e-05
-0.582 4.60262e-05
-0.58 5.04726e-05
-0.578 5.53263e-05
-0.576 6.06227e-05
-0.574 6.63994e-05
-0.572 7.26976e-05
-0.57 7.95613e-05
-0.568 8.70382e-05
-0.566 9.51797e-05
-0.564 0.000104041
-0.562 0.000113682
-0.56 0.000124167
-0.558 0.000135564
-0.556 0.000147949
-0.554 0.0001614
-0.552 0.000176004
-0.55 0.000191852
-0.548 0.000209044
-0.546 0.000227685
-0.544 0.000247889
-0.542 0.000269779
-0.54 0.000293484
-0.538 0.000319144
-0.536 0.000346909
-0.534 0.000376938
-0.532 0.000409404
-0.53 0.000444487
-0.528 0.000482384
-0.526 0.000523303
-0.524 0.000567466
-0.522 0.00061511
-0.52 0.000666487
-0.518 0.000721867
-0.516 0.000781535
-0.514 0.000845798
-0.512 0.000914978
-0.51 0.000989422
-0.508 0.00106949
-0.506 0.00115558
-0.504 0.0012481
-0.502 0.00134749
-0.5 0.00145421
-0.498 0.00156876
-0.496 0.00169165
-0.494 0.00182344
-0.492 0.00196471
-0.49 0.00211608
-0.488 0.0022782
-0.486 0.00245176
-0.484 0.00263749
-0.482 0.00283615
-0.48 0.00304855
-0.478 0.00327556
-0.476 0.00351805
-0.474 0.00377699
-0.472 0.00405337
-0.47 0.00434823
-0.468 0.00466268
-0.466 0.00499786
-0.464 0.005355
-0.462 0.00573537
-0.46 0.00614029
-0.458 0.00657118
-0.456 0.00702949
-0.454 0.00751675
-0.452 0.00803458
-0.45 0.00858465
-0.448 0.00916871
-0.446 0.0097886
-0.444 0.0104462
-0.442 0.0111435
-0.44 0.0118827
-0.438 0.0126658
-0.436 0.0134951
-0.434 0.0143729
-0.432 0.0153017
-0.43 0.0162841
-0.428 0.0173226
-0.426 0.0184199
-0.424 0.0195789
-0.422 0.0208025
-0.42 0.0220938
-0.418 0.0234558
-0.416 0.0248919
-0.414 0.0264053
-0.412 0.0279995
-0.41 0.0296781
-0.408 0.0314447
-0.406 0.0333032
-0.404 0.0352574
-0.402 0.0373114
-0.4 0.0394693
-0.398 0.0417352
-0.396 0.0441136
-0.394 0.046609
-0.392 0.0492257
-0.39 0.0519687
-0.388 0.0548425
-0.386 0.0578521
-0.384 0.0610025
-0.382 0.0642987
-0.38 0.0677459
-0.378 0.0713494
-0.376 0.0751146
-0.374 0.0790469
-0.372 0.0831518
-0.37 0.0874349
-0.368 0.0919018
-0.366 0.0965584
-0.364 0.10141
-0.362 0.106464
-0.36 0.111724
-0.358 0.117198
-0.356 0.12289
-0.354 0.128808
-0.352 0.134956
-0.35 0.141342
-0.348 0.14797
-0.346 0.154848
-0.344 0.16198
-0.342 0.169374
-0.34 0.177034
-0.338 0.184967
-0.336 0.193178
-0.334 0.201673
-0.332 0.210457
-0.33 0.219537
-0.328 0.228917
-0.326 0.238602
-0.324 0.248598
-0.322 0.258909
-0.32 0.269541
-0.318 0.280497
-0.316 0.291782
-0.314 0.3034
-0.312 0.315354
-0.31 0.32765
-0.308 0.340288
-0.306 0.353274
-0.304 0.366609
-0.302 0.380296
-0.3 0.394337
-0.298 0.408733
-0.296 0.423486
-0.294 0.438597
-0.292 0.454066
-0.29 0.469894
-0.288 0.486081
-0.286 0.502625
-0.284 0.519525
-0.282 0.536781
-0.28 0.554389
-0.278 0.572347
-0.276 0.590653
-0.274 0.609302
-0.272 0.628291
-0.27 0.647614
-0.268 0.667267
-0.266 0.687244
-0.264 0.707539
-0.262 0.728145
-0.26 0.749055
-0.258 0.77026
-0.256 0.791753
-0.254 0.813524
-0.252 0.835563
-0.25 0.857861
-0.248 0.880407
-0.246 0.90319
-0.244 0.926197
-0.242 0.949417
-0.24 0.972836
-0.238 0.996442
-0.236 1.02022
-0.234 1.04416
-0.232 1.06823
-0.23 1.09244
-0.228 1.11676
-0.226 1.14118
-0.224 1.16567
-0.222 1.19023
-0.22 1.21483
-0.218 1.23945
-0.216 1.26409
-0.214 1.28872
-0.212 1.31332
-0.21 1.33787
-0.208 1.36236
-0.206 1.38676
-0.204 1.41106
-0.202 1.43523
-0.2 1.45926
-0.198 1.48312
-0.196 1.50681
-0.194 1.53029
-0.192 1.55354
-0.19 1.57656
-0.188 1.59932
-0.186 1.62179
-0.184 1.64397
-0.182 1.66583
-0.18 1.68735
-0.178 1.70852
-0.176 1.72931
-0.174 1.74972
-0.172 1.76972
-0.17 1.7893
-0.168 1.80843
-0.166 1.82712
-0.164 1.84533
-0.162 1.86307
-0.16 1.8803
-0.158 1.89703
-0.156 1.91323
-0.154 1.92891
-0.152 1.94404
-0.15 1.95861
-0.148 1.97263
-0.146 1.98607
-0.144 1.99894
-0.142 2.01122
-0.14 2.02291
-0.138 2.03401
-0.136 2.04452
-0.134 2.05442
-0.132 2.06372
-0.13 2.07242
-0.128 2.08052
-0.126 2.08802
-0.124 2.09493
-0.122 2.10123
-0.12 2.10695
-0.118 2.11209
-0.116 2.11664
-0.114 2.12063
-0.112 2.12405
-0.11 2.12692
-0.108 2.12925
-0.106 2.13104
-0.104 2.13232
-0.102 2.13309
-0.1 2.13337
-0.098 2.13317
-0.096 2.1325
-0.094 2.13139
-0.092 2.12985
-0.09 2.12789
-0.088 2.12554
-0.086 2.12282
-0.084 2.11973
-0.082 2.11632
-0.08 2.11258
-0.078 2.10855
-0.076 2.10425
-0.074 2.09969
-0.072 2.0949
-0.07 2.08991
-0.068 2.08473
-0.066 2.07938
-0.064 2.07389
-0.062 2.06829
-0.06 2.06258
-0.058 2.05681
-0.056 2.05098
-0.054 2.04512
-0.052 2.03926
-0.05 2.03341
-0.048 2.02759
-0.046 2.02184
-0.044 2.01616
-0.042 2.01057
-0.04 2.00511
-0.038 1.99978
-0.036 1.9946
-0.034 1.9896
-0.032 1.98479
-0.03 1.98018
-0.028 1.9758
-0.026 1.97165
-0.024 1.96775
-0.022 1.96411
-0.02 1.96075
-0.018 1.95767
-0.016 1.95489
-0.014 1.95242
-0.012 1.95026
-0.01 1.94842
-0.008 1.9469
-0.006 1.94572
-0.004 1.94487
-0.002 1.94436
0 1.94419
0.002 1.94436
0.004 1.94487
0.006 1.94572
0.008 1.9469
0.01 1.94842
0.012 1.95026
0.014 1.95242
0.016 1.95489
0.018 1.95767
0.02 1.96075
0.022 1.96411
0.024 1.96775
0.026 1.97165
0.028 1.9758
0.03 1.98018
0.032 1.98479
0.034 1.9896
0.036 1.9946
0.038 1.99978
0.04 2.00511
0.042 2.01057
0.044 2.01616
0.046 2.02184
0.048 2.02759
0.05 2.03341
0.052 2.03926
0.054 2.04512
0.056 2.05098
0.058 2.05681
0.06 2.06258
0.062 2.06829
0.064 2.07389
0.066 2.07938
0.068 2.08473
0.07 2.08991
0.072 2.0949
0.074 2.09969
0.076 2.10425
0.078 2.10855
0.08 2.11258
0.082 2.11632
0.084 2.11973
0.086 2.12282
0.088 2.12554
0.09 2.12789
0.092 2.12985
0.094 2.13139
0.096 2.1325
0.098 2.13317
0.1 2.13337
0.102 2.13309
0.104 2.13232
0.106 2.13104
0.108 2.12925
0.11 2.12692
0.112 2.12405
0.114 2.12063
0.116 2.11664
0.118 2.11209
0.12 2.10695
0.122 2.10123
0.124 2.09493
0.126 2.08802
0.128 2.08052
0.13 2.07242
0.132 2.06372
0.134 2.05442
0.136 2.04452
0.138 2.03401
0.14 2.02291
0.142 2.01122
0.144 1.99894
0.146 1.98607
0.148 1.97263
0.15 1.95861
0.152 1.94404
0.154 1.92891
0.156 1.91323
0.158 1.89703
0.16 1.8803
0.162 1.86307
0.164 1.84533
0.166 1.82712
0.168 1.80843
0.17 1.7893
0.172 1.76972
0.174 1.74972
0.176 1.72931
0.178 1.70852
0.18 1.68735
0.182 1.66583
0.184 1.64397
0.186 1.62179
0.188 1.59932
0.19 1.57656
0.192 1.55354
0.194 1.53029
0.196 1.50681
0.198 1.48312
0.2 1.45926
0.202 1.43523
0.204 1.41106
0.206 1.38676
0.208 1.36236
0.21 1.33787
0.212 1.31332
0.214 1.28872
0.216 1.26409
0.218 1.23945
0.22 1.21483
0.222 1.19023
0.224 1.16567
0.226 1.14118
0.228 1.11676
0.23 1.09244
0.232 1.06823
0.234 1.04416
0.236 1.02022
0.238 0.996442
0.24 0.972836
0.242 0.949417
0.244 0.926197
0.246 0.90319
0.248 0.880407
0.25 0.857861
0.252 0.835563
0.254 0.813524
0.256 0.791753
0.258 0.77026
0.26 0.749055
0.262 0.728145
0.264 0.707539
0.266 0.687244
0.268 0.667267
0.27 0.647614
0.272 0.628291
0.274 0.609302
0.276 0.590653
0.278 0.572347
0.28 0.554389
0.282 0.536781
0.284 0.519525
0.286 0.502625
0.288 0.486081
0.29 0.469894
0.292 0.454066
0.294 0.438597
0.296 0.423486
0.298 0.408733
0.3 0.394337
0.302 0.380296
0.304 0.366609
0.306 0.353274
0.308 0.340288
0.31 0.32765
0.312 0.315354
0.314 0.3034
0.316 0.291782
0.318 0.280497
0.32 0.269541
0.322 0.258909
0.324 0.248598
0.326 0.238602
0.328 0.228917
0.33 0.219537
0.332 0.210457
0.334 0.201673
0.336 0.193178
0.338 0.184967
0.34 0.177034
0.342 0.169374
0.344 0.16198
0.346 0.154848
0.348 0.14797
0.35 0.141342
0.352 0.134956
0.354 0.128808
0.356 0.12289
0.358 0.117198
0.36 0.111724
0.362 0.106464
0.364 0.10141
0.366 0.0965584
0.368 0.0919018
0.37 0.0874349
0.372 0.0831518
0.374 0.0790469
0.376 0.0751146
0.378 0.0713494
0.38 0.0677459
0.382 0.0642987
0.384 0.0610025
0.386 0.0578521
0.388 0.0548425
0.39 0.0519687
0.392 0.0492257
0.394 0.046609
0.396 0.0441136
0.398 0.0417352
0.4 0.0394693
0.402 0.0373114
0.404 0.0352574
0.406 0.0333032
0.408 0.0314447
0.41 0.0296781
0.412 0.0279995
0.414 0.0264053
0.416 0.0248919
0.418 0.0234558
0.42 0.0220938
0.422 0.0208025
0.424 0.0195789
0.426 0.0184199
0.428 0.0173226
0.43 0.0162841
0.432 0.0153017
0.434 0.0143729
0.436 0.0134951
0.438 0.0126658
0.44 0.0118827
0.442 0.0111435
0.444 0.0104462
0.446 0.0097886
0.448 0.00916871
0.45 0.00858465
0.452 0.00803458
0.454 0.00751675
0.456 0.00702949
0.458 0.00657118
0.46 0.00614029
0.462 0.00573537
0.464 0.005355
0.466 0.00499786
0.468 0.00466268
0.47 0.00434823
0.472 0.00405337
0.474 0.00377699
0.476 0.00351805
0.478 0.00327556
0.48 0.00304855
0.482 0.00283615
0.484 0.00263749
0.486 0.00245176
0.488 0.0022782
0.49 0.00211608
0.492 0.00196471
0.494 0.00182344
0.496 0.00169165
0.498 0.00156876
0.5 0.00145421
0.502 0.00134749
0.504 0.0012481
0.506 0.00115558
0.508 0.00106949
0.51 0.000989422
0.512 0.000914978
0.514 0.000845798
0.516 0.000781535
0.518 0.000721867
0.52 0.000666487
0.522 0.00061511
0.524 0.000567466
0.526 0.000523303
0.528 0.000482384
0.53 0.000444487
0.532 0.000409404
0.534 0.000376938
0.536 0.000346909
0.538 0.000319144
0.54 0.000293484
0.542 0.000269779
0.544 0.000247889
0.546 0.000227685
0.548 0.000209044
0.55 0.000191852
0.552 0.000176004
0.554 0.0001614
0.556 0.000147949
0.558 0.000135564
0.56 0.000124167
0.562 0.000113682
0.564 0.000104041
0.566 9.51797e-05
0.568 8.70382e-05
0.57 7.95613e-05
0.572 7.26976e-05
0.574 6.63994e-05
0.576 6.06227e-05
0.578 5.53263e-05
0.58 5.04726e-05
0.582 4.60262e-05
0.584 4.19547e-05
0.586 3.82281e-05
0.588 3.48186e-05
0.59 3.17005e-05
0.592 2.88501e-05
0.594 2.62455e-05
0.596 2.38665e-05
0.598 2.16944e-05
0.6 1.97122e-05
0.602 1.79039e-05
0.604 1.62549e-05
0.606 1.4752e-05
0.608 1.33826e-05
0.61 1.21355e-05
0.612 1.10003e-05
0.614 9.9672e-06
0.616 9.02755e-06
0.618 8.17321e-06
0.62 7.39676e-06
0.622 6.6914e-06
0.624 6.05088e-06
0.626 5.46949e-06
0.628 4.94198e-06
0.63 4.46356e-06
0.632 4.02984e-06
0.634 3.63682e-06
0.636 3.28081e-06
0.638 2.95846e-06
0.64 2.66672e-06
0.642 2.40279e-06
0.644 2.16412e-06
0.646 1.94837e-06
0.648 1.75343e-06
0.65 1.57737e-06
0.652 1.41841e-06
0.654 1.27496e-06
0.656 1.14557e-06
0.658 1.02889e-06
0.66 9.23727e-07
0.662 8.28982e-07
0.664 7.43656e-07
0.666 6.66847e-07
0.668 5.97731e-07
0.67 5.35565e-07
0.672 4.79673e-07
0.674 4.29441e-07
0.676 3.84316e-07
0.678 3.43796e-07
0.68 3.07424e-07
0.682 2.74791e-07
0.684 2.45523e-07
0.686 2.19285e-07
0.688 1.95773e-07
0.69 1.74711e-07
0.692 1.55854e-07
0.694 1.38976e-07
0.696 1.23876e-07
0.698 1.10373e-07
0.7 9.83019e-08
0.702 8.75163e-08
0.704 7.78829e-08
0.706 6.92822e-08
0.708 6.16067e-08
0.71 5.47595e-08
0.712 4.8654e-08
0.714 4.32119e-08
0.716 3.83631e-08
0.718 3.40448e-08
0.72 3.02006e-08
0.722 2.67796e-08
0.724 2.37367e-08
0.726 2.10312e-08
0.728 1.86265e-08
0.73 1.64903e-08
0.732 1.45931e-08
0.734 1.29091e-08
0.736 1.14149e-08
0.738 1.00895e-08
0.74 8.91451e-09
0.742 7.87318e-09
0.744 6.95072e-09
0.746 6.13388e-09
0.748 5.41086e-09
0.75 4.77117e-09
0.752 4.20542e-09
0.754 3.70527e-09
0.756 3.2633e-09
0.758 2.87289e-09
0.76 2.5282e-09
0.762 2.22396e-09
0.764 1.95554e-09
0.766 1.71885e-09
0.768 1.51018e-09
0.77 1.32634e-09
0.772 1.16439e-09
0.774 1.02182e-09
0.776 8.96343e-10
0.778 7.85961e-10
0.78 6.88897e-10
0.782 6.03574e-10
0.784 5.28613e-10
0.786 4.62774e-10
0.788 4.04978e-10
0.79 3.5425e-10
0.792 3.0976e-10
0.794 2.70741e-10
0.796 2.36547e-10
0.798 2.06592e-10
0.8 1.80361e-10
0.802 1.57385e-10
0.804 1.37288e-10
0.806 1.19715e-10
0.808 1.04343e-10
0.81 9.09076e-11
0.812 7.91749e-11
0.814 6.89263e-11
0.816 5.99829e-11
0.818 5.21745e-11
0.82 4.53637e-11
0.822 3.94355e-11
0.824 3.42565e-11
0.826 2.97604e-11
0.828 2.58354e-11
0.83 2.2418e-11
0.832 1.94443e-11
0.834 1.68651e-11
0.836 1.46178e-11
0.838 1.26588e-11
0.84 1.09687e-11
0.842 9.4928e-12
0.844 8.21958e-12
0.846 7.10868e-12
0.848 6.14894e-12
0.85 5.31157e-12
0.852 4.59086e-12
0.854 3.96799e-12
0.856 3.42284e-12
0.858 2.95864e-12
0.86 2.54655e-12
0.862 2.19778e-12
0.864 1.89416e-12
0.866 1.63203e-12
0.868 1.41147e-12
0.87 1.21307e-12
0.872 1.0449e-12
0.874 8.96182e-13
0.876 7.73534e-13
0.878 6.59234e-13
0.88 5.70424e-13
0.882 4.89022e-13
0.884 4.20724e-13
0.886 3.63865e-13
0.888 3.09493e-13
0.89 2.70576e-13
0.892 2.28994e-13
0.894 1.96986e-13
0.896 1.64344e-13
0.898 1.46821e-13
0.9 1.25462e-13
0.902 1.09921e-13
0.904 9.12071e-14
0.906 7.67368e-14
0.908 7.20719e-14
0.91 5.8338e-14
0.912 5.43442e-14
0.914 4.35314e-14
0.916 3.86107e-14
0.918 3.03954e-14
0.92 2.89439e-14
0.922 2.29372e-14
0.924 2.28278e-14
0.926 1.75087e-14
0.928 1.84874e-14
0.93 1.09588e-14
0.932 1.35548e-14
0.934 1.73749e-14
0.936 7.15006e-15
0.938 1.24147e-14
0.94 4.83249e-15
0.942 9.88924e-15
0.944 3.15125e-15
0.946 8.35285e-15
0.948 1.79059e-15
0.95 2.79863e-15
0.952 5.0586e-15
0.954 5.57943e-15
0.956 7.54779e-15
0.958 1.92447e-15
0.96 6.66617e-15
0.962 6.5911e-15
0.964 2.62374e-15
0.966 5.84063e-15
0.968 3.42553e-15
0.97 4.02961e-15
0.972 6.11932e-15
0.974 4.09681e-15
0.976 5.76552e-15
0.978 -9.57603e-16
0.98 7.824e-15
0.982 3.73057e-15
0.984 3.13083e-15
0.986 1.61655e-15
0.988 6.87836e-15
0.99 3.97056e-15
0.992 5.76785e-15
0.994 3.44824e-15
0.996 5.74561e-15
0.998 2.2025e-15
