-1 2.42709e-05
-0.998 2.43827e-05
-0.996 2.4719e-05
-0.994 2.52823e-05
-0.992 2.60769e-05
-0.99 2.71087e-05
-0.988 2.83856e-05
-0.986 2.99172e-05
-0.984 3.17148e-05
-0.982 3.37919e-05
-0.98 3.61639e-05
-0.978 3.88482e-05
-0.976 4.18647e-05
-0.974 4.52353e-05
-0.972 4.89844e-05
-0.97 5.3139e-05
-0.968 5.77288e-05
-0.966 6.27865e-05
-0.964 6.83475e-05
-0.962 7.44506e-05
-0.96 8.11382e-05
-0.958 8.84562e-05
-0.956 9.64542e-05
-0.954 0.000105186
-0.952 0.00011471
-0.95 0.00012509
-0.948 0.000136393
-0.946 0.000148692
-0.944 0.000162066
-0.942 0.0001766
-0.94 0.000192387
-0.938 0.000209522
-0.936 0.000228113
-0.934 0.000248273
-0.932 0.000270121
-0.93 0.00029379
-0.928 0.000319417
-0.926 0.000347153
-0.924 0.000377156
-0.922 0.000409597
-0.92 0.00044466
-0.918 0.000482538
-0.916 0.00052344
-0.914 0.000567587
-0.912 0.000615217
-0.91 0.000666582
-0.908 0.00072195
-0.906 0.000781609
-0.904 0.000845862
-0.902 0.000915035
-0.9 0.00098947
-0.898 0.00106954
-0.896 0.00115562
-0.894 0.00124813
-0.892 0.00134752
-0.89 0.00145423
-0.888 0.00156877
-0.886 0.00169166
-0.884 0.00182345
-0.882 0.00196471
-0.88 0.00211608
-0.878 0.0022782
-0.876 0.00245175
-0.874 0.00263747
-0.872 0.00283613
-0.87 0.00304853
-0.868 0.00327553
-0.866 0.00351802
-0.864 0.00377695
-0.862 0.00405333
-0.86 0.00434818
-0.858 0.00466262
-0.856 0.00499779
-0.854 0.00535492
-0.852 0.00573528
-0.85 0.00614019
-0.848 0.00657106
-0.846 0.00702936
-0.844 0.00751661
-0.842 0.00803443
-0.84 0.00858448
-0.838 0.00916851
-0.836 0.00978837
-0.834 0.010446
-0.832 0.0111433
-0.83 0.0118824
-0.828 0.0126654
-0.826 0.0134947
-0.824 0.0143725
-0.822 0.0153013
-0.82 0.0162835
-0.818 0.017322
-0.816 0.0184192
-0.814 0.0195782
-0.812 0.0208017
-0.81 0.0220929
-0.808 0.0234548
-0.806 0.0248907
-0.804 0.026404
-0.802 0.027998
-0.8 0.0296765
-0.798 0.0314429
-0.796 0.0333012
-0.794 0.0352552
-0.792 0.037309
-0.79 0.0394666
-0.788 0.0417322
-0.786 0.0441103
-0.784 0.0466053
-0.782 0.0492217
-0.78 0.0519641
-0.778 0.0548375
-0.776 0.0578466
-0.774 0.0609963
-0.772 0.0642919
-0.77 0.0677384
-0.768 0.0713412
-0.766 0.0751055
-0.764 0.0790368
-0.762 0.0831407
-0.76 0.0874226
-0.758 0.0918883
-0.756 0.0965435
-0.754 0.101394
-0.752 0.106446
-0.75 0.111704
-0.748 0.117176
-0.746 0.122866
-0.744 0.128781
-0.742 0.134927
-0.74 0.14131
-0.738 0.147935
-0.736 0.154809
-0.734 0.161938
-0.732 0.169327
-0.73 0.176983
-0.728 0.184911
-0.726 0.193117
-0.724 0.201606
-0.722 0.210384
-0.72 0.219456
-0.718 0.228829
-0.716 0.238506
-0.714 0.248493
-0.712 0.258794
-0.71 0.269415
-0.708 0.28036
-0.706 0.291632
-0.704 0.303237
-0.702 0.315177
-0.7 0.327456
-0.698 0.340078
-0.696 0.353044
-0.694 0.366359
-0.692 0.380024
-0.69 0.394041
-0.688 0.408411
-0.686 0.423136
-0.684 0.438217
-0.682 0.453654
-0.68 0.469446
-0.678 0.485595
-0.676 0.502097
-0.674 0.518953
-0.672 0.536161
-0.67 0.553717
-0.668 0.57162
-0.666 0.589865
-0.664 0.60845
-0.662 0.627369
-0.66 0.646617
-0.658 0.666189
-0.656 0.68608
-0.654 0.706282
-0.652 0.726787
-0.65 0.74759
-0.648 0.76868
-0.646 0.790048
-0.644 0.811686
-0.642 0.833584
-0.64 0.855729
-0.638 0.878112
-0.636 0.90072
-0.634 0.92354
-0.632 0.94656
-0.63 0.969765
-0.628 0.993143
-0.626 1.01668
-0.624 1.04035
-0.622 1.06415
-0.62 1.08806
-0.618 1.11207
-0.616 1.13614
-0.614 1.16028
-0.612 1.18445
-0.61 1.20864
-0.608 1.23284
-0.606 1.25701
-0.604 1.28115
-0.602 1.30523
-0.6 1.32923
-0.598 1.35313
-0.596 1.37691
-0.594 1.40054
-0.592 1.42401
-0.59 1.4473
-0.588 1.47038
-0.586 1.49323
-0.584 1.51582
-0.582 1.53815
-0.58 1.56018
-0.578 1.58189
-0.576 1.60326
-0.574 1.62427
-0.572 1.6449
-0.57 1.66512
-0.568 1.68492
-0.566 1.70427
-0.564 1.72316
-0.562 1.74156
-0.56 1.75945
-0.558 1.77681
-0.556 1.79363
-0.554 1.80988
-0.552 1.82555
-0.55 1.84061
-0.548 1.85506
-0.546 1.86888
-0.544 1.88204
-0.542 1.89455
-0.54 1.90637
-0.538 1.91749
-0.536 1.92791
-0.534 1.93762
-0.532 1.94659
-0.53 1.95482
-0.528 1.9623
-0.526 1.96903
-0.524 1.97498
-0.522 1.98016
-0.52 1.98456
-0.518 1.98818
-0.516 1.991
-0.514 1.99304
-0.512 1.99427
-0.51 1.99471
-0.508 1.99435
-0.506 1.99319
-0.504 1.99124
-0.502 1.9885
-0.5 1.98496
-0.498 1.98064
-0.496 1.97553
-0.494 1.96966
-0.492 1.96301
-0.49 1.9556
-0.488 1.94745
-0.486 1.93855
-0.484 1.92892
-0.482 1.91857
-0.48 1.90751
-0.478 1.89576
-0.476 1.88332
-0.474 1.87023
-0.472 1.85647
-0.47 1.84209
-0.468 1.82708
-0.466 1.81147
-0.464 1.79528
-0.462 1.77852
-0.46 1.76121
-0.458 1.74337
-0.456 1.72502
-0.454 1.70618
-0.452 1.68688
-0.45 1.66712
-0.448 1.64694
-0.446 1.62635
-0.444 1.60538
-0.442 1.58404
-0.44 1.56236
-0.438 1.54036
-0.436 1.51807
-0.434 1.4955
-0.432 1.47267
-0.43 1.44962
-0.428 1.42635
-0.426 1.4029
-0.424 1.37928
-0.422 1.35551
-0.42 1.33162
-0.418 1.30763
-0.416 1.28356
-0.414 1.25943
-0.412 1.23526
-0.41 1.21106
-0.408 1.18687
-0.406 1.16269
-0.404 1.13855
-0.402 1.11447
-0.4 1.09046
-0.398 1.06654
-0.396 1.04273
-0.394 1.01904
-0.392 0.995489
-0.39 0.972096
-0.388 0.948872
-0.386 0.925833
-0.384 0.902992
-0.382 0.880363
-0.38 0.857957
-0.378 0.835787
-0.376 0.813865
-0.374 0.7922
-0.372 0.770804
-0.37 0.749686
-0.368 0.728855
-0.366 0.708319
-0.364 0.688086
-0.362 0.668164
-0.36 0.64856
-0.358 0.629279
-0.356 0.610327
-0.354 0.591709
-0.352 0.573429
-0.35 0.555492
-0.348 0.537901
-0.346 0.520658
-0.344 0.503767
-0.342 0.487229
-0.34 0.471045
-0.338 0.455217
-0.336 0.439745
-0.334 0.424628
-0.332 0.409868
-0.33 0.395462
-0.328 0.38141
-0.326 0.36771
-0.324 0.35436
-0.322 0.341359
-0.32 0.328703
-0.318 0.31639
-0.316 0.304416
-0.314 0.292778
-0.312 0.281472
-0.31 0.270495
-0.308 0.259842
-0.306 0.249509
-0.304 0.239491
-0.302 0.229783
-0.3 0.22038
-0.298 0.211278
-0.296 0.202471
-0.294 0.193953
-0.292 0.185719
-0.29 0.177764
-0.288 0.170081
-0.286 0.162665
-0.284 0.155511
-0.282 0.148611
-0.28 0.141961
-0.278 0.135555
-0.276 0.129385
-0.274 0.123447
-0.272 0.117735
-0.27 0.112242
-0.268 0.106962
-0.266 0.10189
-0.264 0.0970197
-0.262 0.0923453
-0.26 0.0878609
-0.258 0.0835608
-0.256 0.0794394
-0.254 0.0754911
-0.252 0.0717103
-0.25 0.0680916
-0.248 0.0646297
-0.246 0.0613193
-0.244 0.0581551
-0.242 0.0551322
-0.24 0.0522455
-0.238 0.0494902
-0.236 0.0468614
-0.234 0.0443545
-0.232 0.0419649
-0.23 0.0396882
-0.228 0.03752
-0.226 0.0354561
-0.224 0.0334923
-0.222 0.0316246
-0.22 0.0298491
-0.218 0.028162
-0.216 0.0265597
-0.214 0.0250385
-0.212 0.023595
-0.21 0.0222258
-0.208 0.0209277
-0.206 0.0196975
-0.204 0.0185323
-0.202 0.017429
-0.2 0.0163848
-0.198 0.015397
-0.196 0.014463
-0.194 0.0135802
-0.192 0.0127462
-0.19 0.0119586
-0.188 0.0112152
-0.186 0.0105138
-0.184 0.00985238
-0.182 0.00922884
-0.18 0.0086413
-0.178 0.00808793
-0.176 0.00756697
-0.174 0.00707674
-0.172 0.00661562
-0.17 0.00618207
-0.168 0.00577462
-0.166 0.00539187
-0.164 0.00503248
-0.162 0.00469516
-0.16 0.0043787
-0.158 0.00408194
-0.156 0.00380377
-0.154 0.00354314
-0.152 0.00329904
-0.15 0.00307054
-0.148 0.00285671
-0.146 0.00265672
-0.144 0.00246974
-0.142 0.002295
-0.14 0.00213177
-0.138 0.00197936
-0.136 0.00183711
-0.134 0.0017044
-0.132 0.00158064
-0.13 0.00146529
-0.128 0.00135781
-0.126 0.00125771
-0.124 0.00116452
-0.122 0.00107781
-0.12 0.000997158
-0.118 0.000922171
-0.116 0.000852481
-0.114 0.000787744
-0.112 0.000727631
-0.11 0.000671838
-0.108 0.000620075
-0.106 0.000572071
-0.104 0.000527573
-0.102 0.000486342
-0.1 0.000448155
-0.098 0.000412802
-0.096 0.000380086
-0.094 0.000349824
-0.092 0.000321844
-0.09 0.000295984
-0.088 0.000272094
-0.086 0.000250034
-0.084 0.000229672
-0.082 0.000210885
-0.08 0.00019356
-0.078 0.000177589
-0.076 0.000162873
-0.074 0.000149319
-0.072 0.000136842
-0.07 0.00012536
-0.068 0.0001148
-0.066 0.000105091
-0.064 9.61702e-05
-0.062 8.79765e-05
-0.06 8.04547e-05
-0.058 7.35534e-05
-0.056 6.72246e-05
-0.054 6.14243e-05
-0.052 5.61114e-05
-0.05 5.12481e-05
-0.048 4.67993e-05
-0.046 4.27328e-05
-0.044 3.90188e-05
-0.042 3.56296e-05
-0.04 3.254e-05
-0.038 2.97268e-05
-0.036 2.71684e-05
-0.034 2.48454e-05
-0.032 2.27398e-05
-0.03 2.08351e-05
-0.028 1.91164e-05
-0.026 1.75701e-05
-0.024 1.61839e-05
-0.022 1.49467e-05
-0.02 1.38485e-05
-0.018 1.28804e-05
-0.016 1.20344e-05
-0.014 1.13038e-05
-0.012 1.06824e-05
-0.01 1.01651e-05
-0.008 9.74757e-06
-0.006 9.42641e-06
-0.004 9.19891e-06
-0.002 9.06317e-06
0 9.01804e-06
0.002 9.06317e-06
0.004 9.19891e-06
0.006 9.42641e-06
0.008 9.74757e-06
0.01 1.01651e-05
0.012 1.06824e-05
0.014 1.13038e-05
0.016 1.20344e-05
0.018 1.28804e-05
0.02 1.38485e-05
0.022 1.49467e-05
0.024 1.61839e-05
0.026 1.75701e-05
0.028 1.91164e-05
0.03 2.08351e-05
0.032 2.27398e-05
0.034 2.48454e-05
0.036 2.71684e-05
0.038 2.97268e-05
0.04 3.254e-05
0.042 3.56296e-05
0.044 3.90188e-05
0.046 4.27328e-05
0.048 4.67993e-05
0.05 5.12481e-05
0.052 5.61114e-05
0.054 6.14243e-05
0.056 6.72246e-05
0.058 7.35534e-05
0.06 8.04547e-05
0.062 8.79765e-05
0.064 9.61702e-05
0.066 0.000105091
0.068 0.0001148
0.07 0.00012536
0.072 0.000136842
0.074 0.000149319
0.076 0.000162873
0.078 0.000177589
0.08 0.00019356
0.082 0.000210885
0.084 0.000229672
0.086 0.000250034
0.088 0.000272094
0.09 0.000295984
0.092 0.000321844
0.094 0.000349824
0.096 0.000380086
0.098 0.000412802
0.1 0.000448155
0.102 0.000486342
0.104 0.000527573
0.106 0.000572071
0.108 0.000620075
0.11 0.000671838
0.112 0.000727631
0.114 0.000787744
0.116 0.000852481
0.118 0.000922171
0.12 0.000997158
0.122 0.00107781
0.124 0.00116452
0.126 0.00125771
0.128 0.00135781
0.13 0.00146529
0.132 0.00158064
0.134 0.0017044
0.136 0.00183711
0.138 0.00197936
0.14 0.00213177
0.142 0.002295
0.144 0.00246974
0.146 0.00265672
0.148 0.00285671
0.15 0.00307054
0.152 0.00329904
0.154 0.00354314
0.156 0.00380377
0.158 0.00408194
0.16 0.0043787
0.162 0.00469516
0.164 0.00503248
0.166 0.00539187
0.168 0.00577462
0.17 0.00618207
0.172 0.00661562
0.174 0.00707674
0.176 0.00756697
0.178 0.00808793
0.18 0.0086413
0.182 0.00922884
0.184 0.00985238
0.186 0.0105138
0.188 0.0112152
0.19 0.0119586
0.192 0.0127462
0.194 0.0135802
0.196 0.014463
0.198 0.015397
0.2 0.0163848
0.202 0.017429
0.204 0.0185323
0.206 0.0196975
0.208 0.0209277
0.21 0.0222258
0.212 0.023595
0.214 0.0250385
0.216 0.0265597
0.218 0.028162
0.22 0.0298491
0.222 0.0316246
0.224 0.0334923
0.226 0.0354561
0.228 0.03752
0.23 0.0396882
0.232 0.0419649
0.234 0.0443545
0.236 0.0468614
0.238 0.0494902
0.24 0.0522455
0.242 0.0551322
0.244 0.0581551
0.246 0.0613193
0.248 0.0646297
0.25 0.0680916
0.252 0.0717103
0.254 0.0754911
0.256 0.0794394
0.258 0.0835608
0.26 0.0878609
0.262 0.0923453
0.264 0.0970197
0.266 0.10189
0.268 0.106962
0.27 0.112242
0.272 0.117735
0.274 0.123447
0.276 0.129385
0.278 0.135555
0.28 0.141961
0.282 0.148611
0.284 0.155511
0.286 0.162665
0.288 0.170081
0.29 0.177764
0.292 0.185719
0.294 0.193953
0.296 0.202471
0.298 0.211278
0.3 0.22038
0.302 0.229783
0.304 0.239491
0.306 0.249509
0.308 0.259842
0.31 0.270495
0.312 0.281472
0.314 0.292778
0.316 0.304416
0.318 0.31639
0.32 0.328703
0.322 0.341359
0.324 0.35436
0.326 0.36771
0.328 0.38141
0.33 0.395462
0.332 0.409868
0.334 0.424628
0.336 0.439745
0.338 0.455217
0.34 0.471045
0.342 0.487229
0.344 0.503767
0.346 0.520658
0.348 0.537901
0.35 0.555492
0.352 0.573429
0.354 0.591709
0.356 0.610327
0.358 0.629279
0.36 0.64856
0.362 0.668164
0.364 0.688086
0.366 0.708319
0.368 0.728855
0.37 0.749686
0.372 0.770804
0.374 0.7922
0.376 0.813865
0.378 0.835787
0.38 0.857957
0.382 0.880363
0.384 0.902992
0.386 0.925833
0.388 0.948872
0.39 0.972096
0.392 0.995489
0.394 1.01904
0.396 1.04273
0.398 1.06654
0.4 1.09046
0.402 1.11447
0.404 1.13855
0.406 1.16269
0.408 1.18687
0.41 1.21106
0.412 1.23526
0.414 1.25943
0.416 1.28356
0.418 1.30763
0.42 1.33162
0.422 1.35551
0.424 1.37928
0.426 1.4029
0.428 1.42635
0.43 1.44962
0.432 1.47267
0.434 1.4955
0.436 1.51807
0.438 1.54036
0.44 1.56236
0.442 1.58404
0.444 1.60538
0.446 1.62635
0.448 1.64694
0.45 1.66712
0.452 1.68688
0.454 1.70618
0.456 1.72502
0.458 1.74337
0.46 1.76121
0.462 1.77852
0.464 1.79528
0.466 1.81147
0.468 1.82708
0.47 1.84209
0.472 1.85647
0.474 1.87023
0.476 1.88332
0.478 1.89576
0.48 1.90751
0.482 1.91857
0.484 1.92892
0.486 1.93855
0.488 1.94745
0.49 1.9556
0.492 1.96301
0.494 1.96966
0.496 1.97553
0.498 1.98064
0.5 1.98496
0.502 1.9885
0.504 1.99124
0.506 1.99319
0.508 1.99435
0.51 1.99471
0.512 1.99427
0.514 1.99304
0.516 1.991
0.518 1.98818
0.52 1.98456
0.522 1.98016
0.524 1.97498
0.526 1.96903
0.528 1.9623
0.53 1.95482
0.532 1.94659
0.534 1.93762
0.536 1.92791
0.538 1.91749
0.54 1.90637
0.542 1.89455
0.544 1.88204
0.546 1.86888
0.548 1.85506
0.55 1.84061
0.552 1.82555
0.554 1.80988
0.556 1.79363
0.558 1.77681
0.56 1.75945
0.562 1.74156
0.564 1.72316
0.566 1.70427
0.568 1.68492
0.57 1.66512
0.572 1.6449
0.574 1.62427
0.576 1.60326
0.578 1.58189
0.58 1.56018
0.582 1.53815
0.584 1.51582
0.586 1.49323
0.588 1.47038
0.59 1.4473
0.592 1.42401
0.594 1.40054
0.596 1.37691
0.598 1.35313
0.6 1.32923
0.602 1.30523
0.604 1.28115
0.606 1.25701
0.608 1.23284
0.61 1.20864
0.612 1.18445
0.614 1.16028
0.616 1.13614
0.618 1.11207
0.62 1.08806
0.622 1.06415
0.624 1.04035
0.626 1.01668
0.628 0.993143
0.63 0.969765
0.632 0.94656
0.634 0.92354
0.636 0.90072
0.638 0.878112
0.64 0.855729
0.642 0.833584
0.644 0.811686
0.646 0.790048
0.648 0.76868
0.65 0.74759
0.652 0.726787
0.654 0.706282
0.656 0.68608
0.658 0.666189
0.66 0.646617
0.662 0.627369
0.664 0.60845
0.666 0.589865
0.668 0.57162
0.67 0.553717
0.672 0.536161
0.674 0.518953
0.676 0.502097
0.678 0.485595
0.68 0.469446
0.682 0.453654
0.684 0.438217
0.686 0.423136
0.688 0.408411
0.69 0.394041
0.692 0.380024
0.694 0.366359
0.696 0.353044
0.698 0.340078
0.7 0.327456
0.702 0.315177
0.704 0.303237
0.706 0.291632
0.708 0.28036
0.71 0.269415
0.712 0.258794
0.714 0.248493
0.716 0.238506
0.718 0.228829
0.72 0.219456
0.722 0.210384
0.724 0.201606
0.726 0.193117
0.728 0.184911
0.73 0.176983
0.732 0.169327
0.734 0.161938
0.736 0.154809
0.738 0.147935
0.74 0.14131
0.742 0.134927
0.744 0.128781
0.746 0.122866
0.748 0.117176
0.75 0.111704
0.752 0.106446
0.754 0.101394
0.756 0.0965435
0.758 0.0918883
0.76 0.0874226
0.762 0.0831407
0.764 0.0790368
0.766 0.0751055
0.768 0.0713412
0.77 0.0677384
0.772 0.0642919
0.774 0.0609963
0.776 0.0578466
0.778 0.0548375
0.78 0.0519641
0.782 0.0492217
0.784 0.0466053
0.786 0.0441103
0.788 0.0417322
0.79 0.0394666
0.792 0.037309
0.794 0.0352552
0.796 0.0333012
0.798 0.0314429
0.8 0.0296765
0.802 0.027998
0.804 0.026404
0.806 0.0248907
0.808 0.0234548
0.81 0.0220929
0.812 0.0208017
0.814 0.0195782
0.816 0.0184192
0.818 0.017322
0.82 0.0162835
0.822 0.0153013
0.824 0.0143725
0.826 0.0134947
0.828 0.0126654
0.83 0.0118824
0.832 0.0111433
0.834 0.010446
0.836 0.00978837
0.838 0.00916851
0.84 0.00858448
0.842 0.00803443
0.844 0.00751661
0.846 0.00702936
0.848 0.00657106
0.85 0.00614019
0.852 0.00573528
0.854 0.00535492
0.856 0.00499779
0.858 0.00466262
0.86 0.00434818
0.862 0.00405333
0.864 0.00377695
0.866 0.00351802
0.868 0.00327553
0.87 0.00304853
0.872 0.00283613
0.874 0.00263747
0.876 0.00245175
0.878 0.0022782
0.88 0.00211608
0.882 0.00196471
0.884 0.00182345
0.886 0.00169166
0.888 0.00156877
0.89 0.00145423
0.892 0.00134752
0.894 0.00124813
0.896 0.00115562
0.898 0.00106954
0.9 0.00098947
0.902 0.000915035
0.904 0.000845862
0.906 0.000781609
0.908 0.00072195
0.91 0.000666582
0.912 0.000615217
0.914 0.000567587
0.916 0.00052344
0.918 0.000482538
0.92 0.00044466
0.922 0.000409597
0.924 0.000377156
0.926 0.000347153
0.928 0.000319417
0.93 0.00029379
0.932 0.000270121
0.934 0.000248273
0.936 0.000228113
0.938 0.000209522
0.94 0.000192387
0.942 0.0001766
0.944 0.000162066
0.946 0.000148692
0.948 0.000136393
0.95 0.00012509
0.952 0.00011471
0.954 0.000105186
0.956 9.64542e-05
0.958 8.84562e-05
0.96 8.11382e-05
0.962 7.44506e-05
0.964 6.83475e-05
0.966 6.27865e-05
0.968 5.77288e-05
0.97 5.3139e-05
0.972 4.89844e-05
0.974 4.52353e-05
0.976 4.18647e-05
0.978 3.88482e-05
0.98 3.61639e-05
0.982 3.37919e-05
0.984 3.17148e-05
0.986 2.99172e-05
0.988 2.83856e-05
0.99 2.71087e-05
0.992 2.60769e-05
0.994 2.52823e-05
0.996 2.4719e-05
0.998 2.43827e-05
