0 2.90323e-16
0.01 0.0576263
0.02 0.115025
0.03 0.17197
0.04 0.228236
0.05 0.283602
0.06 0.337848
0.07 0.390761
0.08 0.442132
0.09 0.491758
0.1 0.539443
0.11 0.584999
0.12 0.628246
0.13 0.669014
0.14 0.707142
0.15 0.742479
0.16 0.774886
0.17 0.804235
0.18 0.830409
0.19 0.853307
0.2 0.872837
0.21 0.888922
0.22 0.901499
0.23 0.910518
0.24 0.915944
0.25 0.917755
0.26 0.915944
0.27 0.910518
0.28 0.901499
0.29 0.888922
0.3 0.872837
0.31 0.853307
0.32 0.830409
0.33 0.804235
0.34 0.774886
0.35 0.742479
0.36 0.707142
0.37 0.669014
0.38 0.628246
0.39 0.584999
0.4 0.539443
0.41 0.491758
0.42 0.442132
0.43 0.390761
0.44 0.337848
0.45 0.283602
0.46 0.228236
0.47 0.17197
0.48 0.115025
0.49 0.0576263
0.5 4.8178e-17
0.51 -0.0576263
0.52 -0.115025
0.53 -0.17197
0.54 -0.228236
0.55 -0.283602
0.56 -0.337848
0.57 -0.390761
0.58 -0.442132
0.59 -0.491758
0.6 -0.539443
0.61 -0.584999
0.62 -0.628246
0.63 -0.669014
0.64 -0.707142
0.65 -0.742479
0.66 -0.774886
0.67 -0.804235
0.68 -0.830409
0.69 -0.853307
0.7 -0.872837
0.71 -0.888922
0.72 -0.901499
0.73 -0.910518
0.74 -0.915944
0.75 -0.917755
0.76 -0.915944
0.77 -0.910518
0.78 -0.901499
0.79 -0.888922
0.8 -0.872837
0.81 -0.853307
0.82 -0.830409
0.83 -0.804235
0.84 -0.774886
0.85 -0.742479
0.86 -0.707142
0.87 -0.669014
0.88 -0.628246
0.89 -0.584999
0.9 -0.539443
0.91 -0.491758
0.92 -0.442132
0.93 -0.390761
0.94 -0.337848
0.95 -0.283602
0.96 -0.228236
0.97 -0.17197
0.98 -0.115025
0.99 -0.0576263
