-1 0.785993
-0.99 0.785648
-0.98 0.785385
-0.97 0.784427
-0.96 0.783563
-0.95 0.781993
-0.94 0.780534
-0.93 0.778358
-0.92 0.776309
-0.91 0.773542
-0.9 0.770903
-0.89 0.767574
-0.88 0.764337
-0.87 0.760484
-0.86 0.756636
-0.85 0.752308
-0.84 0.747836
-0.83 0.74308
-0.82 0.737983
-0.81 0.732829
-0.8 0.727137
-0.79 0.721581
-0.78 0.71537
-0.77 0.709362
-0.76 0.70275
-0.75 0.696219
-0.74 0.689329
-0.73 0.682227
-0.72 0.675123
-0.71 0.667502
-0.7 0.660131
-0.69 0.652162
-0.68 0.644379
-0.67 0.63627
-0.66 0.627974
-0.65 0.619804
-0.64 0.611097
-0.63 0.602716
-0.62 0.593888
-0.61 0.585072
-0.6 0.57632
-0.59 0.567106
-0.58 0.558271
-0.57 0.549021
-0.56 0.539792
-0.55 0.53074
-0.54 0.521206
-0.53 0.512066
-0.52 0.502704
-0.51 0.493163
-0.5 0.484037
-0.49 0.474461
-0.48 0.465063
-0.47 0.455891
-0.46 0.446263
-0.45 0.437048
-0.44 0.427852
-0.43 0.418304
-0.42 0.409276
-0.41 0.400136
-0.4 0.39074
-0.39 0.381911
-0.38 0.372928
-0.37 0.363719
-0.36 0.355105
-0.35 0.346388
-0.34 0.337388
-0.33 0.328986
-0.32 0.320646
-0.31 0.311904
-0.3 0.303659
-0.29 0.295774
-0.28 0.287432
-0.27 0.279262
-0.26 0.271765
-0.25 0.264071
-0.24 0.256042
-0.23 0.24862
-0.22 0.241668
-0.21 0.234268
-0.2 0.226711
-0.19 0.219906
-0.18 0.213551
-0.17 0.206702
-0.16 0.199526
-0.15 0.193024
-0.14 0.187371
-0.13 0.181626
-0.12 0.17509
-0.11 0.168255
-0.1 0.162304
-0.09 0.15804
-0.08 0.155441
-0.07 0.15396
-0.06 0.153033
-0.05 0.152331
-0.04 0.151743
-0.03 0.151264
-0.02 0.150913
-0.01 0.150701
0 0.15063
0.01 0.150701
0.02 0.150913
0.03 0.151264
0.04 0.151743
0.05 0.152331
0.06 0.153033
0.07 0.15396
0.08 0.155441
0.09 0.15804
0.1 0.162304
0.11 0.168255
0.12 0.17509
0.13 0.181626
0.14 0.187371
0.15 0.193024
0.16 0.199526
0.17 0.206702
0.18 0.213551
0.19 0.219906
0.2 0.226711
0.21 0.234268
0.22 0.241668
0.23 0.24862
0.24 0.256042
0.25 0.264071
0.26 0.271765
0.27 0.279262
0.28 0.287432
0.29 0.295774
0.3 0.303659
0.31 0.311904
0.32 0.320646
0.33 0.328986
0.34 0.337388
0.35 0.346388
0.36 0.355105
0.37 0.363719
0.38 0.372928
0.39 0.381911
0.4 0.39074
0.41 0.400136
0.42 0.409276
0.43 0.418304
0.44 0.427852
0.45 0.437048
0.46 0.446263
0.47 0.455891
0.48 0.465063
0.49 0.474461
0.5 0.484037
0.51 0.493163
0.52 0.502704
0.53 0.512066
0.54 0.521206
0.55 0.53074
0.56 0.539792
0.57 0.549021
0.58 0.558271
0.59 0.567106
0.6 0.57632
0.61 0.585072
0.62 0.593888
0.63 0.602716
0.64 0.611097
0.65 0.619804
0.66 0.627974
0.67 0.63627
0.68 0.644379
0.69 0.652162
0.7 0.660131
0.71 0.667502
0.72 0.675123
0.73 0.682227
0.74 0.689329
0.75 0.696219
0.76 0.70275
0.77 0.709362
0.78 0.71537
0.79 0.721581
0.8 0.727137
0.81 0.732829
0.82 0.737983
0.83 0.74308
0.84 0.747836
0.85 0.752308
0.86 0.756636
0.87 0.760484
0.88 0.764337
0.89 0.767574
0.9 0.770903
0.91 0.773542
0.92 0.776309
0.93 0.778358
0.94 0.780534
0.95 0.781993
0.96 0.783563
0.97 0.784427
0.98 0.785385
0.99 0.785648
