-1 0.215999
-0.99 0.216488
-0.98 0.216263
-0.97 0.217067
-0.96 0.217082
-0.95 0.218164
-0.94 0.21854
-0.93 0.219663
-0.92 0.220716
-0.91 0.221567
-0.9 0.223386
-0.89 0.224321
-0.88 0.225989
-0.87 0.228094
-0.86 0.229237
-0.85 0.231292
-0.84 0.234059
-0.83 0.235646
-0.82 0.237089
-0.81 0.240553
-0.8 0.246231
-0.79 0.253007
-0.78 0.260067
-0.77 0.267188
-0.76 0.274378
-0.75 0.281657
-0.74 0.289027
-0.73 0.296484
-0.72 0.304025
-0.71 0.311647
-0.7 0.319346
-0.69 0.32712
-0.68 0.334963
-0.67 0.342874
-0.66 0.350846
-0.65 0.358877
-0.64 0.366963
-0.63 0.375097
-0.62 0.383277
-0.61 0.391497
-0.6 0.399753
-0.59 0.408039
-0.58 0.41635
-0.57 0.424682
-0.56 0.433028
-0.55 0.441383
-0.54 0.449742
-0.53 0.458099
-0.52 0.466448
-0.51 0.474783
-0.5 0.483098
-0.49 0.491388
-0.48 0.499645
-0.47 0.507864
-0.46 0.516039
-0.45 0.524163
-0.44 0.53223
-0.43 0.540234
-0.42 0.548167
-0.41 0.556025
-0.4 0.563799
-0.39 0.571484
-0.38 0.579074
-0.37 0.586561
-0.36 0.593941
-0.35 0.601205
-0.34 0.608348
-0.33 0.615364
-0.32 0.622246
-0.31 0.628989
-0.3 0.635585
-0.29 0.64203
-0.28 0.648318
-0.27 0.654442
-0.26 0.660397
-0.25 0.666177
-0.24 0.671778
-0.23 0.677193
-0.22 0.682418
-0.21 0.687448
-0.2 0.692277
-0.19 0.696902
-0.18 0.701318
-0.17 0.70552
-0.16 0.709504
-0.15 0.713268
-0.14 0.716806
-0.13 0.720116
-0.12 0.723193
-0.11 0.726036
-0.1 0.728642
-0.09 0.731007
-0.08 0.733129
-0.07 0.735007
-0.06 0.736638
-0.05 0.738022
-0.04 0.739155
-0.03 0.740038
-0.02 0.740669
-0.01 0.741048
0 0.741174
0.01 0.741048
0.02 0.740669
0.03 0.740038
0.04 0.739155
0.05 0.738022
0.06 0.736638
0.07 0.735007
0.08 0.733129
0.09 0.731007
0.1 0.728642
0.11 0.726036
0.12 0.723193
0.13 0.720116
0.14 0.716806
0.15 0.713268
0.16 0.709504
0.17 0.70552
0.18 0.701318
0.19 0.696902
0.2 0.692277
0.21 0.687448
0.22 0.682418
0.23 0.677193
0.24 0.671778
0.25 0.666177
0.26 0.660397
0.27 0.654442
0.28 0.648318
0.29 0.64203
0.3 0.635585
0.31 0.628989
0.32 0.622246
0.33 0.615364
0.34 0.608348
0.35 0.601205
0.36 0.593941
0.37 0.586561
0.38 0.579074
0.39 0.571484
0.4 0.563799
0.41 0.556025
0.42 0.548167
0.43 0.540234
0.44 0.53223
0.45 0.524163
0.46 0.516039
0.47 0.507864
0.48 0.499645
0.49 0.491388
0.5 0.483098
0.51 0.474783
0.52 0.466448
0.53 0.458099
0.54 0.449742
0.55 0.441383
0.56 0.433028
0.57 0.424682
0.58 0.41635
0.59 0.408039
0.6 0.399753
0.61 0.391497
0.62 0.383277
0.63 0.375097
0.64 0.366963
0.65 0.358877
0.66 0.350846
0.67 0.342874
0.68 0.334963
0.69 0.32712
0.7 0.319346
0.71 0.311647
0.72 0.304025
0.73 0.296484
0.74 0.289027
0.75 0.281657
0.76 0.274378
0.77 0.267188
0.78 0.260067
0.79 0.253007
0.8 0.246231
0.81 0.240553
0.82 0.237089
0.83 0.235646
0.84 0.234059
0.85 0.231292
0.86 0.229237
0.87 0.228094
0.88 0.225989
0.89 0.224321
0.9 0.223386
0.91 0.221567
0.92 0.220716
0.93 0.219663
0.94 0.21854
0.95 0.218164
0.96 0.217082
0.97 0.217067
0.98 0.216263
0.99 0.216488
