-1 0.348828
-0.99 0.349213
-0.98 0.34901
-0.97 0.349577
-0.96 0.349561
-0.95 0.350288
-0.94 0.350491
-0.93 0.351317
-0.92 0.351817
-0.91 0.352636
-0.9 0.353526
-0.89 0.354252
-0.88 0.355544
-0.87 0.356247
-0.86 0.357723
-0.85 0.358721
-0.84 0.359989
-0.83 0.361564
-0.82 0.362572
-0.81 0.364372
-0.8 0.365771
-0.79 0.367087
-0.78 0.369115
-0.77 0.370447
-0.76 0.371996
-0.75 0.374164
-0.74 0.37555
-0.73 0.377074
-0.72 0.379397
-0.71 0.381064
-0.7 0.382249
-0.69 0.384376
-0.68 0.386828
-0.67 0.38819
-0.66 0.389008
-0.65 0.391039
-0.64 0.39505
-0.63 0.400474
-0.62 0.406437
-0.61 0.41245
-0.6 0.418389
-0.59 0.424264
-0.58 0.43009
-0.57 0.43587
-0.56 0.441601
-0.55 0.44728
-0.54 0.452903
-0.53 0.458468
-0.52 0.463971
-0.51 0.469411
-0.5 0.474784
-0.49 0.480087
-0.48 0.485318
-0.47 0.490474
-0.46 0.495554
-0.45 0.500554
-0.44 0.505472
-0.43 0.510306
-0.42 0.515054
-0.41 0.519714
-0.4 0.524283
-0.39 0.52876
-0.38 0.533143
-0.37 0.537431
-0.36 0.54162
-0.35 0.54571
-0.34 0.5497
-0.33 0.553587
-0.32 0.55737
-0.31 0.561048
-0.3 0.56462
-0.29 0.568084
-0.28 0.57144
-0.27 0.574685
-0.26 0.57782
-0.25 0.580843
-0.24 0.583754
-0.23 0.586551
-0.22 0.589234
-0.21 0.591802
-0.2 0.594254
-0.19 0.59659
-0.18 0.598809
-0.17 0.600911
-0.16 0.602895
-0.15 0.604761
-0.14 0.606508
-0.13 0.608136
-0.12 0.609645
-0.11 0.611034
-0.1 0.612303
-0.09 0.613452
-0.08 0.61448
-0.07 0.615388
-0.06 0.616176
-0.05 0.616842
-0.04 0.617387
-0.03 0.617811
-0.02 0.618114
-0.01 0.618296
0 0.618357
0.01 0.618296
0.02 0.618114
0.03 0.617811
0.04 0.617387
0.05 0.616842
0.06 0.616176
0.07 0.615388
0.08 0.61448
0.09 0.613452
0.1 0.612303
0.11 0.611034
0.12 0.609645
0.13 0.608136
0.14 0.606508
0.15 0.604761
0.16 0.602895
0.17 0.600911
0.18 0.598809
0.19 0.59659
0.2 0.594254
0.21 0.591802
0.22 0.589234
0.23 0.586551
0.24 0.583754
0.25 0.580843
0.26 0.57782
0.27 0.574685
0.28 0.57144
0.29 0.568084
0.3 0.56462
0.31 0.561048
0.32 0.55737
0.33 0.553587
0.34 0.5497
0.35 0.54571
0.36 0.54162
0.37 0.537431
0.38 0.533143
0.39 0.52876
0.4 0.524283
0.41 0.519714
0.42 0.515054
0.43 0.510306
0.44 0.505472
0.45 0.500554
0.46 0.495554
0.47 0.490474
0.48 0.485318
0.49 0.480087
0.5 0.474784
0.51 0.469411
0.52 0.463971
0.53 0.458468
0.54 0.452903
0.55 0.44728
0.56 0.441601
0.57 0.43587
0.58 0.43009
0.59 0.424264
0.6 0.418389
0.61 0.41245
0.62 0.406437
0.63 0.400474
0.64 0.39505
0.65 0.391039
0.66 0.389008
0.67 0.38819
0.68 0.386828
0.69 0.384376
0.7 0.382249
0.71 0.381064
0.72 0.379397
0.73 0.377074
0.74 0.37555
0.75 0.374164
0.76 0.371996
0.77 0.370447
0.78 0.369115
0.79 0.367087
0.8 0.365771
0.81 0.364372
0.82 0.362572
0.83 0.361564
0.84 0.359989
0.85 0.358721
0.86 0.357723
0.87 0.356247
0.88 0.355544
0.89 0.354252
0.9 0.353526
0.91 0.352636
0.92 0.351817
0.93 0.351317
0.94 0.350491
0.95 0.350288
0.96 0.349561
0.97 0.349577
0.98 0.34901
0.99 0.349213
