-1 0.594231
-0.99 0.593925
-0.98 0.594036
-0.97 0.593537
-0.96 0.593447
-0.95 0.592763
-0.94 0.592461
-0.93 0.591608
-0.92 0.59107
-0.91 0.590079
-0.9 0.589267
-0.89 0.58818
-0.88 0.58705
-0.87 0.585902
-0.86 0.584433
-0.85 0.583221
-0.84 0.581447
-0.83 0.580096
-0.82 0.578131
-0.81 0.576495
-0.8 0.574498
-0.79 0.572435
-0.78 0.570486
-0.77 0.568014
-0.76 0.565978
-0.75 0.563341
-0.74 0.560913
-0.73 0.558385
-0.72 0.555435
-0.71 0.552918
-0.7 0.549781
-0.69 0.546815
-0.68 0.54388
-0.67 0.540371
-0.66 0.537331
-0.65 0.533882
-0.64 0.530181
-0.63 0.526921
-0.62 0.523033
-0.61 0.519162
-0.6 0.515624
-0.59 0.511389
-0.58 0.507284
-0.57 0.503494
-0.56 0.49899
-0.55 0.494554
-0.54 0.490558
-0.53 0.485902
-0.52 0.481028
-0.51 0.476771
-0.5 0.472185
-0.49 0.466907
-0.48 0.462066
-0.47 0.457656
-0.46 0.452527
-0.45 0.446851
-0.44 0.441803
-0.43 0.437325
-0.42 0.432204
-0.41 0.426062
-0.4 0.419988
-0.39 0.415276
-0.38 0.412278
-0.37 0.410477
-0.36 0.409181
-0.35 0.407964
-0.34 0.40669
-0.33 0.405358
-0.32 0.403993
-0.31 0.402609
-0.3 0.401213
-0.29 0.39981
-0.28 0.398402
-0.27 0.396996
-0.26 0.395595
-0.25 0.394205
-0.24 0.392829
-0.23 0.391472
-0.22 0.390138
-0.21 0.388831
-0.2 0.387556
-0.19 0.386316
-0.18 0.385115
-0.17 0.383957
-0.16 0.382845
-0.15 0.381783
-0.14 0.380774
-0.13 0.379821
-0.12 0.378927
-0.11 0.378094
-0.1 0.377325
-0.09 0.376622
-0.08 0.375987
-0.07 0.375423
-0.06 0.374931
-0.05 0.374511
-0.04 0.374167
-0.03 0.373897
-0.02 0.373705
-0.01 0.373589
0 0.37355
0.01 0.373589
0.02 0.373705
0.03 0.373897
0.04 0.374167
0.05 0.374511
0.06 0.374931
0.07 0.375423
0.08 0.375987
0.09 0.376622
0.1 0.377325
0.11 0.378094
0.12 0.378927
0.13 0.379821
0.14 0.380774
0.15 0.381783
0.16 0.382845
0.17 0.383957
0.18 0.385115
0.19 0.386316
0.2 0.387556
0.21 0.388831
0.22 0.390138
0.23 0.391472
0.24 0.392829
0.25 0.394205
0.26 0.395595
0.27 0.396996
0.28 0.398402
0.29 0.39981
0.3 0.401213
0.31 0.402609
0.32 0.403993
0.33 0.405358
0.34 0.40669
0.35 0.407964
0.36 0.409181
0.37 0.410477
0.38 0.412278
0.39 0.415276
0.4 0.419988
0.41 0.426062
0.42 0.432204
0.43 0.437325
0.44 0.441803
0.45 0.446851
0.46 0.452527
0.47 0.457656
0.48 0.462066
0.49 0.466907
0.5 0.472185
0.51 0.476771
0.52 0.481028
0.53 0.485902
0.54 0.490558
0.55 0.494554
0.56 0.49899
0.57 0.503494
0.58 0.507284
0.59 0.511389
0.6 0.515624
0.61 0.519162
0.62 0.523033
0.63 0.526921
0.64 0.530181
0.65 0.533882
0.66 0.537331
0.67 0.540371
0.68 0.54388
0.69 0.546815
0.7 0.549781
0.71 0.552918
0.72 0.555435
0.73 0.558385
0.74 0.560913
0.75 0.563341
0.76 0.565978
0.77 0.568014
0.78 0.570486
0.79 0.572435
0.8 0.574498
0.81 0.576495
0.82 0.578131
0.83 0.580096
0.84 0.581447
0.85 0.583221
0.86 0.584433
0.87 0.585902
0.88 0.58705
0.89 0.58818
0.9 0.589267
0.91 0.590079
0.92 0.59107
0.93 0.591608
0.94 0.592461
0.95 0.592763
0.96 0.593447
0.97 0.593537
0.98 0.594036
0.99 0.593925
