-1 3.49419e-07
-0.998 3.51622e-07
-0.996 3.58257e-07
-0.994 3.69395e-07
-0.992 3.85159e-07
-0.99 4.05722e-07
-0.988 4.31307e-07
-0.986 4.62194e-07
-0.984 4.98718e-07
-0.982 5.41274e-07
-0.98 5.90319e-07
-0.978 6.46379e-07
-0.976 7.10052e-07
-0.974 7.82012e-07
-0.972 8.63018e-07
-0.97 9.53919e-07
-0.968 1.05566e-06
-0.966 1.16929e-06
-0.964 1.29598e-06
-0.962 1.43703e-06
-0.96 1.59384e-06
-0.958 1.76801e-06
-0.956 1.96127e-06
-0.954 2.17552e-06
-0.952 2.41287e-06
-0.95 2.67562e-06
-0.948 2.96632e-06
-0.946 3.28773e-06
-0.944 3.64292e-06
-0.942 4.03523e-06
-0.94 4.4683e-06
-0.938 4.94615e-06
-0.936 5.47316e-06
-0.934 6.05411e-06
-0.932 6.69423e-06
-0.93 7.39925e-06
-0.928 8.17539e-06
-0.926 9.02945e-06
-0.924 9.96887e-06
-0.922 1.10017e-05
-0.92 1.21368e-05
-0.918 1.33837e-05
-0.916 1.47529e-05
-0.914 1.62558e-05
-0.912 1.79046e-05
-0.91 1.97127e-05
-0.908 2.16949e-05
-0.906 2.38669e-05
-0.904 2.62458e-05
-0.902 2.88504e-05
-0.9 3.17007e-05
-0.898 3.48188e-05
-0.896 3.82282e-05
-0.894 4.19548e-05
-0.892 4.60262e-05
-0.89 5.04725e-05
-0.888 5.53263e-05
-0.886 6.06226e-05
-0.884 6.63993e-05
-0.882 7.26974e-05
-0.88 7.9561e-05
-0.878 8.70379e-05
-0.876 9.51794e-05
-0.874 0.000104041
-0.872 0.000113682
-0.87 0.000124166
-0.868 0.000135564
-0.866 0.000147948
-0.864 0.000161399
-0.862 0.000176003
-0.86 0.000191851
-0.858 0.000209043
-0.856 0.000227684
-0.854 0.000247888
-0.852 0.000269778
-0.85 0.000293483
-0.848 0.000319143
-0.846 0.000346907
-0.844 0.000376937
-0.842 0.000409402
-0.84 0.000444485
-0.838 0.000482382
-0.836 0.000523301
-0.834 0.000567463
-0.832 0.000615107
-0.83 0.000666484
-0.828 0.000721863
-0.826 0.000781531
-0.824 0.000845793
-0.822 0.000914973
-0.82 0.000989416
-0.818 0.00106949
-0.816 0.00115558
-0.814 0.0012481
-0.812 0.00134748
-0.81 0.0014542
-0.808 0.00156875
-0.806 0.00169164
-0.804 0.00182343
-0.802 0.0019647
-0.8 0.00211606
-0.798 0.00227818
-0.796 0.00245174
-0.794 0.00263746
-0.792 0.00283612
-0.79 0.00304852
-0.788 0.00327552
-0.786 0.00351801
-0.784 0.00377695
-0.782 0.00405332
-0.78 0.00434818
-0.778 0.00466261
-0.776 0.00499779
-0.774 0.00535492
-0.772 0.00573528
-0.77 0.00614019
-0.768 0.00657106
-0.766 0.00702936
-0.764 0.00751661
-0.762 0.00803442
-0.76 0.00858447
-0.758 0.00916851
-0.756 0.00978837
-0.754 0.010446
-0.752 0.0111433
-0.75 0.0118824
-0.748 0.0126654
-0.746 0.0134947
-0.744 0.0143725
-0.742 0.0153013
-0.74 0.0162835
-0.738 0.017322
-0.736 0.0184192
-0.734 0.0195782
-0.732 0.0208017
-0.73 0.0220929
-0.728 0.0234548
-0.726 0.0248907
-0.724 0.026404
-0.722 0.027998
-0.72 0.0296765
-0.718 0.0314429
-0.716 0.0333012
-0.714 0.0352552
-0.712 0.037309
-0.71 0.0394666
-0.708 0.0417322
-0.706 0.0441103
-0.704 0.0466053
-0.702 0.0492217
-0.7 0.0519641
-0.698 0.0548375
-0.696 0.0578466
-0.694 0.0609963
-0.692 0.0642919
-0.69 0.0677384
-0.688 0.0713412
-0.686 0.0751055
-0.684 0.0790368
-0.682 0.0831407
-0.68 0.0874226
-0.678 0.0918883
-0.676 0.0965435
-0.674 0.101394
-0.672 0.106446
-0.67 0.111704
-0.668 0.117176
-0.666 0.122866
-0.664 0.128781
-0.662 0.134927
-0.66 0.14131
-0.658 0.147935
-0.656 0.154809
-0.654 0.161938
-0.652 0.169327
-0.65 0.176983
-0.648 0.184911
-0.646 0.193117
-0.644 0.201606
-0.642 0.210384
-0.64 0.219456
-0.638 0.228829
-0.636 0.238506
-0.634 0.248493
-0.632 0.258794
-0.63 0.269415
-0.628 0.28036
-0.626 0.291632
-0.624 0.303237
-0.622 0.315177
-0.62 0.327456
-0.618 0.340078
-0.616 0.353044
-0.614 0.366359
-0.612 0.380024
-0.61 0.394041
-0.608 0.408411
-0.606 0.423136
-0.604 0.438217
-0.602 0.453654
-0.6 0.469446
-0.598 0.485595
-0.596 0.502097
-0.594 0.518953
-0.592 0.536161
-0.59 0.553717
-0.588 0.57162
-0.586 0.589865
-0.584 0.60845
-0.582 0.627369
-0.58 0.646617
-0.578 0.666189
-0.576 0.68608
-0.574 0.706282
-0.572 0.726787
-0.57 0.74759
-0.568 0.76868
-0.566 0.790048
-0.564 0.811686
-0.562 0.833584
-0.56 0.855729
-0.558 0.878112
-0.556 0.90072
-0.554 0.92354
-0.552 0.94656
-0.55 0.969765
-0.548 0.993143
-0.546 1.01668
-0.544 1.04035
-0.542 1.06415
-0.54 1.08806
-0.538 1.11207
-0.536 1.13614
-0.534 1.16028
-0.532 1.18445
-0.53 1.20864
-0.528 1.23284
-0.526 1.25701
-0.524 1.28115
-0.522 1.30523
-0.52 1.32923
-0.518 1.35313
-0.516 1.37691
-0.514 1.40054
-0.512 1.42401
-0.51 1.4473
-0.508 1.47038
-0.506 1.49323
-0.504 1.51582
-0.502 1.53815
-0.5 1.56018
-0.498 1.58189
-0.496 1.60326
-0.494 1.62427
-0.492 1.6449
-0.49 1.66512
-0.488 1.68492
-0.486 1.70427
-0.484 1.72316
-0.482 1.74156
-0.48 1.75945
-0.478 1.77681
-0.476 1.79363
-0.474 1.80988
-0.472 1.82555
-0.47 1.84061
-0.468 1.85506
-0.466 1.86888
-0.464 1.88204
-0.462 1.89455
-0.46 1.90637
-0.458 1.91749
-0.456 1.92791
-0.454 1.93762
-0.452 1.94659
-0.45 1.95482
-0.448 1.9623
-0.446 1.96903
-0.444 1.97498
-0.442 1.98016
-0.44 1.98456
-0.438 1.98818
-0.436 1.991
-0.434 1.99304
-0.432 1.99427
-0.43 1.99471
-0.428 1.99435
-0.426 1.99319
-0.424 1.99124
-0.422 1.9885
-0.42 1.98496
-0.418 1.98064
-0.416 1.97553
-0.414 1.96966
-0.412 1.96301
-0.41 1.9556
-0.408 1.94745
-0.406 1.93855
-0.404 1.92892
-0.402 1.91857
-0.4 1.90751
-0.398 1.89576
-0.396 1.88332
-0.394 1.87023
-0.392 1.85647
-0.39 1.84209
-0.388 1.82708
-0.386 1.81147
-0.384 1.79528
-0.382 1.77852
-0.38 1.76121
-0.378 1.74337
-0.376 1.72502
-0.374 1.70618
-0.372 1.68688
-0.37 1.66712
-0.368 1.64694
-0.366 1.62635
-0.364 1.60538
-0.362 1.58404
-0.36 1.56236
-0.358 1.54036
-0.356 1.51807
-0.354 1.4955
-0.352 1.47267
-0.35 1.44962
-0.348 1.42635
-0.346 1.4029
-0.344 1.37928
-0.342 1.35551
-0.34 1.33162
-0.338 1.30763
-0.336 1.28356
-0.334 1.25943
-0.332 1.23526
-0.33 1.21106
-0.328 1.18687
-0.326 1.16269
-0.324 1.13855
-0.322 1.11447
-0.32 1.09046
-0.318 1.06654
-0.316 1.04273
-0.314 1.01904
-0.312 0.995489
-0.31 0.972096
-0.308 0.948872
-0.306 0.925833
-0.304 0.902992
-0.302 0.880363
-0.3 0.857957
-0.298 0.835787
-0.296 0.813865
-0.294 0.7922
-0.292 0.770804
-0.29 0.749686
-0.288 0.728855
-0.286 0.708319
-0.284 0.688086
-0.282 0.668164
-0.28 0.64856
-0.278 0.629279
-0.276 0.610327
-0.274 0.591709
-0.272 0.573429
-0.27 0.555492
-0.268 0.537901
-0.266 0.520658
-0.264 0.503767
-0.262 0.487229
-0.26 0.471045
-0.258 0.455217
-0.256 0.439745
-0.254 0.424628
-0.252 0.409868
-0.25 0.395462
-0.248 0.38141
-0.246 0.36771
-0.244 0.35436
-0.242 0.341359
-0.24 0.328703
-0.238 0.31639
-0.236 0.304416
-0.234 0.292778
-0.232 0.281472
-0.23 0.270495
-0.228 0.259842
-0.226 0.249509
-0.224 0.239491
-0.222 0.229783
-0.22 0.22038
-0.218 0.211278
-0.216 0.202471
-0.214 0.193953
-0.212 0.185719
-0.21 0.177764
-0.208 0.170081
-0.206 0.162665
-0.204 0.155511
-0.202 0.148611
-0.2 0.141961
-0.198 0.135555
-0.196 0.129385
-0.194 0.123447
-0.192 0.117735
-0.19 0.112242
-0.188 0.106962
-0.186 0.10189
-0.184 0.0970198
-0.182 0.0923453
-0.18 0.0878609
-0.178 0.0835608
-0.176 0.0794394
-0.174 0.0754911
-0.172 0.0717103
-0.17 0.0680917
-0.168 0.0646298
-0.166 0.0613193
-0.164 0.0581552
-0.162 0.0551323
-0.16 0.0522456
-0.158 0.0494902
-0.156 0.0468615
-0.154 0.0443546
-0.152 0.041965
-0.15 0.0396883
-0.148 0.0375201
-0.146 0.0354562
-0.144 0.0334924
-0.142 0.0316247
-0.14 0.0298493
-0.138 0.0281622
-0.136 0.0265599
-0.134 0.0250387
-0.132 0.0235953
-0.13 0.0222261
-0.128 0.0209281
-0.126 0.0196979
-0.124 0.0185327
-0.122 0.0174295
-0.12 0.0163853
-0.118 0.0153976
-0.116 0.0144637
-0.114 0.013581
-0.112 0.012747
-0.11 0.0119596
-0.108 0.0112163
-0.106 0.010515
-0.104 0.00985367
-0.102 0.00923027
-0.1 0.00864289
-0.098 0.0080897
-0.096 0.00756894
-0.094 0.00707892
-0.092 0.00661804
-0.09 0.00618476
-0.088 0.00577761
-0.086 0.00539519
-0.084 0.00503615
-0.082 0.00469923
-0.08 0.00438321
-0.078 0.00408693
-0.076 0.00380929
-0.074 0.00354925
-0.072 0.0033058
-0.07 0.003078
-0.068 0.00286497
-0.066 0.00266583
-0.064 0.0024798
-0.062 0.0023061
-0.06 0.00214402
-0.058 0.00199287
-0.056 0.001852
-0.054 0.00172081
-0.052 0.00159872
-0.05 0.00148519
-0.048 0.00137971
-0.046 0.0012818
-0.044 0.00119101
-0.042 0.00110693
-0.04 0.00102915
-0.038 0.00095731
-0.036 0.00089106
-0.034 0.000830081
-0.032 0.000774075
-0.03 0.000722766
-0.028 0.000675898
-0.026 0.000633235
-0.024 0.000594563
-0.022 0.000559683
-0.02 0.000528416
-0.018 0.000500602
-0.016 0.000476094
-0.014 0.000454766
-0.012 0.000436505
-0.01 0.000421214
-0.008 0.000408813
-0.006 0.000399235
-0.004 0.00039243
-0.002 0.000388362
0 0.000387008
0.002 0.000388362
0.004 0.00039243
0.006 0.000399235
0.008 0.000408813
0.01 0.000421214
0.012 0.000436505
0.014 0.000454766
0.016 0.000476094
0.018 0.000500602
0.02 0.000528416
0.022 0.000559683
0.024 0.000594563
0.026 0.000633235
0.028 0.000675898
0.03 0.000722766
0.032 0.000774075
0.034 0.000830081
0.036 0.00089106
0.038 0.00095731
0.04 0.00102915
0.042 0.00110693
0.044 0.00119101
0.046 0.0012818
0.048 0.00137971
0.05 0.00148519
0.052 0.00159872
0.054 0.00172081
0.056 0.001852
0.058 0.00199287
0.06 0.00214402
0.062 0.0023061
0.064 0.0024798
0.066 0.00266583
0.068 0.00286497
0.07 0.003078
0.072 0.0033058
0.074 0.00354925
0.076 0.00380929
0.078 0.00408693
0.08 0.00438321
0.082 0.00469923
0.084 0.00503615
0.086 0.00539519
0.088 0.00577761
0.09 0.00618476
0.092 0.00661804
0.094 0.00707892
0.096 0.00756894
0.098 0.0080897
0.1 0.00864289
0.102 0.00923027
0.104 0.00985367
0.106 0.010515
0.108 0.0112163
0.11 0.0119596
0.112 0.012747
0.114 0.013581
0.116 0.0144637
0.118 0.0153976
0.12 0.0163853
0.122 0.0174295
0.124 0.0185327
0.126 0.0196979
0.128 0.0209281
0.13 0.0222261
0.132 0.0235953
0.134 0.0250387
0.136 0.0265599
0.138 0.0281622
0.14 0.0298493
0.142 0.0316247
0.144 0.0334924
0.146 0.0354562
0.148 0.0375201
0.15 0.0396883
0.152 0.041965
0.154 0.0443546
0.156 0.0468615
0.158 0.0494902
0.16 0.0522456
0.162 0.0551323
0.164 0.0581552
0.166 0.0613193
0.168 0.0646298
0.17 0.0680917
0.172 0.0717103
0.174 0.0754911
0.176 0.0794394
0.178 0.0835608
0.18 0.0878609
0.182 0.0923453
0.184 0.0970198
0.186 0.10189
0.188 0.106962
0.19 0.112242
0.192 0.117735
0.194 0.123447
0.196 0.129385
0.198 0.135555
0.2 0.141961
0.202 0.148611
0.204 0.155511
0.206 0.162665
0.208 0.170081
0.21 0.177764
0.212 0.185719
0.214 0.193953
0.216 0.202471
0.218 0.211278
0.22 0.22038
0.222 0.229783
0.224 0.239491
0.226 0.249509
0.228 0.259842
0.23 0.270495
0.232 0.281472
0.234 0.292778
0.236 0.304416
0.238 0.31639
0.24 0.328703
0.242 0.341359
0.244 0.35436
0.246 0.36771
0.248 0.38141
0.25 0.395462
0.252 0.409868
0.254 0.424628
0.256 0.439745
0.258 0.455217
0.26 0.471045
0.262 0.487229
0.264 0.503767
0.266 0.520658
0.268 0.537901
0.27 0.555492
0.272 0.573429
0.274 0.591709
0.276 0.610327
0.278 0.629279
0.28 0.64856
0.282 0.668164
0.284 0.688086
0.286 0.708319
0.288 0.728855
0.29 0.749686
0.292 0.770804
0.294 0.7922
0.296 0.813865
0.298 0.835787
0.3 0.857957
0.302 0.880363
0.304 0.902992
0.306 0.925833
0.308 0.948872
0.31 0.972096
0.312 0.995489
0.314 1.01904
0.316 1.04273
0.318 1.06654
0.32 1.09046
0.322 1.11447
0.324 1.13855
0.326 1.16269
0.328 1.18687
0.33 1.21106
0.332 1.23526
0.334 1.25943
0.336 1.28356
0.338 1.30763
0.34 1.33162
0.342 1.35551
0.344 1.37928
0.346 1.4029
0.348 1.42635
0.35 1.44962
0.352 1.47267
0.354 1.4955
0.356 1.51807
0.358 1.54036
0.36 1.56236
0.362 1.58404
0.364 1.60538
0.366 1.62635
0.368 1.64694
0.37 1.66712
0.372 1.68688
0.374 1.70618
0.376 1.72502
0.378 1.74337
0.38 1.76121
0.382 1.77852
0.384 1.79528
0.386 1.81147
0.388 1.82708
0.39 1.84209
0.392 1.85647
0.394 1.87023
0.396 1.88332
0.398 1.89576
0.4 1.90751
0.402 1.91857
0.404 1.92892
0.406 1.93855
0.408 1.94745
0.41 1.9556
0.412 1.96301
0.414 1.96966
0.416 1.97553
0.418 1.98064
0.42 1.98496
0.422 1.9885
0.424 1.99124
0.426 1.99319
0.428 1.99435
0.43 1.99471
0.432 1.99427
0.434 1.99304
0.436 1.991
0.438 1.98818
0.44 1.98456
0.442 1.98016
0.444 1.97498
0.446 1.96903
0.448 1.9623
0.45 1.95482
0.452 1.94659
0.454 1.93762
0.456 1.92791
0.458 1.91749
0.46 1.90637
0.462 1.89455
0.464 1.88204
0.466 1.86888
0.468 1.85506
0.47 1.84061
0.472 1.82555
0.474 1.80988
0.476 1.79363
0.478 1.77681
0.48 1.75945
0.482 1.74156
0.484 1.72316
0.486 1.70427
0.488 1.68492
0.49 1.66512
0.492 1.6449
0.494 1.62427
0.496 1.60326
0.498 1.58189
0.5 1.56018
0.502 1.53815
0.504 1.51582
0.506 1.49323
0.508 1.47038
0.51 1.4473
0.512 1.42401
0.514 1.40054
0.516 1.37691
0.518 1.35313
0.52 1.32923
0.522 1.30523
0.524 1.28115
0.526 1.25701
0.528 1.23284
0.53 1.20864
0.532 1.18445
0.534 1.16028
0.536 1.13614
0.538 1.11207
0.54 1.08806
0.542 1.06415
0.544 1.04035
0.546 1.01668
0.548 0.993143
0.55 0.969765
0.552 0.94656
0.554 0.92354
0.556 0.90072
0.558 0.878112
0.56 0.855729
0.562 0.833584
0.564 0.811686
0.566 0.790048
0.568 0.76868
0.57 0.74759
0.572 0.726787
0.574 0.706282
0.576 0.68608
0.578 0.666189
0.58 0.646617
0.582 0.627369
0.584 0.60845
0.586 0.589865
0.588 0.57162
0.59 0.553717
0.592 0.536161
0.594 0.518953
0.596 0.502097
0.598 0.485595
0.6 0.469446
0.602 0.453654
0.604 0.438217
0.606 0.423136
0.608 0.408411
0.61 0.394041
0.612 0.380024
0.614 0.366359
0.616 0.353044
0.618 0.340078
0.62 0.327456
0.622 0.315177
0.624 0.303237
0.626 0.291632
0.628 0.28036
0.63 0.269415
0.632 0.258794
0.634 0.248493
0.636 0.238506
0.638 0.228829
0.64 0.219456
0.642 0.210384
0.644 0.201606
0.646 0.193117
0.648 0.184911
0.65 0.176983
0.652 0.169327
0.654 0.161938
0.656 0.154809
0.658 0.147935
0.66 0.14131
0.662 0.134927
0.664 0.128781
0.666 0.122866
0.668 0.117176
0.67 0.111704
0.672 0.106446
0.674 0.101394
0.676 0.0965435
0.678 0.0918883
0.68 0.0874226
0.682 0.0831407
0.684 0.0790368
0.686 0.0751055
0.688 0.0713412
0.69 0.0677384
0.692 0.0642919
0.694 0.0609963
0.696 0.0578466
0.698 0.0548375
0.7 0.0519641
0.702 0.0492217
0.704 0.0466053
0.706 0.0441103
0.708 0.0417322
0.71 0.0394666
0.712 0.037309
0.714 0.0352552
0.716 0.0333012
0.718 0.0314429
0.72 0.0296765
0.722 0.027998
0.724 0.026404
0.726 0.0248907
0.728 0.0234548
0.73 0.0220929
0.732 0.0208017
0.734 0.0195782
0.736 0.0184192
0.738 0.017322
0.74 0.0162835
0.742 0.0153013
0.744 0.0143725
0.746 0.0134947
0.748 0.0126654
0.75 0.0118824
0.752 0.0111433
0.754 0.010446
0.756 0.00978837
0.758 0.00916851
0.76 0.00858447
0.762 0.00803442
0.764 0.00751661
0.766 0.00702936
0.768 0.00657106
0.77 0.00614019
0.772 0.00573528
0.774 0.00535492
0.776 0.00499779
0.778 0.00466261
0.78 0.00434818
0.782 0.00405332
0.784 0.00377695
0.786 0.00351801
0.788 0.00327552
0.79 0.00304852
0.792 0.00283612
0.794 0.00263746
0.796 0.00245174
0.798 0.00227818
0.8 0.00211606
0.802 0.0019647
0.804 0.00182343
0.806 0.00169164
0.808 0.00156875
0.81 0.0014542
0.812 0.00134748
0.814 0.0012481
0.816 0.00115558
0.818 0.00106949
0.82 0.000989416
0.822 0.000914973
0.824 0.000845793
0.826 0.000781531
0.828 0.000721863
0.83 0.000666484
0.832 0.000615107
0.834 0.000567463
0.836 0.000523301
0.838 0.000482382
0.84 0.000444485
0.842 0.000409402
0.844 0.000376937
0.846 0.000346907
0.848 0.000319143
0.85 0.000293483
0.852 0.000269778
0.854 0.000247888
0.856 0.000227684
0.858 0.000209043
0.86 0.000191851
0.862 0.000176003
0.864 0.000161399
0.866 0.000147948
0.868 0.000135564
0.87 0.000124166
0.872 0.000113682
0.874 0.000104041
0.876 9.51794e-05
0.878 8.70379e-05
0.88 7.9561e-05
0.882 7.26974e-05
0.884 6.63993e-05
0.886 6.06226e-05
0.888 5.53263e-05
0.89 5.04725e-05
0.892 4.60262e-05
0.894 4.19548e-05
0.896 3.82282e-05
0.898 3.48188e-05
0.9 3.17007e-05
0.902 2.88504e-05
0.904 2.62458e-05
0.906 2.38669e-05
0.908 2.16949e-05
0.91 1.97127e-05
0.912 1.79046e-05
0.914 1.62558e-05
0.916 1.47529e-05
0.918 1.33837e-05
0.92 1.21368e-05
0.922 1.10017e-05
0.924 9.96887e-06
0.926 9.02945e-06
0.928 8.17539e-06
0.93 7.39925e-06
0.932 6.69423e-06
0.934 6.05411e-06
0.936 5.47316e-06
0.938 4.94615e-06
0.94 4.4683e-06
0.942 4.03523e-06
0.944 3.64292e-06
0.946 3.28773e-06
0.948 2.96632e-06
0.95 2.67562e-06
0.952 2.41287e-06
0.954 2.17552e-06
0.956 1.96127e-06
0.958 1.76801e-06
0.96 1.59384e-06
0.962 1.43703e-06
0.964 1.29598e-06
0.966 1.16929e-06
0.968 1.05566e-06
0.97 9.53919e-07
0.972 8.63018e-07
0.974 7.82012e-07
0.976 7.10052e-07
0.978 6.46379e-07
0.98 5.90319e-07
0.982 5.41274e-07
0.984 4.98718e-07
0.986 4.62194e-07
0.988 4.31307e-07
0.99 4.05722e-07
0.992 3.85159e-07
0.994 3.69395e-07
0.996 3.58257e-07
0.998 3.51622e-07
