-1 0.363618
-0.99 0.363372
-0.98 0.363778
-0.97 0.363718
-0.96 0.364252
-0.95 0.364414
-0.94 0.365023
-0.93 0.365466
-0.92 0.366074
-0.91 0.366859
-0.9 0.367412
-0.89 0.368537
-0.88 0.369089
-0.87 0.370393
-0.86 0.371177
-0.85 0.37235
-0.84 0.373629
-0.83 0.374525
-0.82 0.376163
-0.81 0.37719
-0.8 0.37856
-0.79 0.380226
-0.78 0.381237
-0.77 0.382961
-0.76 0.384568
-0.75 0.385645
-0.74 0.387526
-0.73 0.389201
-0.72 0.390247
-0.71 0.392071
-0.7 0.394037
-0.69 0.395071
-0.68 0.396358
-0.67 0.398587
-0.66 0.400391
-0.65 0.401055
-0.64 0.401898
-0.63 0.404433
-0.62 0.4088
-0.61 0.414194
-0.6 0.419868
-0.59 0.425503
-0.58 0.43105
-0.57 0.436528
-0.56 0.441949
-0.55 0.447312
-0.54 0.452614
-0.53 0.457853
-0.52 0.463025
-0.51 0.468129
-0.5 0.473161
-0.49 0.47812
-0.48 0.483004
-0.47 0.48781
-0.46 0.492536
-0.45 0.497181
-0.44 0.501742
-0.43 0.506217
-0.42 0.510606
-0.41 0.514906
-0.4 0.519115
-0.39 0.523233
-0.38 0.527258
-0.37 0.531188
-0.36 0.535023
-0.35 0.538761
-0.34 0.542401
-0.33 0.545942
-0.32 0.549383
-0.31 0.552724
-0.3 0.555963
-0.29 0.5591
-0.28 0.562135
-0.27 0.565066
-0.26 0.567893
-0.25 0.570615
-0.24 0.573233
-0.23 0.575745
-0.22 0.578152
-0.21 0.580452
-0.2 0.582647
-0.19 0.584735
-0.18 0.586717
-0.17 0.588592
-0.16 0.59036
-0.15 0.592021
-0.14 0.593576
-0.13 0.595023
-0.12 0.596362
-0.11 0.597595
-0.1 0.598721
-0.09 0.599739
-0.08 0.60065
-0.07 0.601454
-0.06 0.602151
-0.05 0.60274
-0.04 0.603222
-0.03 0.603597
-0.02 0.603865
-0.01 0.604026
0 0.60408
0.01 0.604026
0.02 0.603865
0.03 0.603597
0.04 0.603222
0.05 0.60274
0.06 0.602151
0.07 0.601454
0.08 0.60065
0.09 0.599739
0.1 0.598721
0.11 0.597595
0.12 0.596362
0.13 0.595023
0.14 0.593576
0.15 0.592021
0.16 0.59036
0.17 0.588592
0.18 0.586717
0.19 0.584735
0.2 0.582647
0.21 0.580452
0.22 0.578152
0.23 0.575745
0.24 0.573233
0.25 0.570615
0.26 0.567893
0.27 0.565066
0.28 0.562135
0.29 0.5591
0.3 0.555963
0.31 0.552724
0.32 0.549383
0.33 0.545942
0.34 0.542401
0.35 0.538761
0.36 0.535023
0.37 0.531188
0.38 0.527258
0.39 0.523233
0.4 0.519115
0.41 0.514906
0.42 0.510606
0.43 0.506217
0.44 0.501742
0.45 0.497181
0.46 0.492536
0.47 0.48781
0.48 0.483004
0.49 0.47812
0.5 0.473161
0.51 0.468129
0.52 0.463025
0.53 0.457853
0.54 0.452614
0.55 0.447312
0.56 0.441949
0.57 0.436528
0.58 0.43105
0.59 0.425503
0.6 0.419868
0.61 0.414194
0.62 0.4088
0.63 0.404433
0.64 0.401898
0.65 0.401055
0.66 0.400391
0.67 0.398587
0.68 0.396358
0.69 0.395071
0.7 0.394037
0.71 0.392071
0.72 0.390247
0.73 0.389201
0.74 0.387526
0.75 0.385645
0.76 0.384568
0.77 0.382961
0.78 0.381237
0.79 0.380226
0.8 0.37856
0.81 0.37719
0.82 0.376163
0.83 0.374525
0.84 0.373629
0.85 0.37235
0.86 0.371177
0.87 0.370393
0.88 0.369089
0.89 0.368537
0.9 0.367412
0.91 0.366859
0.92 0.366074
0.93 0.365466
0.94 0.365023
0.95 0.364414
0.96 0.364252
0.97 0.363718
0.98 0.363778
0.99 0.363372
