-1 0.36627
-0.99 0.366197
-0.98 0.366422
-0.97 0.366546
-0.96 0.366874
-0.95 0.367244
-0.94 0.367619
-0.93 0.368278
-0.92 0.36866
-0.91 0.369614
-0.9 0.370025
-0.89 0.371183
-0.88 0.371764
-0.87 0.372906
-0.86 0.373883
-0.85 0.374799
-0.84 0.376237
-0.83 0.377046
-0.82 0.378564
-0.81 0.37978
-0.8 0.380884
-0.79 0.382638
-0.78 0.3837
-0.77 0.38515
-0.76 0.386937
-0.75 0.38798
-0.74 0.389591
-0.73 0.391457
-0.72 0.392505
-0.71 0.394006
-0.7 0.396071
-0.69 0.397292
-0.68 0.398288
-0.67 0.400273
-0.66 0.402313
-0.65 0.403194
-0.64 0.40373
-0.63 0.405616
-0.62 0.409434
-0.61 0.414549
-0.6 0.420123
-0.59 0.425713
-0.58 0.431213
-0.57 0.436636
-0.56 0.441998
-0.55 0.447301
-0.54 0.452542
-0.53 0.457719
-0.52 0.462828
-0.51 0.467868
-0.5 0.472836
-0.49 0.47773
-0.48 0.482548
-0.47 0.487288
-0.46 0.491947
-0.45 0.496525
-0.44 0.501018
-0.43 0.505426
-0.42 0.509747
-0.41 0.513979
-0.4 0.51812
-0.39 0.52217
-0.38 0.526127
-0.37 0.529991
-0.36 0.533758
-0.35 0.53743
-0.34 0.541004
-0.33 0.54448
-0.32 0.547857
-0.31 0.551134
-0.3 0.554311
-0.29 0.557386
-0.28 0.56036
-0.27 0.563232
-0.26 0.566001
-0.25 0.568667
-0.24 0.571229
-0.23 0.573688
-0.22 0.576043
-0.21 0.578294
-0.2 0.58044
-0.19 0.582482
-0.18 0.584419
-0.17 0.586251
-0.16 0.587979
-0.15 0.589601
-0.14 0.591119
-0.13 0.592532
-0.12 0.593841
-0.11 0.595044
-0.1 0.596142
-0.09 0.597136
-0.08 0.598025
-0.07 0.59881
-0.06 0.599489
-0.05 0.600064
-0.04 0.600535
-0.03 0.600901
-0.02 0.601162
-0.01 0.601319
0 0.601371
0.01 0.601319
0.02 0.601162
0.03 0.600901
0.04 0.600535
0.05 0.600064
0.06 0.599489
0.07 0.59881
0.08 0.598025
0.09 0.597136
0.1 0.596142
0.11 0.595044
0.12 0.593841
0.13 0.592532
0.14 0.591119
0.15 0.589601
0.16 0.587979
0.17 0.586251
0.18 0.584419
0.19 0.582482
0.2 0.58044
0.21 0.578294
0.22 0.576043
0.23 0.573688
0.24 0.571229
0.25 0.568667
0.26 0.566001
0.27 0.563232
0.28 0.56036
0.29 0.557386
0.3 0.554311
0.31 0.551134
0.32 0.547857
0.33 0.54448
0.34 0.541004
0.35 0.53743
0.36 0.533758
0.37 0.529991
0.38 0.526127
0.39 0.52217
0.4 0.51812
0.41 0.513979
0.42 0.509747
0.43 0.505426
0.44 0.501018
0.45 0.496525
0.46 0.491947
0.47 0.487288
0.48 0.482548
0.49 0.47773
0.5 0.472836
0.51 0.467868
0.52 0.462828
0.53 0.457719
0.54 0.452542
0.55 0.447301
0.56 0.441998
0.57 0.436636
0.58 0.431213
0.59 0.425713
0.6 0.420123
0.61 0.414549
0.62 0.409434
0.63 0.405616
0.64 0.40373
0.65 0.403194
0.66 0.402313
0.67 0.400273
0.68 0.398288
0.69 0.397292
0.7 0.396071
0.71 0.394006
0.72 0.392505
0.73 0.391457
0.74 0.389591
0.75 0.38798
0.76 0.386937
0.77 0.38515
0.78 0.3837
0.79 0.382638
0.8 0.380884
0.81 0.37978
0.82 0.378564
0.83 0.377046
0.84 0.376237
0.85 0.374799
0.86 0.373883
0.87 0.372906
0.88 0.371764
0.89 0.371183
0.9 0.370025
0.91 0.369614
0.92 0.36866
0.93 0.368278
0.94 0.367619
0.95 0.367244
0.96 0.366874
0.97 0.366546
0.98 0.366422
0.99 0.366197
