-1 0.384794
-0.99 0.384538
-0.98 0.38494
-0.97 0.384812
-0.96 0.385372
-0.95 0.385364
-0.94 0.386071
-0.93 0.386206
-0.92 0.387003
-0.91 0.387356
-0.9 0.388135
-0.89 0.388808
-0.88 0.38946
-0.87 0.390503
-0.86 0.391045
-0.85 0.392304
-0.84 0.39299
-0.83 0.394103
-0.82 0.395259
-0.81 0.396035
-0.8 0.397524
-0.79 0.398413
-0.78 0.399559
-0.77 0.401061
-0.76 0.401866
-0.75 0.403276
-0.74 0.404718
-0.73 0.405506
-0.72 0.406987
-0.71 0.408481
-0.7 0.409205
-0.69 0.410504
-0.68 0.412209
-0.67 0.413014
-0.66 0.413702
-0.65 0.415357
-0.64 0.416965
-0.63 0.417404
-0.62 0.417533
-0.61 0.419004
-0.6 0.422369
-0.59 0.427006
-0.58 0.432093
-0.57 0.437187
-0.56 0.44218
-0.55 0.447082
-0.54 0.45191
-0.53 0.456668
-0.52 0.461354
-0.51 0.465964
-0.5 0.470498
-0.49 0.474953
-0.48 0.479328
-0.47 0.483621
-0.46 0.487831
-0.45 0.491956
-0.44 0.495996
-0.43 0.499949
-0.42 0.503814
-0.41 0.50759
-0.4 0.511276
-0.39 0.514871
-0.38 0.518375
-0.37 0.521788
-0.36 0.525108
-0.35 0.528334
-0.34 0.531468
-0.33 0.534508
-0.32 0.537455
-0.31 0.540307
-0.3 0.543065
-0.29 0.54573
-0.28 0.5483
-0.27 0.550776
-0.26 0.553158
-0.25 0.555447
-0.24 0.557642
-0.23 0.559743
-0.22 0.561752
-0.21 0.563668
-0.2 0.565492
-0.19 0.567223
-0.18 0.568863
-0.17 0.570411
-0.16 0.571869
-0.15 0.573236
-0.14 0.574512
-0.13 0.575699
-0.12 0.576796
-0.11 0.577804
-0.1 0.578724
-0.09 0.579554
-0.08 0.580297
-0.07 0.580951
-0.06 0.581518
-0.05 0.581997
-0.04 0.582389
-0.03 0.582693
-0.02 0.582911
-0.01 0.583041
0 0.583084
0.01 0.583041
0.02 0.582911
0.03 0.582693
0.04 0.582389
0.05 0.581997
0.06 0.581518
0.07 0.580951
0.08 0.580297
0.09 0.579554
0.1 0.578724
0.11 0.577804
0.12 0.576796
0.13 0.575699
0.14 0.574512
0.15 0.573236
0.16 0.571869
0.17 0.570411
0.18 0.568863
0.19 0.567223
0.2 0.565492
0.21 0.563668
0.22 0.561752
0.23 0.559743
0.24 0.557642
0.25 0.555447
0.26 0.553158
0.27 0.550776
0.28 0.5483
0.29 0.54573
0.3 0.543065
0.31 0.540307
0.32 0.537455
0.33 0.534508
0.34 0.531468
0.35 0.528334
0.36 0.525108
0.37 0.521788
0.38 0.518375
0.39 0.514871
0.4 0.511276
0.41 0.50759
0.42 0.503814
0.43 0.499949
0.44 0.495996
0.45 0.491956
0.46 0.487831
0.47 0.483621
0.48 0.479328
0.49 0.474953
0.5 0.470498
0.51 0.465964
0.52 0.461354
0.53 0.456668
0.54 0.45191
0.55 0.447082
0.56 0.44218
0.57 0.437187
0.58 0.432093
0.59 0.427006
0.6 0.422369
0.61 0.419004
0.62 0.417533
0.63 0.417404
0.64 0.416965
0.65 0.415357
0.66 0.413702
0.67 0.413014
0.68 0.412209
0.69 0.410504
0.7 0.409205
0.71 0.408481
0.72 0.406987
0.73 0.405506
0.74 0.404718
0.75 0.403276
0.76 0.401866
0.77 0.401061
0.78 0.399559
0.79 0.398413
0.8 0.397524
0.81 0.396035
0.82 0.395259
0.83 0.394103
0.84 0.39299
0.85 0.392304
0.86 0.391045
0.87 0.390503
0.88 0.38946
0.89 0.388808
0.9 0.388135
0.91 0.387356
0.92 0.387003
0.93 0.386206
0.94 0.386071
0.95 0.385364
0.96 0.385372
0.97 0.384812
0.98 0.38494
0.99 0.384538
