-1 0.175198
-0.99 0.174846
-0.98 0.175443
-0.97 0.175509
-0.96 0.176125
-0.95 0.176902
-0.94 0.177237
-0.93 0.178812
-0.92 0.179319
-0.91 0.180481
-0.9 0.182585
-0.89 0.18336
-0.88 0.184325
-0.87 0.187785
-0.86 0.193341
-0.85 0.199665
-0.84 0.206144
-0.83 0.212709
-0.82 0.21939
-0.81 0.226195
-0.8 0.233124
-0.79 0.240174
-0.78 0.247344
-0.77 0.254632
-0.76 0.262036
-0.75 0.269554
-0.74 0.277183
-0.73 0.28492
-0.72 0.292763
-0.71 0.300709
-0.7 0.308754
-0.69 0.316894
-0.68 0.325127
-0.67 0.333449
-0.66 0.341854
-0.65 0.35034
-0.64 0.358901
-0.63 0.367534
-0.62 0.376232
-0.61 0.384992
-0.6 0.393807
-0.59 0.402673
-0.58 0.411584
-0.57 0.420534
-0.56 0.429518
-0.55 0.438528
-0.54 0.44756
-0.53 0.456606
-0.52 0.46566
-0.51 0.474716
-0.5 0.483766
-0.49 0.492804
-0.48 0.501822
-0.47 0.510814
-0.46 0.519772
-0.45 0.52869
-0.44 0.537558
-0.43 0.546371
-0.42 0.55512
-0.41 0.563798
-0.4 0.572397
-0.39 0.58091
-0.38 0.589328
-0.37 0.597645
-0.36 0.605853
-0.35 0.613943
-0.34 0.621909
-0.33 0.629742
-0.32 0.637435
-0.31 0.644981
-0.3 0.652373
-0.29 0.659602
-0.28 0.666662
-0.27 0.673546
-0.26 0.680246
-0.25 0.686756
-0.24 0.69307
-0.23 0.69918
-0.22 0.70508
-0.21 0.710765
-0.2 0.716227
-0.19 0.721462
-0.18 0.726464
-0.17 0.731227
-0.16 0.735747
-0.15 0.740018
-0.14 0.744036
-0.13 0.747796
-0.12 0.751295
-0.11 0.754528
-0.1 0.757492
-0.09 0.760184
-0.08 0.7626
-0.07 0.764739
-0.06 0.766597
-0.05 0.768173
-0.04 0.769465
-0.03 0.770471
-0.02 0.77119
-0.01 0.771622
0 0.771766
0.01 0.771622
0.02 0.77119
0.03 0.770471
0.04 0.769465
0.05 0.768173
0.06 0.766597
0.07 0.764739
0.08 0.7626
0.09 0.760184
0.1 0.757492
0.11 0.754528
0.12 0.751295
0.13 0.747796
0.14 0.744036
0.15 0.740018
0.16 0.735747
0.17 0.731227
0.18 0.726464
0.19 0.721462
0.2 0.716227
0.21 0.710765
0.22 0.70508
0.23 0.69918
0.24 0.69307
0.25 0.686756
0.26 0.680246
0.27 0.673546
0.28 0.666662
0.29 0.659602
0.3 0.652373
0.31 0.644981
0.32 0.637435
0.33 0.629742
0.34 0.621909
0.35 0.613943
0.36 0.605853
0.37 0.597645
0.38 0.589328
0.39 0.58091
0.4 0.572397
0.41 0.563798
0.42 0.55512
0.43 0.546371
0.44 0.537558
0.45 0.52869
0.46 0.519772
0.47 0.510814
0.48 0.501822
0.49 0.492804
0.5 0.483766
0.51 0.474716
0.52 0.46566
0.53 0.456606
0.54 0.44756
0.55 0.438528
0.56 0.429518
0.57 0.420534
0.58 0.411584
0.59 0.402673
0.6 0.393807
0.61 0.384992
0.62 0.376232
0.63 0.367534
0.64 0.358901
0.65 0.35034
0.66 0.341854
0.67 0.333449
0.68 0.325127
0.69 0.316894
0.7 0.308754
0.71 0.300709
0.72 0.292763
0.73 0.28492
0.74 0.277183
0.75 0.269554
0.76 0.262036
0.77 0.254632
0.78 0.247344
0.79 0.240174
0.8 0.233124
0.81 0.226195
0.82 0.21939
0.83 0.212709
0.84 0.206144
0.85 0.199665
0.86 0.193341
0.87 0.187785
0.88 0.184325
0.89 0.18336
0.9 0.182585
0.91 0.180481
0.92 0.179319
0.93 0.178812
0.94 0.177237
0.95 0.176902
0.96 0.176125
0.97 0.175509
0.98 0.175443
0.99 0.174846
