-1 0.797971
-0.99 0.79761
-0.98 0.797333
-0.97 0.796335
-0.96 0.79542
-0.95 0.793794
-0.94 0.792241
-0.93 0.789998
-0.92 0.787809
-0.91 0.78497
-0.9 0.782142
-0.89 0.778735
-0.88 0.775265
-0.87 0.771325
-0.86 0.767209
-0.85 0.762775
-0.84 0.758015
-0.83 0.753117
-0.82 0.747734
-0.81 0.742388
-0.8 0.736427
-0.79 0.73062
-0.78 0.72416
-0.77 0.717853
-0.76 0.710998
-0.75 0.704145
-0.74 0.69699
-0.73 0.689575
-0.72 0.682168
-0.71 0.674247
-0.7 0.66655
-0.69 0.658269
-0.68 0.650175
-0.67 0.641712
-0.66 0.633136
-0.65 0.62459
-0.64 0.615585
-0.63 0.606881
-0.62 0.597668
-0.61 0.588621
-0.6 0.579429
-0.59 0.569969
-0.58 0.560803
-0.57 0.55114
-0.56 0.541758
-0.55 0.532213
-0.54 0.522465
-0.53 0.513064
-0.52 0.503205
-0.51 0.49362
-0.5 0.484025
-0.49 0.474136
-0.48 0.464699
-0.47 0.454922
-0.46 0.445226
-0.45 0.435841
-0.44 0.426038
-0.43 0.416616
-0.42 0.407254
-0.41 0.397588
-0.4 0.388442
-0.39 0.379154
-0.38 0.36973
-0.37 0.360855
-0.36 0.351728
-0.35 0.342595
-0.34 0.334009
-0.33 0.325131
-0.32 0.3163
-0.31 0.308036
-0.3 0.299495
-0.29 0.29096
-0.28 0.28304
-0.27 0.274928
-0.26 0.266684
-0.25 0.25909
-0.24 0.251506
-0.23 0.243597
-0.22 0.236237
-0.21 0.229239
-0.2 0.221825
-0.19 0.214587
-0.18 0.208046
-0.17 0.201391
-0.16 0.194382
-0.15 0.187913
-0.14 0.18202
-0.13 0.175791
-0.12 0.169286
-0.11 0.163427
-0.1 0.158188
-0.09 0.152628
-0.08 0.146593
-0.07 0.140994
-0.06 0.136323
-0.05 0.13188
-0.04 0.12675
-0.03 0.121011
-0.02 0.115732
-0.01 0.112104
0 0.110829
0.01 0.112104
0.02 0.115732
0.03 0.121011
0.04 0.12675
0.05 0.13188
0.06 0.136323
0.07 0.140994
0.08 0.146593
0.09 0.152628
0.1 0.158188
0.11 0.163427
0.12 0.169286
0.13 0.175791
0.14 0.18202
0.15 0.187913
0.16 0.194382
0.17 0.201391
0.18 0.208046
0.19 0.214587
0.2 0.221825
0.21 0.229239
0.22 0.236237
0.23 0.243597
0.24 0.251506
0.25 0.25909
0.26 0.266684
0.27 0.274928
0.28 0.28304
0.29 0.29096
0.3 0.299495
0.31 0.308036
0.32 0.3163
0.33 0.325131
0.34 0.334009
0.35 0.342595
0.36 0.351728
0.37 0.360855
0.38 0.36973
0.39 0.379154
0.4 0.388442
0.41 0.397588
0.42 0.407254
0.43 0.416616
0.44 0.426038
0.45 0.435841
0.46 0.445226
0.47 0.454922
0.48 0.464699
0.49 0.474136
0.5 0.484025
0.51 0.49362
0.52 0.503205
0.53 0.513064
0.54 0.522465
0.55 0.532213
0.56 0.541758
0.57 0.55114
0.58 0.560803
0.59 0.569969
0.6 0.579429
0.61 0.588621
0.62 0.597668
0.63 0.606881
0.64 0.615585
0.65 0.62459
0.66 0.633136
0.67 0.641712
0.68 0.650175
0.69 0.658269
0.7 0.66655
0.71 0.674247
0.72 0.682168
0.73 0.689575
0.74 0.69699
0.75 0.704145
0.76 0.710998
0.77 0.717853
0.78 0.72416
0.79 0.73062
0.8 0.736427
0.81 0.742388
0.82 0.747734
0.83 0.753117
0.84 0.758015
0.85 0.762775
0.86 0.767209
0.87 0.771325
0.88 0.775265
0.89 0.778735
0.9 0.782142
0.91 0.78497
0.92 0.787809
0.93 0.789998
0.94 0.792241
0.95 0.793794
0.96 0.79542
0.97 0.796335
0.98 0.797333
0.99 0.79761
