-1 0.795989
-0.99 0.795717
-0.98 0.795358
-0.97 0.794446
-0.96 0.793468
-0.95 0.791911
-0.94 0.790327
-0.93 0.788125
-0.92 0.785948
-0.91 0.783109
-0.9 0.780348
-0.89 0.77689
-0.88 0.77355
-0.87 0.769505
-0.86 0.765578
-0.85 0.760992
-0.84 0.756465
-0.83 0.751395
-0.82 0.746252
-0.81 0.740758
-0.8 0.734992
-0.79 0.729115
-0.78 0.722754
-0.77 0.716498
-0.76 0.709617
-0.75 0.702939
-0.74 0.695661
-0.73 0.688485
-0.72 0.680943
-0.71 0.673222
-0.7 0.665487
-0.69 0.657268
-0.68 0.649296
-0.67 0.640749
-0.66 0.6324
-0.65 0.623737
-0.64 0.61491
-0.63 0.606213
-0.62 0.597009
-0.61 0.588136
-0.6 0.578839
-0.59 0.569576
-0.58 0.560382
-0.57 0.550761
-0.56 0.541525
-0.55 0.531894
-0.54 0.522319
-0.53 0.512913
-0.52 0.503068
-0.51 0.493635
-0.5 0.483972
-0.49 0.474196
-0.48 0.464818
-0.47 0.455007
-0.46 0.445446
-0.45 0.436056
-0.44 0.426273
-0.43 0.416956
-0.42 0.407576
-0.41 0.397957
-0.4 0.388879
-0.39 0.37959
-0.38 0.370207
-0.37 0.361379
-0.36 0.352275
-0.35 0.343157
-0.34 0.334608
-0.33 0.325784
-0.32 0.316932
-0.31 0.308691
-0.3 0.300245
-0.29 0.291659
-0.28 0.283719
-0.27 0.275758
-0.26 0.267475
-0.25 0.25976
-0.24 0.25236
-0.23 0.244525
-0.22 0.236922
-0.21 0.229993
-0.2 0.222877
-0.19 0.215449
-0.18 0.208626
-0.17 0.202305
-0.16 0.195577
-0.15 0.188661
-0.14 0.182467
-0.13 0.176795
-0.12 0.170701
-0.11 0.164215
-0.1 0.158307
-0.09 0.153297
-0.08 0.14835
-0.07 0.142661
-0.06 0.136531
-0.05 0.131077
-0.04 0.127209
-0.03 0.125048
-0.02 0.124117
-0.01 0.123821
0 0.123766
0.01 0.123821
0.02 0.124117
0.03 0.125048
0.04 0.127209
0.05 0.131077
0.06 0.136531
0.07 0.142661
0.08 0.14835
0.09 0.153297
0.1 0.158307
0.11 0.164215
0.12 0.170701
0.13 0.176795
0.14 0.182467
0.15 0.188661
0.16 0.195577
0.17 0.202305
0.18 0.208626
0.19 0.215449
0.2 0.222877
0.21 0.229993
0.22 0.236922
0.23 0.244525
0.24 0.25236
0.25 0.25976
0.26 0.267475
0.27 0.275758
0.28 0.283719
0.29 0.291659
0.3 0.300245
0.31 0.308691
0.32 0.316932
0.33 0.325784
0.34 0.334608
0.35 0.343157
0.36 0.352275
0.37 0.361379
0.38 0.370207
0.39 0.37959
0.4 0.388879
0.41 0.397957
0.42 0.407576
0.43 0.416956
0.44 0.426273
0.45 0.436056
0.46 0.445446
0.47 0.455007
0.48 0.464818
0.49 0.474196
0.5 0.483972
0.51 0.493635
0.52 0.503068
0.53 0.512913
0.54 0.522319
0.55 0.531894
0.56 0.541525
0.57 0.550761
0.58 0.560382
0.59 0.569576
0.6 0.578839
0.61 0.588136
0.62 0.597009
0.63 0.606213
0.64 0.61491
0.65 0.623737
0.66 0.6324
0.67 0.640749
0.68 0.649296
0.69 0.657268
0.7 0.665487
0.71 0.673222
0.72 0.680943
0.73 0.688485
0.74 0.695661
0.75 0.702939
0.76 0.709617
0.77 0.716498
0.78 0.722754
0.79 0.729115
0.8 0.734992
0.81 0.740758
0.82 0.746252
0.83 0.751395
0.84 0.756465
0.85 0.760992
0.86 0.765578
0.87 0.769505
0.88 0.77355
0.89 0.77689
0.9 0.780348
0.91 0.783109
0.92 0.785948
0.93 0.788125
0.94 0.790327
0.95 0.791911
0.96 0.793468
0.97 0.794446
0.98 0.795358
0.99 0.795717
