-1 5.8541e-15
-0.998 7.36654e-15
-0.996 2.38117e-15
-0.994 7.96093e-15
-0.992 4.51403e-15
-0.99 3.76836e-16
-0.988 -8.65387e-16
-0.986 5.39812e-15
-0.984 2.0018e-15
-0.982 9.33628e-15
-0.98 4.55344e-15
-0.978 4.53445e-15
-0.976 1.07383e-14
-0.974 4.00537e-15
-0.972 1.15658e-14
-0.97 6.69816e-15
-0.968 9.00273e-15
-0.966 6.89251e-15
-0.964 1.07098e-14
-0.962 6.26751e-15
-0.96 7.94344e-15
-0.958 5.33122e-15
-0.956 7.59698e-15
-0.954 1.20774e-14
-0.952 9.25024e-15
-0.95 6.876e-15
-0.948 9.67299e-15
-0.946 6.61778e-15
-0.944 1.0827e-14
-0.942 1.39292e-14
-0.94 1.8741e-14
-0.938 1.8978e-14
-0.936 2.2056e-14
-0.934 2.23459e-14
-0.932 2.2607e-14
-0.93 3.29521e-14
-0.928 3.13362e-14
-0.926 3.6388e-14
-0.924 4.66222e-14
-0.922 5.21619e-14
-0.92 5.90294e-14
-0.918 6.62803e-14
-0.916 8.1413e-14
-0.914 9.24073e-14
-0.912 1.0921e-13
-0.91 1.28168e-13
-0.908 1.45521e-13
-0.906 1.73124e-13
-0.904 1.99268e-13
-0.902 2.32482e-13
-0.9 2.69089e-13
-0.898 3.18806e-13
-0.896 3.6517e-13
-0.894 4.25141e-13
-0.892 4.90332e-13
-0.89 5.73351e-13
-0.888 6.66667e-13
-0.886 7.6931e-13
-0.884 9.02911e-13
-0.882 1.04613e-12
-0.88 1.20958e-12
-0.878 1.41249e-12
-0.876 1.63654e-12
-0.874 1.89922e-12
-0.872 2.19972e-12
-0.87 2.55726e-12
-0.868 2.95372e-12
-0.866 3.43015e-12
-0.864 3.96407e-12
-0.862 4.58993e-12
-0.86 5.3171e-12
-0.858 6.14144e-12
-0.856 7.11473e-12
-0.854 8.21591e-12
-0.852 9.50406e-12
-0.85 1.09612e-11
-0.848 1.26684e-11
-0.846 1.46153e-11
-0.844 1.68589e-11
-0.842 1.94513e-11
-0.84 2.24186e-11
-0.838 2.58397e-11
-0.836 2.97522e-11
-0.834 3.42636e-11
-0.832 3.94327e-11
-0.83 4.53707e-11
-0.828 5.21792e-11
-0.826 5.99785e-11
-0.824 6.89305e-11
-0.822 7.91709e-11
-0.82 9.09132e-11
-0.818 1.0434e-10
-0.816 1.19715e-10
-0.814 1.37294e-10
-0.812 1.57387e-10
-0.81 1.80361e-10
-0.808 2.06591e-10
-0.806 2.36546e-10
-0.804 2.70745e-10
-0.802 3.09759e-10
-0.8 3.54248e-10
-0.798 4.04977e-10
-0.796 4.62775e-10
-0.794 5.28609e-10
-0.792 6.03576e-10
-0.79 6.88897e-10
-0.788 7.85959e-10
-0.786 8.96341e-10
-0.784 1.02182e-09
-0.782 1.16439e-09
-0.78 1.32634e-09
-0.778 1.51019e-09
-0.776 1.71885e-09
-0.774 1.95554e-09
-0.772 2.22396e-09
-0.77 2.52819e-09
-0.768 2.8729e-09
-0.766 3.26329e-09
-0.764 3.70527e-09
-0.762 4.20541e-09
-0.76 4.77116e-09
-0.758 5.41086e-09
-0.756 6.13387e-09
-0.754 6.95071e-09
-0.752 7.87317e-09
-0.75 8.9145e-09
-0.748 1.00895e-08
-0.746 1.14148e-08
-0.744 1.29091e-08
-0.742 1.45931e-08
-0.74 1.64903e-08
-0.738 1.86265e-08
-0.736 2.10312e-08
-0.734 2.37367e-08
-0.732 2.67796e-08
-0.73 3.02005e-08
-0.728 3.40448e-08
-0.726 3.83631e-08
-0.724 4.32118e-08
-0.722 4.86539e-08
-0.72 5.47595e-08
-0.718 6.16066e-08
-0.716 6.92822e-08
-0.714 7.78829e-08
-0.712 8.75163e-08
-0.71 9.83019e-08
-0.708 1.10373e-07
-0.706 1.23876e-07
-0.704 1.38976e-07
-0.702 1.55854e-07
-0.7 1.74711e-07
-0.698 1.95773e-07
-0.696 2.19285e-07
-0.694 2.45523e-07
-0.692 2.74791e-07
-0.69 3.07424e-07
-0.688 3.43796e-07
-0.686 3.84316e-07
-0.684 4.29441e-07
-0.682 4.79672e-07
-0.68 5.35565e-07
-0.678 5.97731e-07
-0.676 6.66846e-07
-0.674 7.43656e-07
-0.672 8.28981e-07
-0.67 9.23727e-07
-0.668 1.02889e-06
-0.666 1.14557e-06
-0.664 1.27496e-06
-0.662 1.41841e-06
-0.66 1.57736e-06
-0.658 1.75343e-06
-0.656 1.94837e-06
-0.654 2.16412e-06
-0.652 2.40279e-06
-0.65 2.66672e-06
-0.648 2.95846e-06
-0.646 3.2808e-06
-0.644 3.63681e-06
-0.642 4.02984e-06
-0.64 4.46356e-06
-0.638 4.94198e-06
-0.636 5.46948e-06
-0.634 6.05088e-06
-0.632 6.6914e-06
-0.63 7.39676e-06
-0.628 8.17321e-06
-0.626 9.02754e-06
-0.624 9.9672e-06
-0.622 1.10003e-05
-0.62 1.21355e-05
-0.618 1.33826e-05
-0.616 1.4752e-05
-0.614 1.62549e-05
-0.612 1.79038e-05
-0.61 1.97121e-05
-0.608 2.16944e-05
-0.606 2.38664e-05
-0.604 2.62455e-05
-0.602 2.88501e-05
-0.6 3.17005e-05
-0.598 3.48186e-05
-0.596 3.82281e-05
-0.594 4.19547e-05
-0.592 4.60261e-05
-0.59 5.04725e-05
-0.588 5.53263e-05
-0.586 6.06226e-05
-0.584 6.63994e-05
-0.582 7.26975e-05
-0.58 7.95612e-05
-0.578 8.70381e-05
-0.576 9.51796e-05
-0.574 0.000104041
-0.572 0.000113682
-0.57 0.000124167
-0.568 0.000135564
-0.566 0.000147948
-0.564 0.0001614
-0.562 0.000176003
-0.56 0.000191852
-0.558 0.000209043
-0.556 0.000227685
-0.554 0.000247889
-0.552 0.000269778
-0.55 0.000293483
-0.548 0.000319143
-0.546 0.000346908
-0.544 0.000376938
-0.542 0.000409403
-0.54 0.000444486
-0.538 0.000482383
-0.536 0.000523302
-0.534 0.000567465
-0.532 0.000615108
-0.53 0.000666485
-0.528 0.000721865
-0.526 0.000781533
-0.524 0.000845795
-0.522 0.000914975
-0.52 0.000989418
-0.518 0.00106949
-0.516 0.00115558
-0.514 0.0012481
-0.512 0.00134749
-0.51 0.00145421
-0.508 0.00156875
-0.506 0.00169164
-0.504 0.00182343
-0.502 0.0019647
-0.5 0.00211607
-0.498 0.00227819
-0.496 0.00245175
-0.494 0.00263747
-0.492 0.00283613
-0.49 0.00304853
-0.488 0.00327553
-0.486 0.00351803
-0.484 0.00377696
-0.482 0.00405334
-0.48 0.00434819
-0.478 0.00466263
-0.476 0.00499781
-0.474 0.00535495
-0.472 0.0057353
-0.47 0.00614022
-0.468 0.0065711
-0.466 0.0070294
-0.464 0.00751666
-0.462 0.00803448
-0.46 0.00858453
-0.458 0.00916858
-0.456 0.00978844
-0.454 0.010446
-0.452 0.0111434
-0.45 0.0118825
-0.448 0.0126655
-0.446 0.0134948
-0.444 0.0143726
-0.442 0.0153014
-0.44 0.0162837
-0.438 0.0173222
-0.436 0.0184194
-0.434 0.0195784
-0.432 0.020802
-0.43 0.0220932
-0.428 0.0234551
-0.426 0.0248911
-0.424 0.0264044
-0.422 0.0279985
-0.42 0.029677
-0.418 0.0314435
-0.416 0.0333019
-0.414 0.035256
-0.412 0.0373098
-0.41 0.0394675
-0.408 0.0417333
-0.406 0.0441115
-0.404 0.0466066
-0.402 0.0492231
-0.4 0.0519657
-0.398 0.0548393
-0.396 0.0578485
-0.394 0.0609985
-0.392 0.0642943
-0.39 0.0677411
-0.388 0.0713442
-0.386 0.0751088
-0.384 0.0790405
-0.382 0.0831447
-0.38 0.0874271
-0.378 0.0918933
-0.376 0.096549
-0.374 0.1014
-0.372 0.106452
-0.37 0.111712
-0.368 0.117184
-0.366 0.122875
-0.364 0.128791
-0.362 0.134938
-0.36 0.141322
-0.358 0.147949
-0.356 0.154824
-0.354 0.161954
-0.352 0.169345
-0.35 0.177003
-0.348 0.184933
-0.346 0.193141
-0.344 0.201632
-0.342 0.210413
-0.34 0.219488
-0.338 0.228864
-0.336 0.238544
-0.334 0.248535
-0.332 0.258841
-0.33 0.269466
-0.328 0.280416
-0.326 0.291694
-0.324 0.303304
-0.322 0.31525
-0.32 0.327536
-0.318 0.340165
-0.316 0.35314
-0.314 0.366464
-0.312 0.380139
-0.31 0.394166
-0.308 0.408548
-0.306 0.423285
-0.304 0.43838
-0.302 0.453831
-0.3 0.46964
-0.298 0.485805
-0.296 0.502327
-0.294 0.519203
-0.292 0.536433
-0.29 0.554013
-0.288 0.571942
-0.286 0.590215
-0.284 0.60883
-0.282 0.627781
-0.28 0.647065
-0.278 0.666676
-0.276 0.686607
-0.274 0.706854
-0.272 0.727408
-0.27 0.748261
-0.268 0.769407
-0.266 0.790836
-0.264 0.812539
-0.262 0.834506
-0.26 0.856727
-0.258 0.87919
-0.256 0.901884
-0.254 0.924798
-0.252 0.947918
-0.25 0.971231
-0.248 0.994723
-0.246 1.01838
-0.244 1.04219
-0.242 1.06613
-0.24 1.09019
-0.238 1.11436
-0.236 1.13861
-0.234 1.16293
-0.232 1.18731
-0.23 1.21171
-0.228 1.23614
-0.226 1.26056
-0.224 1.28495
-0.222 1.30931
-0.22 1.33361
-0.218 1.35782
-0.216 1.38194
-0.214 1.40593
-0.212 1.42979
-0.21 1.45348
-0.208 1.47699
-0.206 1.5003
-0.204 1.52339
-0.202 1.54624
-0.2 1.56882
-0.198 1.59112
-0.196 1.61311
-0.194 1.63478
-0.192 1.65611
-0.19 1.67708
-0.188 1.69767
-0.186 1.71785
-0.184 1.73762
-0.182 1.75695
-0.18 1.77583
-0.178 1.79424
-0.176 1.81216
-0.174 1.82957
-0.172 1.84647
-0.17 1.86284
-0.168 1.87866
-0.166 1.89392
-0.164 1.9086
-0.162 1.92271
-0.16 1.93622
-0.158 1.94912
-0.156 1.96141
-0.154 1.97307
-0.152 1.98411
-0.15 1.99451
-0.148 2.00427
-0.146 2.01338
-0.144 2.02184
-0.142 2.02965
-0.14 2.03681
-0.138 2.04331
-0.136 2.04916
-0.134 2.05435
-0.132 2.0589
-0.13 2.0628
-0.128 2.06606
-0.126 2.06869
-0.124 2.07068
-0.122 2.07206
-0.12 2.07282
-0.118 2.07298
-0.116 2.07255
-0.114 2.07155
-0.112 2.06997
-0.11 2.06785
-0.108 2.06518
-0.106 2.06199
-0.104 2.0583
-0.102 2.05412
-0.1 2.04947
-0.098 2.04437
-0.096 2.03884
-0.094 2.03289
-0.092 2.02655
-0.09 2.01985
-0.088 2.0128
-0.086 2.00542
-0.084 1.99775
-0.082 1.98979
-0.08 1.98159
-0.078 1.97315
-0.076 1.96451
-0.074 1.95569
-0.072 1.94672
-0.07 1.93762
-0.068 1.92841
-0.066 1.91913
-0.064 1.90979
-0.062 1.90043
-0.06 1.89106
-0.058 1.88172
-0.056 1.87243
-0.054 1.86321
-0.052 1.85408
-0.05 1.84508
-0.048 1.83622
-0.046 1.82752
-0.044 1.81902
-0.042 1.81073
-0.04 1.80267
-0.038 1.79486
-0.036 1.78733
-0.034 1.78009
-0.032 1.77316
-0.03 1.76656
-0.028 1.7603
-0.026 1.7544
-0.024 1.74888
-0.022 1.74375
-0.02 1.73902
-0.018 1.7347
-0.016 1.73081
-0.014 1.72736
-0.012 1.72434
-0.01 1.72178
-0.008 1.71968
-0.006 1.71803
-0.004 1.71686
-0.002 1.71615
0 1.71591
0.002 1.71615
0.004 1.71686
0.006 1.71803
0.008 1.71968
0.01 1.72178
0.012 1.72434
0.014 1.72736
0.016 1.73081
0.018 1.7347
0.02 1.73902
0.022 1.74375
0.024 1.74888
0.026 1.7544
0.028 1.7603
0.03 1.76656
0.032 1.77316
0.034 1.78009
0.036 1.78733
0.038 1.79486
0.04 1.80267
0.042 1.81073
0.044 1.81902
0.046 1.82752
0.048 1.83622
0.05 1.84508
0.052 1.85408
0.054 1.86321
0.056 1.87243
0.058 1.88172
0.06 1.89106
0.062 1.90043
0.064 1.90979
0.066 1.91913
0.068 1.92841
0.07 1.93762
0.072 1.94672
0.074 1.95569
0.076 1.96451
0.078 1.97315
0.08 1.98159
0.082 1.98979
0.084 1.99775
0.086 2.00542
0.088 2.0128
0.09 2.01985
0.092 2.02655
0.094 2.03289
0.096 2.03884
0.098 2.04437
0.1 2.04947
0.102 2.05412
0.104 2.0583
0.106 2.06199
0.108 2.06518
0.11 2.06785
0.112 2.06997
0.114 2.07155
0.116 2.07255
0.118 2.07298
0.12 2.07282
0.122 2.07206
0.124 2.07068
0.126 2.06869
0.128 2.06606
0.13 2.0628
0.132 2.0589
0.134 2.05435
0.136 2.04916
0.138 2.04331
0.14 2.03681
0.142 2.02965
0.144 2.02184
0.146 2.01338
0.148 2.00427
0.15 1.99451
0.152 1.98411
0.154 1.97307
0.156 1.96141
0.158 1.94912
0.16 1.93622
0.162 1.92271
0.164 1.9086
0.166 1.89392
0.168 1.87866
0.17 1.86284
0.172 1.84647
0.174 1.82957
0.176 1.81216
0.178 1.79424
0.18 1.77583
0.182 1.75695
0.184 1.73762
0.186 1.71785
0.188 1.69767
0.19 1.67708
0.192 1.65611
0.194 1.63478
0.196 1.61311
0.198 1.59112
0.2 1.56882
0.202 1.54624
0.204 1.52339
0.206 1.5003
0.208 1.47699
0.21 1.45348
0.212 1.42979
0.214 1.40593
0.216 1.38194
0.218 1.35782
0.22 1.33361
0.222 1.30931
0.224 1.28495
0.226 1.26056
0.228 1.23614
0.23 1.21171
0.232 1.18731
0.234 1.16293
0.236 1.13861
0.238 1.11436
0.24 1.09019
0.242 1.06613
0.244 1.04219
0.246 1.01838
0.248 0.994723
0.25 0.971231
0.252 0.947918
0.254 0.924798
0.256 0.901884
0.258 0.87919
0.26 0.856727
0.262 0.834506
0.264 0.812539
0.266 0.790836
0.268 0.769407
0.27 0.748261
0.272 0.727408
0.274 0.706854
0.276 0.686607
0.278 0.666676
0.28 0.647065
0.282 0.627781
0.284 0.60883
0.286 0.590215
0.288 0.571942
0.29 0.554013
0.292 0.536433
0.294 0.519203
0.296 0.502327
0.298 0.485805
0.3 0.46964
0.302 0.453831
0.304 0.43838
0.306 0.423285
0.308 0.408548
0.31 0.394166
0.312 0.380139
0.314 0.366464
0.316 0.35314
0.318 0.340165
0.32 0.327536
0.322 0.31525
0.324 0.303304
0.326 0.291694
0.328 0.280416
0.33 0.269466
0.332 0.258841
0.334 0.248535
0.336 0.238544
0.338 0.228864
0.34 0.219488
0.342 0.210413
0.344 0.201632
0.346 0.193141
0.348 0.184933
0.35 0.177003
0.352 0.169345
0.354 0.161954
0.356 0.154824
0.358 0.147949
0.36 0.141322
0.362 0.134938
0.364 0.128791
0.366 0.122875
0.368 0.117184
0.37 0.111712
0.372 0.106452
0.374 0.1014
0.376 0.096549
0.378 0.0918933
0.38 0.0874271
0.382 0.0831447
0.384 0.0790405
0.386 0.0751088
0.388 0.0713442
0.39 0.0677411
0.392 0.0642943
0.394 0.0609985
0.396 0.0578485
0.398 0.0548393
0.4 0.0519657
0.402 0.0492231
0.404 0.0466066
0.406 0.0441115
0.408 0.0417333
0.41 0.0394675
0.412 0.0373098
0.414 0.035256
0.416 0.0333019
0.418 0.0314435
0.42 0.029677
0.422 0.0279985
0.424 0.0264044
0.426 0.0248911
0.428 0.0234551
0.43 0.0220932
0.432 0.020802
0.434 0.0195784
0.436 0.0184194
0.438 0.0173222
0.44 0.0162837
0.442 0.0153014
0.444 0.0143726
0.446 0.0134948
0.448 0.0126655
0.45 0.0118825
0.452 0.0111434
0.454 0.010446
0.456 0.00978844
0.458 0.00916858
0.46 0.00858453
0.462 0.00803448
0.464 0.00751666
0.466 0.0070294
0.468 0.0065711
0.47 0.00614022
0.472 0.0057353
0.474 0.00535495
0.476 0.00499781
0.478 0.00466263
0.48 0.00434819
0.482 0.00405334
0.484 0.00377696
0.486 0.00351803
0.488 0.00327553
0.49 0.00304853
0.492 0.00283613
0.494 0.00263747
0.496 0.00245175
0.498 0.00227819
0.5 0.00211607
0.502 0.0019647
0.504 0.00182343
0.506 0.00169164
0.508 0.00156875
0.51 0.00145421
0.512 0.00134749
0.514 0.0012481
0.516 0.00115558
0.518 0.00106949
0.52 0.000989418
0.522 0.000914975
0.524 0.000845795
0.526 0.000781533
0.528 0.000721865
0.53 0.000666485
0.532 0.000615108
0.534 0.000567465
0.536 0.000523302
0.538 0.000482383
0.54 0.000444486
0.542 0.000409403
0.544 0.000376938
0.546 0.000346908
0.548 0.000319143
0.55 0.000293483
0.552 0.000269778
0.554 0.000247889
0.556 0.000227685
0.558 0.000209043
0.56 0.000191852
0.562 0.000176003
0.564 0.0001614
0.566 0.000147948
0.568 0.000135564
0.57 0.000124167
0.572 0.000113682
0.574 0.000104041
0.576 9.51796e-05
0.578 8.70381e-05
0.58 7.95612e-05
0.582 7.26975e-05
0.584 6.63994e-05
0.586 6.06226e-05
0.588 5.53263e-05
0.59 5.04725e-05
0.592 4.60261e-05
0.594 4.19547e-05
0.596 3.82281e-05
0.598 3.48186e-05
0.6 3.17005e-05
0.602 2.88501e-05
0.604 2.62455e-05
0.606 2.38664e-05
0.608 2.16944e-05
0.61 1.97121e-05
0.612 1.79038e-05
0.614 1.62549e-05
0.616 1.4752e-05
0.618 1.33826e-05
0.62 1.21355e-05
0.622 1.10003e-05
0.624 9.9672e-06
0.626 9.02754e-06
0.628 8.17321e-06
0.63 7.39676e-06
0.632 6.6914e-06
0.634 6.05088e-06
0.636 5.46948e-06
0.638 4.94198e-06
0.64 4.46356e-06
0.642 4.02984e-06
0.644 3.63681e-06
0.646 3.2808e-06
0.648 2.95846e-06
0.65 2.66672e-06
0.652 2.40279e-06
0.654 2.16412e-06
0.656 1.94837e-06
0.658 1.75343e-06
0.66 1.57736e-06
0.662 1.41841e-06
0.664 1.27496e-06
0.666 1.14557e-06
0.668 1.02889e-06
0.67 9.23727e-07
0.672 8.28981e-07
0.674 7.43656e-07
0.676 6.66846e-07
0.678 5.97731e-07
0.68 5.35565e-07
0.682 4.79672e-07
0.684 4.29441e-07
0.686 3.84316e-07
0.688 3.43796e-07
0.69 3.07424e-07
0.692 2.74791e-07
0.694 2.45523e-07
0.696 2.19285e-07
0.698 1.95773e-07
0.7 1.74711e-07
0.702 1.55854e-07
0.704 1.38976e-07
0.706 1.23876e-07
0.708 1.10373e-07
0.71 9.83019e-08
0.712 8.75163e-08
0.714 7.78829e-08
0.716 6.92822e-08
0.718 6.16066e-08
0.72 5.47595e-08
0.722 4.86539e-08
0.724 4.32118e-08
0.726 3.83631e-08
0.728 3.40448e-08
0.73 3.02005e-08
0.732 2.67796e-08
0.734 2.37367e-08
0.736 2.10312e-08
0.738 1.86265e-08
0.74 1.64902e-08
0.742 1.45931e-08
0.744 1.29091e-08
0.746 1.14148e-08
0.748 1.00895e-08
0.75 8.9145e-09
0.752 7.87318e-09
0.754 6.95071e-09
0.756 6.13387e-09
0.758 5.41086e-09
0.76 4.77117e-09
0.762 4.20542e-09
0.764 3.70527e-09
0.766 3.2633e-09
0.768 2.87289e-09
0.77 2.52819e-09
0.772 2.22395e-09
0.774 1.95554e-09
0.776 1.71884e-09
0.778 1.51019e-09
0.78 1.32633e-09
0.782 1.16439e-09
0.784 1.02181e-09
0.786 8.96344e-10
0.788 7.85961e-10
0.79 6.88896e-10
0.792 6.03576e-10
0.794 5.28609e-10
0.796 4.62778e-10
0.798 4.04974e-10
0.8 3.54251e-10
0.802 3.09757e-10
0.804 2.70742e-10
0.806 2.36548e-10
0.808 2.06589e-10
0.81 1.80355e-10
0.812 1.57382e-10
0.814 1.37287e-10
0.816 1.19717e-10
0.818 1.04342e-10
0.82 9.09086e-11
0.822 7.91746e-11
0.824 6.89269e-11
0.826 5.99825e-11
0.828 5.21732e-11
0.83 4.53683e-11
0.832 3.94332e-11
0.834 3.42599e-11
0.836 2.9756e-11
0.838 2.58408e-11
0.84 2.24101e-11
0.842 1.94458e-11
0.844 1.68678e-11
0.846 1.46129e-11
0.848 1.26681e-11
0.85 1.09617e-11
0.852 9.49724e-12
0.854 8.21431e-12
0.856 7.10754e-12
0.858 6.15221e-12
0.86 5.31444e-12
0.862 4.59456e-12
0.864 3.96489e-12
0.866 3.42319e-12
0.868 2.95511e-12
0.87 2.54415e-12
0.872 2.19924e-12
0.874 1.89323e-12
0.876 1.63321e-12
0.878 1.40761e-12
0.88 1.20783e-12
0.882 1.04769e-12
0.884 8.92557e-13
0.886 7.70573e-13
0.888 6.59011e-13
0.89 5.72311e-13
0.892 4.93105e-13
0.894 4.20438e-13
0.896 3.62245e-13
0.898 3.11342e-13
0.9 2.68956e-13
0.902 2.29948e-13
0.904 1.97345e-13
0.906 1.69052e-13
0.908 1.45395e-13
0.91 1.2433e-13
0.912 1.07155e-13
0.914 9.05147e-14
0.916 7.92671e-14
0.918 6.9932e-14
0.92 6.07124e-14
0.922 5.247e-14
0.924 4.55735e-14
0.926 3.88671e-14
0.928 3.31568e-14
0.93 2.9086e-14
0.932 2.3464e-14
0.934 2.13853e-14
0.936 1.86453e-14
0.938 1.42515e-14
0.94 1.15239e-14
0.942 1.39637e-14
0.944 1.4905e-14
0.946 4.33075e-15
0.948 1.13845e-14
0.95 5.88052e-15
0.952 1.15322e-14
0.954 6.10823e-15
0.956 6.39383e-15
0.958 3.26026e-15
0.96 2.00226e-15
0.962 3.67738e-15
0.964 7.52695e-15
0.966 7.76467e-15
0.968 1.33717e-15
0.97 7.89282e-15
0.972 -7.42224e-16
0.974 6.76124e-15
0.976 2.13556e-15
0.978 8.59198e-15
0.98 4.71851e-15
0.982 2.90649e-15
0.984 4.94408e-15
0.986 2.17169e-15
0.988 2.15743e-15
0.99 2.26593e-15
0.992 5.64532e-15
0.994 7.05273e-15
0.996 6.72477e-15
0.998 5.80097e-15
