-1 0.522598
-0.99 0.522533
-0.98 0.522526
-0.97 0.522419
-0.96 0.522311
-0.95 0.522188
-0.94 0.52195
-0.93 0.521835
-0.92 0.521442
-0.91 0.521348
-0.9 0.520794
-0.89 0.520702
-0.88 0.520021
-0.87 0.519859
-0.86 0.519145
-0.85 0.518786
-0.84 0.51816
-0.83 0.51749
-0.82 0.51701
-0.81 0.516036
-0.8 0.515577
-0.79 0.514517
-0.78 0.51378
-0.77 0.51291
-0.76 0.511717
-0.75 0.510992
-0.74 0.509619
-0.73 0.508569
-0.72 0.507468
-0.71 0.505874
-0.7 0.504827
-0.69 0.503276
-0.68 0.501607
-0.67 0.500381
-0.66 0.498467
-0.65 0.496684
-0.64 0.495224
-0.63 0.493021
-0.62 0.491005
-0.61 0.489344
-0.6 0.486921
-0.59 0.484512
-0.58 0.482661
-0.57 0.480189
-0.56 0.477253
-0.55 0.47498
-0.54 0.472735
-0.53 0.469559
-0.52 0.466296
-0.51 0.463864
-0.5 0.461449
-0.49 0.457942
-0.48 0.453799
-0.47 0.450492
-0.46 0.448897
-0.45 0.448768
-0.44 0.44936
-0.43 0.4501
-0.42 0.450757
-0.41 0.4513
-0.4 0.451752
-0.39 0.452129
-0.38 0.452437
-0.37 0.45268
-0.36 0.452861
-0.35 0.452982
-0.34 0.453047
-0.33 0.453059
-0.32 0.453022
-0.31 0.452939
-0.3 0.452815
-0.29 0.452652
-0.28 0.452454
-0.27 0.452224
-0.26 0.451967
-0.25 0.451685
-0.24 0.451382
-0.23 0.451061
-0.22 0.450727
-0.21 0.450381
-0.2 0.450028
-0.19 0.44967
-0.18 0.449311
-0.17 0.448953
-0.16 0.4486
-0.15 0.448253
-0.14 0.447916
-0.13 0.447591
-0.12 0.447281
-0.11 0.446987
-0.1 0.446711
-0.09 0.446456
-0.08 0.446224
-0.07 0.446014
-0.06 0.44583
-0.05 0.445673
-0.04 0.445542
-0.03 0.44544
-0.02 0.445366
-0.01 0.445322
0 0.445307
0.01 0.445322
0.02 0.445366
0.03 0.44544
0.04 0.445542
0.05 0.445673
0.06 0.44583
0.07 0.446014
0.08 0.446224
0.09 0.446456
0.1 0.446711
0.11 0.446987
0.12 0.447281
0.13 0.447591
0.14 0.447916
0.15 0.448253
0.16 0.4486
0.17 0.448953
0.18 0.449311
0.19 0.44967
0.2 0.450028
0.21 0.450381
0.22 0.450727
0.23 0.451061
0.24 0.451382
0.25 0.451685
0.26 0.451967
0.27 0.452224
0.28 0.452454
0.29 0.452652
0.3 0.452815
0.31 0.452939
0.32 0.453022
0.33 0.453059
0.34 0.453047
0.35 0.452982
0.36 0.452861
0.37 0.45268
0.38 0.452437
0.39 0.452129
0.4 0.451752
0.41 0.4513
0.42 0.450757
0.43 0.4501
0.44 0.44936
0.45 0.448768
0.46 0.448897
0.47 0.450492
0.48 0.453799
0.49 0.457942
0.5 0.461449
0.51 0.463864
0.52 0.466296
0.53 0.469559
0.54 0.472735
0.55 0.47498
0.56 0.477253
0.57 0.480189
0.58 0.482661
0.59 0.484512
0.6 0.486921
0.61 0.489344
0.62 0.491005
0.63 0.493021
0.64 0.495224
0.65 0.496684
0.66 0.498467
0.67 0.500381
0.68 0.501607
0.69 0.503276
0.7 0.504827
0.71 0.505874
0.72 0.507468
0.73 0.508569
0.74 0.509619
0.75 0.510992
0.76 0.511717
0.77 0.51291
0.78 0.51378
0.79 0.514517
0.8 0.515577
0.81 0.516036
0.82 0.51701
0.83 0.51749
0.84 0.51816
0.85 0.518786
0.86 0.519145
0.87 0.519859
0.88 0.520021
0.89 0.520702
0.9 0.520794
0.91 0.521348
0.92 0.521442
0.93 0.521835
0.94 0.52195
0.95 0.522188
0.96 0.522311
0.97 0.522419
0.98 0.522526
0.99 0.522533
