-1 0.0325671
-0.998 0.0326232
-0.996 0.0327917
-0.994 0.0330728
-0.992 0.0334671
-0.99 0.0339752
-0.988 0.034598
-0.986 0.0353367
-0.984 0.0361923
-0.982 0.0371665
-0.98 0.0382609
-0.978 0.0394774
-0.976 0.0408178
-0.974 0.0422846
-0.972 0.04388
-0.97 0.0456068
-0.968 0.0474675
-0.966 0.0494653
-0.964 0.0516031
-0.962 0.0538843
-0.96 0.0563123
-0.958 0.0588908
-0.956 0.0616235
-0.954 0.0645144
-0.952 0.0675674
-0.95 0.070787
-0.948 0.0741773
-0.946 0.077743
-0.944 0.0814886
-0.942 0.0854188
-0.94 0.0895387
-0.938 0.093853
-0.936 0.0983669
-0.934 0.103086
-0.932 0.108014
-0.93 0.113158
-0.928 0.118523
-0.926 0.124114
-0.924 0.129937
-0.922 0.135996
-0.92 0.142299
-0.918 0.14885
-0.916 0.155655
-0.914 0.16272
-0.912 0.170049
-0.91 0.17765
-0.908 0.185526
-0.906 0.193684
-0.904 0.202129
-0.902 0.210866
-0.9 0.219901
-0.898 0.229238
-0.896 0.238883
-0.894 0.24884
-0.892 0.259114
-0.89 0.269709
-0.888 0.28063
-0.886 0.29188
-0.884 0.303464
-0.882 0.315386
-0.88 0.327648
-0.878 0.340254
-0.876 0.353206
-0.874 0.366507
-0.872 0.380159
-0.87 0.394165
-0.868 0.408525
-0.866 0.42324
-0.864 0.438312
-0.862 0.453741
-0.86 0.469526
-0.858 0.485667
-0.856 0.502164
-0.854 0.519014
-0.852 0.536216
-0.85 0.553768
-0.848 0.571666
-0.846 0.589907
-0.844 0.608488
-0.842 0.627403
-0.84 0.646649
-0.838 0.666218
-0.836 0.686106
-0.834 0.706306
-0.832 0.726809
-0.83 0.747609
-0.828 0.768697
-0.826 0.790065
-0.824 0.811701
-0.822 0.833597
-0.82 0.855742
-0.818 0.878123
-0.816 0.90073
-0.814 0.923549
-0.812 0.946568
-0.81 0.969773
-0.808 0.993149
-0.806 1.01668
-0.804 1.04036
-0.802 1.06416
-0.8 1.08807
-0.798 1.11207
-0.796 1.13615
-0.794 1.16028
-0.792 1.18445
-0.79 1.20865
-0.788 1.23284
-0.786 1.25702
-0.784 1.28115
-0.782 1.30523
-0.78 1.32923
-0.778 1.35313
-0.776 1.37691
-0.774 1.40054
-0.772 1.42401
-0.77 1.4473
-0.768 1.47038
-0.766 1.49323
-0.764 1.51582
-0.762 1.53815
-0.76 1.56018
-0.758 1.58189
-0.756 1.60326
-0.754 1.62427
-0.752 1.6449
-0.75 1.66512
-0.748 1.68492
-0.746 1.70427
-0.744 1.72316
-0.742 1.74156
-0.74 1.75945
-0.738 1.77681
-0.736 1.79363
-0.734 1.80988
-0.732 1.82555
-0.73 1.84061
-0.728 1.85506
-0.726 1.86888
-0.724 1.88205
-0.722 1.89455
-0.72 1.90637
-0.718 1.91749
-0.716 1.92791
-0.714 1.93762
-0.712 1.94659
-0.71 1.95482
-0.708 1.9623
-0.706 1.96903
-0.704 1.97498
-0.702 1.98016
-0.7 1.98456
-0.698 1.98818
-0.696 1.991
-0.694 1.99304
-0.692 1.99427
-0.69 1.99471
-0.688 1.99435
-0.686 1.99319
-0.684 1.99124
-0.682 1.9885
-0.68 1.98496
-0.678 1.98064
-0.676 1.97553
-0.674 1.96966
-0.672 1.96301
-0.67 1.9556
-0.668 1.94745
-0.666 1.93855
-0.664 1.92892
-0.662 1.91857
-0.66 1.90751
-0.658 1.89576
-0.656 1.88332
-0.654 1.87023
-0.652 1.85647
-0.65 1.84209
-0.648 1.82708
-0.646 1.81147
-0.644 1.79528
-0.642 1.77852
-0.64 1.76121
-0.638 1.74337
-0.636 1.72502
-0.634 1.70618
-0.632 1.68688
-0.63 1.66712
-0.628 1.64694
-0.626 1.62635
-0.624 1.60538
-0.622 1.58404
-0.62 1.56236
-0.618 1.54036
-0.616 1.51807
-0.614 1.4955
-0.612 1.47267
-0.61 1.44962
-0.608 1.42635
-0.606 1.4029
-0.604 1.37928
-0.602 1.35551
-0.6 1.33162
-0.598 1.30763
-0.596 1.28356
-0.594 1.25943
-0.592 1.23526
-0.59 1.21106
-0.588 1.18687
-0.586 1.16269
-0.584 1.13855
-0.582 1.11447
-0.58 1.09046
-0.578 1.06654
-0.576 1.04273
-0.574 1.01904
-0.572 0.995489
-0.57 0.972096
-0.568 0.948872
-0.566 0.925833
-0.564 0.902992
-0.562 0.880363
-0.56 0.857957
-0.558 0.835787
-0.556 0.813865
-0.554 0.7922
-0.552 0.770804
-0.55 0.749686
-0.548 0.728855
-0.546 0.708319
-0.544 0.688086
-0.542 0.668164
-0.54 0.64856
-0.538 0.629279
-0.536 0.610327
-0.534 0.591709
-0.532 0.573429
-0.53 0.555492
-0.528 0.537901
-0.526 0.520658
-0.524 0.503767
-0.522 0.487229
-0.52 0.471045
-0.518 0.455217
-0.516 0.439745
-0.514 0.424628
-0.512 0.409868
-0.51 0.395462
-0.508 0.38141
-0.506 0.36771
-0.504 0.35436
-0.502 0.341359
-0.5 0.328703
-0.498 0.31639
-0.496 0.304416
-0.494 0.292778
-0.492 0.281472
-0.49 0.270495
-0.488 0.259842
-0.486 0.249509
-0.484 0.239491
-0.482 0.229783
-0.48 0.22038
-0.478 0.211278
-0.476 0.202471
-0.474 0.193953
-0.472 0.185719
-0.47 0.177764
-0.468 0.170081
-0.466 0.162665
-0.464 0.155511
-0.462 0.148611
-0.46 0.141961
-0.458 0.135555
-0.456 0.129385
-0.454 0.123447
-0.452 0.117735
-0.45 0.112242
-0.448 0.106962
-0.446 0.10189
-0.444 0.0970197
-0.442 0.0923453
-0.44 0.0878609
-0.438 0.0835608
-0.436 0.0794394
-0.434 0.0754911
-0.432 0.0717103
-0.43 0.0680916
-0.428 0.0646297
-0.426 0.0613193
-0.424 0.0581551
-0.422 0.0551322
-0.42 0.0522455
-0.418 0.0494902
-0.416 0.0468614
-0.414 0.0443545
-0.412 0.0419649
-0.41 0.0396882
-0.408 0.03752
-0.406 0.0354561
-0.404 0.0334923
-0.402 0.0316246
-0.4 0.0298491
-0.398 0.028162
-0.396 0.0265597
-0.394 0.0250385
-0.392 0.023595
-0.39 0.0222258
-0.388 0.0209277
-0.386 0.0196975
-0.384 0.0185323
-0.382 0.017429
-0.38 0.0163848
-0.378 0.015397
-0.376 0.014463
-0.374 0.0135802
-0.372 0.0127462
-0.37 0.0119586
-0.368 0.0112152
-0.366 0.0105138
-0.364 0.00985238
-0.362 0.00922884
-0.36 0.0086413
-0.358 0.00808793
-0.356 0.00756697
-0.354 0.00707674
-0.352 0.00661562
-0.35 0.00618207
-0.348 0.00577462
-0.346 0.00539187
-0.344 0.00503248
-0.342 0.00469516
-0.34 0.0043787
-0.338 0.00408194
-0.336 0.00380377
-0.334 0.00354314
-0.332 0.00329904
-0.33 0.00307054
-0.328 0.00285671
-0.326 0.00265672
-0.324 0.00246974
-0.322 0.002295
-0.32 0.00213177
-0.318 0.00197936
-0.316 0.00183711
-0.314 0.0017044
-0.312 0.00158064
-0.31 0.00146529
-0.308 0.00135781
-0.306 0.00125771
-0.304 0.00116452
-0.302 0.00107781
-0.3 0.000997154
-0.298 0.000922166
-0.296 0.000852476
-0.294 0.000787737
-0.292 0.000727624
-0.29 0.000671829
-0.288 0.000620065
-0.286 0.00057206
-0.284 0.000527561
-0.282 0.000486328
-0.28 0.000448139
-0.278 0.000412783
-0.276 0.000380065
-0.274 0.0003498
-0.272 0.000321817
-0.27 0.000295953
-0.268 0.00027206
-0.266 0.000249995
-0.264 0.000229628
-0.262 0.000210836
-0.26 0.000193505
-0.258 0.000177527
-0.256 0.000162803
-0.254 0.000149241
-0.252 0.000136753
-0.25 0.000125261
-0.248 0.000114688
-0.246 0.000104966
-0.244 9.60298e-05
-0.242 8.7819e-05
-0.24 8.02782e-05
-0.238 7.33555e-05
-0.236 6.7003e-05
-0.234 6.11761e-05
-0.232 5.58336e-05
-0.23 5.09373e-05
-0.228 4.64518e-05
-0.226 4.23444e-05
-0.224 3.85847e-05
-0.222 3.51447e-05
-0.22 3.19987e-05
-0.218 2.91226e-05
-0.216 2.64944e-05
-0.214 2.40938e-05
-0.212 2.19019e-05
-0.21 1.99014e-05
-0.208 1.80765e-05
-0.206 1.64123e-05
-0.204 1.48954e-05
-0.202 1.35132e-05
-0.2 1.22545e-05
-0.198 1.11085e-05
-0.196 1.00656e-05
-0.194 9.11706e-06
-0.192 8.25457e-06
-0.19 7.47069e-06
-0.188 6.75854e-06
-0.186 6.11183e-06
-0.184 5.52479e-06
-0.182 4.99214e-06
-0.18 4.50904e-06
-0.178 4.07106e-06
-0.176 3.67415e-06
-0.174 3.31462e-06
-0.172 2.98907e-06
-0.17 2.69441e-06
-0.168 2.42784e-06
-0.166 2.18676e-06
-0.164 1.96883e-06
-0.162 1.77191e-06
-0.16 1.59405e-06
-0.158 1.43347e-06
-0.156 1.28855e-06
-0.154 1.15782e-06
-0.152 1.03993e-06
-0.15 9.33675e-07
-0.148 8.37941e-07
-0.146 7.51722e-07
-0.144 6.74105e-07
-0.142 6.0426e-07
-0.14 5.41436e-07
-0.138 4.84949e-07
-0.136 4.34182e-07
-0.134 3.88573e-07
-0.132 3.47617e-07
-0.13 3.10853e-07
-0.128 2.77866e-07
-0.126 2.4828e-07
-0.124 2.21756e-07
-0.122 1.97986e-07
-0.12 1.76693e-07
-0.118 1.57627e-07
-0.116 1.40563e-07
-0.114 1.25295e-07
-0.112 1.11641e-07
-0.11 9.94356e-08
-0.108 8.85289e-08
-0.106 7.8787e-08
-0.104 7.00891e-08
-0.102 6.23265e-08
-0.1 5.54014e-08
-0.098 4.92261e-08
-0.096 4.37217e-08
-0.094 3.88172e-08
-0.092 3.44491e-08
-0.09 3.05603e-08
-0.088 2.70997e-08
-0.086 2.40213e-08
-0.084 2.12842e-08
-0.082 1.88514e-08
-0.08 1.669e-08
-0.078 1.47705e-08
-0.076 1.30666e-08
-0.074 1.15546e-08
-0.072 1.02135e-08
-0.07 9.02455e-09
-0.068 7.97082e-09
-0.066 7.03736e-09
-0.064 6.21078e-09
-0.062 5.47916e-09
-0.06 4.83186e-09
-0.058 4.25941e-09
-0.056 3.75338e-09
-0.054 3.30624e-09
-0.052 2.91135e-09
-0.05 2.56274e-09
-0.048 2.25515e-09
-0.046 1.98388e-09
-0.044 1.74478e-09
-0.042 1.53415e-09
-0.04 1.34873e-09
-0.038 1.1856e-09
-0.036 1.0422e-09
-0.034 9.16263e-10
-0.032 8.05777e-10
-0.03 7.08971e-10
-0.028 6.24283e-10
-0.026 5.50339e-10
-0.024 4.85933e-10
-0.022 4.30007e-10
-0.02 3.81643e-10
-0.018 3.40036e-10
-0.016 3.04496e-10
-0.014 2.74422e-10
-0.012 2.49316e-10
-0.01 2.28753e-10
-0.008 2.12378e-10
-0.006 1.99931e-10
-0.004 1.91181e-10
-0.002 1.85995e-10
0 1.84273e-10
0.002 1.85994e-10
0.004 1.91181e-10
0.006 1.99933e-10
0.008 2.1238e-10
0.01 2.28751e-10
0.012 2.49311e-10
0.014 2.74423e-10
0.016 3.04491e-10
0.018 3.40037e-10
0.02 3.81641e-10
0.022 4.30007e-10
0.024 4.85932e-10
0.026 5.5034e-10
0.028 6.24282e-10
0.03 7.08973e-10
0.032 8.05777e-10
0.034 9.16261e-10
0.036 1.0422e-09
0.038 1.1856e-09
0.04 1.34872e-09
0.042 1.53416e-09
0.044 1.74478e-09
0.046 1.98388e-09
0.048 2.25515e-09
0.05 2.56274e-09
0.052 2.91135e-09
0.054 3.30625e-09
0.056 3.75337e-09
0.058 4.2594e-09
0.06 4.83186e-09
0.062 5.47916e-09
0.064 6.21078e-09
0.066 7.03736e-09
0.068 7.97082e-09
0.07 9.02455e-09
0.072 1.02135e-08
0.074 1.15546e-08
0.076 1.30666e-08
0.078 1.47705e-08
0.08 1.669e-08
0.082 1.88514e-08
0.084 2.12842e-08
0.086 2.40213e-08
0.088 2.70997e-08
0.09 3.05603e-08
0.092 3.44491e-08
0.094 3.88172e-08
0.096 4.37217e-08
0.098 4.92261e-08
0.1 5.54014e-08
0.102 6.23265e-08
0.104 7.00891e-08
0.106 7.8787e-08
0.108 8.85289e-08
0.11 9.94356e-08
0.112 1.11641e-07
0.114 1.25295e-07
0.116 1.40563e-07
0.118 1.57627e-07
0.12 1.76693e-07
0.122 1.97986e-07
0.124 2.21756e-07
0.126 2.4828e-07
0.128 2.77866e-07
0.13 3.10853e-07
0.132 3.47617e-07
0.134 3.88573e-07
0.136 4.34182e-07
0.138 4.84949e-07
0.14 5.41436e-07
0.142 6.0426e-07
0.144 6.74105e-07
0.146 7.51722e-07
0.148 8.37941e-07
0.15 9.33675e-07
0.152 1.03993e-06
0.154 1.15782e-06
0.156 1.28855e-06
0.158 1.43347e-06
0.16 1.59405e-06
0.162 1.77191e-06
0.164 1.96883e-06
0.166 2.18676e-06
0.168 2.42784e-06
0.17 2.69441e-06
0.172 2.98907e-06
0.174 3.31462e-06
0.176 3.67415e-06
0.178 4.07106e-06
0.18 4.50904e-06
0.182 4.99214e-06
0.184 5.52479e-06
0.186 6.11183e-06
0.188 6.75854e-06
0.19 7.47069e-06
0.192 8.25457e-06
0.194 9.11706e-06
0.196 1.00656e-05
0.198 1.11085e-05
0.2 1.22545e-05
0.202 1.35132e-05
0.204 1.48954e-05
0.206 1.64123e-05
0.208 1.80765e-05
0.21 1.99014e-05
0.212 2.19019e-05
0.214 2.40938e-05
0.216 2.64944e-05
0.218 2.91226e-05
0.22 3.19987e-05
0.222 3.51447e-05
0.224 3.85847e-05
0.226 4.23444e-05
0.228 4.64518e-05
0.23 5.09373e-05
0.232 5.58336e-05
0.234 6.11761e-05
0.236 6.7003e-05
0.238 7.33555e-05
0.24 8.02782e-05
0.242 8.7819e-05
0.244 9.60298e-05
0.246 0.000104966
0.248 0.000114688
0.25 0.000125261
0.252 0.000136753
0.254 0.000149241
0.256 0.000162803
0.258 0.000177527
0.26 0.000193505
0.262 0.000210836
0.264 0.000229628
0.266 0.000249995
0.268 0.00027206
0.27 0.000295953
0.272 0.000321817
0.274 0.0003498
0.276 0.000380065
0.278 0.000412783
0.28 0.000448139
0.282 0.000486328
0.284 0.000527561
0.286 0.00057206
0.288 0.000620065
0.29 0.000671829
0.292 0.000727624
0.294 0.000787737
0.296 0.000852476
0.298 0.000922166
0.3 0.000997154
0.302 0.00107781
0.304 0.00116452
0.306 0.00125771
0.308 0.00135781
0.31 0.00146529
0.312 0.00158064
0.314 0.0017044
0.316 0.00183711
0.318 0.00197936
0.32 0.00213177
0.322 0.002295
0.324 0.00246974
0.326 0.00265672
0.328 0.00285671
0.33 0.00307054
0.332 0.00329904
0.334 0.00354314
0.336 0.00380377
0.338 0.00408194
0.34 0.0043787
0.342 0.00469516
0.344 0.00503248
0.346 0.00539187
0.348 0.00577462
0.35 0.00618207
0.352 0.00661562
0.354 0.00707674
0.356 0.00756697
0.358 0.00808793
0.36 0.0086413
0.362 0.00922884
0.364 0.00985238
0.366 0.0105138
0.368 0.0112152
0.37 0.0119586
0.372 0.0127462
0.374 0.0135802
0.376 0.014463
0.378 0.015397
0.38 0.0163848
0.382 0.017429
0.384 0.0185323
0.386 0.0196975
0.388 0.0209277
0.39 0.0222258
0.392 0.023595
0.394 0.0250385
0.396 0.0265597
0.398 0.028162
0.4 0.0298491
0.402 0.0316246
0.404 0.0334923
0.406 0.0354561
0.408 0.03752
0.41 0.0396882
0.412 0.0419649
0.414 0.0443545
0.416 0.0468614
0.418 0.0494902
0.42 0.0522455
0.422 0.0551322
0.424 0.0581551
0.426 0.0613193
0.428 0.0646297
0.43 0.0680916
0.432 0.0717103
0.434 0.0754911
0.436 0.0794394
0.438 0.0835608
0.44 0.0878609
0.442 0.0923453
0.444 0.0970197
0.446 0.10189
0.448 0.106962
0.45 0.112242
0.452 0.117735
0.454 0.123447
0.456 0.129385
0.458 0.135555
0.46 0.141961
0.462 0.148611
0.464 0.155511
0.466 0.162665
0.468 0.170081
0.47 0.177764
0.472 0.185719
0.474 0.193953
0.476 0.202471
0.478 0.211278
0.48 0.22038
0.482 0.229783
0.484 0.239491
0.486 0.249509
0.488 0.259842
0.49 0.270495
0.492 0.281472
0.494 0.292778
0.496 0.304416
0.498 0.31639
0.5 0.328703
0.502 0.341359
0.504 0.35436
0.506 0.36771
0.508 0.38141
0.51 0.395462
0.512 0.409868
0.514 0.424628
0.516 0.439745
0.518 0.455217
0.52 0.471045
0.522 0.487229
0.524 0.503767
0.526 0.520658
0.528 0.537901
0.53 0.555492
0.532 0.573429
0.534 0.591709
0.536 0.610327
0.538 0.629279
0.54 0.64856
0.542 0.668164
0.544 0.688086
0.546 0.708319
0.548 0.728855
0.55 0.749686
0.552 0.770804
0.554 0.7922
0.556 0.813865
0.558 0.835787
0.56 0.857957
0.562 0.880363
0.564 0.902992
0.566 0.925833
0.568 0.948872
0.57 0.972096
0.572 0.995489
0.574 1.01904
0.576 1.04273
0.578 1.06654
0.58 1.09046
0.582 1.11447
0.584 1.13855
0.586 1.16269
0.588 1.18687
0.59 1.21106
0.592 1.23526
0.594 1.25943
0.596 1.28356
0.598 1.30763
0.6 1.33162
0.602 1.35551
0.604 1.37928
0.606 1.4029
0.608 1.42635
0.61 1.44962
0.612 1.47267
0.614 1.4955
0.616 1.51807
0.618 1.54036
0.62 1.56236
0.622 1.58404
0.624 1.60538
0.626 1.62635
0.628 1.64694
0.63 1.66712
0.632 1.68688
0.634 1.70618
0.636 1.72502
0.638 1.74337
0.64 1.76121
0.642 1.77852
0.644 1.79528
0.646 1.81147
0.648 1.82708
0.65 1.84209
0.652 1.85647
0.654 1.87023
0.656 1.88332
0.658 1.89576
0.66 1.90751
0.662 1.91857
0.664 1.92892
0.666 1.93855
0.668 1.94745
0.67 1.9556
0.672 1.96301
0.674 1.96966
0.676 1.97553
0.678 1.98064
0.68 1.98496
0.682 1.9885
0.684 1.99124
0.686 1.99319
0.688 1.99435
0.69 1.99471
0.692 1.99427
0.694 1.99304
0.696 1.991
0.698 1.98818
0.7 1.98456
0.702 1.98016
0.704 1.97498
0.706 1.96903
0.708 1.9623
0.71 1.95482
0.712 1.94659
0.714 1.93762
0.716 1.92791
0.718 1.91749
0.72 1.90637
0.722 1.89455
0.724 1.88205
0.726 1.86888
0.728 1.85506
0.73 1.84061
0.732 1.82555
0.734 1.80988
0.736 1.79363
0.738 1.77681
0.74 1.75945
0.742 1.74156
0.744 1.72316
0.746 1.70427
0.748 1.68492
0.75 1.66512
0.752 1.6449
0.754 1.62427
0.756 1.60326
0.758 1.58189
0.76 1.56018
0.762 1.53815
0.764 1.51582
0.766 1.49323
0.768 1.47038
0.77 1.4473
0.772 1.42401
0.774 1.40054
0.776 1.37691
0.778 1.35313
0.78 1.32923
0.782 1.30523
0.784 1.28115
0.786 1.25702
0.788 1.23284
0.79 1.20865
0.792 1.18445
0.794 1.16028
0.796 1.13615
0.798 1.11207
0.8 1.08807
0.802 1.06416
0.804 1.04036
0.806 1.01668
0.808 0.993149
0.81 0.969773
0.812 0.946568
0.814 0.923549
0.816 0.90073
0.818 0.878123
0.82 0.855742
0.822 0.833597
0.824 0.811701
0.826 0.790065
0.828 0.768697
0.83 0.747609
0.832 0.726809
0.834 0.706306
0.836 0.686106
0.838 0.666218
0.84 0.646649
0.842 0.627403
0.844 0.608488
0.846 0.589907
0.848 0.571666
0.85 0.553768
0.852 0.536216
0.854 0.519014
0.856 0.502164
0.858 0.485667
0.86 0.469526
0.862 0.453741
0.864 0.438312
0.866 0.42324
0.868 0.408525
0.87 0.394165
0.872 0.380159
0.874 0.366507
0.876 0.353206
0.878 0.340254
0.88 0.327648
0.882 0.315386
0.884 0.303464
0.886 0.29188
0.888 0.28063
0.89 0.269709
0.892 0.259114
0.894 0.24884
0.896 0.238883
0.898 0.229238
0.9 0.219901
0.902 0.210866
0.904 0.202129
0.906 0.193684
0.908 0.185526
0.91 0.17765
0.912 0.170049
0.914 0.16272
0.916 0.155655
0.918 0.14885
0.92 0.142299
0.922 0.135996
0.924 0.129937
0.926 0.124114
0.928 0.118523
0.93 0.113158
0.932 0.108014
0.934 0.103086
0.936 0.0983669
0.938 0.093853
0.94 0.0895387
0.942 0.0854188
0.944 0.0814886
0.946 0.077743
0.948 0.0741773
0.95 0.070787
0.952 0.0675674
0.954 0.0645144
0.956 0.0616235
0.958 0.0588908
0.96 0.0563123
0.962 0.0538843
0.964 0.0516031
0.966 0.0494653
0.968 0.0474675
0.97 0.0456068
0.972 0.04388
0.974 0.0422846
0.976 0.0408178
0.978 0.0394774
0.98 0.0382609
0.982 0.0371665
0.984 0.0361923
0.986 0.0353367
0.988 0.034598
0.99 0.0339752
0.992 0.0334671
0.994 0.0330728
0.996 0.0327917
0.998 0.0326232
