-1 0.220289
-0.99 0.220623
-0.98 0.220592
-0.97 0.221122
-0.96 0.221514
-0.95 0.222096
-0.94 0.223054
-0.93 0.223577
-0.92 0.225089
-0.91 0.225772
-0.9 0.22733
-0.89 0.228856
-0.88 0.22991
-0.87 0.23214
-0.86 0.233806
-0.85 0.235161
-0.84 0.237832
-0.83 0.240259
-0.82 0.241545
-0.81 0.243685
-0.8 0.248179
-0.79 0.254473
-0.78 0.261457
-0.77 0.268582
-0.76 0.275759
-0.75 0.283011
-0.74 0.290349
-0.73 0.297773
-0.72 0.305279
-0.71 0.312864
-0.7 0.320523
-0.69 0.328254
-0.68 0.336052
-0.67 0.343915
-0.66 0.351838
-0.65 0.359817
-0.64 0.367847
-0.63 0.375925
-0.62 0.384046
-0.61 0.392204
-0.6 0.400396
-0.59 0.408616
-0.58 0.416859
-0.57 0.42512
-0.56 0.433393
-0.55 0.441674
-0.54 0.449957
-0.53 0.458236
-0.52 0.466505
-0.51 0.474758
-0.5 0.48299
-0.49 0.491195
-0.48 0.499367
-0.47 0.507499
-0.46 0.515585
-0.45 0.52362
-0.44 0.531596
-0.43 0.539509
-0.42 0.547351
-0.41 0.555115
-0.4 0.562797
-0.39 0.57039
-0.38 0.577886
-0.37 0.585281
-0.36 0.592567
-0.35 0.599738
-0.34 0.606789
-0.33 0.613714
-0.32 0.620505
-0.31 0.627158
-0.3 0.633665
-0.29 0.640023
-0.28 0.646224
-0.27 0.652263
-0.26 0.658134
-0.25 0.663833
-0.24 0.669354
-0.23 0.674692
-0.22 0.679841
-0.21 0.684798
-0.2 0.689557
-0.19 0.694114
-0.18 0.698464
-0.17 0.702603
-0.16 0.706528
-0.15 0.710235
-0.14 0.71372
-0.13 0.716979
-0.12 0.72001
-0.11 0.72281
-0.1 0.725375
-0.09 0.727704
-0.08 0.729794
-0.07 0.731642
-0.06 0.733248
-0.05 0.73461
-0.04 0.735726
-0.03 0.736595
-0.02 0.737216
-0.01 0.737589
0 0.737714
0.01 0.737589
0.02 0.737216
0.03 0.736595
0.04 0.735726
0.05 0.73461
0.06 0.733248
0.07 0.731642
0.08 0.729794
0.09 0.727704
0.1 0.725375
0.11 0.72281
0.12 0.72001
0.13 0.716979
0.14 0.71372
0.15 0.710235
0.16 0.706528
0.17 0.702603
0.18 0.698464
0.19 0.694114
0.2 0.689557
0.21 0.684798
0.22 0.679841
0.23 0.674692
0.24 0.669354
0.25 0.663833
0.26 0.658134
0.27 0.652263
0.28 0.646224
0.29 0.640023
0.3 0.633665
0.31 0.627158
0.32 0.620505
0.33 0.613714
0.34 0.606789
0.35 0.599738
0.36 0.592567
0.37 0.585281
0.38 0.577886
0.39 0.57039
0.4 0.562797
0.41 0.555115
0.42 0.547351
0.43 0.539509
0.44 0.531596
0.45 0.52362
0.46 0.515585
0.47 0.507499
0.48 0.499367
0.49 0.491195
0.5 0.48299
0.51 0.474758
0.52 0.466505
0.53 0.458236
0.54 0.449957
0.55 0.441674
0.56 0.433393
0.57 0.42512
0.58 0.416859
0.59 0.408616
0.6 0.400396
0.61 0.392204
0.62 0.384046
0.63 0.375925
0.64 0.367847
0.65 0.359817
0.66 0.351838
0.67 0.343915
0.68 0.336052
0.69 0.328254
0.7 0.320523
0.71 0.312864
0.72 0.305279
0.73 0.297773
0.74 0.290349
0.75 0.283011
0.76 0.275759
0.77 0.268582
0.78 0.261457
0.79 0.254473
0.8 0.248179
0.81 0.243685
0.82 0.241545
0.83 0.240259
0.84 0.237832
0.85 0.235161
0.86 0.233806
0.87 0.23214
0.88 0.22991
0.89 0.228856
0.9 0.22733
0.91 0.225772
0.92 0.225089
0.93 0.223577
0.94 0.223054
0.95 0.222096
0.96 0.221514
0.97 0.221122
0.98 0.220592
0.99 0.220623
