-1 0.0122804
-0.998 0.0123063
-0.996 0.0123843
-0.994 0.0125144
-0.992 0.012697
-0.99 0.0129326
-0.988 0.0132218
-0.986 0.0135653
-0.984 0.013964
-0.982 0.0144188
-0.98 0.0149309
-0.978 0.0155015
-0.976 0.0161321
-0.974 0.0168242
-0.972 0.0175794
-0.97 0.0183996
-0.968 0.0192866
-0.966 0.0202426
-0.964 0.0212698
-0.962 0.0223704
-0.96 0.0235471
-0.958 0.0248023
-0.956 0.0261388
-0.954 0.0275595
-0.952 0.0290675
-0.95 0.0306659
-0.948 0.0323579
-0.946 0.034147
-0.944 0.0360368
-0.942 0.0380308
-0.94 0.0401331
-0.938 0.0423474
-0.936 0.0446778
-0.934 0.0471286
-0.932 0.0497041
-0.93 0.0524086
-0.928 0.0552469
-0.926 0.0582235
-0.924 0.0613433
-0.922 0.0646111
-0.92 0.0680319
-0.918 0.071611
-0.916 0.0753534
-0.914 0.0792645
-0.912 0.0833497
-0.91 0.0876145
-0.908 0.0920643
-0.906 0.0967049
-0.904 0.101542
-0.902 0.106581
-0.9 0.111828
-0.898 0.117289
-0.896 0.12297
-0.894 0.128876
-0.892 0.135014
-0.89 0.141389
-0.888 0.148008
-0.886 0.154876
-0.884 0.161999
-0.882 0.169383
-0.88 0.177034
-0.878 0.184957
-0.876 0.193159
-0.874 0.201644
-0.872 0.210419
-0.87 0.219488
-0.868 0.228858
-0.866 0.238532
-0.864 0.248517
-0.862 0.258816
-0.86 0.269435
-0.858 0.280378
-0.856 0.291649
-0.854 0.303252
-0.852 0.31519
-0.85 0.327468
-0.848 0.340089
-0.846 0.353054
-0.844 0.366368
-0.842 0.380032
-0.84 0.394048
-0.838 0.408418
-0.836 0.423142
-0.834 0.438222
-0.832 0.453659
-0.83 0.469451
-0.828 0.485599
-0.826 0.502101
-0.824 0.518957
-0.822 0.536164
-0.82 0.55372
-0.818 0.571622
-0.816 0.589867
-0.814 0.608452
-0.812 0.62737
-0.81 0.646619
-0.808 0.666191
-0.806 0.686081
-0.804 0.706283
-0.802 0.726789
-0.8 0.747591
-0.798 0.76868
-0.796 0.790049
-0.794 0.811687
-0.792 0.833584
-0.79 0.85573
-0.788 0.878113
-0.786 0.90072
-0.784 0.92354
-0.782 0.94656
-0.78 0.969766
-0.778 0.993143
-0.776 1.01668
-0.774 1.04035
-0.772 1.06415
-0.77 1.08806
-0.768 1.11207
-0.766 1.13614
-0.764 1.16028
-0.762 1.18445
-0.76 1.20864
-0.758 1.23284
-0.756 1.25701
-0.754 1.28115
-0.752 1.30523
-0.75 1.32923
-0.748 1.35313
-0.746 1.37691
-0.744 1.40054
-0.742 1.42401
-0.74 1.4473
-0.738 1.47038
-0.736 1.49323
-0.734 1.51582
-0.732 1.53815
-0.73 1.56018
-0.728 1.58189
-0.726 1.60326
-0.724 1.62427
-0.722 1.6449
-0.72 1.66512
-0.718 1.68492
-0.716 1.70427
-0.714 1.72316
-0.712 1.74156
-0.71 1.75945
-0.708 1.77681
-0.706 1.79363
-0.704 1.80988
-0.702 1.82555
-0.7 1.84061
-0.698 1.85506
-0.696 1.86888
-0.694 1.88204
-0.692 1.89455
-0.69 1.90637
-0.688 1.91749
-0.686 1.92791
-0.684 1.93762
-0.682 1.94659
-0.68 1.95482
-0.678 1.9623
-0.676 1.96903
-0.674 1.97498
-0.672 1.98016
-0.67 1.98456
-0.668 1.98818
-0.666 1.991
-0.664 1.99304
-0.662 1.99427
-0.66 1.99471
-0.658 1.99435
-0.656 1.99319
-0.654 1.99124
-0.652 1.9885
-0.65 1.98496
-0.648 1.98064
-0.646 1.97553
-0.644 1.96966
-0.642 1.96301
-0.64 1.9556
-0.638 1.94745
-0.636 1.93855
-0.634 1.92892
-0.632 1.91857
-0.63 1.90751
-0.628 1.89576
-0.626 1.88332
-0.624 1.87023
-0.622 1.85647
-0.62 1.84209
-0.618 1.82708
-0.616 1.81147
-0.614 1.79528
-0.612 1.77852
-0.61 1.76121
-0.608 1.74337
-0.606 1.72502
-0.604 1.70618
-0.602 1.68688
-0.6 1.66712
-0.598 1.64694
-0.596 1.62635
-0.594 1.60538
-0.592 1.58404
-0.59 1.56236
-0.588 1.54036
-0.586 1.51807
-0.584 1.4955
-0.582 1.47267
-0.58 1.44962
-0.578 1.42635
-0.576 1.4029
-0.574 1.37928
-0.572 1.35551
-0.57 1.33162
-0.568 1.30763
-0.566 1.28356
-0.564 1.25943
-0.562 1.23526
-0.56 1.21106
-0.558 1.18687
-0.556 1.16269
-0.554 1.13855
-0.552 1.11447
-0.55 1.09046
-0.548 1.06654
-0.546 1.04273
-0.544 1.01904
-0.542 0.995489
-0.54 0.972096
-0.538 0.948872
-0.536 0.925833
-0.534 0.902992
-0.532 0.880363
-0.53 0.857957
-0.528 0.835787
-0.526 0.813865
-0.524 0.7922
-0.522 0.770804
-0.52 0.749686
-0.518 0.728855
-0.516 0.708319
-0.514 0.688086
-0.512 0.668164
-0.51 0.64856
-0.508 0.629279
-0.506 0.610327
-0.504 0.591709
-0.502 0.573429
-0.5 0.555492
-0.498 0.537901
-0.496 0.520658
-0.494 0.503767
-0.492 0.487229
-0.49 0.471045
-0.488 0.455217
-0.486 0.439745
-0.484 0.424628
-0.482 0.409868
-0.48 0.395462
-0.478 0.38141
-0.476 0.36771
-0.474 0.35436
-0.472 0.341359
-0.47 0.328703
-0.468 0.31639
-0.466 0.304416
-0.464 0.292778
-0.462 0.281472
-0.46 0.270495
-0.458 0.259842
-0.456 0.249509
-0.454 0.239491
-0.452 0.229783
-0.45 0.22038
-0.448 0.211278
-0.446 0.202471
-0.444 0.193953
-0.442 0.185719
-0.44 0.177764
-0.438 0.170081
-0.436 0.162665
-0.434 0.155511
-0.432 0.148611
-0.43 0.141961
-0.428 0.135555
-0.426 0.129385
-0.424 0.123447
-0.422 0.117735
-0.42 0.112242
-0.418 0.106962
-0.416 0.10189
-0.414 0.0970197
-0.412 0.0923453
-0.41 0.0878609
-0.408 0.0835608
-0.406 0.0794394
-0.404 0.0754911
-0.402 0.0717103
-0.4 0.0680916
-0.398 0.0646297
-0.396 0.0613193
-0.394 0.0581551
-0.392 0.0551322
-0.39 0.0522455
-0.388 0.0494902
-0.386 0.0468614
-0.384 0.0443545
-0.382 0.0419649
-0.38 0.0396882
-0.378 0.03752
-0.376 0.0354561
-0.374 0.0334923
-0.372 0.0316246
-0.37 0.0298491
-0.368 0.028162
-0.366 0.0265597
-0.364 0.0250385
-0.362 0.023595
-0.36 0.0222258
-0.358 0.0209277
-0.356 0.0196975
-0.354 0.0185323
-0.352 0.017429
-0.35 0.0163848
-0.348 0.015397
-0.346 0.014463
-0.344 0.0135802
-0.342 0.0127462
-0.34 0.0119586
-0.338 0.0112152
-0.336 0.0105138
-0.334 0.00985238
-0.332 0.00922884
-0.33 0.0086413
-0.328 0.00808793
-0.326 0.00756697
-0.324 0.00707674
-0.322 0.00661562
-0.32 0.00618207
-0.318 0.00577462
-0.316 0.00539187
-0.314 0.00503248
-0.312 0.00469516
-0.31 0.0043787
-0.308 0.00408194
-0.306 0.00380377
-0.304 0.00354314
-0.302 0.00329904
-0.3 0.00307054
-0.298 0.00285671
-0.296 0.00265672
-0.294 0.00246974
-0.292 0.002295
-0.29 0.00213177
-0.288 0.00197936
-0.286 0.00183711
-0.284 0.0017044
-0.282 0.00158064
-0.28 0.00146529
-0.278 0.00135781
-0.276 0.00125771
-0.274 0.00116452
-0.272 0.00107781
-0.27 0.000997154
-0.268 0.000922166
-0.266 0.000852476
-0.264 0.000787737
-0.262 0.000727624
-0.26 0.000671829
-0.258 0.000620065
-0.256 0.00057206
-0.254 0.000527561
-0.252 0.000486328
-0.25 0.000448139
-0.248 0.000412783
-0.246 0.000380065
-0.244 0.0003498
-0.242 0.000321817
-0.24 0.000295953
-0.238 0.00027206
-0.236 0.000249995
-0.234 0.000229628
-0.232 0.000210836
-0.23 0.000193504
-0.228 0.000177527
-0.226 0.000162803
-0.224 0.000149241
-0.222 0.000136753
-0.22 0.000125261
-0.218 0.000114688
-0.216 0.000104966
-0.214 9.60298e-05
-0.212 8.7819e-05
-0.21 8.02782e-05
-0.208 7.33555e-05
-0.206 6.7003e-05
-0.204 6.11761e-05
-0.202 5.58336e-05
-0.2 5.09373e-05
-0.198 4.64518e-05
-0.196 4.23443e-05
-0.194 3.85846e-05
-0.192 3.51447e-05
-0.19 3.19986e-05
-0.188 2.91226e-05
-0.186 2.64944e-05
-0.184 2.40937e-05
-0.182 2.19019e-05
-0.18 1.99014e-05
-0.178 1.80765e-05
-0.176 1.64123e-05
-0.174 1.48954e-05
-0.172 1.35132e-05
-0.17 1.22544e-05
-0.168 1.11085e-05
-0.166 1.00656e-05
-0.164 9.11706e-06
-0.162 8.25457e-06
-0.16 7.47068e-06
-0.158 6.75853e-06
-0.156 6.11182e-06
-0.154 5.52479e-06
-0.152 4.99214e-06
-0.15 4.50904e-06
-0.148 4.07106e-06
-0.146 3.67415e-06
-0.144 3.31461e-06
-0.142 2.98907e-06
-0.14 2.69441e-06
-0.138 2.42783e-06
-0.136 2.18675e-06
-0.134 1.96883e-06
-0.132 1.77191e-06
-0.13 1.59405e-06
-0.128 1.43347e-06
-0.126 1.28855e-06
-0.124 1.15781e-06
-0.122 1.03993e-06
-0.12 9.33675e-07
-0.118 8.37941e-07
-0.116 7.51722e-07
-0.114 6.74105e-07
-0.112 6.0426e-07
-0.11 5.41436e-07
-0.108 4.84949e-07
-0.106 4.34182e-07
-0.104 3.88573e-07
-0.102 3.47617e-07
-0.1 3.10853e-07
-0.098 2.77866e-07
-0.096 2.48281e-07
-0.094 2.21757e-07
-0.092 1.97987e-07
-0.09 1.76694e-07
-0.088 1.57629e-07
-0.086 1.40564e-07
-0.084 1.25297e-07
-0.082 1.11643e-07
-0.08 9.9438e-08
-0.078 8.85318e-08
-0.076 7.87903e-08
-0.074 7.0093e-08
-0.072 6.2331e-08
-0.07 5.54067e-08
-0.068 4.92322e-08
-0.066 4.37287e-08
-0.064 3.88254e-08
-0.062 3.44586e-08
-0.06 3.05713e-08
-0.058 2.71123e-08
-0.056 2.4036e-08
-0.054 2.1301e-08
-0.052 1.88708e-08
-0.05 1.67124e-08
-0.048 1.47963e-08
-0.046 1.30963e-08
-0.044 1.15889e-08
-0.042 1.0253e-08
-0.04 9.06994e-09
-0.038 8.02302e-09
-0.036 7.09736e-09
-0.034 6.27972e-09
-0.032 5.55833e-09
-0.03 4.92276e-09
-0.028 4.36372e-09
-0.026 3.87303e-09
-0.024 3.44345e-09
-0.022 3.06861e-09
-0.02 2.74292e-09
-0.018 2.46149e-09
-0.016 2.2201e-09
-0.014 2.01509e-09
-0.012 1.84335e-09
-0.01 1.70226e-09
-0.008 1.58966e-09
-0.006 1.50383e-09
-0.004 1.44346e-09
-0.002 1.40759e-09
0 1.3957e-09
0.002 1.40759e-09
0.004 1.44345e-09
0.006 1.50383e-09
0.008 1.58966e-09
0.01 1.70226e-09
0.012 1.84335e-09
0.014 2.01509e-09
0.016 2.2201e-09
0.018 2.46149e-09
0.02 2.74292e-09
0.022 3.06861e-09
0.024 3.44345e-09
0.026 3.87303e-09
0.028 4.36372e-09
0.03 4.92276e-09
0.032 5.55834e-09
0.034 6.27972e-09
0.036 7.09736e-09
0.038 8.02302e-09
0.04 9.06994e-09
0.042 1.0253e-08
0.044 1.15889e-08
0.046 1.30963e-08
0.048 1.47963e-08
0.05 1.67124e-08
0.052 1.88708e-08
0.054 2.1301e-08
0.056 2.4036e-08
0.058 2.71123e-08
0.06 3.05713e-08
0.062 3.44586e-08
0.064 3.88254e-08
0.066 4.37287e-08
0.068 4.92322e-08
0.07 5.54067e-08
0.072 6.2331e-08
0.074 7.0093e-08
0.076 7.87904e-08
0.078 8.85318e-08
0.08 9.9438e-08
0.082 1.11643e-07
0.084 1.25297e-07
0.086 1.40564e-07
0.088 1.57629e-07
0.09 1.76694e-07
0.092 1.97987e-07
0.094 2.21757e-07
0.096 2.48281e-07
0.098 2.77866e-07
0.1 3.10853e-07
0.102 3.47617e-07
0.104 3.88573e-07
0.106 4.34182e-07
0.108 4.84949e-07
0.11 5.41436e-07
0.112 6.0426e-07
0.114 6.74105e-07
0.116 7.51722e-07
0.118 8.37941e-07
0.12 9.33675e-07
0.122 1.03993e-06
0.124 1.15781e-06
0.126 1.28855e-06
0.128 1.43347e-06
0.13 1.59405e-06
0.132 1.77191e-06
0.134 1.96883e-06
0.136 2.18675e-06
0.138 2.42783e-06
0.14 2.69441e-06
0.142 2.98907e-06
0.144 3.31461e-06
0.146 3.67415e-06
0.148 4.07106e-06
0.15 4.50904e-06
0.152 4.99214e-06
0.154 5.52479e-06
0.156 6.11182e-06
0.158 6.75853e-06
0.16 7.47068e-06
0.162 8.25457e-06
0.164 9.11706e-06
0.166 1.00656e-05
0.168 1.11085e-05
0.17 1.22544e-05
0.172 1.35132e-05
0.174 1.48954e-05
0.176 1.64123e-05
0.178 1.80765e-05
0.18 1.99014e-05
0.182 2.19019e-05
0.184 2.40937e-05
0.186 2.64944e-05
0.188 2.91226e-05
0.19 3.19986e-05
0.192 3.51447e-05
0.194 3.85846e-05
0.196 4.23443e-05
0.198 4.64518e-05
0.2 5.09373e-05
0.202 5.58336e-05
0.204 6.11761e-05
0.206 6.7003e-05
0.208 7.33555e-05
0.21 8.02782e-05
0.212 8.7819e-05
0.214 9.60298e-05
0.216 0.000104966
0.218 0.000114688
0.22 0.000125261
0.222 0.000136753
0.224 0.000149241
0.226 0.000162803
0.228 0.000177527
0.23 0.000193504
0.232 0.000210836
0.234 0.000229628
0.236 0.000249995
0.238 0.00027206
0.24 0.000295953
0.242 0.000321817
0.244 0.0003498
0.246 0.000380065
0.248 0.000412783
0.25 0.000448139
0.252 0.000486328
0.254 0.000527561
0.256 0.00057206
0.258 0.000620065
0.26 0.000671829
0.262 0.000727624
0.264 0.000787737
0.266 0.000852476
0.268 0.000922166
0.27 0.000997154
0.272 0.00107781
0.274 0.00116452
0.276 0.00125771
0.278 0.00135781
0.28 0.00146529
0.282 0.00158064
0.284 0.0017044
0.286 0.00183711
0.288 0.00197936
0.29 0.00213177
0.292 0.002295
0.294 0.00246974
0.296 0.00265672
0.298 0.00285671
0.3 0.00307054
0.302 0.00329904
0.304 0.00354314
0.306 0.00380377
0.308 0.00408194
0.31 0.0043787
0.312 0.00469516
0.314 0.00503248
0.316 0.00539187
0.318 0.00577462
0.32 0.00618207
0.322 0.00661562
0.324 0.00707674
0.326 0.00756697
0.328 0.00808793
0.33 0.0086413
0.332 0.00922884
0.334 0.00985238
0.336 0.0105138
0.338 0.0112152
0.34 0.0119586
0.342 0.0127462
0.344 0.0135802
0.346 0.014463
0.348 0.015397
0.35 0.0163848
0.352 0.017429
0.354 0.0185323
0.356 0.0196975
0.358 0.0209277
0.36 0.0222258
0.362 0.023595
0.364 0.0250385
0.366 0.0265597
0.368 0.028162
0.37 0.0298491
0.372 0.0316246
0.374 0.0334923
0.376 0.0354561
0.378 0.03752
0.38 0.0396882
0.382 0.0419649
0.384 0.0443545
0.386 0.0468614
0.388 0.0494902
0.39 0.0522455
0.392 0.0551322
0.394 0.0581551
0.396 0.0613193
0.398 0.0646297
0.4 0.0680916
0.402 0.0717103
0.404 0.0754911
0.406 0.0794394
0.408 0.0835608
0.41 0.0878609
0.412 0.0923453
0.414 0.0970197
0.416 0.10189
0.418 0.106962
0.42 0.112242
0.422 0.117735
0.424 0.123447
0.426 0.129385
0.428 0.135555
0.43 0.141961
0.432 0.148611
0.434 0.155511
0.436 0.162665
0.438 0.170081
0.44 0.177764
0.442 0.185719
0.444 0.193953
0.446 0.202471
0.448 0.211278
0.45 0.22038
0.452 0.229783
0.454 0.239491
0.456 0.249509
0.458 0.259842
0.46 0.270495
0.462 0.281472
0.464 0.292778
0.466 0.304416
0.468 0.31639
0.47 0.328703
0.472 0.341359
0.474 0.35436
0.476 0.36771
0.478 0.38141
0.48 0.395462
0.482 0.409868
0.484 0.424628
0.486 0.439745
0.488 0.455217
0.49 0.471045
0.492 0.487229
0.494 0.503767
0.496 0.520658
0.498 0.537901
0.5 0.555492
0.502 0.573429
0.504 0.591709
0.506 0.610327
0.508 0.629279
0.51 0.64856
0.512 0.668164
0.514 0.688086
0.516 0.708319
0.518 0.728855
0.52 0.749686
0.522 0.770804
0.524 0.7922
0.526 0.813865
0.528 0.835787
0.53 0.857957
0.532 0.880363
0.534 0.902992
0.536 0.925833
0.538 0.948872
0.54 0.972096
0.542 0.995489
0.544 1.01904
0.546 1.04273
0.548 1.06654
0.55 1.09046
0.552 1.11447
0.554 1.13855
0.556 1.16269
0.558 1.18687
0.56 1.21106
0.562 1.23526
0.564 1.25943
0.566 1.28356
0.568 1.30763
0.57 1.33162
0.572 1.35551
0.574 1.37928
0.576 1.4029
0.578 1.42635
0.58 1.44962
0.582 1.47267
0.584 1.4955
0.586 1.51807
0.588 1.54036
0.59 1.56236
0.592 1.58404
0.594 1.60538
0.596 1.62635
0.598 1.64694
0.6 1.66712
0.602 1.68688
0.604 1.70618
0.606 1.72502
0.608 1.74337
0.61 1.76121
0.612 1.77852
0.614 1.79528
0.616 1.81147
0.618 1.82708
0.62 1.84209
0.622 1.85647
0.624 1.87023
0.626 1.88332
0.628 1.89576
0.63 1.90751
0.632 1.91857
0.634 1.92892
0.636 1.93855
0.638 1.94745
0.64 1.9556
0.642 1.96301
0.644 1.96966
0.646 1.97553
0.648 1.98064
0.65 1.98496
0.652 1.9885
0.654 1.99124
0.656 1.99319
0.658 1.99435
0.66 1.99471
0.662 1.99427
0.664 1.99304
0.666 1.991
0.668 1.98818
0.67 1.98456
0.672 1.98016
0.674 1.97498
0.676 1.96903
0.678 1.9623
0.68 1.95482
0.682 1.94659
0.684 1.93762
0.686 1.92791
0.688 1.91749
0.69 1.90637
0.692 1.89455
0.694 1.88204
0.696 1.86888
0.698 1.85506
0.7 1.84061
0.702 1.82555
0.704 1.80988
0.706 1.79363
0.708 1.77681
0.71 1.75945
0.712 1.74156
0.714 1.72316
0.716 1.70427
0.718 1.68492
0.72 1.66512
0.722 1.6449
0.724 1.62427
0.726 1.60326
0.728 1.58189
0.73 1.56018
0.732 1.53815
0.734 1.51582
0.736 1.49323
0.738 1.47038
0.74 1.4473
0.742 1.42401
0.744 1.40054
0.746 1.37691
0.748 1.35313
0.75 1.32923
0.752 1.30523
0.754 1.28115
0.756 1.25701
0.758 1.23284
0.76 1.20864
0.762 1.18445
0.764 1.16028
0.766 1.13614
0.768 1.11207
0.77 1.08806
0.772 1.06415
0.774 1.04035
0.776 1.01668
0.778 0.993143
0.78 0.969766
0.782 0.94656
0.784 0.92354
0.786 0.90072
0.788 0.878113
0.79 0.85573
0.792 0.833584
0.794 0.811687
0.796 0.790049
0.798 0.76868
0.8 0.747591
0.802 0.726789
0.804 0.706283
0.806 0.686081
0.808 0.666191
0.81 0.646619
0.812 0.62737
0.814 0.608452
0.816 0.589867
0.818 0.571622
0.82 0.55372
0.822 0.536164
0.824 0.518957
0.826 0.502101
0.828 0.485599
0.83 0.469451
0.832 0.453659
0.834 0.438222
0.836 0.423142
0.838 0.408418
0.84 0.394048
0.842 0.380032
0.844 0.366368
0.846 0.353054
0.848 0.340089
0.85 0.327468
0.852 0.31519
0.854 0.303252
0.856 0.291649
0.858 0.280378
0.86 0.269435
0.862 0.258816
0.864 0.248517
0.866 0.238532
0.868 0.228858
0.87 0.219488
0.872 0.210419
0.874 0.201644
0.876 0.193159
0.878 0.184957
0.88 0.177034
0.882 0.169383
0.884 0.161999
0.886 0.154876
0.888 0.148008
0.89 0.141389
0.892 0.135014
0.894 0.128876
0.896 0.12297
0.898 0.117289
0.9 0.111828
0.902 0.106581
0.904 0.101542
0.906 0.0967049
0.908 0.0920643
0.91 0.0876145
0.912 0.0833497
0.914 0.0792645
0.916 0.0753534
0.918 0.071611
0.92 0.0680319
0.922 0.0646111
0.924 0.0613433
0.926 0.0582235
0.928 0.0552469
0.93 0.0524086
0.932 0.0497041
0.934 0.0471286
0.936 0.0446778
0.938 0.0423474
0.94 0.0401331
0.942 0.0380308
0.944 0.0360368
0.946 0.034147
0.948 0.0323579
0.95 0.0306659
0.952 0.0290675
0.954 0.0275595
0.956 0.0261388
0.958 0.0248023
0.96 0.0235471
0.962 0.0223704
0.964 0.0212698
0.966 0.0202426
0.968 0.0192866
0.97 0.0183996
0.972 0.0175794
0.974 0.0168242
0.976 0.0161321
0.978 0.0155015
0.98 0.0149309
0.982 0.0144188
0.984 0.013964
0.986 0.0135653
0.988 0.0132218
0.99 0.0129326
0.992 0.012697
0.994 0.0125144
0.996 0.0123843
0.998 0.0123063
