0 -1.98901e-16
0.01 0.062078
0.02 0.123911
0.03 0.185255
0.04 0.245868
0.05 0.30551
0.06 0.363947
0.07 0.420947
0.08 0.476287
0.09 0.529746
0.1 0.581115
0.11 0.63019
0.12 0.676779
0.13 0.720696
0.14 0.761769
0.15 0.799836
0.16 0.834746
0.17 0.866362
0.18 0.894559
0.19 0.919225
0.2 0.940264
0.21 0.957591
0.22 0.97114
0.23 0.980856
0.24 0.986701
0.25 0.988652
0.26 0.986701
0.27 0.980856
0.28 0.97114
0.29 0.957591
0.3 0.940264
0.31 0.919225
0.32 0.894559
0.33 0.866362
0.34 0.834746
0.35 0.799836
0.36 0.761769
0.37 0.720696
0.38 0.676779
0.39 0.63019
0.4 0.581115
0.41 0.529746
0.42 0.476287
0.43 0.420947
0.44 0.363947
0.45 0.30551
0.46 0.245868
0.47 0.185255
0.48 0.123911
0.49 0.062078
0.5 4.61619e-17
0.51 -0.062078
0.52 -0.123911
0.53 -0.185255
0.54 -0.245868
0.55 -0.30551
0.56 -0.363947
0.57 -0.420947
0.58 -0.476287
0.59 -0.529746
0.6 -0.581115
0.61 -0.63019
0.62 -0.676779
0.63 -0.720696
0.64 -0.761769
0.65 -0.799836
0.66 -0.834746
0.67 -0.866362
0.68 -0.894559
0.69 -0.919225
0.7 -0.940264
0.71 -0.957591
0.72 -0.97114
0.73 -0.980856
0.74 -0.986701
0.75 -0.988652
0.76 -0.986701
0.77 -0.980856
0.78 -0.97114
0.79 -0.957591
0.8 -0.940264
0.81 -0.919225
0.82 -0.894559
0.83 -0.866362
0.84 -0.834746
0.85 -0.799836
0.86 -0.761769
0.87 -0.720696
0.88 -0.676779
0.89 -0.63019
0.9 -0.581115
0.91 -0.529746
0.92 -0.476287
0.93 -0.420947
0.94 -0.363947
0.95 -0.30551
0.96 -0.245868
0.97 -0.185255
0.98 -0.123911
0.99 -0.062078
