-1 0.758063
-0.99 0.757924
-0.98 0.757515
-0.97 0.756844
-0.96 0.755874
-0.95 0.754688
-0.94 0.753147
-0.93 0.751464
-0.92 0.749346
-0.91 0.747185
-0.9 0.744492
-0.89 0.741864
-0.88 0.73861
-0.87 0.735516
-0.86 0.731735
-0.85 0.728156
-0.84 0.723907
-0.83 0.719805
-0.82 0.715164
-0.81 0.710497
-0.8 0.705538
-0.79 0.700285
-0.78 0.695042
-0.77 0.689245
-0.76 0.683678
-0.75 0.677462
-0.74 0.67146
-0.73 0.664996
-0.72 0.658451
-0.71 0.65185
-0.7 0.644776
-0.69 0.637981
-0.68 0.63058
-0.67 0.623384
-0.66 0.615915
-0.65 0.608188
-0.64 0.600697
-0.63 0.592619
-0.62 0.58484
-0.61 0.576778
-0.6 0.568491
-0.59 0.56051
-0.58 0.551969
-0.57 0.543682
-0.56 0.53533
-0.55 0.526578
-0.54 0.518267
-0.53 0.50956
-0.52 0.500793
-0.51 0.492384
-0.5 0.483454
-0.49 0.474746
-0.48 0.466235
-0.47 0.457213
-0.46 0.448577
-0.45 0.440026
-0.44 0.431004
-0.43 0.42244
-0.42 0.413948
-0.41 0.404986
-0.4 0.396485
-0.39 0.388161
-0.38 0.379328
-0.37 0.370852
-0.36 0.362779
-0.35 0.354208
-0.34 0.345704
-0.33 0.337851
-0.32 0.329765
-0.31 0.321294
-0.3 0.313415
-0.29 0.305935
-0.28 0.297927
-0.27 0.2898
-0.26 0.282445
-0.25 0.275392
-0.24 0.267734
-0.23 0.259855
-0.22 0.252763
-0.21 0.24638
-0.2 0.239652
-0.19 0.232096
-0.18 0.224487
-0.17 0.218046
-0.16 0.213378
-0.15 0.210248
-0.14 0.208038
-0.13 0.206234
-0.12 0.204584
-0.11 0.203029
-0.1 0.201582
-0.09 0.20026
-0.08 0.199072
-0.07 0.198021
-0.06 0.197107
-0.05 0.196333
-0.04 0.195697
-0.03 0.195202
-0.02 0.194848
-0.01 0.194635
0 0.194565
0.01 0.194635
0.02 0.194848
0.03 0.195202
0.04 0.195697
0.05 0.196333
0.06 0.197107
0.07 0.198021
0.08 0.199072
0.09 0.20026
0.1 0.201582
0.11 0.203029
0.12 0.204584
0.13 0.206234
0.14 0.208038
0.15 0.210248
0.16 0.213378
0.17 0.218046
0.18 0.224487
0.19 0.232096
0.2 0.239652
0.21 0.24638
0.22 0.252763
0.23 0.259855
0.24 0.267734
0.25 0.275392
0.26 0.282445
0.27 0.2898
0.28 0.297927
0.29 0.305935
0.3 0.313415
0.31 0.321294
0.32 0.329765
0.33 0.337851
0.34 0.345704
0.35 0.354208
0.36 0.362779
0.37 0.370852
0.38 0.379328
0.39 0.388161
0.4 0.396485
0.41 0.404986
0.42 0.413948
0.43 0.42244
0.44 0.431004
0.45 0.440026
0.46 0.448577
0.47 0.457213
0.48 0.466235
0.49 0.474746
0.5 0.483454
0.51 0.492384
0.52 0.500793
0.53 0.50956
0.54 0.518267
0.55 0.526578
0.56 0.53533
0.57 0.543682
0.58 0.551969
0.59 0.56051
0.6 0.568491
0.61 0.576778
0.62 0.58484
0.63 0.592619
0.64 0.600697
0.65 0.608188
0.66 0.615915
0.67 0.623384
0.68 0.63058
0.69 0.637981
0.7 0.644776
0.71 0.65185
0.72 0.658451
0.73 0.664996
0.74 0.67146
0.75 0.677462
0.76 0.683678
0.77 0.689245
0.78 0.695042
0.79 0.700285
0.8 0.705538
0.81 0.710497
0.82 0.715164
0.83 0.719805
0.84 0.723907
0.85 0.728156
0.86 0.731735
0.87 0.735516
0.88 0.73861
0.89 0.741864
0.9 0.744492
0.91 0.747185
0.92 0.749346
0.93 0.751464
0.94 0.753147
0.95 0.754688
0.96 0.755874
0.97 0.756844
0.98 0.757515
0.99 0.757924
