-1 7.12575e-15
-0.998 5.69209e-15
-0.996 6.10115e-15
-0.994 5.64535e-15
-0.992 7.70452e-15
-0.99 6.69954e-15
-0.988 1.13588e-14
-0.986 6.20108e-15
-0.984 1.00224e-14
-0.982 8.316e-15
-0.98 1.07096e-14
-0.978 8.54648e-15
-0.976 7.98236e-15
-0.974 8.10916e-15
-0.972 1.03339e-14
-0.97 2.30873e-14
-0.968 1.58478e-14
-0.966 2.68482e-14
-0.964 2.08226e-14
-0.962 2.49093e-14
-0.96 2.64e-14
-0.958 3.02984e-14
-0.956 3.6192e-14
-0.954 3.93601e-14
-0.952 5.05464e-14
-0.95 6.12126e-14
-0.948 6.67363e-14
-0.946 8.39365e-14
-0.944 9.50531e-14
-0.942 1.09814e-13
-0.94 1.26862e-13
-0.938 1.49419e-13
-0.936 1.73371e-13
-0.934 2.03227e-13
-0.932 2.3453e-13
-0.93 2.65946e-13
-0.928 3.13337e-13
-0.926 3.63627e-13
-0.924 4.2287e-13
-0.922 4.92522e-13
-0.92 5.69694e-13
-0.918 6.65326e-13
-0.916 7.73763e-13
-0.914 8.96747e-13
-0.912 1.04646e-12
-0.91 1.21484e-12
-0.908 1.40922e-12
-0.906 1.63468e-12
-0.904 1.89923e-12
-0.902 2.19685e-12
-0.9 2.55311e-12
-0.898 2.95865e-12
-0.896 3.42429e-12
-0.894 3.96763e-12
-0.892 4.59291e-12
-0.89 5.30973e-12
-0.888 6.14821e-12
-0.886 7.10891e-12
-0.884 8.22025e-12
-0.882 9.50007e-12
-0.88 1.09671e-11
-0.878 1.26618e-11
-0.876 1.46177e-11
-0.874 1.68579e-11
-0.872 1.94498e-11
-0.87 2.24179e-11
-0.868 2.58409e-11
-0.866 2.97542e-11
-0.864 3.42622e-11
-0.862 3.9438e-11
-0.86 4.53645e-11
-0.858 5.218e-11
-0.856 5.99811e-11
-0.854 6.8934e-11
-0.852 7.91672e-11
-0.85 9.09134e-11
-0.848 1.04339e-10
-0.846 1.19715e-10
-0.844 1.37297e-10
-0.842 1.57387e-10
-0.84 1.80361e-10
-0.838 2.06591e-10
-0.836 2.36552e-10
-0.834 2.70742e-10
-0.832 3.09759e-10
-0.83 3.54254e-10
-0.828 4.04969e-10
-0.826 4.62777e-10
-0.824 5.28612e-10
-0.822 6.03573e-10
-0.82 6.88896e-10
-0.818 7.85962e-10
-0.816 8.96338e-10
-0.814 1.02182e-09
-0.812 1.16439e-09
-0.81 1.32633e-09
-0.808 1.51019e-09
-0.806 1.71884e-09
-0.804 1.95554e-09
-0.802 2.22395e-09
-0.8 2.52819e-09
-0.798 2.87289e-09
-0.796 3.26329e-09
-0.794 3.70526e-09
-0.792 4.20541e-09
-0.79 4.77116e-09
-0.788 5.41085e-09
-0.786 6.13386e-09
-0.784 6.9507e-09
-0.782 7.87317e-09
-0.78 8.91449e-09
-0.778 1.00895e-08
-0.776 1.14148e-08
-0.774 1.29091e-08
-0.772 1.45931e-08
-0.77 1.64902e-08
-0.768 1.86265e-08
-0.766 2.10311e-08
-0.764 2.37367e-08
-0.762 2.67796e-08
-0.76 3.02005e-08
-0.758 3.40448e-08
-0.756 3.83631e-08
-0.754 4.32118e-08
-0.752 4.86539e-08
-0.75 5.47594e-08
-0.748 6.16065e-08
-0.746 6.92821e-08
-0.744 7.78828e-08
-0.742 8.75162e-08
-0.74 9.83017e-08
-0.738 1.10372e-07
-0.736 1.23876e-07
-0.734 1.38975e-07
-0.732 1.55853e-07
-0.73 1.74711e-07
-0.728 1.95772e-07
-0.726 2.19285e-07
-0.724 2.45523e-07
-0.722 2.7479e-07
-0.72 3.07424e-07
-0.718 3.43795e-07
-0.716 3.84316e-07
-0.714 4.29441e-07
-0.712 4.79672e-07
-0.71 5.35564e-07
-0.708 5.97731e-07
-0.706 6.66846e-07
-0.704 7.43655e-07
-0.702 8.2898e-07
-0.7 9.23726e-07
-0.698 1.02889e-06
-0.696 1.14557e-06
-0.694 1.27496e-06
-0.692 1.41841e-06
-0.69 1.57736e-06
-0.688 1.75343e-06
-0.686 1.94837e-06
-0.684 2.16412e-06
-0.682 2.40279e-06
-0.68 2.66672e-06
-0.678 2.95846e-06
-0.676 3.2808e-06
-0.674 3.63681e-06
-0.672 4.02984e-06
-0.67 4.46355e-06
-0.668 4.94197e-06
-0.666 5.46948e-06
-0.664 6.05088e-06
-0.662 6.69139e-06
-0.66 7.39675e-06
-0.658 8.1732e-06
-0.656 9.02754e-06
-0.654 9.96719e-06
-0.652 1.10003e-05
-0.65 1.21355e-05
-0.648 1.33826e-05
-0.646 1.4752e-05
-0.644 1.62549e-05
-0.642 1.79038e-05
-0.64 1.97121e-05
-0.638 2.16944e-05
-0.636 2.38664e-05
-0.634 2.62454e-05
-0.632 2.88501e-05
-0.63 3.17005e-05
-0.628 3.48186e-05
-0.626 3.82281e-05
-0.624 4.19547e-05
-0.622 4.60261e-05
-0.62 5.04725e-05
-0.618 5.53263e-05
-0.616 6.06226e-05
-0.614 6.63993e-05
-0.612 7.26975e-05
-0.61 7.95611e-05
-0.608 8.7038e-05
-0.606 9.51795e-05
-0.604 0.000104041
-0.602 0.000113682
-0.6 0.000124167
-0.598 0.000135564
-0.596 0.000147948
-0.594 0.000161399
-0.592 0.000176003
-0.59 0.000191851
-0.588 0.000209043
-0.586 0.000227684
-0.584 0.000247889
-0.582 0.000269778
-0.58 0.000293483
-0.578 0.000319143
-0.576 0.000346908
-0.574 0.000376937
-0.572 0.000409402
-0.57 0.000444486
-0.568 0.000482383
-0.566 0.000523301
-0.564 0.000567464
-0.562 0.000615107
-0.56 0.000666484
-0.558 0.000721864
-0.556 0.000781532
-0.554 0.000845794
-0.552 0.000914974
-0.55 0.000989417
-0.548 0.00106949
-0.546 0.00115558
-0.544 0.0012481
-0.542 0.00134748
-0.54 0.0014542
-0.538 0.00156875
-0.536 0.00169164
-0.534 0.00182343
-0.532 0.0019647
-0.53 0.00211606
-0.528 0.00227818
-0.526 0.00245174
-0.524 0.00263746
-0.522 0.00283612
-0.52 0.00304852
-0.518 0.00327552
-0.516 0.00351802
-0.514 0.00377695
-0.512 0.00405332
-0.51 0.00434818
-0.508 0.00466262
-0.506 0.00499779
-0.504 0.00535492
-0.502 0.00573528
-0.5 0.00614019
-0.498 0.00657107
-0.496 0.00702936
-0.494 0.00751661
-0.492 0.00803443
-0.49 0.00858448
-0.488 0.00916852
-0.486 0.00978838
-0.484 0.010446
-0.482 0.0111433
-0.48 0.0118824
-0.478 0.0126654
-0.476 0.0134947
-0.474 0.0143725
-0.472 0.0153013
-0.47 0.0162835
-0.468 0.017322
-0.466 0.0184192
-0.464 0.0195782
-0.462 0.0208017
-0.46 0.0220929
-0.458 0.0234548
-0.456 0.0248907
-0.454 0.026404
-0.452 0.027998
-0.45 0.0296765
-0.448 0.031443
-0.446 0.0333012
-0.444 0.0352553
-0.442 0.037309
-0.44 0.0394666
-0.438 0.0417323
-0.436 0.0441104
-0.434 0.0466053
-0.432 0.0492217
-0.43 0.0519642
-0.428 0.0548375
-0.426 0.0578466
-0.424 0.0609964
-0.422 0.064292
-0.42 0.0677385
-0.418 0.0713413
-0.416 0.0751056
-0.414 0.079037
-0.412 0.0831408
-0.41 0.0874228
-0.408 0.0918885
-0.406 0.0965437
-0.404 0.101394
-0.402 0.106446
-0.4 0.111704
-0.398 0.117176
-0.396 0.122866
-0.394 0.128781
-0.392 0.134927
-0.39 0.14131
-0.388 0.147936
-0.386 0.15481
-0.384 0.161939
-0.382 0.169328
-0.38 0.176984
-0.378 0.184912
-0.376 0.193118
-0.374 0.201607
-0.372 0.210385
-0.37 0.219458
-0.368 0.228831
-0.366 0.238508
-0.364 0.248495
-0.362 0.258797
-0.36 0.269418
-0.358 0.280363
-0.356 0.291636
-0.354 0.30324
-0.352 0.315181
-0.35 0.327461
-0.348 0.340083
-0.346 0.35305
-0.344 0.366365
-0.342 0.380031
-0.34 0.394048
-0.338 0.408419
-0.336 0.423145
-0.334 0.438227
-0.332 0.453665
-0.33 0.469459
-0.328 0.485608
-0.326 0.502112
-0.324 0.51897
-0.322 0.536179
-0.32 0.553737
-0.318 0.571642
-0.316 0.589889
-0.314 0.608476
-0.312 0.627398
-0.31 0.646649
-0.308 0.666225
-0.306 0.686118
-0.304 0.706324
-0.302 0.726834
-0.3 0.747641
-0.298 0.768735
-0.296 0.79011
-0.294 0.811753
-0.292 0.833657
-0.29 0.85581
-0.288 0.8782
-0.286 0.900816
-0.284 0.923645
-0.282 0.946675
-0.28 0.969891
-0.278 0.993279
-0.276 1.01683
-0.274 1.04051
-0.272 1.06433
-0.27 1.08826
-0.268 1.11228
-0.266 1.13637
-0.264 1.16053
-0.262 1.18472
-0.26 1.20894
-0.258 1.23316
-0.256 1.25736
-0.254 1.28153
-0.252 1.30564
-0.25 1.32968
-0.248 1.35361
-0.246 1.37743
-0.244 1.40111
-0.242 1.42463
-0.24 1.44797
-0.238 1.4711
-0.236 1.49401
-0.234 1.51668
-0.232 1.53907
-0.23 1.56117
-0.228 1.58297
-0.226 1.60442
-0.224 1.62553
-0.222 1.64626
-0.22 1.66659
-0.218 1.6865
-0.216 1.70598
-0.214 1.725
-0.212 1.74354
-0.21 1.76158
-0.208 1.7791
-0.206 1.7961
-0.204 1.81253
-0.202 1.8284
-0.2 1.84368
-0.198 1.85836
-0.196 1.87242
-0.194 1.88585
-0.192 1.89863
-0.19 1.91074
-0.188 1.92219
-0.186 1.93295
-0.184 1.94301
-0.182 1.95236
-0.18 1.961
-0.178 1.96892
-0.176 1.9761
-0.174 1.98255
-0.172 1.98825
-0.17 1.9932
-0.168 1.99741
-0.166 2.00086
-0.164 2.00355
-0.162 2.00549
-0.16 2.00667
-0.158 2.0071
-0.156 2.00678
-0.154 2.00571
-0.152 2.00389
-0.15 2.00134
-0.148 1.99807
-0.146 1.99407
-0.144 1.98935
-0.142 1.98394
-0.14 1.97783
-0.138 1.97104
-0.136 1.96359
-0.134 1.95548
-0.132 1.94673
-0.13 1.93736
-0.128 1.92738
-0.126 1.91682
-0.124 1.90568
-0.122 1.89399
-0.12 1.88177
-0.118 1.86904
-0.116 1.85582
-0.114 1.84214
-0.112 1.82801
-0.11 1.81345
-0.108 1.7985
-0.106 1.78318
-0.104 1.7675
-0.102 1.75151
-0.1 1.73521
-0.098 1.71865
-0.096 1.70184
-0.094 1.68482
-0.092 1.6676
-0.09 1.65022
-0.088 1.63271
-0.086 1.61509
-0.084 1.59739
-0.082 1.57963
-0.08 1.56186
-0.078 1.54408
-0.076 1.52634
-0.074 1.50866
-0.072 1.49107
-0.07 1.47358
-0.068 1.45624
-0.066 1.43907
-0.064 1.42209
-0.062 1.40534
-0.06 1.38883
-0.058 1.37259
-0.056 1.35665
-0.054 1.34102
-0.052 1.32575
-0.05 1.31084
-0.048 1.29632
-0.046 1.28222
-0.044 1.26855
-0.042 1.25533
-0.04 1.24259
-0.038 1.23034
-0.036 1.21861
-0.034 1.20741
-0.032 1.19675
-0.03 1.18666
-0.028 1.17715
-0.026 1.16823
-0.024 1.15991
-0.022 1.15221
-0.02 1.14515
-0.018 1.13872
-0.016 1.13295
-0.014 1.12783
-0.012 1.12338
-0.01 1.11961
-0.008 1.11651
-0.006 1.11409
-0.004 1.11237
-0.002 1.11133
0 1.11098
0.002 1.11133
0.004 1.11237
0.006 1.11409
0.008 1.11651
0.01 1.11961
0.012 1.12338
0.014 1.12783
0.016 1.13295
0.018 1.13872
0.02 1.14515
0.022 1.15221
0.024 1.15991
0.026 1.16823
0.028 1.17715
0.03 1.18666
0.032 1.19675
0.034 1.20741
0.036 1.21861
0.038 1.23034
0.04 1.24259
0.042 1.25533
0.044 1.26855
0.046 1.28222
0.048 1.29632
0.05 1.31084
0.052 1.32575
0.054 1.34102
0.056 1.35665
0.058 1.37259
0.06 1.38883
0.062 1.40534
0.064 1.42209
0.066 1.43907
0.068 1.45624
0.07 1.47358
0.072 1.49107
0.074 1.50866
0.076 1.52634
0.078 1.54408
0.08 1.56186
0.082 1.57963
0.084 1.59739
0.086 1.61509
0.088 1.63271
0.09 1.65022
0.092 1.6676
0.094 1.68482
0.096 1.70184
0.098 1.71865
0.1 1.73521
0.102 1.75151
0.104 1.7675
0.106 1.78318
0.108 1.7985
0.11 1.81345
0.112 1.82801
0.114 1.84214
0.116 1.85582
0.118 1.86904
0.12 1.88177
0.122 1.89399
0.124 1.90568
0.126 1.91682
0.128 1.92738
0.13 1.93736
0.132 1.94673
0.134 1.95548
0.136 1.96359
0.138 1.97104
0.14 1.97783
0.142 1.98394
0.144 1.98935
0.146 1.99407
0.148 1.99807
0.15 2.00134
0.152 2.00389
0.154 2.00571
0.156 2.00678
0.158 2.0071
0.16 2.00667
0.162 2.00549
0.164 2.00355
0.166 2.00086
0.168 1.99741
0.17 1.9932
0.172 1.98825
0.174 1.98255
0.176 1.9761
0.178 1.96892
0.18 1.961
0.182 1.95236
0.184 1.94301
0.186 1.93295
0.188 1.92219
0.19 1.91074
0.192 1.89863
0.194 1.88585
0.196 1.87242
0.198 1.85836
0.2 1.84368
0.202 1.8284
0.204 1.81253
0.206 1.7961
0.208 1.7791
0.21 1.76158
0.212 1.74354
0.214 1.725
0.216 1.70598
0.218 1.6865
0.22 1.66659
0.222 1.64626
0.224 1.62553
0.226 1.60442
0.228 1.58297
0.23 1.56117
0.232 1.53907
0.234 1.51668
0.236 1.49401
0.238 1.4711
0.24 1.44797
0.242 1.42463
0.244 1.40111
0.246 1.37743
0.248 1.35361
0.25 1.32968
0.252 1.30564
0.254 1.28153
0.256 1.25736
0.258 1.23316
0.26 1.20894
0.262 1.18472
0.264 1.16053
0.266 1.13637
0.268 1.11228
0.27 1.08826
0.272 1.06433
0.274 1.04051
0.276 1.01683
0.278 0.993279
0.28 0.969891
0.282 0.946675
0.284 0.923645
0.286 0.900816
0.288 0.8782
0.29 0.85581
0.292 0.833657
0.294 0.811753
0.296 0.79011
0.298 0.768735
0.3 0.747641
0.302 0.726834
0.304 0.706324
0.306 0.686118
0.308 0.666225
0.31 0.646649
0.312 0.627398
0.314 0.608476
0.316 0.589889
0.318 0.571642
0.32 0.553737
0.322 0.536179
0.324 0.51897
0.326 0.502112
0.328 0.485608
0.33 0.469459
0.332 0.453665
0.334 0.438227
0.336 0.423145
0.338 0.408419
0.34 0.394048
0.342 0.380031
0.344 0.366365
0.346 0.35305
0.348 0.340083
0.35 0.327461
0.352 0.315181
0.354 0.30324
0.356 0.291636
0.358 0.280363
0.36 0.269418
0.362 0.258797
0.364 0.248495
0.366 0.238508
0.368 0.228831
0.37 0.219458
0.372 0.210385
0.374 0.201607
0.376 0.193118
0.378 0.184912
0.38 0.176984
0.382 0.169328
0.384 0.161939
0.386 0.15481
0.388 0.147936
0.39 0.14131
0.392 0.134927
0.394 0.128781
0.396 0.122866
0.398 0.117176
0.4 0.111704
0.402 0.106446
0.404 0.101394
0.406 0.0965437
0.408 0.0918885
0.41 0.0874228
0.412 0.0831408
0.414 0.079037
0.416 0.0751056
0.418 0.0713413
0.42 0.0677385
0.422 0.064292
0.424 0.0609964
0.426 0.0578466
0.428 0.0548375
0.43 0.0519642
0.432 0.0492217
0.434 0.0466053
0.436 0.0441104
0.438 0.0417323
0.44 0.0394666
0.442 0.037309
0.444 0.0352553
0.446 0.0333012
0.448 0.031443
0.45 0.0296765
0.452 0.027998
0.454 0.026404
0.456 0.0248907
0.458 0.0234548
0.46 0.0220929
0.462 0.0208017
0.464 0.0195782
0.466 0.0184192
0.468 0.017322
0.47 0.0162835
0.472 0.0153013
0.474 0.0143725
0.476 0.0134947
0.478 0.0126654
0.48 0.0118824
0.482 0.0111433
0.484 0.010446
0.486 0.00978838
0.488 0.00916852
0.49 0.00858448
0.492 0.00803443
0.494 0.00751661
0.496 0.00702936
0.498 0.00657107
0.5 0.00614019
0.502 0.00573528
0.504 0.00535492
0.506 0.00499779
0.508 0.00466262
0.51 0.00434818
0.512 0.00405332
0.514 0.00377695
0.516 0.00351802
0.518 0.00327552
0.52 0.00304852
0.522 0.00283612
0.524 0.00263746
0.526 0.00245174
0.528 0.00227818
0.53 0.00211606
0.532 0.0019647
0.534 0.00182343
0.536 0.00169164
0.538 0.00156875
0.54 0.0014542
0.542 0.00134748
0.544 0.0012481
0.546 0.00115558
0.548 0.00106949
0.55 0.000989417
0.552 0.000914974
0.554 0.000845794
0.556 0.000781532
0.558 0.000721864
0.56 0.000666484
0.562 0.000615107
0.564 0.000567464
0.566 0.000523301
0.568 0.000482383
0.57 0.000444486
0.572 0.000409402
0.574 0.000376937
0.576 0.000346908
0.578 0.000319143
0.58 0.000293483
0.582 0.000269778
0.584 0.000247889
0.586 0.000227684
0.588 0.000209043
0.59 0.000191851
0.592 0.000176003
0.594 0.000161399
0.596 0.000147948
0.598 0.000135564
0.6 0.000124167
0.602 0.000113682
0.604 0.000104041
0.606 9.51795e-05
0.608 8.7038e-05
0.61 7.95611e-05
0.612 7.26975e-05
0.614 6.63993e-05
0.616 6.06226e-05
0.618 5.53263e-05
0.62 5.04725e-05
0.622 4.60261e-05
0.624 4.19547e-05
0.626 3.82281e-05
0.628 3.48186e-05
0.63 3.17005e-05
0.632 2.88501e-05
0.634 2.62454e-05
0.636 2.38664e-05
0.638 2.16944e-05
0.64 1.97121e-05
0.642 1.79038e-05
0.644 1.62549e-05
0.646 1.4752e-05
0.648 1.33826e-05
0.65 1.21355e-05
0.652 1.10003e-05
0.654 9.96719e-06
0.656 9.02754e-06
0.658 8.1732e-06
0.66 7.39675e-06
0.662 6.69139e-06
0.664 6.05088e-06
0.666 5.46948e-06
0.668 4.94197e-06
0.67 4.46355e-06
0.672 4.02984e-06
0.674 3.63681e-06
0.676 3.2808e-06
0.678 2.95846e-06
0.68 2.66672e-06
0.682 2.40279e-06
0.684 2.16412e-06
0.686 1.94837e-06
0.688 1.75343e-06
0.69 1.57736e-06
0.692 1.41841e-06
0.694 1.27496e-06
0.696 1.14557e-06
0.698 1.02889e-06
0.7 9.23726e-07
0.702 8.2898e-07
0.704 7.43655e-07
0.706 6.66846e-07
0.708 5.97731e-07
0.71 5.35564e-07
0.712 4.79672e-07
0.714 4.29441e-07
0.716 3.84316e-07
0.718 3.43795e-07
0.72 3.07424e-07
0.722 2.7479e-07
0.724 2.45523e-07
0.726 2.19285e-07
0.728 1.95772e-07
0.73 1.74711e-07
0.732 1.55853e-07
0.734 1.38975e-07
0.736 1.23876e-07
0.738 1.10372e-07
0.74 9.83017e-08
0.742 8.75162e-08
0.744 7.78828e-08
0.746 6.92821e-08
0.748 6.16065e-08
0.75 5.47594e-08
0.752 4.86539e-08
0.754 4.32118e-08
0.756 3.83631e-08
0.758 3.40448e-08
0.76 3.02005e-08
0.762 2.67796e-08
0.764 2.37367e-08
0.766 2.10311e-08
0.768 1.86265e-08
0.77 1.64902e-08
0.772 1.45931e-08
0.774 1.29091e-08
0.776 1.14148e-08
0.778 1.00895e-08
0.78 8.91449e-09
0.782 7.87316e-09
0.784 6.9507e-09
0.786 6.13386e-09
0.788 5.41085e-09
0.79 4.77116e-09
0.792 4.2054e-09
0.794 3.70526e-09
0.796 3.26329e-09
0.798 2.87289e-09
0.8 2.52818e-09
0.802 2.22395e-09
0.804 1.95554e-09
0.806 1.71884e-09
0.808 1.51019e-09
0.81 1.32632e-09
0.812 1.16439e-09
0.814 1.02181e-09
0.816 8.96343e-10
0.818 7.85959e-10
0.82 6.88889e-10
0.822 6.03573e-10
0.824 5.28606e-10
0.826 4.62775e-10
0.828 4.04974e-10
0.83 3.54252e-10
0.832 3.09762e-10
0.834 2.70735e-10
0.836 2.36551e-10
0.838 2.0659e-10
0.84 1.8035e-10
0.842 1.57383e-10
0.844 1.37287e-10
0.846 1.19712e-10
0.848 1.04341e-10
0.85 9.09065e-11
0.852 7.91733e-11
0.854 6.89299e-11
0.856 5.99721e-11
0.858 5.21767e-11
0.86 4.53672e-11
0.862 3.94327e-11
0.864 3.42606e-11
0.866 2.97572e-11
0.868 2.5832e-11
0.87 2.24141e-11
0.872 1.94502e-11
0.874 1.6862e-11
0.876 1.46151e-11
0.878 1.26603e-11
0.88 1.0966e-11
0.882 9.49218e-12
0.884 8.21945e-12
0.886 7.10529e-12
0.888 6.14859e-12
0.89 5.3127e-12
0.892 4.59219e-12
0.894 3.96746e-12
0.896 3.42278e-12
0.898 2.95644e-12
0.9 2.54671e-12
0.902 2.1986e-12
0.904 1.89372e-12
0.906 1.63209e-12
0.908 1.40528e-12
0.91 1.20917e-12
0.912 1.04465e-12
0.914 8.96571e-13
0.916 7.68419e-13
0.918 6.62844e-13
0.92 5.70305e-13
0.922 4.92433e-13
0.924 4.23631e-13
0.926 3.59375e-13
0.928 3.12557e-13
0.93 2.65427e-13
0.932 2.31229e-13
0.934 1.95659e-13
0.936 1.68073e-13
0.938 1.48953e-13
0.94 1.20751e-13
0.942 1.09975e-13
0.944 8.79389e-14
0.946 8.13117e-14
0.948 6.80687e-14
0.95 6.30877e-14
0.952 4.97272e-14
0.954 4.17664e-14
0.956 3.59265e-14
0.958 3.4249e-14
0.96 2.44901e-14
0.962 2.21978e-14
0.964 2.86e-14
0.966 2.17448e-14
0.968 1.76445e-14
0.97 1.2794e-14
0.972 1.58206e-14
0.974 8.07004e-15
0.976 1.28996e-14
0.978 7.01214e-15
0.98 1.05483e-14
0.982 3.48447e-15
0.984 7.95932e-15
0.986 1.04149e-14
0.988 4.42928e-15
0.99 6.20564e-15
0.992 2.94192e-15
0.994 6.87304e-15
0.996 6.99089e-15
0.998 7.15615e-15
