-1 0.670399
-0.99 0.670367
-0.98 0.670045
-0.97 0.669677
-0.96 0.668984
-0.95 0.668299
-0.94 0.667219
-0.93 0.666233
-0.92 0.664759
-0.91 0.663481
-0.9 0.661617
-0.89 0.660039
-0.88 0.657812
-0.87 0.655903
-0.86 0.653367
-0.85 0.651072
-0.84 0.648303
-0.83 0.645556
-0.82 0.642624
-0.81 0.639391
-0.8 0.636308
-0.79 0.632641
-0.78 0.629318
-0.77 0.625373
-0.76 0.621639
-0.75 0.617603
-0.74 0.613339
-0.73 0.609258
-0.72 0.604564
-0.71 0.600234
-0.7 0.595418
-0.69 0.590561
-0.68 0.585808
-0.67 0.580471
-0.66 0.575528
-0.65 0.570144
-0.64 0.564624
-0.63 0.559375
-0.62 0.553487
-0.61 0.547886
-0.6 0.542195
-0.59 0.536
-0.58 0.530263
-0.57 0.524155
-0.56 0.51776
-0.55 0.511835
-0.54 0.505407
-0.53 0.498827
-0.52 0.492718
-0.51 0.486078
-0.5 0.479285
-0.49 0.473018
-0.48 0.466294
-0.47 0.459255
-0.46 0.452805
-0.45 0.446164
-0.44 0.438927
-0.43 0.432139
-0.42 0.425686
-0.41 0.418561
-0.4 0.411256
-0.39 0.404669
-0.38 0.398135
-0.37 0.390812
-0.36 0.383387
-0.35 0.376801
-0.34 0.370568
-0.33 0.363567
-0.32 0.355765
-0.31 0.348342
-0.3 0.342429
-0.29 0.33823
-0.28 0.33521
-0.27 0.332722
-0.26 0.330379
-0.25 0.328057
-0.24 0.325754
-0.23 0.323494
-0.22 0.321293
-0.21 0.319157
-0.2 0.317089
-0.19 0.315094
-0.18 0.313175
-0.17 0.311337
-0.16 0.309583
-0.15 0.307917
-0.14 0.306342
-0.13 0.304862
-0.12 0.303478
-0.11 0.302195
-0.1 0.301015
-0.09 0.29994
-0.08 0.298972
-0.07 0.298113
-0.06 0.297365
-0.05 0.29673
-0.04 0.296208
-0.03 0.295801
-0.02 0.29551
-0.01 0.295335
0 0.295277
0.01 0.295335
0.02 0.29551
0.03 0.295801
0.04 0.296208
0.05 0.29673
0.06 0.297365
0.07 0.298113
0.08 0.298972
0.09 0.29994
0.1 0.301015
0.11 0.302195
0.12 0.303478
0.13 0.304862
0.14 0.306342
0.15 0.307917
0.16 0.309583
0.17 0.311337
0.18 0.313175
0.19 0.315094
0.2 0.317089
0.21 0.319157
0.22 0.321293
0.23 0.323494
0.24 0.325754
0.25 0.328057
0.26 0.330379
0.27 0.332722
0.28 0.33521
0.29 0.33823
0.3 0.342429
0.31 0.348342
0.32 0.355765
0.33 0.363567
0.34 0.370568
0.35 0.376801
0.36 0.383387
0.37 0.390812
0.38 0.398135
0.39 0.404669
0.4 0.411256
0.41 0.418561
0.42 0.425686
0.43 0.432139
0.44 0.438927
0.45 0.446164
0.46 0.452805
0.47 0.459255
0.48 0.466294
0.49 0.473018
0.5 0.479285
0.51 0.486078
0.52 0.492718
0.53 0.498827
0.54 0.505407
0.55 0.511835
0.56 0.51776
0.57 0.524155
0.58 0.530263
0.59 0.536
0.6 0.542195
0.61 0.547886
0.62 0.553487
0.63 0.559375
0.64 0.564624
0.65 0.570144
0.66 0.575528
0.67 0.580471
0.68 0.585808
0.69 0.590561
0.7 0.595418
0.71 0.600234
0.72 0.604564
0.73 0.609258
0.74 0.613339
0.75 0.617603
0.76 0.621639
0.77 0.625373
0.78 0.629318
0.79 0.632641
0.8 0.636308
0.81 0.639391
0.82 0.642624
0.83 0.645556
0.84 0.648303
0.85 0.651072
0.86 0.653367
0.87 0.655903
0.88 0.657812
0.89 0.660039
0.9 0.661617
0.91 0.663481
0.92 0.664759
0.93 0.666233
0.94 0.667219
0.95 0.668299
0.96 0.668984
0.97 0.669677
0.98 0.670045
0.99 0.670367
