-1 0.445279
-0.99 0.445352
-0.98 0.445329
-0.97 0.445488
-0.96 0.445479
-0.95 0.445754
-0.94 0.445729
-0.93 0.446137
-0.92 0.446083
-0.91 0.446609
-0.9 0.446557
-0.89 0.447128
-0.88 0.447171
-0.87 0.447651
-0.86 0.447921
-0.85 0.448179
-0.84 0.448735
-0.83 0.448786
-0.82 0.449466
-0.81 0.449579
-0.8 0.450019
-0.79 0.450497
-0.78 0.450546
-0.77 0.451224
-0.76 0.451326
-0.75 0.451591
-0.74 0.452164
-0.73 0.452053
-0.72 0.452465
-0.71 0.452826
-0.7 0.452593
-0.69 0.452996
-0.68 0.45321
-0.67 0.452812
-0.66 0.453053
-0.65 0.453259
-0.64 0.452659
-0.63 0.452478
-0.62 0.452775
-0.61 0.452249
-0.6 0.451306
-0.59 0.451187
-0.58 0.45135
-0.57 0.450477
-0.56 0.448829
-0.55 0.447957
-0.54 0.448854
-0.53 0.451269
-0.52 0.454402
-0.51 0.457658
-0.5 0.460813
-0.49 0.463842
-0.48 0.466769
-0.47 0.469603
-0.46 0.472349
-0.45 0.475006
-0.44 0.477573
-0.43 0.480053
-0.42 0.482444
-0.41 0.484749
-0.4 0.486967
-0.39 0.489101
-0.38 0.491151
-0.37 0.493118
-0.36 0.495004
-0.35 0.49681
-0.34 0.498537
-0.33 0.500188
-0.32 0.501764
-0.31 0.503265
-0.3 0.504695
-0.29 0.506055
-0.28 0.507346
-0.27 0.50857
-0.26 0.50973
-0.25 0.510827
-0.24 0.511862
-0.23 0.512839
-0.22 0.513757
-0.21 0.51462
-0.2 0.51543
-0.19 0.516187
-0.18 0.516893
-0.17 0.517551
-0.16 0.518162
-0.15 0.518727
-0.14 0.519248
-0.13 0.519727
-0.12 0.520164
-0.11 0.520562
-0.1 0.52092
-0.09 0.521241
-0.08 0.521526
-0.07 0.521775
-0.06 0.521989
-0.05 0.522168
-0.04 0.522315
-0.03 0.522428
-0.02 0.522508
-0.01 0.522557
0 0.522573
0.01 0.522557
0.02 0.522508
0.03 0.522428
0.04 0.522315
0.05 0.522168
0.06 0.521989
0.07 0.521775
0.08 0.521526
0.09 0.521241
0.1 0.52092
0.11 0.520562
0.12 0.520164
0.13 0.519727
0.14 0.519248
0.15 0.518727
0.16 0.518162
0.17 0.517551
0.18 0.516893
0.19 0.516187
0.2 0.51543
0.21 0.51462
0.22 0.513757
0.23 0.512839
0.24 0.511862
0.25 0.510827
0.26 0.50973
0.27 0.50857
0.28 0.507346
0.29 0.506055
0.3 0.504695
0.31 0.503265
0.32 0.501764
0.33 0.500188
0.34 0.498537
0.35 0.49681
0.36 0.495004
0.37 0.493118
0.38 0.491151
0.39 0.489101
0.4 0.486967
0.41 0.484749
0.42 0.482444
0.43 0.480053
0.44 0.477573
0.45 0.475006
0.46 0.472349
0.47 0.469603
0.48 0.466769
0.49 0.463842
0.5 0.460813
0.51 0.457658
0.52 0.454402
0.53 0.451269
0.54 0.448854
0.55 0.447957
0.56 0.448829
0.57 0.450477
0.58 0.45135
0.59 0.451187
0.6 0.451306
0.61 0.452249
0.62 0.452775
0.63 0.452478
0.64 0.452659
0.65 0.453259
0.66 0.453053
0.67 0.452812
0.68 0.45321
0.69 0.452996
0.7 0.452593
0.71 0.452826
0.72 0.452465
0.73 0.452053
0.74 0.452164
0.75 0.451591
0.76 0.451326
0.77 0.451224
0.78 0.450546
0.79 0.450497
0.8 0.450019
0.81 0.449579
0.82 0.449466
0.83 0.448786
0.84 0.448735
0.85 0.448179
0.86 0.447921
0.87 0.447651
0.88 0.447171
0.89 0.447128
0.9 0.446557
0.91 0.446609
0.92 0.446083
0.93 0.446137
0.94 0.445729
0.95 0.445754
0.96 0.445479
0.97 0.445488
0.98 0.445329
0.99 0.445352
