-1 1.11098
-0.998 1.11133
-0.996 1.11237
-0.994 1.11409
-0.992 1.11651
-0.99 1.11961
-0.988 1.12338
-0.986 1.12783
-0.984 1.13295
-0.982 1.13872
-0.98 1.14515
-0.978 1.15221
-0.976 1.15991
-0.974 1.16823
-0.972 1.17715
-0.97 1.18666
-0.968 1.19675
-0.966 1.20741
-0.964 1.21861
-0.962 1.23034
-0.96 1.24259
-0.958 1.25533
-0.956 1.26855
-0.954 1.28222
-0.952 1.29632
-0.95 1.31084
-0.948 1.32575
-0.946 1.34102
-0.944 1.35665
-0.942 1.37259
-0.94 1.38883
-0.938 1.40534
-0.936 1.42209
-0.934 1.43907
-0.932 1.45624
-0.93 1.47358
-0.928 1.49107
-0.926 1.50866
-0.924 1.52634
-0.922 1.54408
-0.92 1.56186
-0.918 1.57963
-0.916 1.59739
-0.914 1.61509
-0.912 1.63271
-0.91 1.65022
-0.908 1.6676
-0.906 1.68482
-0.904 1.70184
-0.902 1.71865
-0.9 1.73521
-0.898 1.75151
-0.896 1.7675
-0.894 1.78318
-0.892 1.7985
-0.89 1.81345
-0.888 1.82801
-0.886 1.84214
-0.884 1.85582
-0.882 1.86904
-0.88 1.88177
-0.878 1.89399
-0.876 1.90568
-0.874 1.91682
-0.872 1.92738
-0.87 1.93736
-0.868 1.94673
-0.866 1.95548
-0.864 1.96359
-0.862 1.97104
-0.86 1.97783
-0.858 1.98394
-0.856 1.98935
-0.854 1.99407
-0.852 1.99807
-0.85 2.00135
-0.848 2.00389
-0.846 2.00571
-0.844 2.00678
-0.842 2.0071
-0.84 2.00667
-0.838 2.00549
-0.836 2.00355
-0.834 2.00086
-0.832 1.99741
-0.83 1.9932
-0.828 1.98825
-0.826 1.98255
-0.824 1.9761
-0.822 1.96892
-0.82 1.961
-0.818 1.95236
-0.816 1.94301
-0.814 1.93295
-0.812 1.92219
-0.81 1.91074
-0.808 1.89863
-0.806 1.88585
-0.804 1.87242
-0.802 1.85836
-0.8 1.84368
-0.798 1.8284
-0.796 1.81253
-0.794 1.7961
-0.792 1.7791
-0.79 1.76158
-0.788 1.74354
-0.786 1.725
-0.784 1.70598
-0.782 1.6865
-0.78 1.66659
-0.778 1.64626
-0.776 1.62553
-0.774 1.60442
-0.772 1.58297
-0.77 1.56117
-0.768 1.53907
-0.766 1.51668
-0.764 1.49401
-0.762 1.4711
-0.76 1.44797
-0.758 1.42463
-0.756 1.40111
-0.754 1.37743
-0.752 1.35361
-0.75 1.32968
-0.748 1.30564
-0.746 1.28153
-0.744 1.25736
-0.742 1.23316
-0.74 1.20894
-0.738 1.18472
-0.736 1.16053
-0.734 1.13637
-0.732 1.11228
-0.73 1.08826
-0.728 1.06433
-0.726 1.04051
-0.724 1.01683
-0.722 0.993279
-0.72 0.969891
-0.718 0.946675
-0.716 0.923645
-0.714 0.900816
-0.712 0.8782
-0.71 0.85581
-0.708 0.833657
-0.706 0.811753
-0.704 0.79011
-0.702 0.768735
-0.7 0.747641
-0.698 0.726834
-0.696 0.706324
-0.694 0.686119
-0.692 0.666225
-0.69 0.646649
-0.688 0.627398
-0.686 0.608476
-0.684 0.589889
-0.682 0.571642
-0.68 0.553737
-0.678 0.536179
-0.676 0.51897
-0.674 0.502112
-0.672 0.485608
-0.67 0.469459
-0.668 0.453665
-0.666 0.438227
-0.664 0.423145
-0.662 0.408419
-0.66 0.394048
-0.658 0.380031
-0.656 0.366365
-0.654 0.35305
-0.652 0.340083
-0.65 0.327461
-0.648 0.315181
-0.646 0.30324
-0.644 0.291636
-0.642 0.280363
-0.64 0.269418
-0.638 0.258797
-0.636 0.248495
-0.634 0.238508
-0.632 0.228831
-0.63 0.219458
-0.628 0.210385
-0.626 0.201607
-0.624 0.193118
-0.622 0.184912
-0.62 0.176984
-0.618 0.169328
-0.616 0.161939
-0.614 0.15481
-0.612 0.147936
-0.61 0.14131
-0.608 0.134927
-0.606 0.128782
-0.604 0.122866
-0.602 0.117176
-0.6 0.111704
-0.598 0.106446
-0.596 0.101394
-0.594 0.0965438
-0.592 0.0918885
-0.59 0.0874228
-0.588 0.0831408
-0.586 0.079037
-0.584 0.0751056
-0.582 0.0713413
-0.58 0.0677386
-0.578 0.064292
-0.576 0.0609964
-0.574 0.0578466
-0.572 0.0548376
-0.57 0.0519642
-0.568 0.0492217
-0.566 0.0466053
-0.564 0.0441104
-0.562 0.0417323
-0.56 0.0394666
-0.558 0.037309
-0.556 0.0352553
-0.554 0.0333012
-0.552 0.0314429
-0.55 0.0296765
-0.548 0.027998
-0.546 0.026404
-0.544 0.0248907
-0.542 0.0234548
-0.54 0.0220929
-0.538 0.0208017
-0.536 0.0195782
-0.534 0.0184192
-0.532 0.017322
-0.53 0.0162835
-0.528 0.0153013
-0.526 0.0143725
-0.524 0.0134947
-0.522 0.0126654
-0.52 0.0118824
-0.518 0.0111433
-0.516 0.010446
-0.514 0.00978837
-0.512 0.00916851
-0.51 0.00858447
-0.508 0.00803442
-0.506 0.00751661
-0.504 0.00702936
-0.502 0.00657106
-0.5 0.00614019
-0.498 0.00573527
-0.496 0.00535492
-0.494 0.00499779
-0.492 0.00466261
-0.49 0.00434817
-0.488 0.00405332
-0.486 0.00377694
-0.484 0.00351801
-0.482 0.00327552
-0.48 0.00304852
-0.478 0.00283612
-0.476 0.00263746
-0.474 0.00245173
-0.472 0.00227818
-0.47 0.00211606
-0.468 0.00196469
-0.466 0.00182342
-0.464 0.00169164
-0.462 0.00156875
-0.46 0.0014542
-0.458 0.00134748
-0.456 0.00124809
-0.454 0.00115557
-0.452 0.00106948
-0.45 0.000989413
-0.448 0.000914971
-0.446 0.000845791
-0.444 0.000781529
-0.442 0.000721861
-0.44 0.000666482
-0.438 0.000615105
-0.436 0.000567462
-0.434 0.000523299
-0.432 0.000482381
-0.43 0.000444484
-0.428 0.0004094
-0.426 0.000376935
-0.424 0.000346906
-0.422 0.000319141
-0.42 0.000293481
-0.418 0.000269777
-0.416 0.000247887
-0.414 0.000227683
-0.412 0.000209042
-0.41 0.00019185
-0.408 0.000176002
-0.406 0.000161398
-0.404 0.000147947
-0.402 0.000135563
-0.4 0.000124166
-0.398 0.000113681
-0.396 0.00010404
-0.394 9.51787e-05
-0.392 8.70373e-05
-0.39 7.95604e-05
-0.388 7.26968e-05
-0.386 6.63987e-05
-0.384 6.0622e-05
-0.382 5.53257e-05
-0.38 5.0472e-05
-0.378 4.60256e-05
-0.376 4.19542e-05
-0.374 3.82276e-05
-0.372 3.48182e-05
-0.37 3.17001e-05
-0.368 2.88497e-05
-0.366 2.62451e-05
-0.364 2.38661e-05
-0.362 2.16941e-05
-0.36 1.97119e-05
-0.358 1.79036e-05
-0.356 1.62547e-05
-0.354 1.47517e-05
-0.352 1.33824e-05
-0.35 1.21353e-05
-0.348 1.10001e-05
-0.346 9.96703e-06
-0.344 9.02739e-06
-0.342 8.17306e-06
-0.34 7.39663e-06
-0.338 6.69127e-06
-0.336 6.05077e-06
-0.334 5.46938e-06
-0.332 4.94188e-06
-0.33 4.46347e-06
-0.328 4.02976e-06
-0.326 3.63674e-06
-0.324 3.28073e-06
-0.322 2.9584e-06
-0.32 2.66666e-06
-0.318 2.40274e-06
-0.316 2.16407e-06
-0.314 1.94832e-06
-0.312 1.75339e-06
-0.31 1.57732e-06
-0.308 1.41837e-06
-0.306 1.27493e-06
-0.304 1.14553e-06
-0.302 1.02886e-06
-0.3 9.23701e-07
-0.298 8.28957e-07
-0.296 7.43634e-07
-0.294 6.66826e-07
-0.292 5.97713e-07
-0.29 5.35548e-07
-0.288 4.79657e-07
-0.286 4.29427e-07
-0.284 3.84303e-07
-0.282 3.43784e-07
-0.28 3.07413e-07
-0.278 2.74781e-07
-0.276 2.45514e-07
-0.274 2.19277e-07
-0.272 1.95765e-07
-0.27 1.74705e-07
-0.268 1.55847e-07
-0.266 1.3897e-07
-0.264 1.23871e-07
-0.262 1.10368e-07
-0.26 9.82976e-08
-0.258 8.75124e-08
-0.256 7.78794e-08
-0.254 6.9279e-08
-0.252 6.16037e-08
-0.25 5.47569e-08
-0.248 4.86516e-08
-0.246 4.32097e-08
-0.244 3.83612e-08
-0.242 3.40431e-08
-0.24 3.0199e-08
-0.238 2.67782e-08
-0.236 2.37354e-08
-0.234 2.103e-08
-0.232 1.86255e-08
-0.23 1.64893e-08
-0.228 1.45923e-08
-0.226 1.29083e-08
-0.224 1.14141e-08
-0.222 1.00889e-08
-0.22 8.91394e-09
-0.218 7.87267e-09
-0.216 6.95025e-09
-0.214 6.13346e-09
-0.212 5.41049e-09
-0.21 4.77083e-09
-0.208 4.20512e-09
-0.206 3.705e-09
-0.204 3.26305e-09
-0.202 2.87268e-09
-0.2 2.528e-09
-0.198 2.22378e-09
-0.196 1.95539e-09
-0.194 1.7187e-09
-0.192 1.51006e-09
-0.19 1.32622e-09
-0.188 1.16429e-09
-0.186 1.02173e-09
-0.184 8.96259e-10
-0.182 7.85889e-10
-0.18 6.88831e-10
-0.178 6.03516e-10
-0.176 5.28564e-10
-0.174 4.62724e-10
-0.172 4.04932e-10
-0.17 3.54214e-10
-0.168 3.09724e-10
-0.166 2.70714e-10
-0.164 2.36523e-10
-0.162 2.06566e-10
-0.16 1.80332e-10
-0.158 1.57366e-10
-0.156 1.37272e-10
-0.154 1.19694e-10
-0.152 1.04329e-10
-0.15 9.08965e-11
-0.148 7.91624e-11
-0.146 6.89128e-11
-0.144 5.9968e-11
-0.142 5.21674e-11
-0.14 4.53567e-11
-0.138 3.94257e-11
-0.136 3.42534e-11
-0.134 2.97498e-11
-0.132 2.58255e-11
-0.13 2.24113e-11
-0.128 1.94379e-11
-0.126 1.68597e-11
-0.124 1.46084e-11
-0.122 1.26582e-11
-0.12 1.09628e-11
-0.118 9.48892e-12
-0.116 8.21089e-12
-0.114 7.10666e-12
-0.112 6.14124e-12
-0.11 5.31217e-12
-0.108 4.58849e-12
-0.106 3.9614e-12
-0.104 3.42098e-12
-0.102 2.94845e-12
-0.1 2.5475e-12
-0.098 2.19466e-12
-0.096 1.89274e-12
-0.094 1.63136e-12
-0.092 1.40348e-12
-0.09 1.20486e-12
-0.088 1.04069e-12
-0.086 8.94802e-13
-0.084 7.65308e-13
-0.082 6.62191e-13
-0.08 5.66251e-13
-0.078 4.89276e-13
-0.076 4.16401e-13
-0.074 3.58997e-13
-0.072 3.0963e-13
-0.07 2.64357e-13
-0.068 2.29859e-13
-0.066 1.93019e-13
-0.064 1.67218e-13
-0.062 1.40109e-13
-0.06 1.22813e-13
-0.058 1.04834e-13
-0.056 8.919e-14
-0.054 7.90383e-14
-0.052 6.37562e-14
-0.05 5.50936e-14
-0.048 4.85284e-14
-0.046 4.15795e-14
-0.044 3.56002e-14
-0.042 2.84101e-14
-0.04 2.37241e-14
-0.038 1.9118e-14
-0.036 2.02093e-14
-0.034 1.65754e-14
-0.032 1.65591e-14
-0.03 1.00243e-14
-0.028 8.7808e-15
-0.026 8.72264e-15
-0.024 8.25997e-15
-0.022 8.07236e-15
-0.02 6.28285e-15
-0.018 4.6237e-15
-0.016 3.45331e-15
-0.014 4.3468e-15
-0.012 7.25308e-16
-0.01 2.26676e-15
-0.008 3.83994e-16
-0.006 6.15484e-15
-0.004 -2.75343e-15
-0.002 4.77925e-16
0 1.47022e-15
0.002 3.39516e-15
0.004 2.27805e-15
0.006 7.78895e-15
0.008 3.67694e-15
0.01 3.804e-15
0.012 2.43718e-15
0.014 5.23163e-15
0.016 4.24334e-15
0.018 6.92606e-15
0.02 7.44918e-15
0.022 5.91194e-15
0.024 5.30342e-15
0.026 3.00452e-15
0.028 1.35547e-14
0.03 1.15696e-14
0.032 1.45808e-14
0.034 1.65267e-14
0.036 1.99526e-14
0.038 2.07202e-14
0.04 2.40311e-14
0.042 2.51634e-14
0.044 3.41118e-14
0.046 3.72282e-14
0.048 4.96511e-14
0.05 5.57845e-14
0.052 6.36357e-14
0.054 7.52126e-14
0.056 8.87254e-14
0.058 1.04384e-13
0.06 1.24424e-13
0.062 1.44414e-13
0.064 1.69173e-13
0.066 1.94977e-13
0.068 2.29232e-13
0.07 2.642e-13
0.072 3.0794e-13
0.074 3.62272e-13
0.076 4.18388e-13
0.078 4.87744e-13
0.08 5.66519e-13
0.082 6.6112e-13
0.084 7.68216e-13
0.086 8.95705e-13
0.088 1.03786e-12
0.09 1.21099e-12
0.092 1.4038e-12
0.094 1.63239e-12
0.096 1.89317e-12
0.098 2.1934e-12
0.1 2.55006e-12
0.102 2.95259e-12
0.104 3.42087e-12
0.106 3.96159e-12
0.108 4.58727e-12
0.11 5.30822e-12
0.112 6.14469e-12
0.114 7.1045e-12
0.116 8.21339e-12
0.118 9.49139e-12
0.12 1.09641e-11
0.122 1.2659e-11
0.124 1.46086e-11
0.126 1.68551e-11
0.128 1.9439e-11
0.13 2.24129e-11
0.132 2.58258e-11
0.134 2.97476e-11
0.136 3.42537e-11
0.138 3.94259e-11
0.14 4.53567e-11
0.142 5.21651e-11
0.144 5.99717e-11
0.146 6.89127e-11
0.148 7.91627e-11
0.15 9.08971e-11
0.152 1.04324e-10
0.154 1.19695e-10
0.156 1.37276e-10
0.158 1.57369e-10
0.16 1.80331e-10
0.162 2.06568e-10
0.164 2.36523e-10
0.166 2.70716e-10
0.168 3.09724e-10
0.17 3.54215e-10
0.172 4.04933e-10
0.174 4.62726e-10
0.176 5.28559e-10
0.178 6.03517e-10
0.18 6.88828e-10
0.182 7.85888e-10
0.184 8.96259e-10
0.186 1.02173e-09
0.188 1.16429e-09
0.19 1.32622e-09
0.192 1.51006e-09
0.194 1.7187e-09
0.196 1.95539e-09
0.198 2.22378e-09
0.2 2.528e-09
0.202 2.87268e-09
0.204 3.26306e-09
0.206 3.705e-09
0.208 4.20511e-09
0.21 4.77084e-09
0.212 5.41049e-09
0.214 6.13346e-09
0.216 6.95025e-09
0.218 7.87267e-09
0.22 8.91394e-09
0.222 1.00889e-08
0.224 1.14142e-08
0.226 1.29083e-08
0.228 1.45923e-08
0.23 1.64893e-08
0.232 1.86255e-08
0.234 2.103e-08
0.236 2.37354e-08
0.238 2.67782e-08
0.24 3.0199e-08
0.242 3.40431e-08
0.244 3.83612e-08
0.246 4.32097e-08
0.248 4.86516e-08
0.25 5.47569e-08
0.252 6.16037e-08
0.254 6.9279e-08
0.256 7.78794e-08
0.258 8.75124e-08
0.26 9.82976e-08
0.262 1.10368e-07
0.264 1.23871e-07
0.266 1.3897e-07
0.268 1.55847e-07
0.27 1.74705e-07
0.272 1.95765e-07
0.274 2.19277e-07
0.276 2.45514e-07
0.278 2.74781e-07
0.28 3.07413e-07
0.282 3.43784e-07
0.284 3.84303e-07
0.286 4.29427e-07
0.288 4.79657e-07
0.29 5.35548e-07
0.292 5.97713e-07
0.294 6.66826e-07
0.296 7.43634e-07
0.298 8.28957e-07
0.3 9.23701e-07
0.302 1.02886e-06
0.304 1.14553e-06
0.306 1.27493e-06
0.308 1.41837e-06
0.31 1.57732e-06
0.312 1.75339e-06
0.314 1.94832e-06
0.316 2.16407e-06
0.318 2.40274e-06
0.32 2.66666e-06
0.322 2.9584e-06
0.324 3.28073e-06
0.326 3.63674e-06
0.328 4.02976e-06
0.33 4.46347e-06
0.332 4.94188e-06
0.334 5.46938e-06
0.336 6.05077e-06
0.338 6.69127e-06
0.34 7.39663e-06
0.342 8.17306e-06
0.344 9.02739e-06
0.346 9.96703e-06
0.348 1.10001e-05
0.35 1.21353e-05
0.352 1.33824e-05
0.354 1.47517e-05
0.356 1.62547e-05
0.358 1.79036e-05
0.36 1.97119e-05
0.362 2.16941e-05
0.364 2.38661e-05
0.366 2.62451e-05
0.368 2.88497e-05
0.37 3.17001e-05
0.372 3.48182e-05
0.374 3.82276e-05
0.376 4.19542e-05
0.378 4.60256e-05
0.38 5.0472e-05
0.382 5.53257e-05
0.384 6.0622e-05
0.386 6.63987e-05
0.388 7.26968e-05
0.39 7.95604e-05
0.392 8.70373e-05
0.394 9.51787e-05
0.396 0.00010404
0.398 0.000113681
0.4 0.000124166
0.402 0.000135563
0.404 0.000147947
0.406 0.000161398
0.408 0.000176002
0.41 0.00019185
0.412 0.000209042
0.414 0.000227683
0.416 0.000247887
0.418 0.000269777
0.42 0.000293481
0.422 0.000319141
0.424 0.000346906
0.426 0.000376935
0.428 0.0004094
0.43 0.000444484
0.432 0.000482381
0.434 0.000523299
0.436 0.000567462
0.438 0.000615105
0.44 0.000666482
0.442 0.000721861
0.444 0.000781529
0.446 0.000845791
0.448 0.000914971
0.45 0.000989413
0.452 0.00106948
0.454 0.00115557
0.456 0.00124809
0.458 0.00134748
0.46 0.0014542
0.462 0.00156875
0.464 0.00169164
0.466 0.00182342
0.468 0.00196469
0.47 0.00211606
0.472 0.00227818
0.474 0.00245173
0.476 0.00263746
0.478 0.00283612
0.48 0.00304852
0.482 0.00327552
0.484 0.00351801
0.486 0.00377694
0.488 0.00405332
0.49 0.00434817
0.492 0.00466261
0.494 0.00499779
0.496 0.00535492
0.498 0.00573527
0.5 0.00614019
0.502 0.00657106
0.504 0.00702936
0.506 0.00751661
0.508 0.00803442
0.51 0.00858447
0.512 0.00916851
0.514 0.00978837
0.516 0.010446
0.518 0.0111433
0.52 0.0118824
0.522 0.0126654
0.524 0.0134947
0.526 0.0143725
0.528 0.0153013
0.53 0.0162835
0.532 0.017322
0.534 0.0184192
0.536 0.0195782
0.538 0.0208017
0.54 0.0220929
0.542 0.0234548
0.544 0.0248907
0.546 0.026404
0.548 0.027998
0.55 0.0296765
0.552 0.0314429
0.554 0.0333012
0.556 0.0352553
0.558 0.037309
0.56 0.0394666
0.562 0.0417323
0.564 0.0441104
0.566 0.0466053
0.568 0.0492217
0.57 0.0519642
0.572 0.0548376
0.574 0.0578466
0.576 0.0609964
0.578 0.064292
0.58 0.0677386
0.582 0.0713413
0.584 0.0751056
0.586 0.079037
0.588 0.0831408
0.59 0.0874228
0.592 0.0918885
0.594 0.0965438
0.596 0.101394
0.598 0.106446
0.6 0.111704
0.602 0.117176
0.604 0.122866
0.606 0.128782
0.608 0.134927
0.61 0.14131
0.612 0.147936
0.614 0.15481
0.616 0.161939
0.618 0.169328
0.62 0.176984
0.622 0.184912
0.624 0.193118
0.626 0.201607
0.628 0.210385
0.63 0.219458
0.632 0.228831
0.634 0.238508
0.636 0.248495
0.638 0.258797
0.64 0.269418
0.642 0.280363
0.644 0.291636
0.646 0.30324
0.648 0.315181
0.65 0.327461
0.652 0.340083
0.654 0.35305
0.656 0.366365
0.658 0.380031
0.66 0.394048
0.662 0.408419
0.664 0.423145
0.666 0.438227
0.668 0.453665
0.67 0.469459
0.672 0.485608
0.674 0.502112
0.676 0.51897
0.678 0.536179
0.68 0.553737
0.682 0.571642
0.684 0.589889
0.686 0.608476
0.688 0.627398
0.69 0.646649
0.692 0.666225
0.694 0.686119
0.696 0.706324
0.698 0.726834
0.7 0.747641
0.702 0.768735
0.704 0.79011
0.706 0.811753
0.708 0.833657
0.71 0.85581
0.712 0.8782
0.714 0.900816
0.716 0.923645
0.718 0.946675
0.72 0.969891
0.722 0.993279
0.724 1.01683
0.726 1.04051
0.728 1.06433
0.73 1.08826
0.732 1.11228
0.734 1.13637
0.736 1.16053
0.738 1.18472
0.74 1.20894
0.742 1.23316
0.744 1.25736
0.746 1.28153
0.748 1.30564
0.75 1.32968
0.752 1.35361
0.754 1.37743
0.756 1.40111
0.758 1.42463
0.76 1.44797
0.762 1.4711
0.764 1.49401
0.766 1.51668
0.768 1.53907
0.77 1.56117
0.772 1.58297
0.774 1.60442
0.776 1.62553
0.778 1.64626
0.78 1.66659
0.782 1.6865
0.784 1.70598
0.786 1.725
0.788 1.74354
0.79 1.76158
0.792 1.7791
0.794 1.7961
0.796 1.81253
0.798 1.8284
0.8 1.84368
0.802 1.85836
0.804 1.87242
0.806 1.88585
0.808 1.89863
0.81 1.91074
0.812 1.92219
0.814 1.93295
0.816 1.94301
0.818 1.95236
0.82 1.961
0.822 1.96892
0.824 1.9761
0.826 1.98255
0.828 1.98825
0.83 1.9932
0.832 1.99741
0.834 2.00086
0.836 2.00355
0.838 2.00549
0.84 2.00667
0.842 2.0071
0.844 2.00678
0.846 2.00571
0.848 2.00389
0.85 2.00135
0.852 1.99807
0.854 1.99407
0.856 1.98935
0.858 1.98394
0.86 1.97783
0.862 1.97104
0.864 1.96359
0.866 1.95548
0.868 1.94673
0.87 1.93736
0.872 1.92738
0.874 1.91682
0.876 1.90568
0.878 1.89399
0.88 1.88177
0.882 1.86904
0.884 1.85582
0.886 1.84214
0.888 1.82801
0.89 1.81345
0.892 1.7985
0.894 1.78318
0.896 1.7675
0.898 1.75151
0.9 1.73521
0.902 1.71865
0.904 1.70184
0.906 1.68482
0.908 1.6676
0.91 1.65022
0.912 1.63271
0.914 1.61509
0.916 1.59739
0.918 1.57963
0.92 1.56186
0.922 1.54408
0.924 1.52634
0.926 1.50866
0.928 1.49107
0.93 1.47358
0.932 1.45624
0.934 1.43907
0.936 1.42209
0.938 1.40534
0.94 1.38883
0.942 1.37259
0.944 1.35665
0.946 1.34102
0.948 1.32575
0.95 1.31084
0.952 1.29632
0.954 1.28222
0.956 1.26855
0.958 1.25533
0.96 1.24259
0.962 1.23034
0.964 1.21861
0.966 1.20741
0.968 1.19675
0.97 1.18666
0.972 1.17715
0.974 1.16823
0.976 1.15991
0.978 1.15221
0.98 1.14515
0.982 1.13872
0.984 1.13295
0.986 1.12783
0.988 1.12338
0.99 1.11961
0.992 1.11651
0.994 1.11409
0.996 1.11237
0.998 1.11133
