-1 0.563553
-0.99 0.563432
-0.98 0.563421
-0.97 0.563146
-0.96 0.563026
-0.95 0.562573
-0.94 0.562363
-0.93 0.561717
-0.92 0.561423
-0.91 0.560585
-0.9 0.56019
-0.89 0.559188
-0.88 0.55864
-0.87 0.557541
-0.86 0.556753
-0.85 0.555647
-0.84 0.55453
-0.83 0.553475
-0.82 0.552011
-0.81 0.550953
-0.8 0.549267
-0.79 0.548004
-0.78 0.54633
-0.77 0.544638
-0.76 0.543104
-0.75 0.541008
-0.74 0.539394
-0.73 0.537257
-0.72 0.53516
-0.71 0.533239
-0.7 0.530693
-0.69 0.52861
-0.68 0.526189
-0.67 0.523467
-0.66 0.521218
-0.65 0.518345
-0.64 0.515496
-0.63 0.512976
-0.62 0.509747
-0.61 0.506702
-0.6 0.50392
-0.59 0.500398
-0.58 0.497048
-0.57 0.494058
-0.56 0.49033
-0.55 0.486537
-0.54 0.483326
-0.53 0.4796
-0.52 0.4753
-0.51 0.471579
-0.5 0.468078
-0.49 0.463711
-0.48 0.459024
-0.47 0.455108
-0.46 0.451498
-0.45 0.446976
-0.44 0.441578
-0.43 0.436636
-0.42 0.433271
-0.41 0.431525
-0.4 0.430741
-0.39 0.430268
-0.38 0.429782
-0.37 0.429205
-0.36 0.428554
-0.35 0.42785
-0.34 0.427103
-0.33 0.426319
-0.32 0.425501
-0.31 0.424653
-0.3 0.42378
-0.29 0.422885
-0.28 0.421973
-0.27 0.421049
-0.26 0.420115
-0.25 0.419178
-0.24 0.418239
-0.23 0.417305
-0.22 0.416378
-0.21 0.415462
-0.2 0.414562
-0.19 0.41368
-0.18 0.412821
-0.17 0.411987
-0.16 0.411183
-0.15 0.41041
-0.14 0.409673
-0.13 0.408974
-0.12 0.408316
-0.11 0.4077
-0.1 0.407131
-0.09 0.406609
-0.08 0.406136
-0.07 0.405715
-0.06 0.405347
-0.05 0.405033
-0.04 0.404775
-0.03 0.404573
-0.02 0.404428
-0.01 0.404341
0 0.404312
0.01 0.404341
0.02 0.404428
0.03 0.404573
0.04 0.404775
0.05 0.405033
0.06 0.405347
0.07 0.405715
0.08 0.406136
0.09 0.406609
0.1 0.407131
0.11 0.4077
0.12 0.408316
0.13 0.408974
0.14 0.409673
0.15 0.41041
0.16 0.411183
0.17 0.411987
0.18 0.412821
0.19 0.41368
0.2 0.414562
0.21 0.415462
0.22 0.416378
0.23 0.417305
0.24 0.418239
0.25 0.419178
0.26 0.420115
0.27 0.421049
0.28 0.421973
0.29 0.422885
0.3 0.42378
0.31 0.424653
0.32 0.425501
0.33 0.426319
0.34 0.427103
0.35 0.42785
0.36 0.428554
0.37 0.429205
0.38 0.429782
0.39 0.430268
0.4 0.430741
0.41 0.431525
0.42 0.433271
0.43 0.436636
0.44 0.441578
0.45 0.446976
0.46 0.451498
0.47 0.455108
0.48 0.459024
0.49 0.463711
0.5 0.468078
0.51 0.471579
0.52 0.4753
0.53 0.4796
0.54 0.483326
0.55 0.486537
0.56 0.49033
0.57 0.494058
0.58 0.497048
0.59 0.500398
0.6 0.50392
0.61 0.506702
0.62 0.509747
0.63 0.512976
0.64 0.515496
0.65 0.518345
0.66 0.521218
0.67 0.523467
0.68 0.526189
0.69 0.52861
0.7 0.530693
0.71 0.533239
0.72 0.53516
0.73 0.537257
0.74 0.539394
0.75 0.541008
0.76 0.543104
0.77 0.544638
0.78 0.54633
0.79 0.548004
0.8 0.549267
0.81 0.550953
0.82 0.552011
0.83 0.553475
0.84 0.55453
0.85 0.555647
0.86 0.556753
0.87 0.557541
0.88 0.55864
0.89 0.559188
0.9 0.56019
0.91 0.560585
0.92 0.561423
0.93 0.561717
0.94 0.562363
0.95 0.562573
0.96 0.563026
0.97 0.563146
0.98 0.563421
0.99 0.563432
