-1 0.737781
-0.99 0.737521
-0.98 0.737287
-0.97 0.736521
-0.96 0.735805
-0.95 0.734525
-0.94 0.733341
-0.93 0.731543
-0.92 0.729899
-0.91 0.727593
-0.9 0.725489
-0.89 0.722696
-0.88 0.72012
-0.87 0.716879
-0.86 0.713804
-0.85 0.710174
-0.84 0.706561
-0.83 0.702604
-0.82 0.698428
-0.81 0.694183
-0.8 0.689458
-0.79 0.684914
-0.78 0.679722
-0.77 0.674796
-0.76 0.669283
-0.75 0.663857
-0.74 0.658166
-0.73 0.65218
-0.72 0.646341
-0.71 0.639898
-0.7 0.633765
-0.69 0.627113
-0.68 0.620478
-0.67 0.613807
-0.66 0.606659
-0.65 0.599859
-0.64 0.592504
-0.63 0.585256
-0.62 0.577991
-0.61 0.570249
-0.6 0.562905
-0.59 0.555099
-0.58 0.547262
-0.57 0.539656
-0.56 0.531478
-0.55 0.523631
-0.54 0.515695
-0.53 0.507341
-0.52 0.499457
-0.51 0.491248
-0.5 0.48283
-0.49 0.474894
-0.48 0.466518
-0.47 0.458076
-0.46 0.450113
-0.45 0.441684
-0.44 0.433217
-0.43 0.425274
-0.42 0.416911
-0.41 0.408406
-0.4 0.400503
-0.39 0.392353
-0.38 0.383829
-0.37 0.375895
-0.36 0.368101
-0.35 0.359727
-0.34 0.351595
-0.33 0.3441
-0.32 0.336275
-0.31 0.328001
-0.3 0.320297
-0.29 0.313161
-0.28 0.305565
-0.27 0.297467
-0.26 0.289917
-0.25 0.283222
-0.24 0.27643
-0.23 0.268776
-0.22 0.260779
-0.21 0.253693
-0.2 0.248326
-0.19 0.244591
-0.18 0.241888
-0.17 0.239651
-0.16 0.23758
-0.15 0.235591
-0.14 0.233692
-0.13 0.231902
-0.12 0.230234
-0.11 0.22869
-0.1 0.227273
-0.09 0.225985
-0.08 0.224827
-0.07 0.223802
-0.06 0.22291
-0.05 0.222153
-0.04 0.221532
-0.03 0.221048
-0.02 0.220702
-0.01 0.220494
0 0.220425
0.01 0.220494
0.02 0.220702
0.03 0.221048
0.04 0.221532
0.05 0.222153
0.06 0.22291
0.07 0.223802
0.08 0.224827
0.09 0.225985
0.1 0.227273
0.11 0.22869
0.12 0.230234
0.13 0.231902
0.14 0.233692
0.15 0.235591
0.16 0.23758
0.17 0.239651
0.18 0.241888
0.19 0.244591
0.2 0.248326
0.21 0.253693
0.22 0.260779
0.23 0.268776
0.24 0.27643
0.25 0.283222
0.26 0.289917
0.27 0.297467
0.28 0.305565
0.29 0.313161
0.3 0.320297
0.31 0.328001
0.32 0.336275
0.33 0.3441
0.34 0.351595
0.35 0.359727
0.36 0.368101
0.37 0.375895
0.38 0.383829
0.39 0.392353
0.4 0.400503
0.41 0.408406
0.42 0.416911
0.43 0.425274
0.44 0.433217
0.45 0.441684
0.46 0.450113
0.47 0.458076
0.48 0.466518
0.49 0.474894
0.5 0.48283
0.51 0.491248
0.52 0.499457
0.53 0.507341
0.54 0.515695
0.55 0.523631
0.56 0.531478
0.57 0.539656
0.58 0.547262
0.59 0.555099
0.6 0.562905
0.61 0.570249
0.62 0.577991
0.63 0.585256
0.64 0.592504
0.65 0.599859
0.66 0.606659
0.67 0.613807
0.68 0.620478
0.69 0.627113
0.7 0.633765
0.71 0.639898
0.72 0.646341
0.73 0.65218
0.74 0.658166
0.75 0.663857
0.76 0.669283
0.77 0.674796
0.78 0.679722
0.79 0.684914
0.8 0.689458
0.81 0.694183
0.82 0.698428
0.83 0.702604
0.84 0.706561
0.85 0.710174
0.86 0.713804
0.87 0.716879
0.88 0.72012
0.89 0.722696
0.9 0.725489
0.91 0.727593
0.92 0.729899
0.93 0.731543
0.94 0.733341
0.95 0.734525
0.96 0.735805
0.97 0.736521
0.98 0.737287
0.99 0.737521
