-1 0.207469
-0.99 0.20708
-0.98 0.207761
-0.97 0.207628
-0.96 0.208601
-0.95 0.208791
-0.94 0.209884
-0.93 0.210674
-0.92 0.211539
-0.91 0.213173
-0.9 0.213912
-0.89 0.21569
-0.88 0.217468
-0.87 0.218484
-0.86 0.220748
-0.85 0.223206
-0.84 0.224404
-0.83 0.226132
-0.82 0.230214
-0.81 0.236253
-0.8 0.243076
-0.79 0.250067
-0.78 0.257121
-0.77 0.26426
-0.76 0.271499
-0.75 0.278837
-0.74 0.286269
-0.73 0.293794
-0.72 0.301407
-0.71 0.309107
-0.7 0.316889
-0.69 0.32475
-0.68 0.332687
-0.67 0.340695
-0.66 0.348771
-0.65 0.35691
-0.64 0.365108
-0.63 0.373361
-0.62 0.381663
-0.61 0.390011
-0.6 0.398399
-0.59 0.406822
-0.58 0.415275
-0.57 0.423752
-0.56 0.432248
-0.55 0.440758
-0.54 0.449275
-0.53 0.457794
-0.52 0.466309
-0.51 0.474813
-0.5 0.483301
-0.49 0.491766
-0.48 0.500202
-0.47 0.508603
-0.46 0.516961
-0.45 0.525271
-0.44 0.533526
-0.43 0.541719
-0.42 0.549843
-0.41 0.557892
-0.4 0.565859
-0.39 0.573738
-0.38 0.581521
-0.37 0.589203
-0.36 0.596775
-0.35 0.604232
-0.34 0.611567
-0.33 0.618774
-0.32 0.625845
-0.31 0.632775
-0.3 0.639557
-0.29 0.646185
-0.28 0.652653
-0.27 0.658954
-0.26 0.665082
-0.25 0.671033
-0.24 0.676799
-0.23 0.682376
-0.22 0.687758
-0.21 0.69294
-0.2 0.697917
-0.19 0.702684
-0.18 0.707236
-0.17 0.711568
-0.16 0.715677
-0.15 0.719559
-0.14 0.723209
-0.13 0.726623
-0.12 0.729799
-0.11 0.732732
-0.1 0.735421
-0.09 0.737862
-0.08 0.740053
-0.07 0.741991
-0.06 0.743675
-0.05 0.745103
-0.04 0.746273
-0.03 0.747185
-0.02 0.747837
-0.01 0.748228
0 0.748358
0.01 0.748228
0.02 0.747837
0.03 0.747185
0.04 0.746273
0.05 0.745103
0.06 0.743675
0.07 0.741991
0.08 0.740053
0.09 0.737862
0.1 0.735421
0.11 0.732732
0.12 0.729799
0.13 0.726623
0.14 0.723209
0.15 0.719559
0.16 0.715677
0.17 0.711568
0.18 0.707236
0.19 0.702684
0.2 0.697917
0.21 0.69294
0.22 0.687758
0.23 0.682376
0.24 0.676799
0.25 0.671033
0.26 0.665082
0.27 0.658954
0.28 0.652653
0.29 0.646185
0.3 0.639557
0.31 0.632775
0.32 0.625845
0.33 0.618774
0.34 0.611567
0.35 0.604232
0.36 0.596775
0.37 0.589203
0.38 0.581521
0.39 0.573738
0.4 0.565859
0.41 0.557892
0.42 0.549843
0.43 0.541719
0.44 0.533526
0.45 0.525271
0.46 0.516961
0.47 0.508603
0.48 0.500202
0.49 0.491766
0.5 0.483301
0.51 0.474813
0.52 0.466309
0.53 0.457794
0.54 0.449275
0.55 0.440758
0.56 0.432248
0.57 0.423752
0.58 0.415275
0.59 0.406822
0.6 0.398399
0.61 0.390011
0.62 0.381663
0.63 0.373361
0.64 0.365108
0.65 0.35691
0.66 0.348771
0.67 0.340695
0.68 0.332687
0.69 0.32475
0.7 0.316889
0.71 0.309107
0.72 0.301407
0.73 0.293794
0.74 0.286269
0.75 0.278837
0.76 0.271499
0.77 0.26426
0.78 0.257121
0.79 0.250067
0.8 0.243076
0.81 0.236253
0.82 0.230214
0.83 0.226132
0.84 0.224404
0.85 0.223206
0.86 0.220748
0.87 0.218484
0.88 0.217468
0.89 0.21569
0.9 0.213912
0.91 0.213173
0.92 0.211539
0.93 0.210674
0.94 0.209884
0.95 0.208791
0.96 0.208601
0.97 0.207628
0.98 0.207761
0.99 0.20708
