-1 0.0596982
-0.998 0.0597866
-0.996 0.0600519
-0.994 0.0604945
-0.992 0.061115
-0.99 0.061914
-0.988 0.0628926
-0.986 0.064052
-0.984 0.0653937
-0.982 0.0669192
-0.98 0.0686303
-0.978 0.0705292
-0.976 0.0726181
-0.974 0.0748995
-0.972 0.0773759
-0.97 0.0800503
-0.968 0.0829255
-0.966 0.0860049
-0.964 0.0892918
-0.962 0.0927896
-0.96 0.0965022
-0.958 0.100433
-0.956 0.104587
-0.954 0.108967
-0.952 0.113578
-0.95 0.118424
-0.948 0.123509
-0.946 0.128839
-0.944 0.134418
-0.942 0.14025
-0.94 0.14634
-0.938 0.152693
-0.936 0.159314
-0.934 0.166208
-0.932 0.17338
-0.93 0.180834
-0.928 0.188576
-0.926 0.196609
-0.924 0.20494
-0.922 0.213573
-0.92 0.222512
-0.918 0.231762
-0.916 0.241328
-0.914 0.251213
-0.912 0.261423
-0.91 0.27196
-0.908 0.28283
-0.906 0.294036
-0.904 0.30558
-0.902 0.317467
-0.9 0.3297
-0.898 0.342281
-0.896 0.355213
-0.894 0.368498
-0.892 0.382137
-0.89 0.396134
-0.888 0.410488
-0.886 0.4252
-0.884 0.440272
-0.882 0.455703
-0.88 0.471493
-0.878 0.487642
-0.876 0.504147
-0.874 0.521008
-0.872 0.538223
-0.87 0.555788
-0.868 0.573701
-0.866 0.591959
-0.864 0.610556
-0.862 0.62949
-0.86 0.648753
-0.858 0.668342
-0.856 0.688249
-0.854 0.708468
-0.852 0.728991
-0.85 0.749811
-0.848 0.770919
-0.846 0.792305
-0.844 0.813961
-0.842 0.835875
-0.84 0.858037
-0.838 0.880436
-0.836 0.903059
-0.834 0.925894
-0.832 0.948928
-0.83 0.972147
-0.828 0.995536
-0.826 1.01908
-0.824 1.04277
-0.822 1.06657
-0.82 1.09049
-0.818 1.1145
-0.816 1.13858
-0.814 1.16272
-0.812 1.18689
-0.81 1.21108
-0.808 1.23527
-0.806 1.25945
-0.804 1.28358
-0.802 1.30765
-0.8 1.33164
-0.798 1.35552
-0.796 1.37929
-0.794 1.40291
-0.792 1.42636
-0.79 1.44962
-0.788 1.47268
-0.786 1.4955
-0.784 1.51807
-0.782 1.54037
-0.78 1.56237
-0.778 1.58404
-0.776 1.60538
-0.774 1.62635
-0.772 1.64694
-0.77 1.66712
-0.768 1.68688
-0.766 1.70619
-0.764 1.72502
-0.762 1.74337
-0.76 1.76121
-0.758 1.77852
-0.756 1.79528
-0.754 1.81147
-0.752 1.82708
-0.75 1.84209
-0.748 1.85647
-0.746 1.87023
-0.744 1.88333
-0.742 1.89576
-0.74 1.90751
-0.738 1.91857
-0.736 1.92892
-0.734 1.93855
-0.732 1.94745
-0.73 1.9556
-0.728 1.96301
-0.726 1.96966
-0.724 1.97553
-0.722 1.98064
-0.72 1.98496
-0.718 1.9885
-0.716 1.99124
-0.714 1.9932
-0.712 1.99435
-0.71 1.99471
-0.708 1.99427
-0.706 1.99304
-0.704 1.991
-0.702 1.98818
-0.7 1.98456
-0.698 1.98016
-0.696 1.97498
-0.694 1.96903
-0.692 1.9623
-0.69 1.95482
-0.688 1.94659
-0.686 1.93762
-0.684 1.92791
-0.682 1.91749
-0.68 1.90637
-0.678 1.89455
-0.676 1.88204
-0.674 1.86888
-0.672 1.85506
-0.67 1.84061
-0.668 1.82555
-0.666 1.80988
-0.664 1.79363
-0.662 1.77681
-0.66 1.75945
-0.658 1.74156
-0.656 1.72316
-0.654 1.70427
-0.652 1.68492
-0.65 1.66512
-0.648 1.6449
-0.646 1.62427
-0.644 1.60326
-0.642 1.58189
-0.64 1.56018
-0.638 1.53815
-0.636 1.51582
-0.634 1.49323
-0.632 1.47038
-0.63 1.4473
-0.628 1.42401
-0.626 1.40054
-0.624 1.37691
-0.622 1.35313
-0.62 1.32923
-0.618 1.30523
-0.616 1.28115
-0.614 1.25701
-0.612 1.23284
-0.61 1.20864
-0.608 1.18445
-0.606 1.16028
-0.604 1.13614
-0.602 1.11207
-0.6 1.08806
-0.598 1.06415
-0.596 1.04035
-0.594 1.01668
-0.592 0.993143
-0.59 0.969765
-0.588 0.94656
-0.586 0.92354
-0.584 0.90072
-0.582 0.878112
-0.58 0.855729
-0.578 0.833584
-0.576 0.811686
-0.574 0.790048
-0.572 0.76868
-0.57 0.74759
-0.568 0.726788
-0.566 0.706282
-0.564 0.68608
-0.562 0.666189
-0.56 0.646617
-0.558 0.627369
-0.556 0.60845
-0.554 0.589865
-0.552 0.57162
-0.55 0.553717
-0.548 0.536161
-0.546 0.518953
-0.544 0.502097
-0.542 0.485595
-0.54 0.469446
-0.538 0.453654
-0.536 0.438217
-0.534 0.423136
-0.532 0.408411
-0.53 0.394041
-0.528 0.380024
-0.526 0.366359
-0.524 0.353044
-0.522 0.340078
-0.52 0.327456
-0.518 0.315177
-0.516 0.303237
-0.514 0.291632
-0.512 0.28036
-0.51 0.269415
-0.508 0.258794
-0.506 0.248493
-0.504 0.238506
-0.502 0.228829
-0.5 0.219456
-0.498 0.210384
-0.496 0.201606
-0.494 0.193117
-0.492 0.184911
-0.49 0.176983
-0.488 0.169327
-0.486 0.161938
-0.484 0.154809
-0.482 0.147935
-0.48 0.14131
-0.478 0.134927
-0.476 0.128781
-0.474 0.122866
-0.472 0.117176
-0.47 0.111704
-0.468 0.106446
-0.466 0.101394
-0.464 0.0965435
-0.462 0.0918883
-0.46 0.0874226
-0.458 0.0831407
-0.456 0.0790368
-0.454 0.0751055
-0.452 0.0713412
-0.45 0.0677385
-0.448 0.0642919
-0.446 0.0609964
-0.444 0.0578466
-0.442 0.0548375
-0.44 0.0519642
-0.438 0.0492217
-0.436 0.0466053
-0.434 0.0441103
-0.432 0.0417322
-0.43 0.0394666
-0.428 0.037309
-0.426 0.0352552
-0.424 0.0333012
-0.422 0.0314429
-0.42 0.0296765
-0.418 0.027998
-0.416 0.026404
-0.414 0.0248907
-0.412 0.0234548
-0.41 0.0220929
-0.408 0.0208017
-0.406 0.0195782
-0.404 0.0184192
-0.402 0.0173219
-0.4 0.0162835
-0.398 0.0153012
-0.396 0.0143725
-0.394 0.0134947
-0.392 0.0126654
-0.39 0.0118824
-0.388 0.0111433
-0.386 0.010446
-0.384 0.00978837
-0.382 0.00916851
-0.38 0.00858447
-0.378 0.00803442
-0.376 0.00751661
-0.374 0.00702935
-0.372 0.00657106
-0.37 0.00614018
-0.368 0.00573527
-0.366 0.00535492
-0.364 0.00499779
-0.362 0.00466261
-0.36 0.00434817
-0.358 0.00405332
-0.356 0.00377694
-0.354 0.00351801
-0.352 0.00327552
-0.35 0.00304852
-0.348 0.00283612
-0.346 0.00263746
-0.344 0.00245173
-0.342 0.00227818
-0.34 0.00211606
-0.338 0.00196469
-0.336 0.00182342
-0.334 0.00169164
-0.332 0.00156875
-0.33 0.0014542
-0.328 0.00134748
-0.326 0.00124809
-0.324 0.00115557
-0.322 0.00106948
-0.32 0.000989413
-0.318 0.000914971
-0.316 0.000845791
-0.314 0.000781529
-0.312 0.000721861
-0.31 0.000666481
-0.308 0.000615105
-0.306 0.000567461
-0.304 0.000523299
-0.302 0.00048238
-0.3 0.000444483
-0.298 0.0004094
-0.296 0.000376935
-0.294 0.000346906
-0.292 0.000319141
-0.29 0.000293481
-0.288 0.000269776
-0.286 0.000247887
-0.284 0.000227683
-0.282 0.000209042
-0.28 0.00019185
-0.278 0.000176002
-0.276 0.000161398
-0.274 0.000147947
-0.272 0.000135563
-0.27 0.000124165
-0.268 0.000113681
-0.266 0.00010404
-0.264 9.51786e-05
-0.262 8.70372e-05
-0.26 7.95603e-05
-0.258 7.26967e-05
-0.256 6.63986e-05
-0.254 6.06219e-05
-0.252 5.53256e-05
-0.25 5.04719e-05
-0.248 4.60256e-05
-0.246 4.19541e-05
-0.244 3.82276e-05
-0.242 3.48181e-05
-0.24 3.17e-05
-0.238 2.88497e-05
-0.236 2.62451e-05
-0.234 2.38661e-05
-0.232 2.16941e-05
-0.23 1.97118e-05
-0.228 1.79036e-05
-0.226 1.62547e-05
-0.224 1.47517e-05
-0.222 1.33824e-05
-0.22 1.21353e-05
-0.218 1.10001e-05
-0.216 9.96701e-06
-0.214 9.02737e-06
-0.212 8.17304e-06
-0.21 7.39661e-06
-0.208 6.69126e-06
-0.206 6.05075e-06
-0.204 5.46937e-06
-0.202 4.94187e-06
-0.2 4.46346e-06
-0.198 4.02975e-06
-0.196 3.63673e-06
-0.194 3.28072e-06
-0.192 2.95839e-06
-0.19 2.66666e-06
-0.188 2.40273e-06
-0.186 2.16406e-06
-0.184 1.94832e-06
-0.182 1.75338e-06
-0.18 1.57732e-06
-0.178 1.41837e-06
-0.176 1.27493e-06
-0.174 1.14553e-06
-0.172 1.02886e-06
-0.17 9.23697e-07
-0.168 8.28954e-07
-0.166 7.43631e-07
-0.164 6.66824e-07
-0.162 5.9771e-07
-0.16 5.35546e-07
-0.158 4.79655e-07
-0.156 4.29425e-07
-0.154 3.84302e-07
-0.152 3.43782e-07
-0.15 3.07412e-07
-0.148 2.7478e-07
-0.146 2.45513e-07
-0.144 2.19276e-07
-0.142 1.95764e-07
-0.14 1.74704e-07
-0.138 1.55847e-07
-0.136 1.38969e-07
-0.134 1.2387e-07
-0.132 1.10367e-07
-0.13 9.82971e-08
-0.128 8.75119e-08
-0.126 7.78789e-08
-0.124 6.92786e-08
-0.122 6.16034e-08
-0.12 5.47566e-08
-0.118 4.86513e-08
-0.116 4.32094e-08
-0.114 3.83609e-08
-0.112 3.40429e-08
-0.11 3.01988e-08
-0.108 2.6778e-08
-0.106 2.37353e-08
-0.104 2.10299e-08
-0.102 1.86254e-08
-0.1 1.64892e-08
-0.098 1.45922e-08
-0.096 1.29083e-08
-0.094 1.14141e-08
-0.092 1.00888e-08
-0.09 8.91389e-09
-0.088 7.87264e-09
-0.086 6.95023e-09
-0.084 6.13345e-09
-0.082 5.41049e-09
-0.08 4.77085e-09
-0.078 4.20514e-09
-0.076 3.70504e-09
-0.074 3.26311e-09
-0.072 2.87276e-09
-0.07 2.52809e-09
-0.068 2.2239e-09
-0.066 1.95553e-09
-0.064 1.71888e-09
-0.062 1.51027e-09
-0.06 1.32647e-09
-0.058 1.16459e-09
-0.056 1.02207e-09
-0.054 8.96669e-10
-0.052 7.86368e-10
-0.05 6.89387e-10
-0.048 6.04174e-10
-0.046 5.29321e-10
-0.044 4.63619e-10
-0.042 4.05963e-10
-0.04 3.55419e-10
-0.038 3.11122e-10
-0.036 2.72343e-10
-0.034 2.38412e-10
-0.032 2.08761e-10
-0.03 1.82875e-10
-0.028 1.60316e-10
-0.026 1.40692e-10
-0.024 1.23654e-10
-0.022 1.08915e-10
-0.02 9.62022e-11
-0.018 8.5302e-11
-0.016 7.60169e-11
-0.014 6.81811e-11
-0.012 6.16542e-11
-0.01 5.63223e-11
-0.008 5.20818e-11
-0.006 4.88643e-11
-0.004 4.66009e-11
-0.002 4.52637e-11
0 4.48161e-11
0.002 4.52686e-11
0.004 4.66032e-11
0.006 4.88646e-11
0.008 5.20773e-11
0.01 5.63219e-11
0.012 6.16532e-11
0.014 6.81811e-11
0.016 7.60184e-11
0.018 8.53051e-11
0.02 9.62024e-11
0.022 1.08914e-10
0.024 1.23654e-10
0.026 1.4069e-10
0.028 1.60317e-10
0.03 1.82876e-10
0.032 2.08759e-10
0.034 2.3841e-10
0.036 2.7234e-10
0.038 3.11122e-10
0.04 3.5542e-10
0.042 4.05964e-10
0.044 4.63614e-10
0.046 5.29323e-10
0.048 6.04173e-10
0.05 6.89386e-10
0.052 7.86363e-10
0.054 8.96671e-10
0.056 1.02207e-09
0.058 1.16459e-09
0.06 1.32647e-09
0.062 1.51027e-09
0.064 1.71888e-09
0.066 1.95553e-09
0.068 2.2239e-09
0.07 2.52809e-09
0.072 2.87276e-09
0.074 3.26312e-09
0.076 3.70504e-09
0.078 4.20514e-09
0.08 4.77085e-09
0.082 5.41049e-09
0.084 6.13345e-09
0.086 6.95023e-09
0.088 7.87263e-09
0.09 8.91389e-09
0.092 1.00888e-08
0.094 1.14141e-08
0.096 1.29083e-08
0.098 1.45922e-08
0.1 1.64892e-08
0.102 1.86254e-08
0.104 2.10299e-08
0.106 2.37353e-08
0.108 2.6778e-08
0.11 3.01988e-08
0.112 3.40429e-08
0.114 3.83609e-08
0.116 4.32094e-08
0.118 4.86513e-08
0.12 5.47566e-08
0.122 6.16034e-08
0.124 6.92786e-08
0.126 7.78789e-08
0.128 8.75119e-08
0.13 9.82971e-08
0.132 1.10367e-07
0.134 1.2387e-07
0.136 1.38969e-07
0.138 1.55847e-07
0.14 1.74704e-07
0.142 1.95764e-07
0.144 2.19276e-07
0.146 2.45513e-07
0.148 2.7478e-07
0.15 3.07412e-07
0.152 3.43782e-07
0.154 3.84302e-07
0.156 4.29425e-07
0.158 4.79655e-07
0.16 5.35546e-07
0.162 5.9771e-07
0.164 6.66824e-07
0.166 7.43631e-07
0.168 8.28954e-07
0.17 9.23697e-07
0.172 1.02886e-06
0.174 1.14553e-06
0.176 1.27493e-06
0.178 1.41837e-06
0.18 1.57732e-06
0.182 1.75338e-06
0.184 1.94832e-06
0.186 2.16406e-06
0.188 2.40273e-06
0.19 2.66666e-06
0.192 2.95839e-06
0.194 3.28072e-06
0.196 3.63673e-06
0.198 4.02975e-06
0.2 4.46346e-06
0.202 4.94187e-06
0.204 5.46937e-06
0.206 6.05075e-06
0.208 6.69126e-06
0.21 7.39661e-06
0.212 8.17304e-06
0.214 9.02737e-06
0.216 9.96701e-06
0.218 1.10001e-05
0.22 1.21353e-05
0.222 1.33824e-05
0.224 1.47517e-05
0.226 1.62547e-05
0.228 1.79036e-05
0.23 1.97118e-05
0.232 2.16941e-05
0.234 2.38661e-05
0.236 2.62451e-05
0.238 2.88497e-05
0.24 3.17e-05
0.242 3.48181e-05
0.244 3.82276e-05
0.246 4.19541e-05
0.248 4.60256e-05
0.25 5.04719e-05
0.252 5.53256e-05
0.254 6.06219e-05
0.256 6.63986e-05
0.258 7.26967e-05
0.26 7.95603e-05
0.262 8.70372e-05
0.264 9.51786e-05
0.266 0.00010404
0.268 0.000113681
0.27 0.000124165
0.272 0.000135563
0.274 0.000147947
0.276 0.000161398
0.278 0.000176002
0.28 0.00019185
0.282 0.000209042
0.284 0.000227683
0.286 0.000247887
0.288 0.000269776
0.29 0.000293481
0.292 0.000319141
0.294 0.000346906
0.296 0.000376935
0.298 0.0004094
0.3 0.000444483
0.302 0.00048238
0.304 0.000523299
0.306 0.000567461
0.308 0.000615105
0.31 0.000666481
0.312 0.000721861
0.314 0.000781529
0.316 0.000845791
0.318 0.000914971
0.32 0.000989413
0.322 0.00106948
0.324 0.00115557
0.326 0.00124809
0.328 0.00134748
0.33 0.0014542
0.332 0.00156875
0.334 0.00169164
0.336 0.00182342
0.338 0.00196469
0.34 0.00211606
0.342 0.00227818
0.344 0.00245173
0.346 0.00263746
0.348 0.00283612
0.35 0.00304852
0.352 0.00327552
0.354 0.00351801
0.356 0.00377694
0.358 0.00405332
0.36 0.00434817
0.362 0.00466261
0.364 0.00499779
0.366 0.00535492
0.368 0.00573527
0.37 0.00614018
0.372 0.00657106
0.374 0.00702935
0.376 0.00751661
0.378 0.00803442
0.38 0.00858447
0.382 0.00916851
0.384 0.00978837
0.386 0.010446
0.388 0.0111433
0.39 0.0118824
0.392 0.0126654
0.394 0.0134947
0.396 0.0143725
0.398 0.0153012
0.4 0.0162835
0.402 0.0173219
0.404 0.0184192
0.406 0.0195782
0.408 0.0208017
0.41 0.0220929
0.412 0.0234548
0.414 0.0248907
0.416 0.026404
0.418 0.027998
0.42 0.0296765
0.422 0.0314429
0.424 0.0333012
0.426 0.0352552
0.428 0.037309
0.43 0.0394666
0.432 0.0417322
0.434 0.0441103
0.436 0.0466053
0.438 0.0492217
0.44 0.0519642
0.442 0.0548375
0.444 0.0578466
0.446 0.0609964
0.448 0.0642919
0.45 0.0677385
0.452 0.0713412
0.454 0.0751055
0.456 0.0790368
0.458 0.0831407
0.46 0.0874226
0.462 0.0918883
0.464 0.0965435
0.466 0.101394
0.468 0.106446
0.47 0.111704
0.472 0.117176
0.474 0.122866
0.476 0.128781
0.478 0.134927
0.48 0.14131
0.482 0.147935
0.484 0.154809
0.486 0.161938
0.488 0.169327
0.49 0.176983
0.492 0.184911
0.494 0.193117
0.496 0.201606
0.498 0.210384
0.5 0.219456
0.502 0.228829
0.504 0.238506
0.506 0.248493
0.508 0.258794
0.51 0.269415
0.512 0.28036
0.514 0.291632
0.516 0.303237
0.518 0.315177
0.52 0.327456
0.522 0.340078
0.524 0.353044
0.526 0.366359
0.528 0.380024
0.53 0.394041
0.532 0.408411
0.534 0.423136
0.536 0.438217
0.538 0.453654
0.54 0.469446
0.542 0.485595
0.544 0.502097
0.546 0.518953
0.548 0.536161
0.55 0.553717
0.552 0.57162
0.554 0.589865
0.556 0.60845
0.558 0.627369
0.56 0.646617
0.562 0.666189
0.564 0.68608
0.566 0.706282
0.568 0.726788
0.57 0.74759
0.572 0.76868
0.574 0.790048
0.576 0.811686
0.578 0.833584
0.58 0.855729
0.582 0.878112
0.584 0.90072
0.586 0.92354
0.588 0.94656
0.59 0.969765
0.592 0.993143
0.594 1.01668
0.596 1.04035
0.598 1.06415
0.6 1.08806
0.602 1.11207
0.604 1.13614
0.606 1.16028
0.608 1.18445
0.61 1.20864
0.612 1.23284
0.614 1.25701
0.616 1.28115
0.618 1.30523
0.62 1.32923
0.622 1.35313
0.624 1.37691
0.626 1.40054
0.628 1.42401
0.63 1.4473
0.632 1.47038
0.634 1.49323
0.636 1.51582
0.638 1.53815
0.64 1.56018
0.642 1.58189
0.644 1.60326
0.646 1.62427
0.648 1.6449
0.65 1.66512
0.652 1.68492
0.654 1.70427
0.656 1.72316
0.658 1.74156
0.66 1.75945
0.662 1.77681
0.664 1.79363
0.666 1.80988
0.668 1.82555
0.67 1.84061
0.672 1.85506
0.674 1.86888
0.676 1.88204
0.678 1.89455
0.68 1.90637
0.682 1.91749
0.684 1.92791
0.686 1.93762
0.688 1.94659
0.69 1.95482
0.692 1.9623
0.694 1.96903
0.696 1.97498
0.698 1.98016
0.7 1.98456
0.702 1.98818
0.704 1.991
0.706 1.99304
0.708 1.99427
0.71 1.99471
0.712 1.99435
0.714 1.9932
0.716 1.99124
0.718 1.9885
0.72 1.98496
0.722 1.98064
0.724 1.97553
0.726 1.96966
0.728 1.96301
0.73 1.9556
0.732 1.94745
0.734 1.93855
0.736 1.92892
0.738 1.91857
0.74 1.90751
0.742 1.89576
0.744 1.88333
0.746 1.87023
0.748 1.85647
0.75 1.84209
0.752 1.82708
0.754 1.81147
0.756 1.79528
0.758 1.77852
0.76 1.76121
0.762 1.74337
0.764 1.72502
0.766 1.70619
0.768 1.68688
0.77 1.66712
0.772 1.64694
0.774 1.62635
0.776 1.60538
0.778 1.58404
0.78 1.56237
0.782 1.54037
0.784 1.51807
0.786 1.4955
0.788 1.47268
0.79 1.44962
0.792 1.42636
0.794 1.40291
0.796 1.37929
0.798 1.35552
0.8 1.33164
0.802 1.30765
0.804 1.28358
0.806 1.25945
0.808 1.23527
0.81 1.21108
0.812 1.18689
0.814 1.16272
0.816 1.13858
0.818 1.1145
0.82 1.09049
0.822 1.06657
0.824 1.04277
0.826 1.01908
0.828 0.995536
0.83 0.972147
0.832 0.948928
0.834 0.925894
0.836 0.903059
0.838 0.880436
0.84 0.858037
0.842 0.835875
0.844 0.813961
0.846 0.792305
0.848 0.770919
0.85 0.749811
0.852 0.728991
0.854 0.708468
0.856 0.688249
0.858 0.668342
0.86 0.648753
0.862 0.62949
0.864 0.610556
0.866 0.591959
0.868 0.573701
0.87 0.555788
0.872 0.538223
0.874 0.521008
0.876 0.504147
0.878 0.487642
0.88 0.471493
0.882 0.455703
0.884 0.440272
0.886 0.4252
0.888 0.410488
0.89 0.396134
0.892 0.382137
0.894 0.368498
0.896 0.355213
0.898 0.342281
0.9 0.3297
0.902 0.317467
0.904 0.30558
0.906 0.294036
0.908 0.28283
0.91 0.27196
0.912 0.261423
0.914 0.251213
0.916 0.241328
0.918 0.231762
0.92 0.222512
0.922 0.213573
0.924 0.20494
0.926 0.196609
0.928 0.188576
0.93 0.180834
0.932 0.17338
0.934 0.166208
0.936 0.159314
0.938 0.152693
0.94 0.14634
0.942 0.14025
0.944 0.134418
0.946 0.128839
0.948 0.123509
0.95 0.118424
0.952 0.113578
0.954 0.108967
0.956 0.104587
0.958 0.100433
0.96 0.0965022
0.962 0.0927896
0.964 0.0892918
0.966 0.0860049
0.968 0.0829255
0.97 0.0800503
0.972 0.0773759
0.974 0.0748995
0.976 0.0726181
0.978 0.0705292
0.98 0.0686303
0.982 0.0669192
0.984 0.0653937
0.986 0.064052
0.988 0.0628926
0.99 0.061914
0.992 0.061115
0.994 0.0604945
0.996 0.0600519
0.998 0.0597866
