-1 0.662535
-0.99 0.66224
-0.98 0.662205
-0.97 0.66157
-0.96 0.661214
-0.95 0.660234
-0.94 0.659561
-0.93 0.65824
-0.92 0.657244
-0.91 0.655599
-0.9 0.65426
-0.89 0.652327
-0.88 0.650608
-0.87 0.648437
-0.86 0.646293
-0.85 0.643936
-0.84 0.641336
-0.83 0.638815
-0.82 0.635778
-0.81 0.633048
-0.8 0.629671
-0.79 0.626613
-0.78 0.623056
-0.77 0.619525
-0.76 0.615911
-0.75 0.611874
-0.74 0.608152
-0.73 0.603787
-0.72 0.599714
-0.71 0.595308
-0.7 0.590681
-0.69 0.586301
-0.68 0.581284
-0.67 0.576603
-0.66 0.571617
-0.65 0.566343
-0.64 0.561427
-0.63 0.555885
-0.62 0.55052
-0.61 0.545194
-0.6 0.539287
-0.59 0.533803
-0.58 0.528053
-0.57 0.521908
-0.56 0.516248
-0.55 0.510152
-0.54 0.503803
-0.53 0.497951
-0.52 0.49162
-0.51 0.485045
-0.5 0.47901
-0.49 0.472572
-0.48 0.465747
-0.47 0.459496
-0.46 0.453109
-0.45 0.446088
-0.44 0.439469
-0.43 0.433221
-0.42 0.426311
-0.41 0.419169
-0.4 0.412732
-0.39 0.406375
-0.38 0.399223
-0.37 0.391931
-0.36 0.385466
-0.35 0.379366
-0.34 0.372495
-0.33 0.364806
-0.32 0.357477
-0.31 0.351652
-0.3 0.347536
-0.29 0.344593
-0.28 0.342172
-0.27 0.339887
-0.26 0.337613
-0.25 0.335351
-0.24 0.333123
-0.23 0.330946
-0.22 0.328825
-0.21 0.326765
-0.2 0.32477
-0.19 0.322844
-0.18 0.320991
-0.17 0.319215
-0.16 0.317519
-0.15 0.315908
-0.14 0.314384
-0.13 0.31295
-0.12 0.311611
-0.11 0.310368
-0.1 0.309225
-0.09 0.308183
-0.08 0.307244
-0.07 0.306412
-0.06 0.305687
-0.05 0.305071
-0.04 0.304565
-0.03 0.30417
-0.02 0.303888
-0.01 0.303718
0 0.303662
0.01 0.303718
0.02 0.303888
0.03 0.30417
0.04 0.304565
0.05 0.305071
0.06 0.305687
0.07 0.306412
0.08 0.307244
0.09 0.308183
0.1 0.309225
0.11 0.310368
0.12 0.311611
0.13 0.31295
0.14 0.314384
0.15 0.315908
0.16 0.317519
0.17 0.319215
0.18 0.320991
0.19 0.322844
0.2 0.32477
0.21 0.326765
0.22 0.328825
0.23 0.330946
0.24 0.333123
0.25 0.335351
0.26 0.337613
0.27 0.339887
0.28 0.342172
0.29 0.344593
0.3 0.347536
0.31 0.351652
0.32 0.357477
0.33 0.364806
0.34 0.372495
0.35 0.379366
0.36 0.385466
0.37 0.391931
0.38 0.399223
0.39 0.406375
0.4 0.412732
0.41 0.419169
0.42 0.426311
0.43 0.433221
0.44 0.439469
0.45 0.446088
0.46 0.453109
0.47 0.459496
0.48 0.465747
0.49 0.472572
0.5 0.47901
0.51 0.485045
0.52 0.49162
0.53 0.497951
0.54 0.503803
0.55 0.510152
0.56 0.516248
0.57 0.521908
0.58 0.528053
0.59 0.533803
0.6 0.539287
0.61 0.545194
0.62 0.55052
0.63 0.555885
0.64 0.561427
0.65 0.566343
0.66 0.571617
0.67 0.576603
0.68 0.581284
0.69 0.586301
0.7 0.590681
0.71 0.595308
0.72 0.599714
0.73 0.603787
0.74 0.608152
0.75 0.611874
0.76 0.615911
0.77 0.619525
0.78 0.623056
0.79 0.626613
0.8 0.629671
0.81 0.633048
0.82 0.635778
0.83 0.638815
0.84 0.641336
0.85 0.643936
0.86 0.646293
0.87 0.648437
0.88 0.650608
0.89 0.652327
0.9 0.65426
0.91 0.655599
0.92 0.657244
0.93 0.65824
0.94 0.659561
0.95 0.660234
0.96 0.661214
0.97 0.66157
0.98 0.662205
0.99 0.66224
