-1 0.764119
-0.99 0.764012
-0.98 0.763565
-0.97 0.762889
-0.96 0.761903
-0.95 0.760648
-0.94 0.759142
-0.93 0.757298
-0.92 0.755292
-0.91 0.752856
-0.9 0.750368
-0.89 0.747345
-0.88 0.744387
-0.87 0.740794
-0.86 0.737364
-0.85 0.733244
-0.84 0.729318
-0.83 0.724736
-0.82 0.720274
-0.81 0.715312
-0.8 0.710273
-0.79 0.705002
-0.78 0.699375
-0.77 0.693817
-0.76 0.687665
-0.75 0.681761
-0.74 0.675228
-0.73 0.668859
-0.72 0.662115
-0.71 0.655193
-0.7 0.648317
-0.69 0.640902
-0.68 0.633792
-0.67 0.626121
-0.66 0.618565
-0.65 0.610871
-0.64 0.602803
-0.63 0.595047
-0.62 0.586724
-0.61 0.57861
-0.6 0.570371
-0.59 0.561772
-0.58 0.553554
-0.57 0.544831
-0.56 0.536227
-0.55 0.527735
-0.54 0.518752
-0.53 0.510185
-0.52 0.501386
-0.51 0.492354
-0.5 0.483777
-0.49 0.474763
-0.48 0.465789
-0.47 0.457185
-0.46 0.448081
-0.45 0.439199
-0.44 0.430612
-0.43 0.421521
-0.42 0.412732
-0.41 0.404241
-0.4 0.395248
-0.39 0.386538
-0.38 0.378226
-0.37 0.369429
-0.36 0.360766
-0.35 0.352674
-0.34 0.344224
-0.33 0.335599
-0.32 0.327646
-0.31 0.31972
-0.3 0.31129
-0.29 0.303247
-0.28 0.295816
-0.27 0.28803
-0.26 0.279889
-0.25 0.272384
-0.24 0.265444
-0.23 0.258067
-0.22 0.250236
-0.21 0.242972
-0.2 0.236591
-0.19 0.230181
-0.18 0.222958
-0.17 0.215365
-0.16 0.208613
-0.15 0.203552
-0.14 0.200165
-0.13 0.197894
-0.12 0.19616
-0.11 0.194636
-0.1 0.193217
-0.09 0.191902
-0.08 0.190711
-0.07 0.189655
-0.06 0.188737
-0.05 0.18796
-0.04 0.187322
-0.03 0.186826
-0.02 0.18647
-0.01 0.186257
0 0.186186
0.01 0.186257
0.02 0.18647
0.03 0.186826
0.04 0.187322
0.05 0.18796
0.06 0.188737
0.07 0.189655
0.08 0.190711
0.09 0.191902
0.1 0.193217
0.11 0.194636
0.12 0.19616
0.13 0.197894
0.14 0.200165
0.15 0.203552
0.16 0.208613
0.17 0.215365
0.18 0.222958
0.19 0.230181
0.2 0.236591
0.21 0.242972
0.22 0.250236
0.23 0.258067
0.24 0.265444
0.25 0.272384
0.26 0.279889
0.27 0.28803
0.28 0.295816
0.29 0.303247
0.3 0.31129
0.31 0.31972
0.32 0.327646
0.33 0.335599
0.34 0.344224
0.35 0.352674
0.36 0.360766
0.37 0.369429
0.38 0.378226
0.39 0.386538
0.4 0.395248
0.41 0.404241
0.42 0.412732
0.43 0.421521
0.44 0.430612
0.45 0.439199
0.46 0.448081
0.47 0.457185
0.48 0.465789
0.49 0.474763
0.5 0.483777
0.51 0.492354
0.52 0.501386
0.53 0.510185
0.54 0.518752
0.55 0.527735
0.56 0.536227
0.57 0.544831
0.58 0.553554
0.59 0.561772
0.6 0.570371
0.61 0.57861
0.62 0.586724
0.63 0.595047
0.64 0.602803
0.65 0.610871
0.66 0.618565
0.67 0.626121
0.68 0.633792
0.69 0.640902
0.7 0.648317
0.71 0.655193
0.72 0.662115
0.73 0.668859
0.74 0.675228
0.75 0.681761
0.76 0.687665
0.77 0.693817
0.78 0.699375
0.79 0.705002
0.8 0.710273
0.81 0.715312
0.82 0.720274
0.83 0.724736
0.84 0.729318
0.85 0.733244
0.86 0.737364
0.87 0.740794
0.88 0.744387
0.89 0.747345
0.9 0.750368
0.91 0.752856
0.92 0.755292
0.93 0.757298
0.94 0.759142
0.95 0.760648
0.96 0.761903
0.97 0.762889
0.98 0.763565
0.99 0.764012
