-1 0.755211
-0.99 0.754858
-0.98 0.754673
-0.97 0.753785
-0.96 0.75306
-0.95 0.751646
-0.94 0.750378
-0.93 0.748452
-0.92 0.746635
-0.91 0.74422
-0.9 0.741842
-0.89 0.738971
-0.88 0.736017
-0.87 0.732728
-0.86 0.729187
-0.85 0.725511
-0.84 0.721389
-0.83 0.717336
-0.82 0.712672
-0.81 0.708218
-0.8 0.703094
-0.79 0.698174
-0.78 0.692705
-0.77 0.687243
-0.76 0.681534
-0.75 0.6755
-0.74 0.669575
-0.73 0.663053
-0.72 0.656814
-0.71 0.649999
-0.7 0.643281
-0.69 0.636363
-0.68 0.629102
-0.67 0.622083
-0.66 0.614459
-0.65 0.60711
-0.64 0.599437
-0.63 0.591565
-0.62 0.583929
-0.61 0.575716
-0.6 0.567814
-0.59 0.559673
-0.58 0.551266
-0.57 0.543224
-0.56 0.534647
-0.55 0.526244
-0.54 0.517933
-0.53 0.509129
-0.52 0.500753
-0.51 0.492173
-0.5 0.483309
-0.49 0.474932
-0.48 0.466175
-0.47 0.457332
-0.46 0.44896
-0.45 0.440139
-0.44 0.431341
-0.43 0.423017
-0.42 0.41424
-0.41 0.405482
-0.4 0.39726
-0.39 0.388646
-0.38 0.379915
-0.37 0.371807
-0.36 0.363504
-0.35 0.354833
-0.34 0.34675
-0.33 0.338886
-0.32 0.330472
-0.31 0.322249
-0.3 0.314715
-0.29 0.306961
-0.28 0.298723
-0.27 0.290984
-0.26 0.283913
-0.25 0.276515
-0.24 0.268558
-0.23 0.261024
-0.22 0.254408
-0.21 0.247897
-0.2 0.240598
-0.19 0.232804
-0.18 0.225711
-0.17 0.220258
-0.16 0.216516
-0.15 0.213949
-0.14 0.21196
-0.13 0.210193
-0.12 0.208528
-0.11 0.206961
-0.1 0.205512
-0.09 0.204193
-0.08 0.203009
-0.07 0.201961
-0.06 0.20105
-0.05 0.200277
-0.04 0.199643
-0.03 0.199149
-0.02 0.198795
-0.01 0.198583
0 0.198512
0.01 0.198583
0.02 0.198795
0.03 0.199149
0.04 0.199643
0.05 0.200277
0.06 0.20105
0.07 0.201961
0.08 0.203009
0.09 0.204193
0.1 0.205512
0.11 0.206961
0.12 0.208528
0.13 0.210193
0.14 0.21196
0.15 0.213949
0.16 0.216516
0.17 0.220258
0.18 0.225711
0.19 0.232804
0.2 0.240598
0.21 0.247897
0.22 0.254408
0.23 0.261024
0.24 0.268558
0.25 0.276515
0.26 0.283913
0.27 0.290984
0.28 0.298723
0.29 0.306961
0.3 0.314715
0.31 0.322249
0.32 0.330472
0.33 0.338886
0.34 0.34675
0.35 0.354833
0.36 0.363504
0.37 0.371807
0.38 0.379915
0.39 0.388646
0.4 0.39726
0.41 0.405482
0.42 0.41424
0.43 0.423017
0.44 0.431341
0.45 0.440139
0.46 0.44896
0.47 0.457332
0.48 0.466175
0.49 0.474932
0.5 0.483309
0.51 0.492173
0.52 0.500753
0.53 0.509129
0.54 0.517933
0.55 0.526244
0.56 0.534647
0.57 0.543224
0.58 0.551266
0.59 0.559673
0.6 0.567814
0.61 0.575716
0.62 0.583929
0.63 0.591565
0.64 0.599437
0.65 0.60711
0.66 0.614459
0.67 0.622083
0.68 0.629102
0.69 0.636363
0.7 0.643281
0.71 0.649999
0.72 0.656814
0.73 0.663053
0.74 0.669575
0.75 0.6755
0.76 0.681534
0.77 0.687243
0.78 0.692705
0.79 0.698174
0.8 0.703094
0.81 0.708218
0.82 0.712672
0.83 0.717336
0.84 0.721389
0.85 0.725511
0.86 0.729187
0.87 0.732728
0.88 0.736017
0.89 0.738971
0.9 0.741842
0.91 0.74422
0.92 0.746635
0.93 0.748452
0.94 0.750378
0.95 0.751646
0.96 0.75306
0.97 0.753785
0.98 0.754673
0.99 0.754858
