-1 3.33811e-08
-0.998 3.3623e-08
-0.996 3.43519e-08
-0.994 3.55771e-08
-0.992 3.73144e-08
-0.99 3.95861e-08
-0.988 4.24212e-08
-0.986 4.58558e-08
-0.984 4.99338e-08
-0.982 5.47066e-08
-0.98 6.02346e-08
-0.978 6.65873e-08
-0.976 7.38439e-08
-0.974 8.20947e-08
-0.972 9.14417e-08
-0.97 1.02e-07
-0.968 1.13898e-07
-0.966 1.2728e-07
-0.964 1.42309e-07
-0.962 1.59163e-07
-0.96 1.78043e-07
-0.958 1.99172e-07
-0.956 2.22798e-07
-0.954 2.49196e-07
-0.952 2.78671e-07
-0.95 3.11561e-07
-0.948 3.48239e-07
-0.946 3.89121e-07
-0.944 4.34663e-07
-0.942 4.85373e-07
-0.94 5.4181e-07
-0.938 6.04591e-07
-0.936 6.74398e-07
-0.934 7.51982e-07
-0.932 8.38172e-07
-0.93 9.33882e-07
-0.928 1.04012e-06
-0.926 1.15798e-06
-0.924 1.2887e-06
-0.922 1.43361e-06
-0.92 1.59418e-06
-0.918 1.77203e-06
-0.916 1.96894e-06
-0.914 2.18686e-06
-0.912 2.42794e-06
-0.91 2.69451e-06
-0.908 2.98917e-06
-0.906 3.31472e-06
-0.904 3.67425e-06
-0.902 4.07116e-06
-0.9 4.50914e-06
-0.898 4.99225e-06
-0.896 5.5249e-06
-0.894 6.11194e-06
-0.892 6.75866e-06
-0.89 7.47082e-06
-0.888 8.25471e-06
-0.886 9.11721e-06
-0.884 1.00658e-05
-0.882 1.11086e-05
-0.88 1.22546e-05
-0.878 1.35134e-05
-0.876 1.48956e-05
-0.874 1.64125e-05
-0.872 1.80767e-05
-0.87 1.99017e-05
-0.868 2.19021e-05
-0.866 2.4094e-05
-0.864 2.64947e-05
-0.862 2.91229e-05
-0.86 3.1999e-05
-0.858 3.51451e-05
-0.856 3.85851e-05
-0.854 4.23448e-05
-0.852 4.64523e-05
-0.85 5.09378e-05
-0.848 5.58341e-05
-0.846 6.11767e-05
-0.844 6.70036e-05
-0.842 7.33561e-05
-0.84 8.02788e-05
-0.838 8.78197e-05
-0.836 9.60305e-05
-0.834 0.000104967
-0.832 0.000114689
-0.83 0.000125262
-0.828 0.000136754
-0.826 0.000149242
-0.824 0.000162804
-0.822 0.000177528
-0.82 0.000193506
-0.818 0.000210837
-0.816 0.000229629
-0.814 0.000249997
-0.812 0.000272061
-0.81 0.000295955
-0.808 0.000321818
-0.806 0.000349802
-0.804 0.000380067
-0.802 0.000412785
-0.8 0.000448141
-0.798 0.00048633
-0.796 0.000527563
-0.794 0.000572062
-0.792 0.000620067
-0.79 0.000671832
-0.788 0.000727627
-0.786 0.00078774
-0.784 0.000852479
-0.782 0.000922169
-0.78 0.000997157
-0.778 0.00107781
-0.776 0.00116452
-0.774 0.00125771
-0.772 0.00135781
-0.77 0.00146529
-0.768 0.00158065
-0.766 0.0017044
-0.764 0.00183711
-0.762 0.00197936
-0.76 0.00213177
-0.758 0.002295
-0.756 0.00246974
-0.754 0.00265672
-0.752 0.00285672
-0.75 0.00307054
-0.748 0.00329905
-0.746 0.00354314
-0.744 0.00380377
-0.742 0.00408195
-0.74 0.00437871
-0.738 0.00469517
-0.736 0.00503248
-0.734 0.00539188
-0.732 0.00577463
-0.73 0.00618207
-0.728 0.00661562
-0.726 0.00707674
-0.724 0.00756698
-0.722 0.00808794
-0.72 0.00864131
-0.718 0.00922884
-0.716 0.00985239
-0.714 0.0105139
-0.712 0.0112152
-0.71 0.0119586
-0.708 0.0127462
-0.706 0.0135802
-0.704 0.014463
-0.702 0.015397
-0.7 0.0163848
-0.698 0.017429
-0.696 0.0185323
-0.694 0.0196975
-0.692 0.0209277
-0.69 0.0222258
-0.688 0.023595
-0.686 0.0250385
-0.684 0.0265597
-0.682 0.028162
-0.68 0.0298491
-0.678 0.0316246
-0.676 0.0334923
-0.674 0.0354561
-0.672 0.03752
-0.67 0.0396882
-0.668 0.0419649
-0.666 0.0443545
-0.664 0.0468614
-0.662 0.0494902
-0.66 0.0522455
-0.658 0.0551322
-0.656 0.0581551
-0.654 0.0613193
-0.652 0.0646297
-0.65 0.0680916
-0.648 0.0717103
-0.646 0.0754911
-0.644 0.0794394
-0.642 0.0835608
-0.64 0.0878608
-0.638 0.0923452
-0.636 0.0970197
-0.634 0.10189
-0.632 0.106962
-0.63 0.112242
-0.628 0.117735
-0.626 0.123447
-0.624 0.129385
-0.622 0.135555
-0.62 0.141961
-0.618 0.148611
-0.616 0.155511
-0.614 0.162665
-0.612 0.170081
-0.61 0.177764
-0.608 0.185719
-0.606 0.193953
-0.604 0.202471
-0.602 0.211278
-0.6 0.22038
-0.598 0.229783
-0.596 0.239491
-0.594 0.249509
-0.592 0.259842
-0.59 0.270495
-0.588 0.281472
-0.586 0.292778
-0.584 0.304416
-0.582 0.31639
-0.58 0.328703
-0.578 0.341359
-0.576 0.35436
-0.574 0.36771
-0.572 0.38141
-0.57 0.395462
-0.568 0.409868
-0.566 0.424628
-0.564 0.439745
-0.562 0.455217
-0.56 0.471045
-0.558 0.487229
-0.556 0.503767
-0.554 0.520658
-0.552 0.537901
-0.55 0.555492
-0.548 0.573429
-0.546 0.591709
-0.544 0.610327
-0.542 0.629279
-0.54 0.64856
-0.538 0.668164
-0.536 0.688086
-0.534 0.708319
-0.532 0.728855
-0.53 0.749686
-0.528 0.770804
-0.526 0.7922
-0.524 0.813865
-0.522 0.835787
-0.52 0.857957
-0.518 0.880363
-0.516 0.902992
-0.514 0.925833
-0.512 0.948872
-0.51 0.972096
-0.508 0.995489
-0.506 1.01904
-0.504 1.04273
-0.502 1.06654
-0.5 1.09046
-0.498 1.11447
-0.496 1.13855
-0.494 1.16269
-0.492 1.18687
-0.49 1.21106
-0.488 1.23526
-0.486 1.25943
-0.484 1.28356
-0.482 1.30763
-0.48 1.33162
-0.478 1.35551
-0.476 1.37928
-0.474 1.4029
-0.472 1.42635
-0.47 1.44962
-0.468 1.47267
-0.466 1.4955
-0.464 1.51807
-0.462 1.54036
-0.46 1.56236
-0.458 1.58404
-0.456 1.60538
-0.454 1.62635
-0.452 1.64694
-0.45 1.66712
-0.448 1.68688
-0.446 1.70618
-0.444 1.72502
-0.442 1.74337
-0.44 1.76121
-0.438 1.77852
-0.436 1.79528
-0.434 1.81147
-0.432 1.82708
-0.43 1.84209
-0.428 1.85647
-0.426 1.87023
-0.424 1.88333
-0.422 1.89576
-0.42 1.90751
-0.418 1.91857
-0.416 1.92892
-0.414 1.93855
-0.412 1.94745
-0.41 1.9556
-0.408 1.96301
-0.406 1.96966
-0.404 1.97553
-0.402 1.98064
-0.4 1.98496
-0.398 1.9885
-0.396 1.99124
-0.394 1.99319
-0.392 1.99435
-0.39 1.99471
-0.388 1.99427
-0.386 1.99304
-0.384 1.991
-0.382 1.98818
-0.38 1.98456
-0.378 1.98016
-0.376 1.97498
-0.374 1.96903
-0.372 1.9623
-0.37 1.95482
-0.368 1.94659
-0.366 1.93762
-0.364 1.92791
-0.362 1.91749
-0.36 1.90637
-0.358 1.89455
-0.356 1.88204
-0.354 1.86888
-0.352 1.85506
-0.35 1.84061
-0.348 1.82555
-0.346 1.80988
-0.344 1.79363
-0.342 1.77681
-0.34 1.75945
-0.338 1.74156
-0.336 1.72316
-0.334 1.70427
-0.332 1.68492
-0.33 1.66512
-0.328 1.6449
-0.326 1.62427
-0.324 1.60326
-0.322 1.58189
-0.32 1.56018
-0.318 1.53815
-0.316 1.51582
-0.314 1.49323
-0.312 1.47038
-0.31 1.4473
-0.308 1.42401
-0.306 1.40054
-0.304 1.37691
-0.302 1.35313
-0.3 1.32923
-0.298 1.30523
-0.296 1.28115
-0.294 1.25701
-0.292 1.23284
-0.29 1.20864
-0.288 1.18445
-0.286 1.16028
-0.284 1.13614
-0.282 1.11207
-0.28 1.08806
-0.278 1.06415
-0.276 1.04035
-0.274 1.01668
-0.272 0.993143
-0.27 0.969765
-0.268 0.94656
-0.266 0.92354
-0.264 0.90072
-0.262 0.878112
-0.26 0.855729
-0.258 0.833584
-0.256 0.811686
-0.254 0.790048
-0.252 0.76868
-0.25 0.74759
-0.248 0.726788
-0.246 0.706282
-0.244 0.68608
-0.242 0.666189
-0.24 0.646617
-0.238 0.627369
-0.236 0.60845
-0.234 0.589865
-0.232 0.57162
-0.23 0.553717
-0.228 0.536161
-0.226 0.518953
-0.224 0.502097
-0.222 0.485595
-0.22 0.469446
-0.218 0.453654
-0.216 0.438217
-0.214 0.423136
-0.212 0.408411
-0.21 0.394041
-0.208 0.380024
-0.206 0.366359
-0.204 0.353045
-0.202 0.340078
-0.2 0.327456
-0.198 0.315177
-0.196 0.303237
-0.194 0.291632
-0.192 0.28036
-0.19 0.269415
-0.188 0.258795
-0.186 0.248493
-0.184 0.238506
-0.182 0.228829
-0.18 0.219457
-0.178 0.210384
-0.176 0.201606
-0.174 0.193117
-0.172 0.184911
-0.17 0.176983
-0.168 0.169328
-0.166 0.161938
-0.164 0.15481
-0.162 0.147936
-0.16 0.14131
-0.158 0.134928
-0.156 0.128782
-0.154 0.122867
-0.152 0.117176
-0.15 0.111705
-0.148 0.106447
-0.146 0.101395
-0.144 0.0965448
-0.142 0.0918898
-0.14 0.0874242
-0.138 0.0831424
-0.136 0.0790388
-0.134 0.0751077
-0.132 0.0713436
-0.13 0.0677411
-0.128 0.0642949
-0.126 0.0609996
-0.124 0.0578502
-0.122 0.0548415
-0.12 0.0519686
-0.118 0.0492266
-0.116 0.0466108
-0.114 0.0441164
-0.112 0.0417389
-0.11 0.039474
-0.108 0.0373172
-0.106 0.0352643
-0.104 0.0333112
-0.102 0.0314539
-0.1 0.0296886
-0.098 0.0280114
-0.096 0.0264187
-0.094 0.024907
-0.092 0.0234727
-0.09 0.0221126
-0.088 0.0208234
-0.086 0.019602
-0.084 0.0184455
-0.082 0.0173508
-0.08 0.0163152
-0.078 0.0153361
-0.076 0.0144107
-0.074 0.0135366
-0.072 0.0127114
-0.07 0.0119328
-0.068 0.0111986
-0.066 0.0105066
-0.064 0.00985476
-0.062 0.0092412
-0.06 0.00866403
-0.058 0.00812145
-0.056 0.00761178
-0.054 0.00713339
-0.052 0.00668474
-0.05 0.00626435
-0.048 0.00587083
-0.046 0.00550286
-0.044 0.00515918
-0.042 0.00483861
-0.04 0.00454002
-0.038 0.00426235
-0.036 0.00400462
-0.034 0.00376589
-0.032 0.00354529
-0.03 0.003342
-0.028 0.00315525
-0.026 0.00298436
-0.024 0.00282867
-0.022 0.00268758
-0.02 0.00256054
-0.018 0.00244707
-0.016 0.00234672
-0.014 0.00225909
-0.012 0.00218385
-0.01 0.00212068
-0.008 0.00206934
-0.006 0.00202962
-0.004 0.00200136
-0.002 0.00198445
0 0.00197882
0.002 0.00198445
0.004 0.00200136
0.006 0.00202962
0.008 0.00206934
0.01 0.00212068
0.012 0.00218385
0.014 0.00225909
0.016 0.00234672
0.018 0.00244707
0.02 0.00256054
0.022 0.00268758
0.024 0.00282867
0.026 0.00298436
0.028 0.00315525
0.03 0.003342
0.032 0.00354529
0.034 0.00376589
0.036 0.00400462
0.038 0.00426235
0.04 0.00454002
0.042 0.00483861
0.044 0.00515918
0.046 0.00550286
0.048 0.00587083
0.05 0.00626435
0.052 0.00668474
0.054 0.00713339
0.056 0.00761178
0.058 0.00812145
0.06 0.00866403
0.062 0.0092412
0.064 0.00985476
0.066 0.0105066
0.068 0.0111986
0.07 0.0119328
0.072 0.0127114
0.074 0.0135366
0.076 0.0144107
0.078 0.0153361
0.08 0.0163152
0.082 0.0173508
0.084 0.0184455
0.086 0.019602
0.088 0.0208234
0.09 0.0221126
0.092 0.0234727
0.094 0.024907
0.096 0.0264187
0.098 0.0280114
0.1 0.0296886
0.102 0.0314539
0.104 0.0333112
0.106 0.0352643
0.108 0.0373172
0.11 0.039474
0.112 0.0417389
0.114 0.0441164
0.116 0.0466108
0.118 0.0492266
0.12 0.0519686
0.122 0.0548415
0.124 0.0578502
0.126 0.0609996
0.128 0.0642949
0.13 0.0677411
0.132 0.0713436
0.134 0.0751077
0.136 0.0790388
0.138 0.0831424
0.14 0.0874242
0.142 0.0918898
0.144 0.0965448
0.146 0.101395
0.148 0.106447
0.15 0.111705
0.152 0.117176
0.154 0.122867
0.156 0.128782
0.158 0.134928
0.16 0.14131
0.162 0.147936
0.164 0.15481
0.166 0.161938
0.168 0.169328
0.17 0.176983
0.172 0.184911
0.174 0.193117
0.176 0.201606
0.178 0.210384
0.18 0.219457
0.182 0.228829
0.184 0.238506
0.186 0.248493
0.188 0.258795
0.19 0.269415
0.192 0.28036
0.194 0.291632
0.196 0.303237
0.198 0.315177
0.2 0.327456
0.202 0.340078
0.204 0.353045
0.206 0.366359
0.208 0.380024
0.21 0.394041
0.212 0.408411
0.214 0.423136
0.216 0.438217
0.218 0.453654
0.22 0.469446
0.222 0.485595
0.224 0.502097
0.226 0.518953
0.228 0.536161
0.23 0.553717
0.232 0.57162
0.234 0.589865
0.236 0.60845
0.238 0.627369
0.24 0.646617
0.242 0.666189
0.244 0.68608
0.246 0.706282
0.248 0.726788
0.25 0.74759
0.252 0.76868
0.254 0.790048
0.256 0.811686
0.258 0.833584
0.26 0.855729
0.262 0.878112
0.264 0.90072
0.266 0.92354
0.268 0.94656
0.27 0.969765
0.272 0.993143
0.274 1.01668
0.276 1.04035
0.278 1.06415
0.28 1.08806
0.282 1.11207
0.284 1.13614
0.286 1.16028
0.288 1.18445
0.29 1.20864
0.292 1.23284
0.294 1.25701
0.296 1.28115
0.298 1.30523
0.3 1.32923
0.302 1.35313
0.304 1.37691
0.306 1.40054
0.308 1.42401
0.31 1.4473
0.312 1.47038
0.314 1.49323
0.316 1.51582
0.318 1.53815
0.32 1.56018
0.322 1.58189
0.324 1.60326
0.326 1.62427
0.328 1.6449
0.33 1.66512
0.332 1.68492
0.334 1.70427
0.336 1.72316
0.338 1.74156
0.34 1.75945
0.342 1.77681
0.344 1.79363
0.346 1.80988
0.348 1.82555
0.35 1.84061
0.352 1.85506
0.354 1.86888
0.356 1.88204
0.358 1.89455
0.36 1.90637
0.362 1.91749
0.364 1.92791
0.366 1.93762
0.368 1.94659
0.37 1.95482
0.372 1.9623
0.374 1.96903
0.376 1.97498
0.378 1.98016
0.38 1.98456
0.382 1.98818
0.384 1.991
0.386 1.99304
0.388 1.99427
0.39 1.99471
0.392 1.99435
0.394 1.99319
0.396 1.99124
0.398 1.9885
0.4 1.98496
0.402 1.98064
0.404 1.97553
0.406 1.96966
0.408 1.96301
0.41 1.9556
0.412 1.94745
0.414 1.93855
0.416 1.92892
0.418 1.91857
0.42 1.90751
0.422 1.89576
0.424 1.88333
0.426 1.87023
0.428 1.85647
0.43 1.84209
0.432 1.82708
0.434 1.81147
0.436 1.79528
0.438 1.77852
0.44 1.76121
0.442 1.74337
0.444 1.72502
0.446 1.70618
0.448 1.68688
0.45 1.66712
0.452 1.64694
0.454 1.62635
0.456 1.60538
0.458 1.58404
0.46 1.56236
0.462 1.54036
0.464 1.51807
0.466 1.4955
0.468 1.47267
0.47 1.44962
0.472 1.42635
0.474 1.4029
0.476 1.37928
0.478 1.35551
0.48 1.33162
0.482 1.30763
0.484 1.28356
0.486 1.25943
0.488 1.23526
0.49 1.21106
0.492 1.18687
0.494 1.16269
0.496 1.13855
0.498 1.11447
0.5 1.09046
0.502 1.06654
0.504 1.04273
0.506 1.01904
0.508 0.995489
0.51 0.972096
0.512 0.948872
0.514 0.925833
0.516 0.902992
0.518 0.880363
0.52 0.857957
0.522 0.835787
0.524 0.813865
0.526 0.7922
0.528 0.770804
0.53 0.749686
0.532 0.728855
0.534 0.708319
0.536 0.688086
0.538 0.668164
0.54 0.64856
0.542 0.629279
0.544 0.610327
0.546 0.591709
0.548 0.573429
0.55 0.555492
0.552 0.537901
0.554 0.520658
0.556 0.503767
0.558 0.487229
0.56 0.471045
0.562 0.455217
0.564 0.439745
0.566 0.424628
0.568 0.409868
0.57 0.395462
0.572 0.38141
0.574 0.36771
0.576 0.35436
0.578 0.341359
0.58 0.328703
0.582 0.31639
0.584 0.304416
0.586 0.292778
0.588 0.281472
0.59 0.270495
0.592 0.259842
0.594 0.249509
0.596 0.239491
0.598 0.229783
0.6 0.22038
0.602 0.211278
0.604 0.202471
0.606 0.193953
0.608 0.185719
0.61 0.177764
0.612 0.170081
0.614 0.162665
0.616 0.155511
0.618 0.148611
0.62 0.141961
0.622 0.135555
0.624 0.129385
0.626 0.123447
0.628 0.117735
0.63 0.112242
0.632 0.106962
0.634 0.10189
0.636 0.0970197
0.638 0.0923452
0.64 0.0878608
0.642 0.0835608
0.644 0.0794394
0.646 0.0754911
0.648 0.0717103
0.65 0.0680916
0.652 0.0646297
0.654 0.0613193
0.656 0.0581551
0.658 0.0551322
0.66 0.0522455
0.662 0.0494902
0.664 0.0468614
0.666 0.0443545
0.668 0.0419649
0.67 0.0396882
0.672 0.03752
0.674 0.0354561
0.676 0.0334923
0.678 0.0316246
0.68 0.0298491
0.682 0.028162
0.684 0.0265597
0.686 0.0250385
0.688 0.023595
0.69 0.0222258
0.692 0.0209277
0.694 0.0196975
0.696 0.0185323
0.698 0.017429
0.7 0.0163848
0.702 0.015397
0.704 0.014463
0.706 0.0135802
0.708 0.0127462
0.71 0.0119586
0.712 0.0112152
0.714 0.0105139
0.716 0.00985239
0.718 0.00922884
0.72 0.00864131
0.722 0.00808794
0.724 0.00756698
0.726 0.00707674
0.728 0.00661562
0.73 0.00618207
0.732 0.00577463
0.734 0.00539188
0.736 0.00503248
0.738 0.00469517
0.74 0.00437871
0.742 0.00408195
0.744 0.00380377
0.746 0.00354314
0.748 0.00329905
0.75 0.00307054
0.752 0.00285672
0.754 0.00265672
0.756 0.00246974
0.758 0.002295
0.76 0.00213177
0.762 0.00197936
0.764 0.00183711
0.766 0.0017044
0.768 0.00158065
0.77 0.00146529
0.772 0.00135781
0.774 0.00125771
0.776 0.00116452
0.778 0.00107781
0.78 0.000997157
0.782 0.000922169
0.784 0.000852479
0.786 0.00078774
0.788 0.000727627
0.79 0.000671832
0.792 0.000620067
0.794 0.000572062
0.796 0.000527563
0.798 0.00048633
0.8 0.000448141
0.802 0.000412785
0.804 0.000380067
0.806 0.000349802
0.808 0.000321818
0.81 0.000295955
0.812 0.000272061
0.814 0.000249997
0.816 0.000229629
0.818 0.000210837
0.82 0.000193506
0.822 0.000177528
0.824 0.000162804
0.826 0.000149242
0.828 0.000136754
0.83 0.000125262
0.832 0.000114689
0.834 0.000104967
0.836 9.60305e-05
0.838 8.78197e-05
0.84 8.02788e-05
0.842 7.33561e-05
0.844 6.70036e-05
0.846 6.11767e-05
0.848 5.58341e-05
0.85 5.09378e-05
0.852 4.64523e-05
0.854 4.23448e-05
0.856 3.85851e-05
0.858 3.51451e-05
0.86 3.1999e-05
0.862 2.91229e-05
0.864 2.64947e-05
0.866 2.4094e-05
0.868 2.19021e-05
0.87 1.99017e-05
0.872 1.80767e-05
0.874 1.64125e-05
0.876 1.48956e-05
0.878 1.35134e-05
0.88 1.22546e-05
0.882 1.11086e-05
0.884 1.00658e-05
0.886 9.11721e-06
0.888 8.25471e-06
0.89 7.47082e-06
0.892 6.75866e-06
0.894 6.11194e-06
0.896 5.5249e-06
0.898 4.99225e-06
0.9 4.50914e-06
0.902 4.07116e-06
0.904 3.67425e-06
0.906 3.31472e-06
0.908 2.98917e-06
0.91 2.69451e-06
0.912 2.42794e-06
0.914 2.18686e-06
0.916 1.96894e-06
0.918 1.77203e-06
0.92 1.59418e-06
0.922 1.43361e-06
0.924 1.2887e-06
0.926 1.15798e-06
0.928 1.04012e-06
0.93 9.33882e-07
0.932 8.38172e-07
0.934 7.51982e-07
0.936 6.74398e-07
0.938 6.04591e-07
0.94 5.4181e-07
0.942 4.85373e-07
0.944 4.34663e-07
0.946 3.89121e-07
0.948 3.48239e-07
0.95 3.11561e-07
0.952 2.78671e-07
0.954 2.49196e-07
0.956 2.22798e-07
0.958 1.99172e-07
0.96 1.78043e-07
0.962 1.59163e-07
0.964 1.42309e-07
0.966 1.2728e-07
0.968 1.13898e-07
0.97 1.02e-07
0.972 9.14417e-08
0.974 8.20947e-08
0.976 7.38439e-08
0.978 6.65873e-08
0.98 6.02346e-08
0.982 5.47066e-08
0.984 4.99338e-08
0.986 4.58558e-08
0.988 4.24212e-08
0.99 3.95861e-08
0.992 3.73144e-08
0.994 3.55771e-08
0.996 3.43519e-08
0.998 3.3623e-08
