-1 2.53817e-17
-0.998 2.57797e-17
-0.996 2.69852e-17
-0.994 2.90343e-17
-0.992 3.19877e-17
-0.99 3.59329e-17
-0.988 4.09866e-17
-0.986 4.72979e-17
-0.984 5.50525e-17
-0.982 6.44776e-17
-0.98 7.58487e-17
-0.978 8.94967e-17
-0.976 1.05817e-16
-0.974 1.25281e-16
-0.972 1.48448e-16
-0.97 1.75981e-16
-0.968 2.08664e-16
-0.966 2.47424e-16
-0.964 2.93354e-16
-0.962 3.47744e-16
-0.96 4.12115e-16
-0.958 4.88256e-16
-0.956 5.78276e-16
-0.954 6.84653e-16
-0.952 8.10304e-16
-0.95 9.58655e-16
-0.948 1.13373e-15
-0.946 1.34027e-15
-0.944 1.5838e-15
-0.942 1.87085e-15
-0.94 2.20906e-15
-0.938 2.60736e-15
-0.936 3.07626e-15
-0.934 3.62804e-15
-0.932 4.27707e-15
-0.93 5.04021e-15
-0.928 5.93714e-15
-0.926 6.99088e-15
-0.924 8.22836e-15
-0.922 9.68101e-15
-0.92 1.13856e-14
-0.918 1.33849e-14
-0.916 1.5729e-14
-0.914 1.84763e-14
-0.912 2.16947e-14
-0.91 2.54636e-14
-0.908 2.98752e-14
-0.906 3.50371e-14
-0.904 4.10746e-14
-0.902 4.81331e-14
-0.9 5.6382e-14
-0.898 6.60182e-14
-0.896 7.72704e-14
-0.894 9.04042e-14
-0.892 1.05728e-13
-0.89 1.236e-13
-0.888 1.44435e-13
-0.886 1.68715e-13
-0.884 1.96998e-13
-0.882 2.2993e-13
-0.88 2.68259e-13
-0.878 3.12853e-13
-0.876 3.64714e-13
-0.874 4.25002e-13
-0.872 4.95058e-13
-0.87 5.7643e-13
-0.868 6.7091e-13
-0.866 7.80563e-13
-0.864 9.07774e-13
-0.862 1.0553e-12
-0.86 1.2263e-12
-0.858 1.42444e-12
-0.856 1.65394e-12
-0.854 1.91965e-12
-0.852 2.22715e-12
-0.85 2.58287e-12
-0.848 2.99422e-12
-0.846 3.46968e-12
-0.844 4.01904e-12
-0.842 4.65352e-12
-0.84 5.386e-12
-0.838 6.23129e-12
-0.836 7.20636e-12
-0.834 8.33067e-12
-0.832 9.62654e-12
-0.83 1.11195e-11
-0.828 1.2839e-11
-0.826 1.48183e-11
-0.824 1.7096e-11
-0.822 1.97159e-11
-0.82 2.27282e-11
-0.818 2.61902e-11
-0.816 3.01675e-11
-0.814 3.4735e-11
-0.812 3.99779e-11
-0.81 4.59938e-11
-0.808 5.28938e-11
-0.806 6.08047e-11
-0.804 6.98708e-11
-0.802 8.02565e-11
-0.8 9.21491e-11
-0.798 1.05762e-10
-0.796 1.21337e-10
-0.794 1.39149e-10
-0.792 1.59514e-10
-0.79 1.82785e-10
-0.788 2.09367e-10
-0.786 2.39719e-10
-0.784 2.74362e-10
-0.782 3.13886e-10
-0.78 3.5896e-10
-0.778 4.10342e-10
-0.776 4.68891e-10
-0.774 5.3558e-10
-0.772 6.11509e-10
-0.77 6.97924e-10
-0.768 7.96232e-10
-0.766 9.08024e-10
-0.764 1.0351e-09
-0.762 1.17948e-09
-0.76 1.34347e-09
-0.758 1.52965e-09
-0.756 1.74092e-09
-0.754 1.98059e-09
-0.752 2.25236e-09
-0.75 2.56038e-09
-0.748 2.90937e-09
-0.746 3.30461e-09
-0.744 3.75203e-09
-0.742 4.25833e-09
-0.74 4.83102e-09
-0.738 5.47853e-09
-0.736 6.21035e-09
-0.734 7.03711e-09
-0.732 7.97075e-09
-0.73 9.02464e-09
-0.728 1.02138e-08
-0.726 1.1555e-08
-0.724 1.30671e-08
-0.722 1.47712e-08
-0.72 1.66908e-08
-0.718 1.88524e-08
-0.716 2.12853e-08
-0.714 2.40227e-08
-0.712 2.71012e-08
-0.71 3.05621e-08
-0.708 3.4451e-08
-0.706 3.88194e-08
-0.704 4.37241e-08
-0.702 4.92288e-08
-0.7 5.54044e-08
-0.698 6.23298e-08
-0.696 7.00928e-08
-0.694 7.87911e-08
-0.692 8.85334e-08
-0.69 9.94406e-08
-0.688 1.11647e-07
-0.686 1.25301e-07
-0.684 1.40569e-07
-0.682 1.57635e-07
-0.68 1.76701e-07
-0.678 1.97995e-07
-0.676 2.21766e-07
-0.674 2.48291e-07
-0.672 2.77878e-07
-0.67 3.10866e-07
-0.668 3.47631e-07
-0.666 3.88589e-07
-0.664 4.34198e-07
-0.662 4.84967e-07
-0.66 5.41456e-07
-0.658 6.04283e-07
-0.656 6.74129e-07
-0.654 7.51749e-07
-0.652 8.3797e-07
-0.65 9.33707e-07
-0.648 1.03997e-06
-0.646 1.15785e-06
-0.644 1.28859e-06
-0.642 1.43351e-06
-0.64 1.5941e-06
-0.638 1.77196e-06
-0.636 1.96889e-06
-0.634 2.18682e-06
-0.632 2.4279e-06
-0.63 2.69449e-06
-0.628 2.98915e-06
-0.626 3.3147e-06
-0.624 3.67425e-06
-0.622 4.07116e-06
-0.62 4.50915e-06
-0.618 4.99226e-06
-0.616 5.52492e-06
-0.614 6.11197e-06
-0.612 6.75869e-06
-0.61 7.47085e-06
-0.608 8.25475e-06
-0.606 9.11726e-06
-0.604 1.00659e-05
-0.602 1.11087e-05
-0.6 1.22547e-05
-0.598 1.35135e-05
-0.596 1.48957e-05
-0.594 1.64126e-05
-0.592 1.80768e-05
-0.59 1.99018e-05
-0.588 2.19023e-05
-0.586 2.40942e-05
-0.584 2.64949e-05
-0.582 2.91231e-05
-0.58 3.19992e-05
-0.578 3.51453e-05
-0.576 3.85853e-05
-0.574 4.2345e-05
-0.572 4.64526e-05
-0.57 5.09381e-05
-0.568 5.58345e-05
-0.566 6.11771e-05
-0.564 6.7004e-05
-0.562 7.33566e-05
-0.56 8.02794e-05
-0.558 8.78203e-05
-0.556 9.60312e-05
-0.554 0.000104968
-0.552 0.00011469
-0.55 0.000125263
-0.548 0.000136755
-0.546 0.000149243
-0.544 0.000162805
-0.542 0.000177529
-0.54 0.000193507
-0.538 0.000210839
-0.536 0.000229632
-0.534 0.000249999
-0.532 0.000272064
-0.53 0.000295958
-0.528 0.000321822
-0.526 0.000349806
-0.524 0.000380071
-0.522 0.00041279
-0.52 0.000448146
-0.518 0.000486336
-0.516 0.000527569
-0.514 0.00057207
-0.512 0.000620076
-0.51 0.000671841
-0.508 0.000727637
-0.506 0.000787752
-0.504 0.000852492
-0.502 0.000922184
-0.5 0.000997174
-0.498 0.00107783
-0.496 0.00116455
-0.494 0.00125774
-0.492 0.00135784
-0.49 0.00146532
-0.488 0.00158068
-0.486 0.00170444
-0.484 0.00183715
-0.482 0.00197941
-0.48 0.00213183
-0.478 0.00229506
-0.476 0.00246981
-0.474 0.0026568
-0.472 0.00285681
-0.47 0.00307064
-0.468 0.00329916
-0.466 0.00354327
-0.464 0.00380391
-0.462 0.0040821
-0.46 0.00437888
-0.458 0.00469536
-0.456 0.0050327
-0.454 0.00539213
-0.452 0.0057749
-0.45 0.00618238
-0.448 0.00661597
-0.446 0.00707713
-0.444 0.00756741
-0.442 0.00808842
-0.44 0.00864184
-0.438 0.00922944
-0.436 0.00985306
-0.434 0.0105146
-0.432 0.0112161
-0.43 0.0119596
-0.428 0.0127472
-0.426 0.0135814
-0.424 0.0144643
-0.422 0.0153984
-0.42 0.0163864
-0.418 0.0174307
-0.416 0.0185342
-0.414 0.0196997
-0.412 0.0209301
-0.41 0.0222285
-0.408 0.0235979
-0.406 0.0250418
-0.404 0.0265633
-0.402 0.028166
-0.4 0.0298535
-0.398 0.0316295
-0.396 0.0334977
-0.394 0.0354621
-0.392 0.0375267
-0.39 0.0396956
-0.388 0.0419731
-0.386 0.0443635
-0.384 0.0468714
-0.382 0.0495012
-0.38 0.0522577
-0.378 0.0551456
-0.376 0.0581699
-0.374 0.0613355
-0.372 0.0646476
-0.37 0.0681113
-0.368 0.071732
-0.366 0.0755149
-0.364 0.0794656
-0.362 0.0835896
-0.36 0.0878925
-0.358 0.0923801
-0.356 0.0970579
-0.354 0.101932
-0.352 0.107008
-0.35 0.112292
-0.348 0.11779
-0.346 0.123508
-0.344 0.129452
-0.342 0.135627
-0.34 0.142041
-0.338 0.148698
-0.336 0.155606
-0.334 0.162769
-0.332 0.170195
-0.33 0.177888
-0.328 0.185854
-0.326 0.194101
-0.324 0.202632
-0.322 0.211454
-0.32 0.220572
-0.318 0.229992
-0.316 0.239718
-0.314 0.249757
-0.312 0.260112
-0.31 0.270789
-0.308 0.281791
-0.306 0.293125
-0.304 0.304793
-0.302 0.316799
-0.3 0.329147
-0.298 0.341841
-0.296 0.354884
-0.294 0.368277
-0.292 0.382025
-0.29 0.396128
-0.288 0.410589
-0.286 0.42541
-0.284 0.44059
-0.282 0.456132
-0.28 0.472035
-0.278 0.488298
-0.276 0.504923
-0.274 0.521906
-0.272 0.539248
-0.27 0.556946
-0.268 0.574998
-0.266 0.5934
-0.264 0.61215
-0.262 0.631243
-0.26 0.650676
-0.258 0.670443
-0.256 0.690538
-0.254 0.710956
-0.252 0.731691
-0.25 0.752734
-0.248 0.77408
-0.246 0.795718
-0.244 0.817642
-0.242 0.839841
-0.24 0.862305
-0.238 0.885025
-0.236 0.90799
-0.234 0.931188
-0.232 0.954607
-0.23 0.978236
-0.228 1.00206
-0.226 1.02607
-0.224 1.05024
-0.222 1.07457
-0.22 1.09904
-0.218 1.12364
-0.216 1.14834
-0.214 1.17314
-0.212 1.19801
-0.21 1.22295
-0.208 1.24792
-0.206 1.27292
-0.204 1.29793
-0.202 1.32293
-0.2 1.34791
-0.198 1.37283
-0.196 1.3977
-0.194 1.42247
-0.192 1.44715
-0.19 1.47171
-0.188 1.49613
-0.186 1.52039
-0.184 1.54447
-0.182 1.56836
-0.18 1.59204
-0.178 1.61548
-0.176 1.63868
-0.174 1.66161
-0.172 1.68425
-0.17 1.70659
-0.168 1.72861
-0.166 1.75029
-0.164 1.77163
-0.162 1.79259
-0.16 1.81317
-0.158 1.83335
-0.156 1.85312
-0.154 1.87247
-0.152 1.89137
-0.15 1.90982
-0.148 1.92781
-0.146 1.94533
-0.144 1.96236
-0.142 1.9789
-0.14 1.99493
-0.138 2.01046
-0.136 2.02546
-0.134 2.03994
-0.132 2.05389
-0.13 2.06731
-0.128 2.08019
-0.126 2.09252
-0.124 2.10432
-0.122 2.11556
-0.12 2.12627
-0.118 2.13643
-0.116 2.14605
-0.114 2.15513
-0.112 2.16368
-0.11 2.17169
-0.108 2.17918
-0.106 2.18615
-0.104 2.19261
-0.102 2.19856
-0.1 2.20402
-0.098 2.20899
-0.096 2.21349
-0.094 2.21752
-0.092 2.2211
-0.09 2.22424
-0.088 2.22695
-0.086 2.22925
-0.084 2.23115
-0.082 2.23267
-0.08 2.23382
-0.078 2.23462
-0.076 2.23509
-0.074 2.23524
-0.072 2.23509
-0.07 2.23465
-0.068 2.23396
-0.066 2.23301
-0.064 2.23184
-0.062 2.23046
-0.06 2.22889
-0.058 2.22715
-0.056 2.22526
-0.054 2.22323
-0.052 2.22108
-0.05 2.21884
-0.048 2.21652
-0.046 2.21414
-0.044 2.21171
-0.042 2.20926
-0.04 2.20679
-0.038 2.20434
-0.036 2.2019
-0.034 2.19951
-0.032 2.19716
-0.03 2.19489
-0.028 2.19269
-0.026 2.19059
-0.024 2.18859
-0.022 2.18671
-0.02 2.18496
-0.018 2.18334
-0.016 2.18187
-0.014 2.18055
-0.012 2.1794
-0.01 2.17841
-0.008 2.17759
-0.006 2.17695
-0.004 2.17649
-0.002 2.17622
0 2.17613
0.002 2.17622
0.004 2.17649
0.006 2.17695
0.008 2.17759
0.01 2.17841
0.012 2.1794
0.014 2.18055
0.016 2.18187
0.018 2.18334
0.02 2.18496
0.022 2.18671
0.024 2.18859
0.026 2.19059
0.028 2.19269
0.03 2.19489
0.032 2.19716
0.034 2.19951
0.036 2.2019
0.038 2.20434
0.04 2.20679
0.042 2.20926
0.044 2.21171
0.046 2.21414
0.048 2.21652
0.05 2.21884
0.052 2.22108
0.054 2.22323
0.056 2.22526
0.058 2.22715
0.06 2.22889
0.062 2.23046
0.064 2.23184
0.066 2.23301
0.068 2.23396
0.07 2.23465
0.072 2.23509
0.074 2.23524
0.076 2.23509
0.078 2.23462
0.08 2.23382
0.082 2.23267
0.084 2.23115
0.086 2.22925
0.088 2.22695
0.09 2.22424
0.092 2.2211
0.094 2.21752
0.096 2.21349
0.098 2.20899
0.1 2.20402
0.102 2.19856
0.104 2.19261
0.106 2.18615
0.108 2.17918
0.11 2.17169
0.112 2.16368
0.114 2.15513
0.116 2.14605
0.118 2.13643
0.12 2.12627
0.122 2.11556
0.124 2.10432
0.126 2.09252
0.128 2.08019
0.13 2.06731
0.132 2.05389
0.134 2.03994
0.136 2.02546
0.138 2.01046
0.14 1.99493
0.142 1.9789
0.144 1.96236
0.146 1.94533
0.148 1.92781
0.15 1.90982
0.152 1.89137
0.154 1.87247
0.156 1.85312
0.158 1.83335
0.16 1.81317
0.162 1.79259
0.164 1.77163
0.166 1.75029
0.168 1.72861
0.17 1.70659
0.172 1.68425
0.174 1.66161
0.176 1.63868
0.178 1.61548
0.18 1.59204
0.182 1.56836
0.184 1.54447
0.186 1.52039
0.188 1.49613
0.19 1.47171
0.192 1.44715
0.194 1.42247
0.196 1.3977
0.198 1.37283
0.2 1.34791
0.202 1.32293
0.204 1.29793
0.206 1.27292
0.208 1.24792
0.21 1.22295
0.212 1.19801
0.214 1.17314
0.216 1.14834
0.218 1.12364
0.22 1.09904
0.222 1.07457
0.224 1.05024
0.226 1.02607
0.228 1.00206
0.23 0.978236
0.232 0.954607
0.234 0.931188
0.236 0.90799
0.238 0.885025
0.24 0.862305
0.242 0.839841
0.244 0.817642
0.246 0.795718
0.248 0.77408
0.25 0.752734
0.252 0.731691
0.254 0.710956
0.256 0.690538
0.258 0.670443
0.26 0.650676
0.262 0.631243
0.264 0.61215
0.266 0.5934
0.268 0.574998
0.27 0.556946
0.272 0.539248
0.274 0.521906
0.276 0.504923
0.278 0.488298
0.28 0.472035
0.282 0.456132
0.284 0.44059
0.286 0.42541
0.288 0.410589
0.29 0.396128
0.292 0.382025
0.294 0.368277
0.296 0.354884
0.298 0.341841
0.3 0.329147
0.302 0.316799
0.304 0.304793
0.306 0.293125
0.308 0.281791
0.31 0.270789
0.312 0.260112
0.314 0.249757
0.316 0.239718
0.318 0.229992
0.32 0.220572
0.322 0.211454
0.324 0.202632
0.326 0.194101
0.328 0.185854
0.33 0.177888
0.332 0.170195
0.334 0.162769
0.336 0.155606
0.338 0.148698
0.34 0.142041
0.342 0.135627
0.344 0.129452
0.346 0.123508
0.348 0.11779
0.35 0.112292
0.352 0.107008
0.354 0.101932
0.356 0.0970579
0.358 0.0923801
0.36 0.0878925
0.362 0.0835896
0.364 0.0794656
0.366 0.0755149
0.368 0.071732
0.37 0.0681113
0.372 0.0646476
0.374 0.0613355
0.376 0.0581699
0.378 0.0551456
0.38 0.0522577
0.382 0.0495012
0.384 0.0468714
0.386 0.0443635
0.388 0.0419731
0.39 0.0396956
0.392 0.0375267
0.394 0.0354621
0.396 0.0334977
0.398 0.0316295
0.4 0.0298535
0.402 0.028166
0.404 0.0265633
0.406 0.0250418
0.408 0.0235979
0.41 0.0222285
0.412 0.0209301
0.414 0.0196997
0.416 0.0185342
0.418 0.0174307
0.42 0.0163864
0.422 0.0153984
0.424 0.0144643
0.426 0.0135814
0.428 0.0127472
0.43 0.0119596
0.432 0.0112161
0.434 0.0105146
0.436 0.00985306
0.438 0.00922944
0.44 0.00864184
0.442 0.00808842
0.444 0.00756741
0.446 0.00707713
0.448 0.00661597
0.45 0.00618238
0.452 0.0057749
0.454 0.00539213
0.456 0.0050327
0.458 0.00469536
0.46 0.00437888
0.462 0.0040821
0.464 0.00380391
0.466 0.00354327
0.468 0.00329916
0.47 0.00307064
0.472 0.00285681
0.474 0.0026568
0.476 0.00246981
0.478 0.00229506
0.48 0.00213183
0.482 0.00197941
0.484 0.00183715
0.486 0.00170444
0.488 0.00158068
0.49 0.00146532
0.492 0.00135784
0.494 0.00125774
0.496 0.00116455
0.498 0.00107783
0.5 0.000997174
0.502 0.000922184
0.504 0.000852492
0.506 0.000787752
0.508 0.000727637
0.51 0.000671841
0.512 0.000620076
0.514 0.00057207
0.516 0.000527569
0.518 0.000486336
0.52 0.000448146
0.522 0.00041279
0.524 0.000380071
0.526 0.000349806
0.528 0.000321822
0.53 0.000295958
0.532 0.000272064
0.534 0.000249999
0.536 0.000229632
0.538 0.000210839
0.54 0.000193507
0.542 0.000177529
0.544 0.000162805
0.546 0.000149243
0.548 0.000136755
0.55 0.000125263
0.552 0.00011469
0.554 0.000104968
0.556 9.60312e-05
0.558 8.78203e-05
0.56 8.02794e-05
0.562 7.33566e-05
0.564 6.7004e-05
0.566 6.11771e-05
0.568 5.58345e-05
0.57 5.09381e-05
0.572 4.64526e-05
0.574 4.2345e-05
0.576 3.85853e-05
0.578 3.51453e-05
0.58 3.19992e-05
0.582 2.91231e-05
0.584 2.64949e-05
0.586 2.40942e-05
0.588 2.19023e-05
0.59 1.99018e-05
0.592 1.80768e-05
0.594 1.64126e-05
0.596 1.48957e-05
0.598 1.35135e-05
0.6 1.22547e-05
0.602 1.11087e-05
0.604 1.00659e-05
0.606 9.11726e-06
0.608 8.25475e-06
0.61 7.47085e-06
0.612 6.75869e-06
0.614 6.11197e-06
0.616 5.52492e-06
0.618 4.99226e-06
0.62 4.50915e-06
0.622 4.07116e-06
0.624 3.67425e-06
0.626 3.3147e-06
0.628 2.98915e-06
0.63 2.69449e-06
0.632 2.4279e-06
0.634 2.18682e-06
0.636 1.96889e-06
0.638 1.77196e-06
0.64 1.5941e-06
0.642 1.43351e-06
0.644 1.28859e-06
0.646 1.15785e-06
0.648 1.03997e-06
0.65 9.33707e-07
0.652 8.3797e-07
0.654 7.51749e-07
0.656 6.74129e-07
0.658 6.04283e-07
0.66 5.41456e-07
0.662 4.84967e-07
0.664 4.34198e-07
0.666 3.88589e-07
0.668 3.47631e-07
0.67 3.10866e-07
0.672 2.77878e-07
0.674 2.48291e-07
0.676 2.21766e-07
0.678 1.97995e-07
0.68 1.76701e-07
0.682 1.57635e-07
0.684 1.40569e-07
0.686 1.25301e-07
0.688 1.11647e-07
0.69 9.94406e-08
0.692 8.85334e-08
0.694 7.87911e-08
0.696 7.00928e-08
0.698 6.23298e-08
0.7 5.54044e-08
0.702 4.92288e-08
0.704 4.37241e-08
0.706 3.88194e-08
0.708 3.4451e-08
0.71 3.05621e-08
0.712 2.71012e-08
0.714 2.40227e-08
0.716 2.12853e-08
0.718 1.88524e-08
0.72 1.66908e-08
0.722 1.47712e-08
0.724 1.30671e-08
0.726 1.1555e-08
0.728 1.02138e-08
0.73 9.02464e-09
0.732 7.97075e-09
0.734 7.03711e-09
0.736 6.21035e-09
0.738 5.47853e-09
0.74 4.83102e-09
0.742 4.25833e-09
0.744 3.75203e-09
0.746 3.30461e-09
0.748 2.90937e-09
0.75 2.56038e-09
0.752 2.25236e-09
0.754 1.98059e-09
0.756 1.74092e-09
0.758 1.52965e-09
0.76 1.34347e-09
0.762 1.17948e-09
0.764 1.0351e-09
0.766 9.08024e-10
0.768 7.96232e-10
0.77 6.97924e-10
0.772 6.11509e-10
0.774 5.3558e-10
0.776 4.68891e-10
0.778 4.10342e-10
0.78 3.5896e-10
0.782 3.13886e-10
0.784 2.74362e-10
0.786 2.39719e-10
0.788 2.09367e-10
0.79 1.82785e-10
0.792 1.59514e-10
0.794 1.39149e-10
0.796 1.21337e-10
0.798 1.05762e-10
0.8 9.21491e-11
0.802 8.02565e-11
0.804 6.98708e-11
0.806 6.08047e-11
0.808 5.28938e-11
0.81 4.59938e-11
0.812 3.99779e-11
0.814 3.4735e-11
0.816 3.01675e-11
0.818 2.61902e-11
0.82 2.27282e-11
0.822 1.97159e-11
0.824 1.7096e-11
0.826 1.48183e-11
0.828 1.2839e-11
0.83 1.11195e-11
0.832 9.62654e-12
0.834 8.33067e-12
0.836 7.20636e-12
0.838 6.23129e-12
0.84 5.386e-12
0.842 4.65352e-12
0.844 4.01904e-12
0.846 3.46968e-12
0.848 2.99422e-12
0.85 2.58287e-12
0.852 2.22715e-12
0.854 1.91965e-12
0.856 1.65394e-12
0.858 1.42444e-12
0.86 1.2263e-12
0.862 1.0553e-12
0.864 9.07774e-13
0.866 7.80563e-13
0.868 6.7091e-13
0.87 5.7643e-13
0.872 4.95058e-13
0.874 4.25002e-13
0.876 3.64714e-13
0.878 3.12853e-13
0.88 2.68259e-13
0.882 2.2993e-13
0.884 1.96998e-13
0.886 1.68715e-13
0.888 1.44435e-13
0.89 1.236e-13
0.892 1.05728e-13
0.894 9.04042e-14
0.896 7.72704e-14
0.898 6.60182e-14
0.9 5.6382e-14
0.902 4.81331e-14
0.904 4.10746e-14
0.906 3.50371e-14
0.908 2.98752e-14
0.91 2.54636e-14
0.912 2.16947e-14
0.914 1.84763e-14
0.916 1.5729e-14
0.918 1.33849e-14
0.92 1.13856e-14
0.922 9.68101e-15
0.924 8.22836e-15
0.926 6.99088e-15
0.928 5.93714e-15
0.93 5.04021e-15
0.932 4.27707e-15
0.934 3.62804e-15
0.936 3.07626e-15
0.938 2.60736e-15
0.94 2.20906e-15
0.942 1.87085e-15
0.944 1.5838e-15
0.946 1.34027e-15
0.948 1.13373e-15
0.95 9.58655e-16
0.952 8.10304e-16
0.954 6.84653e-16
0.956 5.78276e-16
0.958 4.88256e-16
0.96 4.12115e-16
0.962 3.47744e-16
0.964 2.93354e-16
0.966 2.47424e-16
0.968 2.08664e-16
0.97 1.75981e-16
0.972 1.48448e-16
0.974 1.25281e-16
0.976 1.05817e-16
0.978 8.94967e-17
0.98 7.58487e-17
0.982 6.44776e-17
0.984 5.50525e-17
0.986 4.72979e-17
0.988 4.09866e-17
0.99 3.59329e-17
0.992 3.19877e-17
0.994 2.90343e-17
0.996 2.69852e-17
0.998 2.57797e-17
