-1 2.65261e-09
-0.998 2.67452e-09
-0.996 2.74061e-09
-0.994 2.85183e-09
-0.992 3.00985e-09
-0.99 3.21702e-09
-0.988 3.47641e-09
-0.986 3.79184e-09
-0.984 4.16797e-09
-0.982 4.61031e-09
-0.98 5.12533e-09
-0.978 5.72053e-09
-0.976 6.40452e-09
-0.974 7.18715e-09
-0.972 8.07965e-09
-0.97 9.09472e-09
-0.968 1.02468e-08
-0.966 1.1552e-08
-0.964 1.30287e-08
-0.962 1.46973e-08
-0.96 1.6581e-08
-0.958 1.87055e-08
-0.956 2.10998e-08
-0.954 2.37964e-08
-0.952 2.68315e-08
-0.95 3.02456e-08
-0.948 3.40839e-08
-0.946 3.8397e-08
-0.944 4.32411e-08
-0.942 4.86793e-08
-0.94 5.47814e-08
-0.938 6.16255e-08
-0.936 6.92984e-08
-0.934 7.78967e-08
-0.932 8.75281e-08
-0.93 9.83119e-08
-0.928 1.10381e-07
-0.926 1.23883e-07
-0.924 1.38982e-07
-0.922 1.55858e-07
-0.92 1.74715e-07
-0.918 1.95776e-07
-0.916 2.19287e-07
-0.914 2.45525e-07
-0.912 2.74792e-07
-0.91 3.07424e-07
-0.908 3.43795e-07
-0.906 3.84315e-07
-0.904 4.2944e-07
-0.902 4.79671e-07
-0.9 5.35563e-07
-0.898 5.97728e-07
-0.896 6.66843e-07
-0.894 7.43652e-07
-0.892 8.28977e-07
-0.89 9.23722e-07
-0.888 1.02888e-06
-0.886 1.14556e-06
-0.884 1.27496e-06
-0.882 1.4184e-06
-0.88 1.57736e-06
-0.878 1.75342e-06
-0.876 1.94836e-06
-0.874 2.16411e-06
-0.872 2.40278e-06
-0.87 2.66671e-06
-0.868 2.95845e-06
-0.866 3.28079e-06
-0.864 3.6368e-06
-0.862 4.02982e-06
-0.86 4.46354e-06
-0.858 4.94196e-06
-0.856 5.46946e-06
-0.854 6.05085e-06
-0.852 6.69137e-06
-0.85 7.39673e-06
-0.848 8.17317e-06
-0.846 9.02751e-06
-0.844 9.96716e-06
-0.842 1.10002e-05
-0.84 1.21355e-05
-0.838 1.33826e-05
-0.836 1.47519e-05
-0.834 1.62549e-05
-0.832 1.79038e-05
-0.83 1.97121e-05
-0.828 2.16943e-05
-0.826 2.38664e-05
-0.824 2.62454e-05
-0.822 2.885e-05
-0.82 3.17004e-05
-0.818 3.48185e-05
-0.816 3.8228e-05
-0.814 4.19546e-05
-0.812 4.6026e-05
-0.81 5.04724e-05
-0.808 5.53262e-05
-0.806 6.06225e-05
-0.804 6.63992e-05
-0.802 7.26973e-05
-0.8 7.9561e-05
-0.798 8.70379e-05
-0.796 9.51794e-05
-0.794 0.000104041
-0.792 0.000113682
-0.79 0.000124166
-0.788 0.000135564
-0.786 0.000147948
-0.784 0.000161399
-0.782 0.000176003
-0.78 0.000191851
-0.778 0.000209043
-0.776 0.000227684
-0.774 0.000247889
-0.772 0.000269778
-0.77 0.000293483
-0.768 0.000319143
-0.766 0.000346907
-0.764 0.000376937
-0.762 0.000409402
-0.76 0.000444485
-0.758 0.000482382
-0.756 0.000523301
-0.754 0.000567464
-0.752 0.000615107
-0.75 0.000666484
-0.748 0.000721863
-0.746 0.000781532
-0.744 0.000845794
-0.742 0.000914973
-0.74 0.000989416
-0.738 0.00106949
-0.736 0.00115558
-0.734 0.0012481
-0.732 0.00134748
-0.73 0.0014542
-0.728 0.00156875
-0.726 0.00169164
-0.724 0.00182343
-0.722 0.0019647
-0.72 0.00211606
-0.718 0.00227818
-0.716 0.00245174
-0.714 0.00263746
-0.712 0.00283612
-0.71 0.00304852
-0.708 0.00327552
-0.706 0.00351801
-0.704 0.00377695
-0.702 0.00405332
-0.7 0.00434818
-0.698 0.00466261
-0.696 0.00499779
-0.694 0.00535492
-0.692 0.00573528
-0.69 0.00614019
-0.688 0.00657106
-0.686 0.00702936
-0.684 0.00751661
-0.682 0.00803443
-0.68 0.00858448
-0.678 0.00916851
-0.676 0.00978837
-0.674 0.010446
-0.672 0.0111433
-0.67 0.0118824
-0.668 0.0126654
-0.666 0.0134947
-0.664 0.0143725
-0.662 0.0153013
-0.66 0.0162835
-0.658 0.017322
-0.656 0.0184192
-0.654 0.0195782
-0.652 0.0208017
-0.65 0.0220929
-0.648 0.0234548
-0.646 0.0248907
-0.644 0.026404
-0.642 0.027998
-0.64 0.0296765
-0.638 0.0314429
-0.636 0.0333012
-0.634 0.0352552
-0.632 0.037309
-0.63 0.0394666
-0.628 0.0417322
-0.626 0.0441103
-0.624 0.0466053
-0.622 0.0492217
-0.62 0.0519641
-0.618 0.0548375
-0.616 0.0578466
-0.614 0.0609963
-0.612 0.0642919
-0.61 0.0677384
-0.608 0.0713412
-0.606 0.0751055
-0.604 0.0790368
-0.602 0.0831407
-0.6 0.0874226
-0.598 0.0918883
-0.596 0.0965435
-0.594 0.101394
-0.592 0.106446
-0.59 0.111704
-0.588 0.117176
-0.586 0.122866
-0.584 0.128781
-0.582 0.134927
-0.58 0.14131
-0.578 0.147935
-0.576 0.154809
-0.574 0.161938
-0.572 0.169327
-0.57 0.176983
-0.568 0.184911
-0.566 0.193117
-0.564 0.201606
-0.562 0.210384
-0.56 0.219456
-0.558 0.228829
-0.556 0.238506
-0.554 0.248493
-0.552 0.258794
-0.55 0.269415
-0.548 0.28036
-0.546 0.291632
-0.544 0.303237
-0.542 0.315177
-0.54 0.327456
-0.538 0.340078
-0.536 0.353044
-0.534 0.366359
-0.532 0.380024
-0.53 0.394041
-0.528 0.408411
-0.526 0.423136
-0.524 0.438217
-0.522 0.453654
-0.52 0.469446
-0.518 0.485595
-0.516 0.502097
-0.514 0.518953
-0.512 0.536161
-0.51 0.553717
-0.508 0.57162
-0.506 0.589865
-0.504 0.60845
-0.502 0.627369
-0.5 0.646617
-0.498 0.666189
-0.496 0.68608
-0.494 0.706282
-0.492 0.726787
-0.49 0.74759
-0.488 0.76868
-0.486 0.790048
-0.484 0.811686
-0.482 0.833584
-0.48 0.855729
-0.478 0.878112
-0.476 0.90072
-0.474 0.92354
-0.472 0.94656
-0.47 0.969765
-0.468 0.993143
-0.466 1.01668
-0.464 1.04035
-0.462 1.06415
-0.46 1.08806
-0.458 1.11207
-0.456 1.13614
-0.454 1.16028
-0.452 1.18445
-0.45 1.20864
-0.448 1.23284
-0.446 1.25701
-0.444 1.28115
-0.442 1.30523
-0.44 1.32923
-0.438 1.35313
-0.436 1.37691
-0.434 1.40054
-0.432 1.42401
-0.43 1.4473
-0.428 1.47038
-0.426 1.49323
-0.424 1.51582
-0.422 1.53815
-0.42 1.56018
-0.418 1.58189
-0.416 1.60326
-0.414 1.62427
-0.412 1.6449
-0.41 1.66512
-0.408 1.68492
-0.406 1.70427
-0.404 1.72316
-0.402 1.74156
-0.4 1.75945
-0.398 1.77681
-0.396 1.79363
-0.394 1.80988
-0.392 1.82555
-0.39 1.84061
-0.388 1.85506
-0.386 1.86888
-0.384 1.88204
-0.382 1.89455
-0.38 1.90637
-0.378 1.91749
-0.376 1.92791
-0.374 1.93762
-0.372 1.94659
-0.37 1.95482
-0.368 1.9623
-0.366 1.96903
-0.364 1.97498
-0.362 1.98016
-0.36 1.98456
-0.358 1.98818
-0.356 1.991
-0.354 1.99304
-0.352 1.99427
-0.35 1.99471
-0.348 1.99435
-0.346 1.99319
-0.344 1.99124
-0.342 1.9885
-0.34 1.98496
-0.338 1.98064
-0.336 1.97553
-0.334 1.96966
-0.332 1.96301
-0.33 1.9556
-0.328 1.94745
-0.326 1.93855
-0.324 1.92892
-0.322 1.91857
-0.32 1.90751
-0.318 1.89576
-0.316 1.88332
-0.314 1.87023
-0.312 1.85647
-0.31 1.84209
-0.308 1.82708
-0.306 1.81147
-0.304 1.79528
-0.302 1.77852
-0.3 1.76121
-0.298 1.74337
-0.296 1.72502
-0.294 1.70618
-0.292 1.68688
-0.29 1.66712
-0.288 1.64694
-0.286 1.62635
-0.284 1.60538
-0.282 1.58404
-0.28 1.56236
-0.278 1.54036
-0.276 1.51807
-0.274 1.4955
-0.272 1.47267
-0.27 1.44962
-0.268 1.42635
-0.266 1.4029
-0.264 1.37928
-0.262 1.35551
-0.26 1.33162
-0.258 1.30763
-0.256 1.28356
-0.254 1.25943
-0.252 1.23526
-0.25 1.21106
-0.248 1.18687
-0.246 1.16269
-0.244 1.13855
-0.242 1.11447
-0.24 1.09046
-0.238 1.06654
-0.236 1.04273
-0.234 1.01904
-0.232 0.995489
-0.23 0.972096
-0.228 0.948872
-0.226 0.925833
-0.224 0.902993
-0.222 0.880363
-0.22 0.857957
-0.218 0.835787
-0.216 0.813865
-0.214 0.7922
-0.212 0.770804
-0.21 0.749686
-0.208 0.728855
-0.206 0.708319
-0.204 0.688087
-0.202 0.668165
-0.2 0.64856
-0.198 0.629279
-0.196 0.610327
-0.194 0.591709
-0.192 0.57343
-0.19 0.555493
-0.188 0.537902
-0.186 0.52066
-0.184 0.503768
-0.182 0.48723
-0.18 0.471047
-0.178 0.455219
-0.176 0.439747
-0.174 0.424631
-0.172 0.40987
-0.17 0.395465
-0.168 0.381413
-0.166 0.367713
-0.164 0.354364
-0.162 0.341363
-0.16 0.328707
-0.158 0.316395
-0.156 0.304421
-0.154 0.292784
-0.152 0.281479
-0.15 0.270503
-0.148 0.25985
-0.146 0.249518
-0.144 0.239501
-0.142 0.229794
-0.14 0.220393
-0.138 0.211291
-0.136 0.202485
-0.134 0.193969
-0.132 0.185737
-0.13 0.177783
-0.128 0.170103
-0.126 0.162689
-0.124 0.155537
-0.122 0.14864
-0.12 0.141993
-0.118 0.13559
-0.116 0.129424
-0.114 0.12349
-0.112 0.117781
-0.11 0.112293
-0.108 0.107018
-0.106 0.101951
-0.104 0.0970867
-0.102 0.0924186
-0.1 0.0879411
-0.098 0.0836486
-0.096 0.0795354
-0.094 0.075596
-0.092 0.071825
-0.09 0.0682169
-0.088 0.0647665
-0.086 0.0614685
-0.084 0.0583179
-0.082 0.0553097
-0.08 0.052439
-0.078 0.049701
-0.076 0.047091
-0.074 0.0446045
-0.072 0.042237
-0.07 0.0399842
-0.068 0.0378418
-0.066 0.0358059
-0.064 0.0338723
-0.062 0.0320373
-0.06 0.0302972
-0.058 0.0286483
-0.056 0.0270872
-0.054 0.0256105
-0.052 0.024215
-0.05 0.0228976
-0.048 0.0216553
-0.046 0.0204853
-0.044 0.0193847
-0.042 0.0183511
-0.04 0.0173819
-0.038 0.0164748
-0.036 0.0156275
-0.034 0.0148379
-0.032 0.014104
-0.03 0.0134239
-0.028 0.0127959
-0.026 0.0122182
-0.024 0.0116895
-0.022 0.0112082
-0.02 0.0107731
-0.018 0.0103829
-0.016 0.0100367
-0.014 0.00973345
-0.012 0.00947233
-0.01 0.0092526
-0.008 0.00907366
-0.006 0.008935
-0.004 0.00883624
-0.002 0.0087771
0 0.0087574
0.002 0.0087771
0.004 0.00883624
0.006 0.008935
0.008 0.00907366
0.01 0.0092526
0.012 0.00947233
0.014 0.00973345
0.016 0.0100367
0.018 0.0103829
0.02 0.0107731
0.022 0.0112082
0.024 0.0116895
0.026 0.0122182
0.028 0.0127959
0.03 0.0134239
0.032 0.014104
0.034 0.0148379
0.036 0.0156275
0.038 0.0164748
0.04 0.0173819
0.042 0.0183511
0.044 0.0193847
0.046 0.0204853
0.048 0.0216553
0.05 0.0228976
0.052 0.024215
0.054 0.0256105
0.056 0.0270872
0.058 0.0286483
0.06 0.0302972
0.062 0.0320373
0.064 0.0338723
0.066 0.0358059
0.068 0.0378418
0.07 0.0399842
0.072 0.042237
0.074 0.0446045
0.076 0.047091
0.078 0.049701
0.08 0.052439
0.082 0.0553097
0.084 0.0583179
0.086 0.0614685
0.088 0.0647665
0.09 0.0682169
0.092 0.071825
0.094 0.075596
0.096 0.0795354
0.098 0.0836486
0.1 0.0879411
0.102 0.0924186
0.104 0.0970867
0.106 0.101951
0.108 0.107018
0.11 0.112293
0.112 0.117781
0.114 0.12349
0.116 0.129424
0.118 0.13559
0.12 0.141993
0.122 0.14864
0.124 0.155537
0.126 0.162689
0.128 0.170103
0.13 0.177783
0.132 0.185737
0.134 0.193969
0.136 0.202485
0.138 0.211291
0.14 0.220393
0.142 0.229794
0.144 0.239501
0.146 0.249518
0.148 0.25985
0.15 0.270503
0.152 0.281479
0.154 0.292784
0.156 0.304421
0.158 0.316395
0.16 0.328707
0.162 0.341363
0.164 0.354364
0.166 0.367713
0.168 0.381413
0.17 0.395465
0.172 0.40987
0.174 0.424631
0.176 0.439747
0.178 0.455219
0.18 0.471047
0.182 0.48723
0.184 0.503768
0.186 0.52066
0.188 0.537902
0.19 0.555493
0.192 0.57343
0.194 0.591709
0.196 0.610327
0.198 0.629279
0.2 0.64856
0.202 0.668165
0.204 0.688087
0.206 0.708319
0.208 0.728855
0.21 0.749686
0.212 0.770804
0.214 0.7922
0.216 0.813865
0.218 0.835787
0.22 0.857957
0.222 0.880363
0.224 0.902993
0.226 0.925833
0.228 0.948872
0.23 0.972096
0.232 0.995489
0.234 1.01904
0.236 1.04273
0.238 1.06654
0.24 1.09046
0.242 1.11447
0.244 1.13855
0.246 1.16269
0.248 1.18687
0.25 1.21106
0.252 1.23526
0.254 1.25943
0.256 1.28356
0.258 1.30763
0.26 1.33162
0.262 1.35551
0.264 1.37928
0.266 1.4029
0.268 1.42635
0.27 1.44962
0.272 1.47267
0.274 1.4955
0.276 1.51807
0.278 1.54036
0.28 1.56236
0.282 1.58404
0.284 1.60538
0.286 1.62635
0.288 1.64694
0.29 1.66712
0.292 1.68688
0.294 1.70618
0.296 1.72502
0.298 1.74337
0.3 1.76121
0.302 1.77852
0.304 1.79528
0.306 1.81147
0.308 1.82708
0.31 1.84209
0.312 1.85647
0.314 1.87023
0.316 1.88332
0.318 1.89576
0.32 1.90751
0.322 1.91857
0.324 1.92892
0.326 1.93855
0.328 1.94745
0.33 1.9556
0.332 1.96301
0.334 1.96966
0.336 1.97553
0.338 1.98064
0.34 1.98496
0.342 1.9885
0.344 1.99124
0.346 1.99319
0.348 1.99435
0.35 1.99471
0.352 1.99427
0.354 1.99304
0.356 1.991
0.358 1.98818
0.36 1.98456
0.362 1.98016
0.364 1.97498
0.366 1.96903
0.368 1.9623
0.37 1.95482
0.372 1.94659
0.374 1.93762
0.376 1.92791
0.378 1.91749
0.38 1.90637
0.382 1.89455
0.384 1.88204
0.386 1.86888
0.388 1.85506
0.39 1.84061
0.392 1.82555
0.394 1.80988
0.396 1.79363
0.398 1.77681
0.4 1.75945
0.402 1.74156
0.404 1.72316
0.406 1.70427
0.408 1.68492
0.41 1.66512
0.412 1.6449
0.414 1.62427
0.416 1.60326
0.418 1.58189
0.42 1.56018
0.422 1.53815
0.424 1.51582
0.426 1.49323
0.428 1.47038
0.43 1.4473
0.432 1.42401
0.434 1.40054
0.436 1.37691
0.438 1.35313
0.44 1.32923
0.442 1.30523
0.444 1.28115
0.446 1.25701
0.448 1.23284
0.45 1.20864
0.452 1.18445
0.454 1.16028
0.456 1.13614
0.458 1.11207
0.46 1.08806
0.462 1.06415
0.464 1.04035
0.466 1.01668
0.468 0.993143
0.47 0.969765
0.472 0.94656
0.474 0.92354
0.476 0.90072
0.478 0.878112
0.48 0.855729
0.482 0.833584
0.484 0.811686
0.486 0.790048
0.488 0.76868
0.49 0.74759
0.492 0.726787
0.494 0.706282
0.496 0.68608
0.498 0.666189
0.5 0.646617
0.502 0.627369
0.504 0.60845
0.506 0.589865
0.508 0.57162
0.51 0.553717
0.512 0.536161
0.514 0.518953
0.516 0.502097
0.518 0.485595
0.52 0.469446
0.522 0.453654
0.524 0.438217
0.526 0.423136
0.528 0.408411
0.53 0.394041
0.532 0.380024
0.534 0.366359
0.536 0.353044
0.538 0.340078
0.54 0.327456
0.542 0.315177
0.544 0.303237
0.546 0.291632
0.548 0.28036
0.55 0.269415
0.552 0.258794
0.554 0.248493
0.556 0.238506
0.558 0.228829
0.56 0.219456
0.562 0.210384
0.564 0.201606
0.566 0.193117
0.568 0.184911
0.57 0.176983
0.572 0.169327
0.574 0.161938
0.576 0.154809
0.578 0.147935
0.58 0.14131
0.582 0.134927
0.584 0.128781
0.586 0.122866
0.588 0.117176
0.59 0.111704
0.592 0.106446
0.594 0.101394
0.596 0.0965435
0.598 0.0918883
0.6 0.0874226
0.602 0.0831407
0.604 0.0790368
0.606 0.0751055
0.608 0.0713412
0.61 0.0677384
0.612 0.0642919
0.614 0.0609963
0.616 0.0578466
0.618 0.0548375
0.62 0.0519641
0.622 0.0492217
0.624 0.0466053
0.626 0.0441103
0.628 0.0417322
0.63 0.0394666
0.632 0.037309
0.634 0.0352552
0.636 0.0333012
0.638 0.0314429
0.64 0.0296765
0.642 0.027998
0.644 0.026404
0.646 0.0248907
0.648 0.0234548
0.65 0.0220929
0.652 0.0208017
0.654 0.0195782
0.656 0.0184192
0.658 0.017322
0.66 0.0162835
0.662 0.0153013
0.664 0.0143725
0.666 0.0134947
0.668 0.0126654
0.67 0.0118824
0.672 0.0111433
0.674 0.010446
0.676 0.00978837
0.678 0.00916851
0.68 0.00858448
0.682 0.00803443
0.684 0.00751661
0.686 0.00702936
0.688 0.00657106
0.69 0.00614019
0.692 0.00573528
0.694 0.00535492
0.696 0.00499779
0.698 0.00466261
0.7 0.00434818
0.702 0.00405332
0.704 0.00377695
0.706 0.00351801
0.708 0.00327552
0.71 0.00304852
0.712 0.00283612
0.714 0.00263746
0.716 0.00245174
0.718 0.00227818
0.72 0.00211606
0.722 0.0019647
0.724 0.00182343
0.726 0.00169164
0.728 0.00156875
0.73 0.0014542
0.732 0.00134748
0.734 0.0012481
0.736 0.00115558
0.738 0.00106949
0.74 0.000989416
0.742 0.000914973
0.744 0.000845794
0.746 0.000781532
0.748 0.000721863
0.75 0.000666484
0.752 0.000615107
0.754 0.000567464
0.756 0.000523301
0.758 0.000482382
0.76 0.000444485
0.762 0.000409402
0.764 0.000376937
0.766 0.000346907
0.768 0.000319143
0.77 0.000293483
0.772 0.000269778
0.774 0.000247889
0.776 0.000227684
0.778 0.000209043
0.78 0.000191851
0.782 0.000176003
0.784 0.000161399
0.786 0.000147948
0.788 0.000135564
0.79 0.000124166
0.792 0.000113682
0.794 0.000104041
0.796 9.51794e-05
0.798 8.70379e-05
0.8 7.9561e-05
0.802 7.26973e-05
0.804 6.63992e-05
0.806 6.06225e-05
0.808 5.53262e-05
0.81 5.04724e-05
0.812 4.6026e-05
0.814 4.19546e-05
0.816 3.8228e-05
0.818 3.48185e-05
0.82 3.17004e-05
0.822 2.885e-05
0.824 2.62454e-05
0.826 2.38664e-05
0.828 2.16943e-05
0.83 1.97121e-05
0.832 1.79038e-05
0.834 1.62549e-05
0.836 1.47519e-05
0.838 1.33826e-05
0.84 1.21355e-05
0.842 1.10002e-05
0.844 9.96716e-06
0.846 9.02751e-06
0.848 8.17317e-06
0.85 7.39673e-06
0.852 6.69137e-06
0.854 6.05085e-06
0.856 5.46946e-06
0.858 4.94196e-06
0.86 4.46354e-06
0.862 4.02982e-06
0.864 3.6368e-06
0.866 3.28079e-06
0.868 2.95845e-06
0.87 2.66671e-06
0.872 2.40278e-06
0.874 2.16411e-06
0.876 1.94836e-06
0.878 1.75342e-06
0.88 1.57736e-06
0.882 1.4184e-06
0.884 1.27496e-06
0.886 1.14556e-06
0.888 1.02888e-06
0.89 9.23722e-07
0.892 8.28977e-07
0.894 7.43652e-07
0.896 6.66843e-07
0.898 5.97728e-07
0.9 5.35563e-07
0.902 4.79671e-07
0.904 4.2944e-07
0.906 3.84315e-07
0.908 3.43795e-07
0.91 3.07424e-07
0.912 2.74792e-07
0.914 2.45525e-07
0.916 2.19287e-07
0.918 1.95776e-07
0.92 1.74715e-07
0.922 1.55858e-07
0.924 1.38982e-07
0.926 1.23883e-07
0.928 1.10381e-07
0.93 9.83119e-08
0.932 8.75281e-08
0.934 7.78967e-08
0.936 6.92984e-08
0.938 6.16255e-08
0.94 5.47814e-08
0.942 4.86793e-08
0.944 4.32411e-08
0.946 3.8397e-08
0.948 3.40839e-08
0.95 3.02456e-08
0.952 2.68315e-08
0.954 2.37964e-08
0.956 2.10998e-08
0.958 1.87055e-08
0.96 1.65809e-08
0.962 1.46973e-08
0.964 1.30286e-08
0.966 1.1552e-08
0.968 1.02468e-08
0.97 9.09473e-09
0.972 8.07965e-09
0.974 7.18715e-09
0.976 6.40452e-09
0.978 5.72053e-09
0.98 5.12534e-09
0.982 4.61031e-09
0.984 4.16797e-09
0.986 3.79184e-09
0.988 3.47641e-09
0.99 3.21702e-09
0.992 3.00986e-09
0.994 2.85183e-09
0.996 2.74061e-09
0.998 2.67453e-09
