-1 0.00614108
-0.998 0.00615576
-0.996 0.00619986
-0.994 0.00627351
-0.992 0.00637694
-0.99 0.00651048
-0.988 0.00667452
-0.986 0.00686959
-0.984 0.00709628
-0.982 0.00735527
-0.98 0.00764736
-0.978 0.00797343
-0.976 0.00833445
-0.974 0.0087315
-0.972 0.00916575
-0.97 0.00963846
-0.968 0.010151
-0.966 0.0107049
-0.964 0.0113016
-0.962 0.0119429
-0.96 0.0126305
-0.958 0.0133663
-0.956 0.0141523
-0.954 0.0149906
-0.952 0.0158833
-0.95 0.0168329
-0.948 0.0178418
-0.946 0.0189123
-0.944 0.0200473
-0.942 0.0212495
-0.94 0.0225218
-0.938 0.023867
-0.936 0.0252885
-0.934 0.0267893
-0.932 0.0283729
-0.93 0.0300426
-0.928 0.0318021
-0.926 0.0336551
-0.924 0.0356053
-0.922 0.0376568
-0.92 0.0398135
-0.918 0.0420796
-0.916 0.0444595
-0.914 0.0469574
-0.912 0.049578
-0.91 0.0523258
-0.908 0.0552056
-0.906 0.0582221
-0.904 0.0613805
-0.902 0.0646855
-0.9 0.0681426
-0.898 0.0717567
-0.896 0.0755334
-0.894 0.079478
-0.892 0.0835959
-0.89 0.0878928
-0.888 0.0923744
-0.886 0.0970462
-0.884 0.101914
-0.882 0.106984
-0.88 0.112262
-0.878 0.117753
-0.876 0.123464
-0.874 0.1294
-0.872 0.135568
-0.87 0.141974
-0.868 0.148622
-0.866 0.155521
-0.864 0.162674
-0.862 0.170089
-0.86 0.177771
-0.858 0.185726
-0.856 0.193959
-0.854 0.202476
-0.852 0.211283
-0.85 0.220385
-0.848 0.229787
-0.846 0.239494
-0.844 0.249512
-0.842 0.259845
-0.84 0.270498
-0.838 0.281475
-0.836 0.29278
-0.834 0.304418
-0.832 0.316391
-0.83 0.328704
-0.828 0.34136
-0.826 0.354362
-0.824 0.367711
-0.822 0.381411
-0.82 0.395463
-0.818 0.409868
-0.816 0.424629
-0.814 0.439745
-0.812 0.455218
-0.81 0.471046
-0.808 0.487229
-0.806 0.503768
-0.804 0.520659
-0.802 0.537901
-0.8 0.555492
-0.798 0.573429
-0.796 0.591709
-0.794 0.610327
-0.792 0.629279
-0.79 0.64856
-0.788 0.668165
-0.786 0.688086
-0.784 0.708319
-0.782 0.728855
-0.78 0.749686
-0.778 0.770804
-0.776 0.7922
-0.774 0.813865
-0.772 0.835787
-0.77 0.857957
-0.768 0.880363
-0.766 0.902992
-0.764 0.925833
-0.762 0.948872
-0.76 0.972096
-0.758 0.995489
-0.756 1.01904
-0.754 1.04273
-0.752 1.06654
-0.75 1.09046
-0.748 1.11447
-0.746 1.13855
-0.744 1.16269
-0.742 1.18687
-0.74 1.21106
-0.738 1.23526
-0.736 1.25943
-0.734 1.28356
-0.732 1.30763
-0.73 1.33162
-0.728 1.35551
-0.726 1.37928
-0.724 1.4029
-0.722 1.42635
-0.72 1.44962
-0.718 1.47267
-0.716 1.4955
-0.714 1.51807
-0.712 1.54036
-0.71 1.56236
-0.708 1.58404
-0.706 1.60538
-0.704 1.62635
-0.702 1.64694
-0.7 1.66712
-0.698 1.68688
-0.696 1.70618
-0.694 1.72502
-0.692 1.74337
-0.69 1.76121
-0.688 1.77852
-0.686 1.79528
-0.684 1.81147
-0.682 1.82708
-0.68 1.84209
-0.678 1.85647
-0.676 1.87023
-0.674 1.88333
-0.672 1.89576
-0.67 1.90751
-0.668 1.91857
-0.666 1.92892
-0.664 1.93855
-0.662 1.94745
-0.66 1.9556
-0.658 1.96301
-0.656 1.96966
-0.654 1.97553
-0.652 1.98064
-0.65 1.98496
-0.648 1.9885
-0.646 1.99124
-0.644 1.99319
-0.642 1.99435
-0.64 1.99471
-0.638 1.99427
-0.636 1.99304
-0.634 1.991
-0.632 1.98818
-0.63 1.98456
-0.628 1.98016
-0.626 1.97498
-0.624 1.96903
-0.622 1.9623
-0.62 1.95482
-0.618 1.94659
-0.616 1.93762
-0.614 1.92791
-0.612 1.91749
-0.61 1.90637
-0.608 1.89455
-0.606 1.88204
-0.604 1.86888
-0.602 1.85506
-0.6 1.84061
-0.598 1.82555
-0.596 1.80988
-0.594 1.79363
-0.592 1.77681
-0.59 1.75945
-0.588 1.74156
-0.586 1.72316
-0.584 1.70427
-0.582 1.68492
-0.58 1.66512
-0.578 1.6449
-0.576 1.62427
-0.574 1.60326
-0.572 1.58189
-0.57 1.56018
-0.568 1.53815
-0.566 1.51582
-0.564 1.49323
-0.562 1.47038
-0.56 1.4473
-0.558 1.42401
-0.556 1.40054
-0.554 1.37691
-0.552 1.35313
-0.55 1.32923
-0.548 1.30523
-0.546 1.28115
-0.544 1.25701
-0.542 1.23284
-0.54 1.20864
-0.538 1.18445
-0.536 1.16028
-0.534 1.13614
-0.532 1.11207
-0.53 1.08806
-0.528 1.06415
-0.526 1.04035
-0.524 1.01668
-0.522 0.993143
-0.52 0.969765
-0.518 0.94656
-0.516 0.92354
-0.514 0.90072
-0.512 0.878112
-0.51 0.855729
-0.508 0.833584
-0.506 0.811686
-0.504 0.790048
-0.502 0.76868
-0.5 0.74759
-0.498 0.726788
-0.496 0.706282
-0.494 0.68608
-0.492 0.666189
-0.49 0.646617
-0.488 0.627369
-0.486 0.60845
-0.484 0.589865
-0.482 0.57162
-0.48 0.553717
-0.478 0.536161
-0.476 0.518953
-0.474 0.502097
-0.472 0.485595
-0.47 0.469446
-0.468 0.453654
-0.466 0.438217
-0.464 0.423136
-0.462 0.408411
-0.46 0.394041
-0.458 0.380024
-0.456 0.366359
-0.454 0.353044
-0.452 0.340078
-0.45 0.327456
-0.448 0.315177
-0.446 0.303237
-0.444 0.291632
-0.442 0.28036
-0.44 0.269415
-0.438 0.258794
-0.436 0.248493
-0.434 0.238506
-0.432 0.228829
-0.43 0.219457
-0.428 0.210384
-0.426 0.201606
-0.424 0.193117
-0.422 0.184911
-0.42 0.176983
-0.418 0.169327
-0.416 0.161938
-0.414 0.154809
-0.412 0.147935
-0.41 0.14131
-0.408 0.134927
-0.406 0.128781
-0.404 0.122866
-0.402 0.117176
-0.4 0.111704
-0.398 0.106446
-0.396 0.101394
-0.394 0.0965435
-0.392 0.0918883
-0.39 0.0874226
-0.388 0.0831407
-0.386 0.0790368
-0.384 0.0751055
-0.382 0.0713412
-0.38 0.0677385
-0.378 0.0642919
-0.376 0.0609964
-0.374 0.0578466
-0.372 0.0548375
-0.37 0.0519642
-0.368 0.0492217
-0.366 0.0466053
-0.364 0.0441103
-0.362 0.0417322
-0.36 0.0394666
-0.358 0.037309
-0.356 0.0352552
-0.354 0.0333012
-0.352 0.0314429
-0.35 0.0296765
-0.348 0.027998
-0.346 0.026404
-0.344 0.0248907
-0.342 0.0234548
-0.34 0.0220929
-0.338 0.0208017
-0.336 0.0195782
-0.334 0.0184192
-0.332 0.0173219
-0.33 0.0162835
-0.328 0.0153012
-0.326 0.0143725
-0.324 0.0134947
-0.322 0.0126654
-0.32 0.0118824
-0.318 0.0111433
-0.316 0.010446
-0.314 0.00978837
-0.312 0.00916851
-0.31 0.00858447
-0.308 0.00803442
-0.306 0.00751661
-0.304 0.00702935
-0.302 0.00657106
-0.3 0.00614018
-0.298 0.00573527
-0.296 0.00535492
-0.294 0.00499779
-0.292 0.00466261
-0.29 0.00434817
-0.288 0.00405331
-0.286 0.00377694
-0.284 0.00351801
-0.282 0.00327552
-0.28 0.00304852
-0.278 0.00283612
-0.276 0.00263746
-0.274 0.00245173
-0.272 0.00227818
-0.27 0.00211606
-0.268 0.00196469
-0.266 0.00182342
-0.264 0.00169164
-0.262 0.00156874
-0.26 0.0014542
-0.258 0.00134748
-0.256 0.00124809
-0.254 0.00115557
-0.252 0.00106948
-0.25 0.000989413
-0.248 0.00091497
-0.246 0.000845791
-0.244 0.000781529
-0.242 0.00072186
-0.24 0.000666481
-0.238 0.000615104
-0.236 0.000567461
-0.234 0.000523299
-0.232 0.00048238
-0.23 0.000444483
-0.228 0.0004094
-0.226 0.000376935
-0.224 0.000346906
-0.222 0.000319141
-0.22 0.000293481
-0.218 0.000269776
-0.216 0.000247887
-0.214 0.000227683
-0.212 0.000209042
-0.21 0.00019185
-0.208 0.000176002
-0.206 0.000161398
-0.204 0.000147947
-0.202 0.000135563
-0.2 0.000124165
-0.198 0.000113681
-0.196 0.00010404
-0.194 9.51786e-05
-0.192 8.70371e-05
-0.19 7.95603e-05
-0.188 7.26967e-05
-0.186 6.63986e-05
-0.184 6.06219e-05
-0.182 5.53256e-05
-0.18 5.04719e-05
-0.178 4.60255e-05
-0.176 4.19541e-05
-0.174 3.82276e-05
-0.172 3.48181e-05
-0.17 3.17e-05
-0.168 2.88496e-05
-0.166 2.62451e-05
-0.164 2.38661e-05
-0.162 2.1694e-05
-0.16 1.97118e-05
-0.158 1.79035e-05
-0.156 1.62546e-05
-0.154 1.47517e-05
-0.152 1.33824e-05
-0.15 1.21353e-05
-0.148 1.1e-05
-0.146 9.967e-06
-0.144 9.02736e-06
-0.142 8.17303e-06
-0.14 7.3966e-06
-0.138 6.69125e-06
-0.136 6.05074e-06
-0.134 5.46936e-06
-0.132 4.94186e-06
-0.13 4.46345e-06
-0.128 4.02974e-06
-0.126 3.63672e-06
-0.124 3.28072e-06
-0.122 2.95838e-06
-0.12 2.66665e-06
-0.118 2.40273e-06
-0.116 2.16406e-06
-0.114 1.94832e-06
-0.112 1.75338e-06
-0.11 1.57732e-06
-0.108 1.41837e-06
-0.106 1.27492e-06
-0.104 1.14553e-06
-0.102 1.02886e-06
-0.1 9.23698e-07
-0.098 8.28955e-07
-0.096 7.43633e-07
-0.094 6.66826e-07
-0.092 5.97714e-07
-0.09 5.3555e-07
-0.088 4.7966e-07
-0.086 4.29431e-07
-0.084 3.84309e-07
-0.082 3.43791e-07
-0.08 3.07422e-07
-0.078 2.74792e-07
-0.076 2.45527e-07
-0.074 2.19292e-07
-0.072 1.95783e-07
-0.07 1.74726e-07
-0.068 1.55872e-07
-0.066 1.38999e-07
-0.064 1.23904e-07
-0.062 1.10406e-07
-0.06 9.83422e-08
-0.058 8.75638e-08
-0.056 7.79387e-08
-0.054 6.93473e-08
-0.052 6.16824e-08
-0.05 5.48473e-08
-0.048 4.87554e-08
-0.046 4.3329e-08
-0.044 3.84981e-08
-0.042 3.42001e-08
-0.04 3.0379e-08
-0.038 2.69845e-08
-0.036 2.39717e-08
-0.034 2.13005e-08
-0.032 1.8935e-08
-0.03 1.68433e-08
-0.028 1.4997e-08
-0.026 1.33709e-08
-0.024 1.19426e-08
-0.022 1.06923e-08
-0.02 9.60265e-09
-0.018 8.65845e-09
-0.016 7.84641e-09
-0.014 7.15509e-09
-0.012 6.57469e-09
-0.01 6.09696e-09
-0.008 5.71509e-09
-0.006 5.42362e-09
-0.004 5.21836e-09
-0.002 5.09638e-09
0 5.05592e-09
0.002 5.09638e-09
0.004 5.21837e-09
0.006 5.42362e-09
0.008 5.7151e-09
0.01 6.09696e-09
0.012 6.57469e-09
0.014 7.15509e-09
0.016 7.8464e-09
0.018 8.65844e-09
0.02 9.60265e-09
0.022 1.06923e-08
0.024 1.19426e-08
0.026 1.33709e-08
0.028 1.4997e-08
0.03 1.68433e-08
0.032 1.8935e-08
0.034 2.13005e-08
0.036 2.39717e-08
0.038 2.69845e-08
0.04 3.0379e-08
0.042 3.42001e-08
0.044 3.84981e-08
0.046 4.3329e-08
0.048 4.87554e-08
0.05 5.48473e-08
0.052 6.16824e-08
0.054 6.93473e-08
0.056 7.79387e-08
0.058 8.75638e-08
0.06 9.83422e-08
0.062 1.10406e-07
0.064 1.23904e-07
0.066 1.38999e-07
0.068 1.55872e-07
0.07 1.74726e-07
0.072 1.95783e-07
0.074 2.19292e-07
0.076 2.45527e-07
0.078 2.74792e-07
0.08 3.07422e-07
0.082 3.43791e-07
0.084 3.84309e-07
0.086 4.29431e-07
0.088 4.7966e-07
0.09 5.3555e-07
0.092 5.97714e-07
0.094 6.66826e-07
0.096 7.43633e-07
0.098 8.28955e-07
0.1 9.23698e-07
0.102 1.02886e-06
0.104 1.14553e-06
0.106 1.27492e-06
0.108 1.41837e-06
0.11 1.57732e-06
0.112 1.75338e-06
0.114 1.94832e-06
0.116 2.16406e-06
0.118 2.40273e-06
0.12 2.66665e-06
0.122 2.95838e-06
0.124 3.28072e-06
0.126 3.63672e-06
0.128 4.02974e-06
0.13 4.46345e-06
0.132 4.94186e-06
0.134 5.46936e-06
0.136 6.05074e-06
0.138 6.69125e-06
0.14 7.3966e-06
0.142 8.17303e-06
0.144 9.02736e-06
0.146 9.967e-06
0.148 1.1e-05
0.15 1.21353e-05
0.152 1.33824e-05
0.154 1.47517e-05
0.156 1.62546e-05
0.158 1.79035e-05
0.16 1.97118e-05
0.162 2.1694e-05
0.164 2.38661e-05
0.166 2.62451e-05
0.168 2.88496e-05
0.17 3.17e-05
0.172 3.48181e-05
0.174 3.82276e-05
0.176 4.19541e-05
0.178 4.60255e-05
0.18 5.04719e-05
0.182 5.53256e-05
0.184 6.06219e-05
0.186 6.63986e-05
0.188 7.26967e-05
0.19 7.95603e-05
0.192 8.70371e-05
0.194 9.51786e-05
0.196 0.00010404
0.198 0.000113681
0.2 0.000124165
0.202 0.000135563
0.204 0.000147947
0.206 0.000161398
0.208 0.000176002
0.21 0.00019185
0.212 0.000209042
0.214 0.000227683
0.216 0.000247887
0.218 0.000269776
0.22 0.000293481
0.222 0.000319141
0.224 0.000346906
0.226 0.000376935
0.228 0.0004094
0.23 0.000444483
0.232 0.00048238
0.234 0.000523299
0.236 0.000567461
0.238 0.000615104
0.24 0.000666481
0.242 0.00072186
0.244 0.000781529
0.246 0.000845791
0.248 0.00091497
0.25 0.000989413
0.252 0.00106948
0.254 0.00115557
0.256 0.00124809
0.258 0.00134748
0.26 0.0014542
0.262 0.00156874
0.264 0.00169164
0.266 0.00182342
0.268 0.00196469
0.27 0.00211606
0.272 0.00227818
0.274 0.00245173
0.276 0.00263746
0.278 0.00283612
0.28 0.00304852
0.282 0.00327552
0.284 0.00351801
0.286 0.00377694
0.288 0.00405331
0.29 0.00434817
0.292 0.00466261
0.294 0.00499779
0.296 0.00535492
0.298 0.00573527
0.3 0.00614018
0.302 0.00657106
0.304 0.00702935
0.306 0.00751661
0.308 0.00803442
0.31 0.00858447
0.312 0.00916851
0.314 0.00978837
0.316 0.010446
0.318 0.0111433
0.32 0.0118824
0.322 0.0126654
0.324 0.0134947
0.326 0.0143725
0.328 0.0153012
0.33 0.0162835
0.332 0.0173219
0.334 0.0184192
0.336 0.0195782
0.338 0.0208017
0.34 0.0220929
0.342 0.0234548
0.344 0.0248907
0.346 0.026404
0.348 0.027998
0.35 0.0296765
0.352 0.0314429
0.354 0.0333012
0.356 0.0352552
0.358 0.037309
0.36 0.0394666
0.362 0.0417322
0.364 0.0441103
0.366 0.0466053
0.368 0.0492217
0.37 0.0519642
0.372 0.0548375
0.374 0.0578466
0.376 0.0609964
0.378 0.0642919
0.38 0.0677385
0.382 0.0713412
0.384 0.0751055
0.386 0.0790368
0.388 0.0831407
0.39 0.0874226
0.392 0.0918883
0.394 0.0965435
0.396 0.101394
0.398 0.106446
0.4 0.111704
0.402 0.117176
0.404 0.122866
0.406 0.128781
0.408 0.134927
0.41 0.14131
0.412 0.147935
0.414 0.154809
0.416 0.161938
0.418 0.169327
0.42 0.176983
0.422 0.184911
0.424 0.193117
0.426 0.201606
0.428 0.210384
0.43 0.219457
0.432 0.228829
0.434 0.238506
0.436 0.248493
0.438 0.258794
0.44 0.269415
0.442 0.28036
0.444 0.291632
0.446 0.303237
0.448 0.315177
0.45 0.327456
0.452 0.340078
0.454 0.353044
0.456 0.366359
0.458 0.380024
0.46 0.394041
0.462 0.408411
0.464 0.423136
0.466 0.438217
0.468 0.453654
0.47 0.469446
0.472 0.485595
0.474 0.502097
0.476 0.518953
0.478 0.536161
0.48 0.553717
0.482 0.57162
0.484 0.589865
0.486 0.60845
0.488 0.627369
0.49 0.646617
0.492 0.666189
0.494 0.68608
0.496 0.706282
0.498 0.726788
0.5 0.74759
0.502 0.76868
0.504 0.790048
0.506 0.811686
0.508 0.833584
0.51 0.855729
0.512 0.878112
0.514 0.90072
0.516 0.92354
0.518 0.94656
0.52 0.969765
0.522 0.993143
0.524 1.01668
0.526 1.04035
0.528 1.06415
0.53 1.08806
0.532 1.11207
0.534 1.13614
0.536 1.16028
0.538 1.18445
0.54 1.20864
0.542 1.23284
0.544 1.25701
0.546 1.28115
0.548 1.30523
0.55 1.32923
0.552 1.35313
0.554 1.37691
0.556 1.40054
0.558 1.42401
0.56 1.4473
0.562 1.47038
0.564 1.49323
0.566 1.51582
0.568 1.53815
0.57 1.56018
0.572 1.58189
0.574 1.60326
0.576 1.62427
0.578 1.6449
0.58 1.66512
0.582 1.68492
0.584 1.70427
0.586 1.72316
0.588 1.74156
0.59 1.75945
0.592 1.77681
0.594 1.79363
0.596 1.80988
0.598 1.82555
0.6 1.84061
0.602 1.85506
0.604 1.86888
0.606 1.88204
0.608 1.89455
0.61 1.90637
0.612 1.91749
0.614 1.92791
0.616 1.93762
0.618 1.94659
0.62 1.95482
0.622 1.9623
0.624 1.96903
0.626 1.97498
0.628 1.98016
0.63 1.98456
0.632 1.98818
0.634 1.991
0.636 1.99304
0.638 1.99427
0.64 1.99471
0.642 1.99435
0.644 1.99319
0.646 1.99124
0.648 1.9885
0.65 1.98496
0.652 1.98064
0.654 1.97553
0.656 1.96966
0.658 1.96301
0.66 1.9556
0.662 1.94745
0.664 1.93855
0.666 1.92892
0.668 1.91857
0.67 1.90751
0.672 1.89576
0.674 1.88333
0.676 1.87023
0.678 1.85647
0.68 1.84209
0.682 1.82708
0.684 1.81147
0.686 1.79528
0.688 1.77852
0.69 1.76121
0.692 1.74337
0.694 1.72502
0.696 1.70618
0.698 1.68688
0.7 1.66712
0.702 1.64694
0.704 1.62635
0.706 1.60538
0.708 1.58404
0.71 1.56236
0.712 1.54036
0.714 1.51807
0.716 1.4955
0.718 1.47267
0.72 1.44962
0.722 1.42635
0.724 1.4029
0.726 1.37928
0.728 1.35551
0.73 1.33162
0.732 1.30763
0.734 1.28356
0.736 1.25943
0.738 1.23526
0.74 1.21106
0.742 1.18687
0.744 1.16269
0.746 1.13855
0.748 1.11447
0.75 1.09046
0.752 1.06654
0.754 1.04273
0.756 1.01904
0.758 0.995489
0.76 0.972096
0.762 0.948872
0.764 0.925833
0.766 0.902992
0.768 0.880363
0.77 0.857957
0.772 0.835787
0.774 0.813865
0.776 0.7922
0.778 0.770804
0.78 0.749686
0.782 0.728855
0.784 0.708319
0.786 0.688086
0.788 0.668165
0.79 0.64856
0.792 0.629279
0.794 0.610327
0.796 0.591709
0.798 0.573429
0.8 0.555492
0.802 0.537901
0.804 0.520659
0.806 0.503768
0.808 0.487229
0.81 0.471046
0.812 0.455218
0.814 0.439745
0.816 0.424629
0.818 0.409868
0.82 0.395463
0.822 0.381411
0.824 0.367711
0.826 0.354362
0.828 0.34136
0.83 0.328704
0.832 0.316391
0.834 0.304418
0.836 0.29278
0.838 0.281475
0.84 0.270498
0.842 0.259845
0.844 0.249512
0.846 0.239494
0.848 0.229787
0.85 0.220385
0.852 0.211283
0.854 0.202476
0.856 0.193959
0.858 0.185726
0.86 0.177771
0.862 0.170089
0.864 0.162674
0.866 0.155521
0.868 0.148622
0.87 0.141974
0.872 0.135568
0.874 0.1294
0.876 0.123464
0.878 0.117753
0.88 0.112262
0.882 0.106984
0.884 0.101914
0.886 0.0970462
0.888 0.0923744
0.89 0.0878928
0.892 0.0835959
0.894 0.079478
0.896 0.0755334
0.898 0.0717567
0.9 0.0681426
0.902 0.0646855
0.904 0.0613805
0.906 0.0582221
0.908 0.0552056
0.91 0.0523258
0.912 0.049578
0.914 0.0469574
0.916 0.0444595
0.918 0.0420796
0.92 0.0398135
0.922 0.0376568
0.924 0.0356053
0.926 0.0336551
0.928 0.0318021
0.93 0.0300426
0.932 0.0283729
0.934 0.0267893
0.936 0.0252885
0.938 0.023867
0.94 0.0225218
0.942 0.0212495
0.944 0.0200473
0.946 0.0189123
0.948 0.0178418
0.95 0.0168329
0.952 0.0158833
0.954 0.0149906
0.956 0.0141523
0.958 0.0133663
0.96 0.0126305
0.962 0.0119429
0.964 0.0113016
0.966 0.0107049
0.968 0.010151
0.97 0.00963846
0.972 0.00916575
0.974 0.0087315
0.976 0.00833445
0.978 0.00797343
0.98 0.00764736
0.982 0.00735527
0.984 0.00709628
0.986 0.00686959
0.988 0.00667452
0.99 0.00651048
0.992 0.00637694
0.994 0.00627351
0.996 0.00619986
0.998 0.00615576
