-1 0.0789331
-0.998 0.0790412
-0.996 0.0793656
-0.994 0.0799065
-0.992 0.0806646
-0.99 0.0816406
-0.988 0.0828355
-0.986 0.0842505
-0.984 0.085887
-0.982 0.0877467
-0.98 0.0898313
-0.978 0.0921429
-0.976 0.0946837
-0.974 0.097456
-0.972 0.100463
-0.97 0.103706
-0.968 0.10719
-0.966 0.110916
-0.964 0.114889
-0.962 0.119111
-0.96 0.123587
-0.958 0.128319
-0.956 0.133312
-0.954 0.138569
-0.952 0.144096
-0.95 0.149894
-0.948 0.15597
-0.946 0.162326
-0.944 0.168967
-0.942 0.175898
-0.94 0.183123
-0.938 0.190646
-0.936 0.198471
-0.934 0.206604
-0.932 0.215047
-0.93 0.223805
-0.928 0.232882
-0.926 0.242283
-0.924 0.252011
-0.922 0.26207
-0.92 0.272464
-0.918 0.283196
-0.916 0.29427
-0.914 0.305689
-0.912 0.317455
-0.91 0.329572
-0.908 0.342042
-0.906 0.354868
-0.904 0.368051
-0.902 0.381593
-0.9 0.395495
-0.898 0.409758
-0.896 0.424384
-0.894 0.439372
-0.892 0.454723
-0.89 0.470436
-0.888 0.48651
-0.886 0.502943
-0.884 0.519735
-0.882 0.536883
-0.88 0.554384
-0.878 0.572235
-0.876 0.590433
-0.874 0.608973
-0.872 0.627851
-0.87 0.647061
-0.868 0.666599
-0.866 0.686457
-0.864 0.706629
-0.862 0.727107
-0.86 0.747883
-0.858 0.768949
-0.856 0.790296
-0.854 0.811914
-0.852 0.833793
-0.85 0.855921
-0.848 0.878288
-0.846 0.900881
-0.844 0.923688
-0.842 0.946695
-0.84 0.96989
-0.838 0.993256
-0.836 1.01678
-0.834 1.04045
-0.832 1.06424
-0.83 1.08814
-0.828 1.11214
-0.826 1.13621
-0.824 1.16034
-0.822 1.18451
-0.82 1.20869
-0.818 1.23288
-0.816 1.25706
-0.814 1.28119
-0.812 1.30526
-0.81 1.32926
-0.808 1.35316
-0.806 1.37693
-0.804 1.40057
-0.802 1.42403
-0.8 1.44732
-0.798 1.4704
-0.796 1.49324
-0.794 1.51584
-0.792 1.53816
-0.79 1.56019
-0.788 1.5819
-0.786 1.60327
-0.784 1.62428
-0.782 1.64491
-0.78 1.66513
-0.778 1.68493
-0.776 1.70428
-0.774 1.72316
-0.772 1.74156
-0.77 1.75945
-0.768 1.77681
-0.766 1.79363
-0.764 1.80988
-0.762 1.82555
-0.76 1.84062
-0.758 1.85507
-0.756 1.86888
-0.754 1.88205
-0.752 1.89455
-0.75 1.90637
-0.748 1.9175
-0.746 1.92792
-0.744 1.93762
-0.742 1.94659
-0.74 1.95482
-0.738 1.9623
-0.736 1.96903
-0.734 1.97498
-0.732 1.98016
-0.73 1.98456
-0.728 1.98818
-0.726 1.991
-0.724 1.99304
-0.722 1.99427
-0.72 1.99471
-0.718 1.99435
-0.716 1.9932
-0.714 1.99124
-0.712 1.9885
-0.71 1.98496
-0.708 1.98064
-0.706 1.97553
-0.704 1.96966
-0.702 1.96301
-0.7 1.9556
-0.698 1.94745
-0.696 1.93855
-0.694 1.92892
-0.692 1.91857
-0.69 1.90751
-0.688 1.89576
-0.686 1.88333
-0.684 1.87023
-0.682 1.85647
-0.68 1.84209
-0.678 1.82708
-0.676 1.81147
-0.674 1.79528
-0.672 1.77852
-0.67 1.76121
-0.668 1.74337
-0.666 1.72502
-0.664 1.70618
-0.662 1.68688
-0.66 1.66712
-0.658 1.64694
-0.656 1.62635
-0.654 1.60538
-0.652 1.58404
-0.65 1.56236
-0.648 1.54036
-0.646 1.51807
-0.644 1.4955
-0.642 1.47267
-0.64 1.44962
-0.638 1.42635
-0.636 1.4029
-0.634 1.37928
-0.632 1.35551
-0.63 1.33162
-0.628 1.30763
-0.626 1.28356
-0.624 1.25943
-0.622 1.23526
-0.62 1.21106
-0.618 1.18687
-0.616 1.16269
-0.614 1.13855
-0.612 1.11447
-0.61 1.09046
-0.608 1.06654
-0.606 1.04273
-0.604 1.01904
-0.602 0.995489
-0.6 0.972096
-0.598 0.948872
-0.596 0.925833
-0.594 0.902992
-0.592 0.880363
-0.59 0.857957
-0.588 0.835787
-0.586 0.813865
-0.584 0.7922
-0.582 0.770804
-0.58 0.749686
-0.578 0.728855
-0.576 0.708319
-0.574 0.688086
-0.572 0.668164
-0.57 0.64856
-0.568 0.629279
-0.566 0.610327
-0.564 0.591709
-0.562 0.573429
-0.56 0.555492
-0.558 0.537901
-0.556 0.520658
-0.554 0.503767
-0.552 0.487229
-0.55 0.471045
-0.548 0.455217
-0.546 0.439745
-0.544 0.424628
-0.542 0.409868
-0.54 0.395462
-0.538 0.38141
-0.536 0.36771
-0.534 0.35436
-0.532 0.341359
-0.53 0.328703
-0.528 0.31639
-0.526 0.304416
-0.524 0.292778
-0.522 0.281472
-0.52 0.270495
-0.518 0.259842
-0.516 0.249509
-0.514 0.239491
-0.512 0.229783
-0.51 0.22038
-0.508 0.211278
-0.506 0.202471
-0.504 0.193953
-0.502 0.185719
-0.5 0.177764
-0.498 0.170081
-0.496 0.162665
-0.494 0.155511
-0.492 0.148611
-0.49 0.141961
-0.488 0.135555
-0.486 0.129385
-0.484 0.123447
-0.482 0.117735
-0.48 0.112242
-0.478 0.106962
-0.476 0.10189
-0.474 0.0970197
-0.472 0.0923453
-0.47 0.0878609
-0.468 0.0835608
-0.466 0.0794394
-0.464 0.0754911
-0.462 0.0717103
-0.46 0.0680916
-0.458 0.0646297
-0.456 0.0613193
-0.454 0.0581551
-0.452 0.0551322
-0.45 0.0522455
-0.448 0.0494902
-0.446 0.0468614
-0.444 0.0443545
-0.442 0.0419649
-0.44 0.0396882
-0.438 0.03752
-0.436 0.0354561
-0.434 0.0334923
-0.432 0.0316246
-0.43 0.0298491
-0.428 0.028162
-0.426 0.0265597
-0.424 0.0250385
-0.422 0.023595
-0.42 0.0222258
-0.418 0.0209277
-0.416 0.0196975
-0.414 0.0185323
-0.412 0.017429
-0.41 0.0163848
-0.408 0.015397
-0.406 0.014463
-0.404 0.0135802
-0.402 0.0127462
-0.4 0.0119586
-0.398 0.0112152
-0.396 0.0105138
-0.394 0.00985238
-0.392 0.00922884
-0.39 0.0086413
-0.388 0.00808793
-0.386 0.00756697
-0.384 0.00707674
-0.382 0.00661562
-0.38 0.00618207
-0.378 0.00577462
-0.376 0.00539187
-0.374 0.00503248
-0.372 0.00469516
-0.37 0.0043787
-0.368 0.00408194
-0.366 0.00380377
-0.364 0.00354314
-0.362 0.00329904
-0.36 0.00307054
-0.358 0.00285671
-0.356 0.00265672
-0.354 0.00246974
-0.352 0.002295
-0.35 0.00213177
-0.348 0.00197936
-0.346 0.00183711
-0.344 0.0017044
-0.342 0.00158064
-0.34 0.00146529
-0.338 0.00135781
-0.336 0.00125771
-0.334 0.00116452
-0.332 0.00107781
-0.33 0.000997154
-0.328 0.000922166
-0.326 0.000852476
-0.324 0.000787737
-0.322 0.000727624
-0.32 0.000671829
-0.318 0.000620065
-0.316 0.00057206
-0.314 0.000527561
-0.312 0.000486328
-0.31 0.000448139
-0.308 0.000412783
-0.306 0.000380065
-0.304 0.0003498
-0.302 0.000321817
-0.3 0.000295953
-0.298 0.00027206
-0.296 0.000249995
-0.294 0.000229628
-0.292 0.000210836
-0.29 0.000193505
-0.288 0.000177527
-0.286 0.000162803
-0.284 0.000149241
-0.282 0.000136753
-0.28 0.000125261
-0.278 0.000114688
-0.276 0.000104966
-0.274 9.60298e-05
-0.272 8.7819e-05
-0.27 8.02782e-05
-0.268 7.33555e-05
-0.266 6.7003e-05
-0.264 6.11761e-05
-0.262 5.58336e-05
-0.26 5.09373e-05
-0.258 4.64518e-05
-0.256 4.23444e-05
-0.254 3.85847e-05
-0.252 3.51447e-05
-0.25 3.19987e-05
-0.248 2.91226e-05
-0.246 2.64944e-05
-0.244 2.40938e-05
-0.242 2.19019e-05
-0.24 1.99014e-05
-0.238 1.80765e-05
-0.236 1.64123e-05
-0.234 1.48954e-05
-0.232 1.35132e-05
-0.23 1.22545e-05
-0.228 1.11085e-05
-0.226 1.00657e-05
-0.224 9.11707e-06
-0.222 8.25458e-06
-0.22 7.47069e-06
-0.218 6.75854e-06
-0.216 6.11183e-06
-0.214 5.52479e-06
-0.212 4.99214e-06
-0.21 4.50904e-06
-0.208 4.07106e-06
-0.206 3.67416e-06
-0.204 3.31462e-06
-0.202 2.98907e-06
-0.2 2.69442e-06
-0.198 2.42784e-06
-0.196 2.18676e-06
-0.194 1.96883e-06
-0.192 1.77191e-06
-0.19 1.59405e-06
-0.188 1.43347e-06
-0.186 1.28855e-06
-0.184 1.15782e-06
-0.182 1.03993e-06
-0.18 9.33676e-07
-0.178 8.37942e-07
-0.176 7.51723e-07
-0.174 6.74106e-07
-0.172 6.04261e-07
-0.17 5.41436e-07
-0.168 4.84949e-07
-0.166 4.34182e-07
-0.164 3.88574e-07
-0.162 3.47617e-07
-0.16 3.10853e-07
-0.158 2.77866e-07
-0.156 2.48281e-07
-0.154 2.21756e-07
-0.152 1.97986e-07
-0.15 1.76693e-07
-0.148 1.57628e-07
-0.146 1.40563e-07
-0.144 1.25295e-07
-0.142 1.11641e-07
-0.14 9.94357e-08
-0.138 8.8529e-08
-0.136 7.87871e-08
-0.134 7.00892e-08
-0.132 6.23265e-08
-0.13 5.54015e-08
-0.128 4.92261e-08
-0.126 4.37217e-08
-0.124 3.88172e-08
-0.122 3.4449e-08
-0.12 3.05602e-08
-0.118 2.70996e-08
-0.116 2.40212e-08
-0.114 2.1284e-08
-0.112 1.88512e-08
-0.11 1.66897e-08
-0.108 1.47702e-08
-0.106 1.30662e-08
-0.104 1.15542e-08
-0.102 1.02131e-08
-0.1 9.024e-09
-0.098 7.97017e-09
-0.096 7.0366e-09
-0.094 6.20989e-09
-0.092 5.47813e-09
-0.09 4.83065e-09
-0.088 4.258e-09
-0.086 3.75174e-09
-0.084 3.30435e-09
-0.082 2.90915e-09
-0.08 2.56019e-09
-0.078 2.25219e-09
-0.076 1.98045e-09
-0.074 1.74081e-09
-0.072 1.52956e-09
-0.07 1.3434e-09
-0.068 1.17944e-09
-0.066 1.03508e-09
-0.064 9.08025e-10
-0.062 7.9626e-10
-0.06 6.97975e-10
-0.058 6.11593e-10
-0.056 5.35693e-10
-0.054 4.69039e-10
-0.052 4.10525e-10
-0.05 3.59192e-10
-0.048 3.14165e-10
-0.046 2.74702e-10
-0.044 2.40113e-10
-0.042 2.0984e-10
-0.04 1.83341e-10
-0.038 1.60171e-10
-0.036 1.39912e-10
-0.034 1.22231e-10
-0.032 1.06807e-10
-0.03 9.33631e-11
-0.028 8.16712e-11
-0.026 7.15168e-11
-0.024 6.2715e-11
-0.022 5.51156e-11
-0.02 4.8572e-11
-0.018 4.29648e-11
-0.016 3.81987e-11
-0.014 3.41813e-11
-0.012 3.08394e-11
-0.01 2.81073e-11
-0.008 2.59435e-11
-0.006 2.42985e-11
-0.004 2.31462e-11
-0.002 2.2465e-11
0 2.22405e-11
0.002 2.24601e-11
0.004 2.31506e-11
0.006 2.42944e-11
0.008 2.59441e-11
0.01 2.81073e-11
0.012 3.08401e-11
0.014 3.41828e-11
0.016 3.82041e-11
0.018 4.29669e-11
0.02 4.85717e-11
0.022 5.51134e-11
0.024 6.27155e-11
0.026 7.1513e-11
0.028 8.1672e-11
0.03 9.33591e-11
0.032 1.06806e-10
0.034 1.22233e-10
0.036 1.39912e-10
0.038 1.60164e-10
0.04 1.83341e-10
0.042 2.09837e-10
0.044 2.40115e-10
0.046 2.74697e-10
0.048 3.14165e-10
0.05 3.59187e-10
0.052 4.10525e-10
0.054 4.6904e-10
0.056 5.3569e-10
0.058 6.11593e-10
0.06 6.97979e-10
0.062 7.96257e-10
0.064 9.08026e-10
0.066 1.03507e-09
0.068 1.17943e-09
0.07 1.3434e-09
0.072 1.52955e-09
0.074 1.74081e-09
0.076 1.98045e-09
0.078 2.25219e-09
0.08 2.56019e-09
0.082 2.90915e-09
0.084 3.30435e-09
0.086 3.75174e-09
0.088 4.25801e-09
0.09 4.83065e-09
0.092 5.47812e-09
0.094 6.20989e-09
0.096 7.0366e-09
0.098 7.97017e-09
0.1 9.02399e-09
0.102 1.02131e-08
0.104 1.15542e-08
0.106 1.30662e-08
0.108 1.47702e-08
0.11 1.66897e-08
0.112 1.88512e-08
0.114 2.1284e-08
0.116 2.40212e-08
0.118 2.70996e-08
0.12 3.05602e-08
0.122 3.4449e-08
0.124 3.88172e-08
0.126 4.37216e-08
0.128 4.92261e-08
0.13 5.54014e-08
0.132 6.23265e-08
0.134 7.00891e-08
0.136 7.87871e-08
0.138 8.8529e-08
0.14 9.94357e-08
0.142 1.11641e-07
0.144 1.25295e-07
0.146 1.40563e-07
0.148 1.57628e-07
0.15 1.76693e-07
0.152 1.97986e-07
0.154 2.21756e-07
0.156 2.48281e-07
0.158 2.77866e-07
0.16 3.10853e-07
0.162 3.47617e-07
0.164 3.88574e-07
0.166 4.34182e-07
0.168 4.84949e-07
0.17 5.41436e-07
0.172 6.04261e-07
0.174 6.74106e-07
0.176 7.51723e-07
0.178 8.37942e-07
0.18 9.33676e-07
0.182 1.03993e-06
0.184 1.15782e-06
0.186 1.28855e-06
0.188 1.43347e-06
0.19 1.59405e-06
0.192 1.77191e-06
0.194 1.96883e-06
0.196 2.18676e-06
0.198 2.42784e-06
0.2 2.69442e-06
0.202 2.98907e-06
0.204 3.31462e-06
0.206 3.67416e-06
0.208 4.07106e-06
0.21 4.50904e-06
0.212 4.99214e-06
0.214 5.52479e-06
0.216 6.11183e-06
0.218 6.75854e-06
0.22 7.47069e-06
0.222 8.25458e-06
0.224 9.11707e-06
0.226 1.00657e-05
0.228 1.11085e-05
0.23 1.22545e-05
0.232 1.35132e-05
0.234 1.48954e-05
0.236 1.64123e-05
0.238 1.80765e-05
0.24 1.99014e-05
0.242 2.19019e-05
0.244 2.40938e-05
0.246 2.64944e-05
0.248 2.91226e-05
0.25 3.19987e-05
0.252 3.51447e-05
0.254 3.85847e-05
0.256 4.23444e-05
0.258 4.64518e-05
0.26 5.09373e-05
0.262 5.58336e-05
0.264 6.11761e-05
0.266 6.7003e-05
0.268 7.33555e-05
0.27 8.02782e-05
0.272 8.7819e-05
0.274 9.60298e-05
0.276 0.000104966
0.278 0.000114688
0.28 0.000125261
0.282 0.000136753
0.284 0.000149241
0.286 0.000162803
0.288 0.000177527
0.29 0.000193505
0.292 0.000210836
0.294 0.000229628
0.296 0.000249995
0.298 0.00027206
0.3 0.000295953
0.302 0.000321817
0.304 0.0003498
0.306 0.000380065
0.308 0.000412783
0.31 0.000448139
0.312 0.000486328
0.314 0.000527561
0.316 0.00057206
0.318 0.000620065
0.32 0.000671829
0.322 0.000727624
0.324 0.000787737
0.326 0.000852476
0.328 0.000922166
0.33 0.000997154
0.332 0.00107781
0.334 0.00116452
0.336 0.00125771
0.338 0.00135781
0.34 0.00146529
0.342 0.00158064
0.344 0.0017044
0.346 0.00183711
0.348 0.00197936
0.35 0.00213177
0.352 0.002295
0.354 0.00246974
0.356 0.00265672
0.358 0.00285671
0.36 0.00307054
0.362 0.00329904
0.364 0.00354314
0.366 0.00380377
0.368 0.00408194
0.37 0.0043787
0.372 0.00469516
0.374 0.00503248
0.376 0.00539187
0.378 0.00577462
0.38 0.00618207
0.382 0.00661562
0.384 0.00707674
0.386 0.00756697
0.388 0.00808793
0.39 0.0086413
0.392 0.00922884
0.394 0.00985238
0.396 0.0105138
0.398 0.0112152
0.4 0.0119586
0.402 0.0127462
0.404 0.0135802
0.406 0.014463
0.408 0.015397
0.41 0.0163848
0.412 0.017429
0.414 0.0185323
0.416 0.0196975
0.418 0.0209277
0.42 0.0222258
0.422 0.023595
0.424 0.0250385
0.426 0.0265597
0.428 0.028162
0.43 0.0298491
0.432 0.0316246
0.434 0.0334923
0.436 0.0354561
0.438 0.03752
0.44 0.0396882
0.442 0.0419649
0.444 0.0443545
0.446 0.0468614
0.448 0.0494902
0.45 0.0522455
0.452 0.0551322
0.454 0.0581551
0.456 0.0613193
0.458 0.0646297
0.46 0.0680916
0.462 0.0717103
0.464 0.0754911
0.466 0.0794394
0.468 0.0835608
0.47 0.0878609
0.472 0.0923453
0.474 0.0970197
0.476 0.10189
0.478 0.106962
0.48 0.112242
0.482 0.117735
0.484 0.123447
0.486 0.129385
0.488 0.135555
0.49 0.141961
0.492 0.148611
0.494 0.155511
0.496 0.162665
0.498 0.170081
0.5 0.177764
0.502 0.185719
0.504 0.193953
0.506 0.202471
0.508 0.211278
0.51 0.22038
0.512 0.229783
0.514 0.239491
0.516 0.249509
0.518 0.259842
0.52 0.270495
0.522 0.281472
0.524 0.292778
0.526 0.304416
0.528 0.31639
0.53 0.328703
0.532 0.341359
0.534 0.35436
0.536 0.36771
0.538 0.38141
0.54 0.395462
0.542 0.409868
0.544 0.424628
0.546 0.439745
0.548 0.455217
0.55 0.471045
0.552 0.487229
0.554 0.503767
0.556 0.520658
0.558 0.537901
0.56 0.555492
0.562 0.573429
0.564 0.591709
0.566 0.610327
0.568 0.629279
0.57 0.64856
0.572 0.668164
0.574 0.688086
0.576 0.708319
0.578 0.728855
0.58 0.749686
0.582 0.770804
0.584 0.7922
0.586 0.813865
0.588 0.835787
0.59 0.857957
0.592 0.880363
0.594 0.902992
0.596 0.925833
0.598 0.948872
0.6 0.972096
0.602 0.995489
0.604 1.01904
0.606 1.04273
0.608 1.06654
0.61 1.09046
0.612 1.11447
0.614 1.13855
0.616 1.16269
0.618 1.18687
0.62 1.21106
0.622 1.23526
0.624 1.25943
0.626 1.28356
0.628 1.30763
0.63 1.33162
0.632 1.35551
0.634 1.37928
0.636 1.4029
0.638 1.42635
0.64 1.44962
0.642 1.47267
0.644 1.4955
0.646 1.51807
0.648 1.54036
0.65 1.56236
0.652 1.58404
0.654 1.60538
0.656 1.62635
0.658 1.64694
0.66 1.66712
0.662 1.68688
0.664 1.70618
0.666 1.72502
0.668 1.74337
0.67 1.76121
0.672 1.77852
0.674 1.79528
0.676 1.81147
0.678 1.82708
0.68 1.84209
0.682 1.85647
0.684 1.87023
0.686 1.88333
0.688 1.89576
0.69 1.90751
0.692 1.91857
0.694 1.92892
0.696 1.93855
0.698 1.94745
0.7 1.9556
0.702 1.96301
0.704 1.96966
0.706 1.97553
0.708 1.98064
0.71 1.98496
0.712 1.9885
0.714 1.99124
0.716 1.9932
0.718 1.99435
0.72 1.99471
0.722 1.99427
0.724 1.99304
0.726 1.991
0.728 1.98818
0.73 1.98456
0.732 1.98016
0.734 1.97498
0.736 1.96903
0.738 1.9623
0.74 1.95482
0.742 1.94659
0.744 1.93762
0.746 1.92792
0.748 1.9175
0.75 1.90637
0.752 1.89455
0.754 1.88205
0.756 1.86888
0.758 1.85507
0.76 1.84062
0.762 1.82555
0.764 1.80988
0.766 1.79363
0.768 1.77681
0.77 1.75945
0.772 1.74156
0.774 1.72316
0.776 1.70428
0.778 1.68493
0.78 1.66513
0.782 1.64491
0.784 1.62428
0.786 1.60327
0.788 1.5819
0.79 1.56019
0.792 1.53816
0.794 1.51584
0.796 1.49324
0.798 1.4704
0.8 1.44732
0.802 1.42403
0.804 1.40057
0.806 1.37693
0.808 1.35316
0.81 1.32926
0.812 1.30526
0.814 1.28119
0.816 1.25706
0.818 1.23288
0.82 1.20869
0.822 1.18451
0.824 1.16034
0.826 1.13621
0.828 1.11214
0.83 1.08814
0.832 1.06424
0.834 1.04045
0.836 1.01678
0.838 0.993256
0.84 0.96989
0.842 0.946695
0.844 0.923688
0.846 0.900881
0.848 0.878288
0.85 0.855921
0.852 0.833793
0.854 0.811914
0.856 0.790296
0.858 0.768949
0.86 0.747883
0.862 0.727107
0.864 0.706629
0.866 0.686457
0.868 0.666599
0.87 0.647061
0.872 0.627851
0.874 0.608973
0.876 0.590433
0.878 0.572235
0.88 0.554384
0.882 0.536883
0.884 0.519735
0.886 0.502943
0.888 0.48651
0.89 0.470436
0.892 0.454723
0.894 0.439372
0.896 0.424384
0.898 0.409758
0.9 0.395495
0.902 0.381593
0.904 0.368051
0.906 0.354868
0.908 0.342042
0.91 0.329572
0.912 0.317455
0.914 0.305689
0.916 0.29427
0.918 0.283196
0.92 0.272464
0.922 0.26207
0.924 0.252011
0.926 0.242283
0.928 0.232882
0.93 0.223805
0.932 0.215047
0.934 0.206604
0.936 0.198471
0.938 0.190646
0.94 0.183123
0.942 0.175898
0.944 0.168967
0.946 0.162326
0.948 0.15597
0.95 0.149894
0.952 0.144096
0.954 0.138569
0.956 0.133312
0.958 0.128319
0.96 0.123587
0.962 0.119111
0.964 0.114889
0.966 0.110916
0.968 0.10719
0.97 0.103706
0.972 0.100463
0.974 0.097456
0.976 0.0946837
0.978 0.0921429
0.98 0.0898313
0.982 0.0877467
0.984 0.085887
0.986 0.0842505
0.988 0.0828355
0.99 0.0816406
0.992 0.0806646
0.994 0.0799065
0.996 0.0793656
0.998 0.0790412
