-1 6.21724e-07
-0.998 6.25501e-07
-0.996 6.36872e-07
-0.994 6.55957e-07
-0.992 6.82955e-07
-0.99 7.18149e-07
-0.988 7.61909e-07
-0.986 8.1469e-07
-0.984 8.77041e-07
-0.982 9.49607e-07
-0.98 1.03314e-06
-0.978 1.12849e-06
-0.976 1.23663e-06
-0.974 1.35867e-06
-0.972 1.49583e-06
-0.97 1.64949e-06
-0.968 1.82117e-06
-0.966 2.01259e-06
-0.964 2.22562e-06
-0.962 2.46233e-06
-0.96 2.72503e-06
-0.958 3.01622e-06
-0.956 3.3387e-06
-0.954 3.6955e-06
-0.952 4.08998e-06
-0.95 4.52581e-06
-0.948 5.00699e-06
-0.946 5.53795e-06
-0.944 6.12348e-06
-0.942 6.76885e-06
-0.94 7.47982e-06
-0.938 8.26266e-06
-0.936 9.12423e-06
-0.934 1.0072e-05
-0.932 1.11141e-05
-0.93 1.22594e-05
-0.928 1.35177e-05
-0.926 1.48993e-05
-0.924 1.64158e-05
-0.922 1.80796e-05
-0.92 1.99042e-05
-0.918 2.19044e-05
-0.916 2.4096e-05
-0.914 2.64964e-05
-0.912 2.91244e-05
-0.91 3.20003e-05
-0.908 3.51463e-05
-0.906 3.85861e-05
-0.904 4.23457e-05
-0.902 4.6453e-05
-0.9 5.09385e-05
-0.898 5.58347e-05
-0.896 6.11772e-05
-0.894 6.7004e-05
-0.892 7.33565e-05
-0.89 8.02792e-05
-0.888 8.782e-05
-0.886 9.60308e-05
-0.884 0.000104967
-0.882 0.000114689
-0.88 0.000125262
-0.878 0.000136754
-0.876 0.000149242
-0.874 0.000162804
-0.872 0.000177528
-0.87 0.000193506
-0.868 0.000210837
-0.866 0.000229629
-0.864 0.000249997
-0.862 0.000272061
-0.86 0.000295955
-0.858 0.000321818
-0.856 0.000349802
-0.854 0.000380067
-0.852 0.000412785
-0.85 0.000448141
-0.848 0.00048633
-0.846 0.000527563
-0.844 0.000572062
-0.842 0.000620067
-0.84 0.000671832
-0.838 0.000727626
-0.836 0.00078774
-0.834 0.000852478
-0.832 0.000922168
-0.83 0.000997157
-0.828 0.00107781
-0.826 0.00116452
-0.824 0.00125771
-0.822 0.00135781
-0.82 0.00146529
-0.818 0.00158065
-0.816 0.0017044
-0.814 0.00183711
-0.812 0.00197936
-0.81 0.00213177
-0.808 0.002295
-0.806 0.00246974
-0.804 0.00265672
-0.802 0.00285672
-0.8 0.00307054
-0.798 0.00329905
-0.796 0.00354314
-0.794 0.00380377
-0.792 0.00408194
-0.79 0.00437871
-0.788 0.00469517
-0.786 0.00503248
-0.784 0.00539188
-0.782 0.00577463
-0.78 0.00618207
-0.778 0.00661562
-0.776 0.00707674
-0.774 0.00756698
-0.772 0.00808794
-0.77 0.00864131
-0.768 0.00922884
-0.766 0.00985239
-0.764 0.0105139
-0.762 0.0112152
-0.76 0.0119586
-0.758 0.0127462
-0.756 0.0135802
-0.754 0.014463
-0.752 0.015397
-0.75 0.0163848
-0.748 0.017429
-0.746 0.0185323
-0.744 0.0196975
-0.742 0.0209277
-0.74 0.0222258
-0.738 0.023595
-0.736 0.0250385
-0.734 0.0265597
-0.732 0.028162
-0.73 0.0298491
-0.728 0.0316246
-0.726 0.0334923
-0.724 0.0354561
-0.722 0.03752
-0.72 0.0396882
-0.718 0.0419649
-0.716 0.0443545
-0.714 0.0468614
-0.712 0.0494902
-0.71 0.0522455
-0.708 0.0551322
-0.706 0.0581551
-0.704 0.0613193
-0.702 0.0646297
-0.7 0.0680916
-0.698 0.0717103
-0.696 0.0754911
-0.694 0.0794394
-0.692 0.0835608
-0.69 0.0878608
-0.688 0.0923452
-0.686 0.0970197
-0.684 0.10189
-0.682 0.106962
-0.68 0.112242
-0.678 0.117735
-0.676 0.123447
-0.674 0.129385
-0.672 0.135555
-0.67 0.141961
-0.668 0.148611
-0.666 0.155511
-0.664 0.162665
-0.662 0.170081
-0.66 0.177764
-0.658 0.185719
-0.656 0.193953
-0.654 0.202471
-0.652 0.211278
-0.65 0.22038
-0.648 0.229783
-0.646 0.239491
-0.644 0.249509
-0.642 0.259842
-0.64 0.270495
-0.638 0.281472
-0.636 0.292778
-0.634 0.304416
-0.632 0.31639
-0.63 0.328703
-0.628 0.341359
-0.626 0.35436
-0.624 0.36771
-0.622 0.38141
-0.62 0.395462
-0.618 0.409868
-0.616 0.424628
-0.614 0.439745
-0.612 0.455217
-0.61 0.471045
-0.608 0.487229
-0.606 0.503767
-0.604 0.520658
-0.602 0.537901
-0.6 0.555492
-0.598 0.573429
-0.596 0.591709
-0.594 0.610327
-0.592 0.629279
-0.59 0.64856
-0.588 0.668164
-0.586 0.688086
-0.584 0.708319
-0.582 0.728855
-0.58 0.749686
-0.578 0.770804
-0.576 0.7922
-0.574 0.813865
-0.572 0.835787
-0.57 0.857957
-0.568 0.880363
-0.566 0.902992
-0.564 0.925833
-0.562 0.948872
-0.56 0.972096
-0.558 0.995489
-0.556 1.01904
-0.554 1.04273
-0.552 1.06654
-0.55 1.09046
-0.548 1.11447
-0.546 1.13855
-0.544 1.16269
-0.542 1.18687
-0.54 1.21106
-0.538 1.23526
-0.536 1.25943
-0.534 1.28356
-0.532 1.30763
-0.53 1.33162
-0.528 1.35551
-0.526 1.37928
-0.524 1.4029
-0.522 1.42635
-0.52 1.44962
-0.518 1.47267
-0.516 1.4955
-0.514 1.51807
-0.512 1.54036
-0.51 1.56236
-0.508 1.58404
-0.506 1.60538
-0.504 1.62635
-0.502 1.64694
-0.5 1.66712
-0.498 1.68688
-0.496 1.70618
-0.494 1.72502
-0.492 1.74337
-0.49 1.76121
-0.488 1.77852
-0.486 1.79528
-0.484 1.81147
-0.482 1.82708
-0.48 1.84209
-0.478 1.85647
-0.476 1.87023
-0.474 1.88333
-0.472 1.89576
-0.47 1.90751
-0.468 1.91857
-0.466 1.92892
-0.464 1.93855
-0.462 1.94745
-0.46 1.9556
-0.458 1.96301
-0.456 1.96966
-0.454 1.97553
-0.452 1.98064
-0.45 1.98496
-0.448 1.9885
-0.446 1.99124
-0.444 1.99319
-0.442 1.99435
-0.44 1.99471
-0.438 1.99427
-0.436 1.99304
-0.434 1.991
-0.432 1.98818
-0.43 1.98456
-0.428 1.98016
-0.426 1.97498
-0.424 1.96903
-0.422 1.9623
-0.42 1.95482
-0.418 1.94659
-0.416 1.93762
-0.414 1.92791
-0.412 1.91749
-0.41 1.90637
-0.408 1.89455
-0.406 1.88204
-0.404 1.86888
-0.402 1.85506
-0.4 1.84061
-0.398 1.82555
-0.396 1.80988
-0.394 1.79363
-0.392 1.77681
-0.39 1.75945
-0.388 1.74156
-0.386 1.72316
-0.384 1.70427
-0.382 1.68492
-0.38 1.66512
-0.378 1.6449
-0.376 1.62427
-0.374 1.60326
-0.372 1.58189
-0.37 1.56018
-0.368 1.53815
-0.366 1.51582
-0.364 1.49323
-0.362 1.47038
-0.36 1.4473
-0.358 1.42401
-0.356 1.40054
-0.354 1.37691
-0.352 1.35313
-0.35 1.32923
-0.348 1.30523
-0.346 1.28115
-0.344 1.25701
-0.342 1.23284
-0.34 1.20864
-0.338 1.18445
-0.336 1.16028
-0.334 1.13614
-0.332 1.11207
-0.33 1.08806
-0.328 1.06415
-0.326 1.04035
-0.324 1.01668
-0.322 0.993143
-0.32 0.969765
-0.318 0.94656
-0.316 0.92354
-0.314 0.90072
-0.312 0.878112
-0.31 0.855729
-0.308 0.833584
-0.306 0.811686
-0.304 0.790048
-0.302 0.76868
-0.3 0.74759
-0.298 0.726788
-0.296 0.706282
-0.294 0.68608
-0.292 0.666189
-0.29 0.646617
-0.288 0.627369
-0.286 0.60845
-0.284 0.589865
-0.282 0.57162
-0.28 0.553717
-0.278 0.536161
-0.276 0.518953
-0.274 0.502097
-0.272 0.485595
-0.27 0.469446
-0.268 0.453654
-0.266 0.438217
-0.264 0.423136
-0.262 0.408411
-0.26 0.394041
-0.258 0.380024
-0.256 0.366359
-0.254 0.353044
-0.252 0.340078
-0.25 0.327456
-0.248 0.315177
-0.246 0.303237
-0.244 0.291632
-0.242 0.28036
-0.24 0.269415
-0.238 0.258794
-0.236 0.248493
-0.234 0.238506
-0.232 0.228829
-0.23 0.219457
-0.228 0.210384
-0.226 0.201606
-0.224 0.193117
-0.222 0.184911
-0.22 0.176983
-0.218 0.169327
-0.216 0.161938
-0.214 0.154809
-0.212 0.147935
-0.21 0.14131
-0.208 0.134927
-0.206 0.128781
-0.204 0.122866
-0.202 0.117176
-0.2 0.111704
-0.198 0.106446
-0.196 0.101394
-0.194 0.0965435
-0.192 0.0918883
-0.19 0.0874226
-0.188 0.0831407
-0.186 0.0790368
-0.184 0.0751055
-0.182 0.0713412
-0.18 0.0677385
-0.178 0.0642919
-0.176 0.0609964
-0.174 0.0578466
-0.172 0.0548375
-0.17 0.0519642
-0.168 0.0492217
-0.166 0.0466053
-0.164 0.0441104
-0.162 0.0417323
-0.16 0.0394666
-0.158 0.037309
-0.156 0.0352553
-0.154 0.0333013
-0.152 0.031443
-0.15 0.0296765
-0.148 0.0279981
-0.146 0.026404
-0.144 0.0248908
-0.142 0.0234549
-0.14 0.022093
-0.138 0.0208018
-0.136 0.0195783
-0.134 0.0184194
-0.132 0.0173221
-0.13 0.0162837
-0.128 0.0153014
-0.126 0.0143727
-0.124 0.0134949
-0.122 0.0126657
-0.12 0.0118827
-0.118 0.0111436
-0.116 0.0104463
-0.114 0.00978879
-0.112 0.00916899
-0.11 0.008585
-0.108 0.00803502
-0.106 0.00751727
-0.104 0.0070301
-0.102 0.00657189
-0.1 0.00614111
-0.098 0.0057363
-0.096 0.00535606
-0.094 0.00499906
-0.092 0.00466403
-0.09 0.00434975
-0.088 0.00405507
-0.086 0.00377889
-0.084 0.00352017
-0.082 0.00327792
-0.08 0.00305118
-0.078 0.00283907
-0.076 0.00264074
-0.074 0.00245537
-0.072 0.00228221
-0.07 0.00212052
-0.068 0.00196963
-0.066 0.00182889
-0.064 0.00169769
-0.062 0.00157544
-0.06 0.0014616
-0.058 0.00135565
-0.056 0.00125712
-0.054 0.00116554
-0.052 0.00108048
-0.05 0.00100155
-0.048 0.000928352
-0.046 0.000860542
-0.044 0.000797783
-0.042 0.000739763
-0.04 0.000686192
-0.038 0.000636798
-0.036 0.000591327
-0.034 0.000549543
-0.032 0.000511229
-0.03 0.000476183
-0.028 0.000444218
-0.026 0.000415162
-0.024 0.000388859
-0.022 0.000365166
-0.02 0.000343952
-0.018 0.000325101
-0.016 0.000308509
-0.014 0.000294081
-0.012 0.000281738
-0.01 0.00027141
-0.008 0.000263038
-0.006 0.000256576
-0.004 0.000251987
-0.002 0.000249243
0 0.00024833
0.002 0.000249243
0.004 0.000251987
0.006 0.000256576
0.008 0.000263038
0.01 0.00027141
0.012 0.000281738
0.014 0.000294081
0.016 0.000308509
0.018 0.000325101
0.02 0.000343952
0.022 0.000365166
0.024 0.000388859
0.026 0.000415162
0.028 0.000444218
0.03 0.000476183
0.032 0.000511229
0.034 0.000549543
0.036 0.000591327
0.038 0.000636798
0.04 0.000686192
0.042 0.000739763
0.044 0.000797783
0.046 0.000860542
0.048 0.000928352
0.05 0.00100155
0.052 0.00108048
0.054 0.00116554
0.056 0.00125712
0.058 0.00135565
0.06 0.0014616
0.062 0.00157544
0.064 0.00169769
0.066 0.00182889
0.068 0.00196963
0.07 0.00212052
0.072 0.00228221
0.074 0.00245537
0.076 0.00264074
0.078 0.00283907
0.08 0.00305118
0.082 0.00327792
0.084 0.00352017
0.086 0.00377889
0.088 0.00405507
0.09 0.00434975
0.092 0.00466403
0.094 0.00499906
0.096 0.00535606
0.098 0.0057363
0.1 0.00614111
0.102 0.00657189
0.104 0.0070301
0.106 0.00751727
0.108 0.00803502
0.11 0.008585
0.112 0.00916899
0.114 0.00978879
0.116 0.0104463
0.118 0.0111436
0.12 0.0118827
0.122 0.0126657
0.124 0.0134949
0.126 0.0143727
0.128 0.0153014
0.13 0.0162837
0.132 0.0173221
0.134 0.0184194
0.136 0.0195783
0.138 0.0208018
0.14 0.022093
0.142 0.0234549
0.144 0.0248908
0.146 0.026404
0.148 0.0279981
0.15 0.0296765
0.152 0.031443
0.154 0.0333013
0.156 0.0352553
0.158 0.037309
0.16 0.0394666
0.162 0.0417323
0.164 0.0441104
0.166 0.0466053
0.168 0.0492217
0.17 0.0519642
0.172 0.0548375
0.174 0.0578466
0.176 0.0609964
0.178 0.0642919
0.18 0.0677385
0.182 0.0713412
0.184 0.0751055
0.186 0.0790368
0.188 0.0831407
0.19 0.0874226
0.192 0.0918883
0.194 0.0965435
0.196 0.101394
0.198 0.106446
0.2 0.111704
0.202 0.117176
0.204 0.122866
0.206 0.128781
0.208 0.134927
0.21 0.14131
0.212 0.147935
0.214 0.154809
0.216 0.161938
0.218 0.169327
0.22 0.176983
0.222 0.184911
0.224 0.193117
0.226 0.201606
0.228 0.210384
0.23 0.219457
0.232 0.228829
0.234 0.238506
0.236 0.248493
0.238 0.258794
0.24 0.269415
0.242 0.28036
0.244 0.291632
0.246 0.303237
0.248 0.315177
0.25 0.327456
0.252 0.340078
0.254 0.353044
0.256 0.366359
0.258 0.380024
0.26 0.394041
0.262 0.408411
0.264 0.423136
0.266 0.438217
0.268 0.453654
0.27 0.469446
0.272 0.485595
0.274 0.502097
0.276 0.518953
0.278 0.536161
0.28 0.553717
0.282 0.57162
0.284 0.589865
0.286 0.60845
0.288 0.627369
0.29 0.646617
0.292 0.666189
0.294 0.68608
0.296 0.706282
0.298 0.726788
0.3 0.74759
0.302 0.76868
0.304 0.790048
0.306 0.811686
0.308 0.833584
0.31 0.855729
0.312 0.878112
0.314 0.90072
0.316 0.92354
0.318 0.94656
0.32 0.969765
0.322 0.993143
0.324 1.01668
0.326 1.04035
0.328 1.06415
0.33 1.08806
0.332 1.11207
0.334 1.13614
0.336 1.16028
0.338 1.18445
0.34 1.20864
0.342 1.23284
0.344 1.25701
0.346 1.28115
0.348 1.30523
0.35 1.32923
0.352 1.35313
0.354 1.37691
0.356 1.40054
0.358 1.42401
0.36 1.4473
0.362 1.47038
0.364 1.49323
0.366 1.51582
0.368 1.53815
0.37 1.56018
0.372 1.58189
0.374 1.60326
0.376 1.62427
0.378 1.6449
0.38 1.66512
0.382 1.68492
0.384 1.70427
0.386 1.72316
0.388 1.74156
0.39 1.75945
0.392 1.77681
0.394 1.79363
0.396 1.80988
0.398 1.82555
0.4 1.84061
0.402 1.85506
0.404 1.86888
0.406 1.88204
0.408 1.89455
0.41 1.90637
0.412 1.91749
0.414 1.92791
0.416 1.93762
0.418 1.94659
0.42 1.95482
0.422 1.9623
0.424 1.96903
0.426 1.97498
0.428 1.98016
0.43 1.98456
0.432 1.98818
0.434 1.991
0.436 1.99304
0.438 1.99427
0.44 1.99471
0.442 1.99435
0.444 1.99319
0.446 1.99124
0.448 1.9885
0.45 1.98496
0.452 1.98064
0.454 1.97553
0.456 1.96966
0.458 1.96301
0.46 1.9556
0.462 1.94745
0.464 1.93855
0.466 1.92892
0.468 1.91857
0.47 1.90751
0.472 1.89576
0.474 1.88333
0.476 1.87023
0.478 1.85647
0.48 1.84209
0.482 1.82708
0.484 1.81147
0.486 1.79528
0.488 1.77852
0.49 1.76121
0.492 1.74337
0.494 1.72502
0.496 1.70618
0.498 1.68688
0.5 1.66712
0.502 1.64694
0.504 1.62635
0.506 1.60538
0.508 1.58404
0.51 1.56236
0.512 1.54036
0.514 1.51807
0.516 1.4955
0.518 1.47267
0.52 1.44962
0.522 1.42635
0.524 1.4029
0.526 1.37928
0.528 1.35551
0.53 1.33162
0.532 1.30763
0.534 1.28356
0.536 1.25943
0.538 1.23526
0.54 1.21106
0.542 1.18687
0.544 1.16269
0.546 1.13855
0.548 1.11447
0.55 1.09046
0.552 1.06654
0.554 1.04273
0.556 1.01904
0.558 0.995489
0.56 0.972096
0.562 0.948872
0.564 0.925833
0.566 0.902992
0.568 0.880363
0.57 0.857957
0.572 0.835787
0.574 0.813865
0.576 0.7922
0.578 0.770804
0.58 0.749686
0.582 0.728855
0.584 0.708319
0.586 0.688086
0.588 0.668164
0.59 0.64856
0.592 0.629279
0.594 0.610327
0.596 0.591709
0.598 0.573429
0.6 0.555492
0.602 0.537901
0.604 0.520658
0.606 0.503767
0.608 0.487229
0.61 0.471045
0.612 0.455217
0.614 0.439745
0.616 0.424628
0.618 0.409868
0.62 0.395462
0.622 0.38141
0.624 0.36771
0.626 0.35436
0.628 0.341359
0.63 0.328703
0.632 0.31639
0.634 0.304416
0.636 0.292778
0.638 0.281472
0.64 0.270495
0.642 0.259842
0.644 0.249509
0.646 0.239491
0.648 0.229783
0.65 0.22038
0.652 0.211278
0.654 0.202471
0.656 0.193953
0.658 0.185719
0.66 0.177764
0.662 0.170081
0.664 0.162665
0.666 0.155511
0.668 0.148611
0.67 0.141961
0.672 0.135555
0.674 0.129385
0.676 0.123447
0.678 0.117735
0.68 0.112242
0.682 0.106962
0.684 0.10189
0.686 0.0970197
0.688 0.0923452
0.69 0.0878608
0.692 0.0835608
0.694 0.0794394
0.696 0.0754911
0.698 0.0717103
0.7 0.0680916
0.702 0.0646297
0.704 0.0613193
0.706 0.0581551
0.708 0.0551322
0.71 0.0522455
0.712 0.0494902
0.714 0.0468614
0.716 0.0443545
0.718 0.0419649
0.72 0.0396882
0.722 0.03752
0.724 0.0354561
0.726 0.0334923
0.728 0.0316246
0.73 0.0298491
0.732 0.028162
0.734 0.0265597
0.736 0.0250385
0.738 0.023595
0.74 0.0222258
0.742 0.0209277
0.744 0.0196975
0.746 0.0185323
0.748 0.017429
0.75 0.0163848
0.752 0.015397
0.754 0.014463
0.756 0.0135802
0.758 0.0127462
0.76 0.0119586
0.762 0.0112152
0.764 0.0105139
0.766 0.00985239
0.768 0.00922884
0.77 0.00864131
0.772 0.00808794
0.774 0.00756698
0.776 0.00707674
0.778 0.00661562
0.78 0.00618207
0.782 0.00577463
0.784 0.00539188
0.786 0.00503248
0.788 0.00469517
0.79 0.00437871
0.792 0.00408194
0.794 0.00380377
0.796 0.00354314
0.798 0.00329905
0.8 0.00307054
0.802 0.00285672
0.804 0.00265672
0.806 0.00246974
0.808 0.002295
0.81 0.00213177
0.812 0.00197936
0.814 0.00183711
0.816 0.0017044
0.818 0.00158065
0.82 0.00146529
0.822 0.00135781
0.824 0.00125771
0.826 0.00116452
0.828 0.00107781
0.83 0.000997157
0.832 0.000922168
0.834 0.000852478
0.836 0.00078774
0.838 0.000727626
0.84 0.000671832
0.842 0.000620067
0.844 0.000572062
0.846 0.000527563
0.848 0.00048633
0.85 0.000448141
0.852 0.000412785
0.854 0.000380067
0.856 0.000349802
0.858 0.000321818
0.86 0.000295955
0.862 0.000272061
0.864 0.000249997
0.866 0.000229629
0.868 0.000210837
0.87 0.000193506
0.872 0.000177528
0.874 0.000162804
0.876 0.000149242
0.878 0.000136754
0.88 0.000125262
0.882 0.000114689
0.884 0.000104967
0.886 9.60308e-05
0.888 8.782e-05
0.89 8.02792e-05
0.892 7.33565e-05
0.894 6.7004e-05
0.896 6.11772e-05
0.898 5.58347e-05
0.9 5.09385e-05
0.902 4.6453e-05
0.904 4.23457e-05
0.906 3.85861e-05
0.908 3.51463e-05
0.91 3.20003e-05
0.912 2.91244e-05
0.914 2.64964e-05
0.916 2.4096e-05
0.918 2.19044e-05
0.92 1.99042e-05
0.922 1.80796e-05
0.924 1.64158e-05
0.926 1.48993e-05
0.928 1.35177e-05
0.93 1.22594e-05
0.932 1.11141e-05
0.934 1.0072e-05
0.936 9.12423e-06
0.938 8.26266e-06
0.94 7.47982e-06
0.942 6.76885e-06
0.944 6.12348e-06
0.946 5.53795e-06
0.948 5.00699e-06
0.95 4.52581e-06
0.952 4.08998e-06
0.954 3.6955e-06
0.956 3.3387e-06
0.958 3.01622e-06
0.96 2.72503e-06
0.962 2.46233e-06
0.964 2.22562e-06
0.966 2.01259e-06
0.968 1.82117e-06
0.97 1.64949e-06
0.972 1.49583e-06
0.974 1.35867e-06
0.976 1.23663e-06
0.978 1.12849e-06
0.98 1.03314e-06
0.982 9.49607e-07
0.984 8.77041e-07
0.986 8.1469e-07
0.988 7.61909e-07
0.99 7.18149e-07
0.992 6.82955e-07
0.994 6.55957e-07
0.996 6.36872e-07
0.998 6.25501e-07
