0 -1.09222e-16
0.01 0.0542462
0.02 0.108278
0.03 0.161883
0.04 0.214849
0.05 0.266967
0.06 0.318031
0.07 0.367841
0.08 0.416198
0.09 0.462913
0.1 0.507801
0.11 0.550686
0.12 0.591396
0.13 0.629773
0.14 0.665664
0.15 0.698929
0.16 0.729435
0.17 0.757062
0.18 0.781701
0.19 0.803256
0.2 0.82164
0.21 0.836782
0.22 0.848621
0.23 0.857111
0.24 0.862219
0.25 0.863923
0.26 0.862219
0.27 0.857111
0.28 0.848621
0.29 0.836782
0.3 0.82164
0.31 0.803256
0.32 0.781701
0.33 0.757062
0.34 0.729435
0.35 0.698929
0.36 0.665664
0.37 0.629773
0.38 0.591396
0.39 0.550686
0.4 0.507801
0.41 0.462913
0.42 0.416198
0.43 0.367841
0.44 0.318031
0.45 0.266967
0.46 0.214849
0.47 0.161883
0.48 0.108278
0.49 0.0542462
0.5 2.58999e-16
0.51 -0.0542462
0.52 -0.108278
0.53 -0.161883
0.54 -0.214849
0.55 -0.266967
0.56 -0.318031
0.57 -0.367841
0.58 -0.416198
0.59 -0.462913
0.6 -0.507801
0.61 -0.550686
0.62 -0.591396
0.63 -0.629773
0.64 -0.665664
0.65 -0.698929
0.66 -0.729435
0.67 -0.757062
0.68 -0.781701
0.69 -0.803256
0.7 -0.82164
0.71 -0.836782
0.72 -0.848621
0.73 -0.857111
0.74 -0.862219
0.75 -0.863923
0.76 -0.862219
0.77 -0.857111
0.78 -0.848621
0.79 -0.836782
0.8 -0.82164
0.81 -0.803256
0.82 -0.781701
0.83 -0.757062
0.84 -0.729435
0.85 -0.698929
0.86 -0.665664
0.87 -0.629773
0.88 -0.591396
0.89 -0.550686
0.9 -0.507801
0.91 -0.462913
0.92 -0.416198
0.93 -0.367841
0.94 -0.318031
0.95 -0.266967
0.96 -0.214849
0.97 -0.161883
0.98 -0.108278
0.99 -0.0542462
