-1 0.00134366
-0.998 0.00134769
-0.996 0.0013598
-0.994 0.00138004
-0.992 0.0014085
-0.99 0.0014453
-0.988 0.0014906
-0.986 0.00154459
-0.984 0.00160751
-0.982 0.00167963
-0.98 0.00176124
-0.978 0.00185271
-0.976 0.0019544
-0.974 0.00206674
-0.972 0.0021902
-0.97 0.00232528
-0.968 0.00247253
-0.966 0.00263254
-0.964 0.00280596
-0.962 0.00299347
-0.96 0.0031958
-0.958 0.00341373
-0.956 0.00364811
-0.954 0.0038998
-0.952 0.00416976
-0.95 0.00445899
-0.948 0.00476852
-0.946 0.00509949
-0.944 0.00545305
-0.942 0.00583046
-0.94 0.00623301
-0.938 0.00666207
-0.936 0.00711909
-0.934 0.00760556
-0.932 0.00812308
-0.93 0.0086733
-0.928 0.00925797
-0.926 0.00987888
-0.924 0.0105379
-0.922 0.0112371
-0.92 0.0119785
-0.918 0.0127643
-0.916 0.0135966
-0.914 0.0144779
-0.912 0.0154105
-0.91 0.0163971
-0.908 0.0174401
-0.906 0.0185423
-0.904 0.0197067
-0.902 0.020936
-0.9 0.0222333
-0.898 0.0236017
-0.896 0.0250446
-0.894 0.0265652
-0.892 0.028167
-0.89 0.0298536
-0.888 0.0316286
-0.886 0.0334959
-0.884 0.0354594
-0.882 0.037523
-0.88 0.0396909
-0.878 0.0419674
-0.876 0.0443567
-0.874 0.0468634
-0.872 0.0494919
-0.87 0.0522471
-0.868 0.0551336
-0.866 0.0581564
-0.864 0.0613204
-0.862 0.0646308
-0.86 0.0680926
-0.858 0.0717111
-0.856 0.0754918
-0.854 0.0794401
-0.852 0.0835614
-0.85 0.0878614
-0.848 0.0923457
-0.846 0.0970202
-0.844 0.10189
-0.842 0.106962
-0.84 0.112242
-0.838 0.117735
-0.836 0.123448
-0.834 0.129385
-0.832 0.135555
-0.83 0.141961
-0.828 0.148611
-0.826 0.155511
-0.824 0.162665
-0.822 0.170081
-0.82 0.177764
-0.818 0.185719
-0.816 0.193953
-0.814 0.202471
-0.812 0.211278
-0.81 0.22038
-0.808 0.229783
-0.806 0.239491
-0.804 0.249509
-0.802 0.259842
-0.8 0.270495
-0.798 0.281472
-0.796 0.292778
-0.794 0.304416
-0.792 0.31639
-0.79 0.328703
-0.788 0.341359
-0.786 0.35436
-0.784 0.36771
-0.782 0.38141
-0.78 0.395462
-0.778 0.409868
-0.776 0.424628
-0.774 0.439745
-0.772 0.455217
-0.77 0.471045
-0.768 0.487229
-0.766 0.503767
-0.764 0.520658
-0.762 0.537901
-0.76 0.555492
-0.758 0.573429
-0.756 0.591709
-0.754 0.610327
-0.752 0.629279
-0.75 0.64856
-0.748 0.668164
-0.746 0.688086
-0.744 0.708319
-0.742 0.728855
-0.74 0.749686
-0.738 0.770804
-0.736 0.7922
-0.734 0.813865
-0.732 0.835787
-0.73 0.857957
-0.728 0.880363
-0.726 0.902992
-0.724 0.925833
-0.722 0.948872
-0.72 0.972096
-0.718 0.995489
-0.716 1.01904
-0.714 1.04273
-0.712 1.06654
-0.71 1.09046
-0.708 1.11447
-0.706 1.13855
-0.704 1.16269
-0.702 1.18687
-0.7 1.21106
-0.698 1.23526
-0.696 1.25943
-0.694 1.28356
-0.692 1.30763
-0.69 1.33162
-0.688 1.35551
-0.686 1.37928
-0.684 1.4029
-0.682 1.42635
-0.68 1.44962
-0.678 1.47267
-0.676 1.4955
-0.674 1.51807
-0.672 1.54036
-0.67 1.56236
-0.668 1.58404
-0.666 1.60538
-0.664 1.62635
-0.662 1.64694
-0.66 1.66712
-0.658 1.68688
-0.656 1.70618
-0.654 1.72502
-0.652 1.74337
-0.65 1.76121
-0.648 1.77852
-0.646 1.79528
-0.644 1.81147
-0.642 1.82708
-0.64 1.84209
-0.638 1.85647
-0.636 1.87023
-0.634 1.88333
-0.632 1.89576
-0.63 1.90751
-0.628 1.91857
-0.626 1.92892
-0.624 1.93855
-0.622 1.94745
-0.62 1.9556
-0.618 1.96301
-0.616 1.96966
-0.614 1.97553
-0.612 1.98064
-0.61 1.98496
-0.608 1.9885
-0.606 1.99124
-0.604 1.99319
-0.602 1.99435
-0.6 1.99471
-0.598 1.99427
-0.596 1.99304
-0.594 1.991
-0.592 1.98818
-0.59 1.98456
-0.588 1.98016
-0.586 1.97498
-0.584 1.96903
-0.582 1.9623
-0.58 1.95482
-0.578 1.94659
-0.576 1.93762
-0.574 1.92791
-0.572 1.91749
-0.57 1.90637
-0.568 1.89455
-0.566 1.88204
-0.564 1.86888
-0.562 1.85506
-0.56 1.84061
-0.558 1.82555
-0.556 1.80988
-0.554 1.79363
-0.552 1.77681
-0.55 1.75945
-0.548 1.74156
-0.546 1.72316
-0.544 1.70427
-0.542 1.68492
-0.54 1.66512
-0.538 1.6449
-0.536 1.62427
-0.534 1.60326
-0.532 1.58189
-0.53 1.56018
-0.528 1.53815
-0.526 1.51582
-0.524 1.49323
-0.522 1.47038
-0.52 1.4473
-0.518 1.42401
-0.516 1.40054
-0.514 1.37691
-0.512 1.35313
-0.51 1.32923
-0.508 1.30523
-0.506 1.28115
-0.504 1.25701
-0.502 1.23284
-0.5 1.20864
-0.498 1.18445
-0.496 1.16028
-0.494 1.13614
-0.492 1.11207
-0.49 1.08806
-0.488 1.06415
-0.486 1.04035
-0.484 1.01668
-0.482 0.993143
-0.48 0.969765
-0.478 0.94656
-0.476 0.92354
-0.474 0.90072
-0.472 0.878112
-0.47 0.855729
-0.468 0.833584
-0.466 0.811686
-0.464 0.790048
-0.462 0.76868
-0.46 0.74759
-0.458 0.726788
-0.456 0.706282
-0.454 0.68608
-0.452 0.666189
-0.45 0.646617
-0.448 0.627369
-0.446 0.60845
-0.444 0.589865
-0.442 0.57162
-0.44 0.553717
-0.438 0.536161
-0.436 0.518953
-0.434 0.502097
-0.432 0.485595
-0.43 0.469446
-0.428 0.453654
-0.426 0.438217
-0.424 0.423136
-0.422 0.408411
-0.42 0.394041
-0.418 0.380024
-0.416 0.366359
-0.414 0.353044
-0.412 0.340078
-0.41 0.327456
-0.408 0.315177
-0.406 0.303237
-0.404 0.291632
-0.402 0.28036
-0.4 0.269415
-0.398 0.258794
-0.396 0.248493
-0.394 0.238506
-0.392 0.228829
-0.39 0.219457
-0.388 0.210384
-0.386 0.201606
-0.384 0.193117
-0.382 0.184911
-0.38 0.176983
-0.378 0.169327
-0.376 0.161938
-0.374 0.154809
-0.372 0.147935
-0.37 0.14131
-0.368 0.134927
-0.366 0.128781
-0.364 0.122866
-0.362 0.117176
-0.36 0.111704
-0.358 0.106446
-0.356 0.101394
-0.354 0.0965435
-0.352 0.0918883
-0.35 0.0874226
-0.348 0.0831407
-0.346 0.0790368
-0.344 0.0751055
-0.342 0.0713412
-0.34 0.0677385
-0.338 0.0642919
-0.336 0.0609964
-0.334 0.0578466
-0.332 0.0548375
-0.33 0.0519642
-0.328 0.0492217
-0.326 0.0466053
-0.324 0.0441103
-0.322 0.0417322
-0.32 0.0394666
-0.318 0.037309
-0.316 0.0352552
-0.314 0.0333012
-0.312 0.0314429
-0.31 0.0296765
-0.308 0.027998
-0.306 0.026404
-0.304 0.0248907
-0.302 0.0234548
-0.3 0.0220929
-0.298 0.0208017
-0.296 0.0195782
-0.294 0.0184192
-0.292 0.0173219
-0.29 0.0162835
-0.288 0.0153012
-0.286 0.0143725
-0.284 0.0134947
-0.282 0.0126654
-0.28 0.0118824
-0.278 0.0111433
-0.276 0.010446
-0.274 0.00978837
-0.272 0.00916851
-0.27 0.00858447
-0.268 0.00803442
-0.266 0.00751661
-0.264 0.00702935
-0.262 0.00657106
-0.26 0.00614018
-0.258 0.00573527
-0.256 0.00535492
-0.254 0.00499779
-0.252 0.00466261
-0.25 0.00434817
-0.248 0.00405331
-0.246 0.00377694
-0.244 0.00351801
-0.242 0.00327552
-0.24 0.00304852
-0.238 0.00283612
-0.236 0.00263746
-0.234 0.00245173
-0.232 0.00227818
-0.23 0.00211606
-0.228 0.00196469
-0.226 0.00182342
-0.224 0.00169164
-0.222 0.00156874
-0.22 0.0014542
-0.218 0.00134748
-0.216 0.00124809
-0.214 0.00115557
-0.212 0.00106948
-0.21 0.000989413
-0.208 0.00091497
-0.206 0.00084579
-0.204 0.000781529
-0.202 0.00072186
-0.2 0.000666481
-0.198 0.000615104
-0.196 0.000567461
-0.194 0.000523299
-0.192 0.00048238
-0.19 0.000444483
-0.188 0.0004094
-0.186 0.000376935
-0.184 0.000346906
-0.182 0.000319141
-0.18 0.000293481
-0.178 0.000269776
-0.176 0.000247887
-0.174 0.000227683
-0.172 0.000209042
-0.17 0.00019185
-0.168 0.000176002
-0.166 0.000161398
-0.164 0.000147947
-0.162 0.000135563
-0.16 0.000124165
-0.158 0.000113681
-0.156 0.00010404
-0.154 9.51785e-05
-0.152 8.70371e-05
-0.15 7.95603e-05
-0.148 7.26966e-05
-0.146 6.63985e-05
-0.144 6.06218e-05
-0.142 5.53256e-05
-0.14 5.04718e-05
-0.138 4.60255e-05
-0.136 4.19541e-05
-0.134 3.82275e-05
-0.132 3.48181e-05
-0.13 3.17e-05
-0.128 2.88496e-05
-0.126 2.6245e-05
-0.124 2.38661e-05
-0.122 2.1694e-05
-0.12 1.97118e-05
-0.118 1.79035e-05
-0.116 1.62546e-05
-0.114 1.47517e-05
-0.112 1.33824e-05
-0.11 1.21353e-05
-0.108 1.10001e-05
-0.106 9.96702e-06
-0.104 9.02739e-06
-0.102 8.17307e-06
-0.1 7.39664e-06
-0.098 6.6913e-06
-0.096 6.0508e-06
-0.094 5.46942e-06
-0.092 4.94193e-06
-0.09 4.46354e-06
-0.088 4.02984e-06
-0.086 3.63684e-06
-0.084 3.28085e-06
-0.082 2.95854e-06
-0.08 2.66683e-06
-0.078 2.40293e-06
-0.076 2.16429e-06
-0.074 1.94858e-06
-0.072 1.75369e-06
-0.07 1.57767e-06
-0.068 1.41877e-06
-0.066 1.27538e-06
-0.064 1.14606e-06
-0.062 1.02946e-06
-0.06 9.24383e-07
-0.058 8.29737e-07
-0.056 7.44525e-07
-0.054 6.67843e-07
-0.052 5.98873e-07
-0.05 5.3687e-07
-0.048 4.81163e-07
-0.046 4.31142e-07
-0.044 3.86256e-07
-0.042 3.46005e-07
-0.04 3.09939e-07
-0.038 2.77651e-07
-0.036 2.48775e-07
-0.034 2.2298e-07
-0.032 1.99968e-07
-0.03 1.79474e-07
-0.028 1.61256e-07
-0.026 1.45102e-07
-0.024 1.3082e-07
-0.022 1.18239e-07
-0.02 1.0721e-07
-0.018 9.76003e-08
-0.016 8.92926e-08
-0.014 8.21864e-08
-0.012 7.61952e-08
-0.01 7.12454e-08
-0.008 6.72763e-08
-0.006 6.42389e-08
-0.004 6.20959e-08
-0.002 6.08205e-08
0 6.03972e-08
0.002 6.08205e-08
0.004 6.20959e-08
0.006 6.42389e-08
0.008 6.72763e-08
0.01 7.12454e-08
0.012 7.61952e-08
0.014 8.21864e-08
0.016 8.92926e-08
0.018 9.76003e-08
0.02 1.0721e-07
0.022 1.18239e-07
0.024 1.3082e-07
0.026 1.45102e-07
0.028 1.61256e-07
0.03 1.79474e-07
0.032 1.99968e-07
0.034 2.2298e-07
0.036 2.48775e-07
0.038 2.77651e-07
0.04 3.09939e-07
0.042 3.46005e-07
0.044 3.86256e-07
0.046 4.31142e-07
0.048 4.81163e-07
0.05 5.3687e-07
0.052 5.98873e-07
0.054 6.67843e-07
0.056 7.44525e-07
0.058 8.29737e-07
0.06 9.24383e-07
0.062 1.02946e-06
0.064 1.14606e-06
0.066 1.27538e-06
0.068 1.41877e-06
0.07 1.57767e-06
0.072 1.75369e-06
0.074 1.94858e-06
0.076 2.16429e-06
0.078 2.40293e-06
0.08 2.66683e-06
0.082 2.95854e-06
0.084 3.28085e-06
0.086 3.63684e-06
0.088 4.02984e-06
0.09 4.46354e-06
0.092 4.94193e-06
0.094 5.46942e-06
0.096 6.0508e-06
0.098 6.6913e-06
0.1 7.39664e-06
0.102 8.17307e-06
0.104 9.02739e-06
0.106 9.96702e-06
0.108 1.10001e-05
0.11 1.21353e-05
0.112 1.33824e-05
0.114 1.47517e-05
0.116 1.62546e-05
0.118 1.79035e-05
0.12 1.97118e-05
0.122 2.1694e-05
0.124 2.38661e-05
0.126 2.6245e-05
0.128 2.88496e-05
0.13 3.17e-05
0.132 3.48181e-05
0.134 3.82275e-05
0.136 4.19541e-05
0.138 4.60255e-05
0.14 5.04718e-05
0.142 5.53256e-05
0.144 6.06218e-05
0.146 6.63985e-05
0.148 7.26966e-05
0.15 7.95603e-05
0.152 8.70371e-05
0.154 9.51785e-05
0.156 0.00010404
0.158 0.000113681
0.16 0.000124165
0.162 0.000135563
0.164 0.000147947
0.166 0.000161398
0.168 0.000176002
0.17 0.00019185
0.172 0.000209042
0.174 0.000227683
0.176 0.000247887
0.178 0.000269776
0.18 0.000293481
0.182 0.000319141
0.184 0.000346906
0.186 0.000376935
0.188 0.0004094
0.19 0.000444483
0.192 0.00048238
0.194 0.000523299
0.196 0.000567461
0.198 0.000615104
0.2 0.000666481
0.202 0.00072186
0.204 0.000781529
0.206 0.00084579
0.208 0.00091497
0.21 0.000989413
0.212 0.00106948
0.214 0.00115557
0.216 0.00124809
0.218 0.00134748
0.22 0.0014542
0.222 0.00156874
0.224 0.00169164
0.226 0.00182342
0.228 0.00196469
0.23 0.00211606
0.232 0.00227818
0.234 0.00245173
0.236 0.00263746
0.238 0.00283612
0.24 0.00304852
0.242 0.00327552
0.244 0.00351801
0.246 0.00377694
0.248 0.00405331
0.25 0.00434817
0.252 0.00466261
0.254 0.00499779
0.256 0.00535492
0.258 0.00573527
0.26 0.00614018
0.262 0.00657106
0.264 0.00702935
0.266 0.00751661
0.268 0.00803442
0.27 0.00858447
0.272 0.00916851
0.274 0.00978837
0.276 0.010446
0.278 0.0111433
0.28 0.0118824
0.282 0.0126654
0.284 0.0134947
0.286 0.0143725
0.288 0.0153012
0.29 0.0162835
0.292 0.0173219
0.294 0.0184192
0.296 0.0195782
0.298 0.0208017
0.3 0.0220929
0.302 0.0234548
0.304 0.0248907
0.306 0.026404
0.308 0.027998
0.31 0.0296765
0.312 0.0314429
0.314 0.0333012
0.316 0.0352552
0.318 0.037309
0.32 0.0394666
0.322 0.0417322
0.324 0.0441103
0.326 0.0466053
0.328 0.0492217
0.33 0.0519642
0.332 0.0548375
0.334 0.0578466
0.336 0.0609964
0.338 0.0642919
0.34 0.0677385
0.342 0.0713412
0.344 0.0751055
0.346 0.0790368
0.348 0.0831407
0.35 0.0874226
0.352 0.0918883
0.354 0.0965435
0.356 0.101394
0.358 0.106446
0.36 0.111704
0.362 0.117176
0.364 0.122866
0.366 0.128781
0.368 0.134927
0.37 0.14131
0.372 0.147935
0.374 0.154809
0.376 0.161938
0.378 0.169327
0.38 0.176983
0.382 0.184911
0.384 0.193117
0.386 0.201606
0.388 0.210384
0.39 0.219457
0.392 0.228829
0.394 0.238506
0.396 0.248493
0.398 0.258794
0.4 0.269415
0.402 0.28036
0.404 0.291632
0.406 0.303237
0.408 0.315177
0.41 0.327456
0.412 0.340078
0.414 0.353044
0.416 0.366359
0.418 0.380024
0.42 0.394041
0.422 0.408411
0.424 0.423136
0.426 0.438217
0.428 0.453654
0.43 0.469446
0.432 0.485595
0.434 0.502097
0.436 0.518953
0.438 0.536161
0.44 0.553717
0.442 0.57162
0.444 0.589865
0.446 0.60845
0.448 0.627369
0.45 0.646617
0.452 0.666189
0.454 0.68608
0.456 0.706282
0.458 0.726788
0.46 0.74759
0.462 0.76868
0.464 0.790048
0.466 0.811686
0.468 0.833584
0.47 0.855729
0.472 0.878112
0.474 0.90072
0.476 0.92354
0.478 0.94656
0.48 0.969765
0.482 0.993143
0.484 1.01668
0.486 1.04035
0.488 1.06415
0.49 1.08806
0.492 1.11207
0.494 1.13614
0.496 1.16028
0.498 1.18445
0.5 1.20864
0.502 1.23284
0.504 1.25701
0.506 1.28115
0.508 1.30523
0.51 1.32923
0.512 1.35313
0.514 1.37691
0.516 1.40054
0.518 1.42401
0.52 1.4473
0.522 1.47038
0.524 1.49323
0.526 1.51582
0.528 1.53815
0.53 1.56018
0.532 1.58189
0.534 1.60326
0.536 1.62427
0.538 1.6449
0.54 1.66512
0.542 1.68492
0.544 1.70427
0.546 1.72316
0.548 1.74156
0.55 1.75945
0.552 1.77681
0.554 1.79363
0.556 1.80988
0.558 1.82555
0.56 1.84061
0.562 1.85506
0.564 1.86888
0.566 1.88204
0.568 1.89455
0.57 1.90637
0.572 1.91749
0.574 1.92791
0.576 1.93762
0.578 1.94659
0.58 1.95482
0.582 1.9623
0.584 1.96903
0.586 1.97498
0.588 1.98016
0.59 1.98456
0.592 1.98818
0.594 1.991
0.596 1.99304
0.598 1.99427
0.6 1.99471
0.602 1.99435
0.604 1.99319
0.606 1.99124
0.608 1.9885
0.61 1.98496
0.612 1.98064
0.614 1.97553
0.616 1.96966
0.618 1.96301
0.62 1.9556
0.622 1.94745
0.624 1.93855
0.626 1.92892
0.628 1.91857
0.63 1.90751
0.632 1.89576
0.634 1.88333
0.636 1.87023
0.638 1.85647
0.64 1.84209
0.642 1.82708
0.644 1.81147
0.646 1.79528
0.648 1.77852
0.65 1.76121
0.652 1.74337
0.654 1.72502
0.656 1.70618
0.658 1.68688
0.66 1.66712
0.662 1.64694
0.664 1.62635
0.666 1.60538
0.668 1.58404
0.67 1.56236
0.672 1.54036
0.674 1.51807
0.676 1.4955
0.678 1.47267
0.68 1.44962
0.682 1.42635
0.684 1.4029
0.686 1.37928
0.688 1.35551
0.69 1.33162
0.692 1.30763
0.694 1.28356
0.696 1.25943
0.698 1.23526
0.7 1.21106
0.702 1.18687
0.704 1.16269
0.706 1.13855
0.708 1.11447
0.71 1.09046
0.712 1.06654
0.714 1.04273
0.716 1.01904
0.718 0.995489
0.72 0.972096
0.722 0.948872
0.724 0.925833
0.726 0.902992
0.728 0.880363
0.73 0.857957
0.732 0.835787
0.734 0.813865
0.736 0.7922
0.738 0.770804
0.74 0.749686
0.742 0.728855
0.744 0.708319
0.746 0.688086
0.748 0.668164
0.75 0.64856
0.752 0.629279
0.754 0.610327
0.756 0.591709
0.758 0.573429
0.76 0.555492
0.762 0.537901
0.764 0.520658
0.766 0.503767
0.768 0.487229
0.77 0.471045
0.772 0.455217
0.774 0.439745
0.776 0.424628
0.778 0.409868
0.78 0.395462
0.782 0.38141
0.784 0.36771
0.786 0.35436
0.788 0.341359
0.79 0.328703
0.792 0.31639
0.794 0.304416
0.796 0.292778
0.798 0.281472
0.8 0.270495
0.802 0.259842
0.804 0.249509
0.806 0.239491
0.808 0.229783
0.81 0.22038
0.812 0.211278
0.814 0.202471
0.816 0.193953
0.818 0.185719
0.82 0.177764
0.822 0.170081
0.824 0.162665
0.826 0.155511
0.828 0.148611
0.83 0.141961
0.832 0.135555
0.834 0.129385
0.836 0.123448
0.838 0.117735
0.84 0.112242
0.842 0.106962
0.844 0.10189
0.846 0.0970202
0.848 0.0923457
0.85 0.0878614
0.852 0.0835614
0.854 0.0794401
0.856 0.0754918
0.858 0.0717111
0.86 0.0680926
0.862 0.0646308
0.864 0.0613204
0.866 0.0581564
0.868 0.0551336
0.87 0.0522471
0.872 0.0494919
0.874 0.0468634
0.876 0.0443567
0.878 0.0419674
0.88 0.0396909
0.882 0.037523
0.884 0.0354594
0.886 0.0334959
0.888 0.0316286
0.89 0.0298536
0.892 0.028167
0.894 0.0265652
0.896 0.0250446
0.898 0.0236017
0.9 0.0222333
0.902 0.020936
0.904 0.0197067
0.906 0.0185423
0.908 0.0174401
0.91 0.0163971
0.912 0.0154105
0.914 0.0144779
0.916 0.0135966
0.918 0.0127643
0.92 0.0119785
0.922 0.0112371
0.924 0.0105379
0.926 0.00987888
0.928 0.00925797
0.93 0.0086733
0.932 0.00812308
0.934 0.00760556
0.936 0.00711909
0.938 0.00666207
0.94 0.00623301
0.942 0.00583046
0.944 0.00545305
0.946 0.00509949
0.948 0.00476852
0.95 0.00445899
0.952 0.00416976
0.954 0.0038998
0.956 0.00364811
0.958 0.00341373
0.96 0.0031958
0.962 0.00299347
0.964 0.00280596
0.966 0.00263254
0.968 0.00247253
0.97 0.00232528
0.972 0.0021902
0.974 0.00206674
0.976 0.0019544
0.978 0.00185271
0.98 0.00176124
0.982 0.00167963
0.984 0.00160751
0.986 0.00154459
0.988 0.0014906
0.99 0.0014453
0.992 0.0014085
0.994 0.00138004
0.996 0.0013598
0.998 0.00134769
