-1 1.10807e-07
-0.998 1.11557e-07
-0.996 1.13815e-07
-0.994 1.17609e-07
-0.992 1.22983e-07
-0.99 1.30001e-07
-0.988 1.38746e-07
-0.986 1.49322e-07
-0.984 1.61853e-07
-0.982 1.76485e-07
-0.98 1.9339e-07
-0.978 2.12764e-07
-0.976 2.3483e-07
-0.974 2.59843e-07
-0.972 2.88088e-07
-0.97 3.19887e-07
-0.968 3.55598e-07
-0.966 3.95622e-07
-0.964 4.40404e-07
-0.962 4.90441e-07
-0.96 5.46282e-07
-0.958 6.08535e-07
-0.956 6.77875e-07
-0.954 7.55046e-07
-0.952 8.40872e-07
-0.95 9.36259e-07
-0.948 1.04221e-06
-0.946 1.15982e-06
-0.944 1.29032e-06
-0.942 1.43503e-06
-0.94 1.59543e-06
-0.938 1.77313e-06
-0.936 1.96991e-06
-0.934 2.18771e-06
-0.932 2.42868e-06
-0.93 2.69516e-06
-0.928 2.98974e-06
-0.926 3.31521e-06
-0.924 3.67469e-06
-0.922 4.07154e-06
-0.92 4.50948e-06
-0.918 4.99254e-06
-0.916 5.52516e-06
-0.914 6.11217e-06
-0.912 6.75885e-06
-0.91 7.47098e-06
-0.908 8.25486e-06
-0.906 9.11734e-06
-0.904 1.00659e-05
-0.902 1.11087e-05
-0.9 1.22547e-05
-0.898 1.35135e-05
-0.896 1.48956e-05
-0.894 1.64126e-05
-0.892 1.80768e-05
-0.89 1.99017e-05
-0.888 2.19022e-05
-0.886 2.40941e-05
-0.884 2.64947e-05
-0.882 2.91229e-05
-0.88 3.1999e-05
-0.878 3.51451e-05
-0.876 3.85851e-05
-0.874 4.23448e-05
-0.872 4.64523e-05
-0.87 5.09378e-05
-0.868 5.58341e-05
-0.866 6.11767e-05
-0.864 6.70036e-05
-0.862 7.33561e-05
-0.86 8.02788e-05
-0.858 8.78197e-05
-0.856 9.60305e-05
-0.854 0.000104967
-0.852 0.000114689
-0.85 0.000125262
-0.848 0.000136754
-0.846 0.000149242
-0.844 0.000162804
-0.842 0.000177528
-0.84 0.000193506
-0.838 0.000210837
-0.836 0.000229629
-0.834 0.000249997
-0.832 0.000272061
-0.83 0.000295955
-0.828 0.000321818
-0.826 0.000349802
-0.824 0.000380067
-0.822 0.000412785
-0.82 0.000448141
-0.818 0.00048633
-0.816 0.000527563
-0.814 0.000572062
-0.812 0.000620067
-0.81 0.000671832
-0.808 0.000727627
-0.806 0.00078774
-0.804 0.000852479
-0.802 0.000922169
-0.8 0.000997157
-0.798 0.00107781
-0.796 0.00116452
-0.794 0.00125771
-0.792 0.00135781
-0.79 0.00146529
-0.788 0.00158065
-0.786 0.0017044
-0.784 0.00183711
-0.782 0.00197936
-0.78 0.00213177
-0.778 0.002295
-0.776 0.00246974
-0.774 0.00265672
-0.772 0.00285672
-0.77 0.00307054
-0.768 0.00329905
-0.766 0.00354314
-0.764 0.00380377
-0.762 0.00408194
-0.76 0.00437871
-0.758 0.00469517
-0.756 0.00503248
-0.754 0.00539188
-0.752 0.00577463
-0.75 0.00618207
-0.748 0.00661562
-0.746 0.00707674
-0.744 0.00756698
-0.742 0.00808794
-0.74 0.00864131
-0.738 0.00922884
-0.736 0.00985239
-0.734 0.0105139
-0.732 0.0112152
-0.73 0.0119586
-0.728 0.0127462
-0.726 0.0135802
-0.724 0.014463
-0.722 0.015397
-0.72 0.0163848
-0.718 0.017429
-0.716 0.0185323
-0.714 0.0196975
-0.712 0.0209277
-0.71 0.0222258
-0.708 0.023595
-0.706 0.0250385
-0.704 0.0265597
-0.702 0.028162
-0.7 0.0298491
-0.698 0.0316246
-0.696 0.0334923
-0.694 0.0354561
-0.692 0.03752
-0.69 0.0396882
-0.688 0.0419649
-0.686 0.0443545
-0.684 0.0468614
-0.682 0.0494902
-0.68 0.0522455
-0.678 0.0551322
-0.676 0.0581551
-0.674 0.0613193
-0.672 0.0646297
-0.67 0.0680916
-0.668 0.0717103
-0.666 0.0754911
-0.664 0.0794394
-0.662 0.0835608
-0.66 0.0878608
-0.658 0.0923452
-0.656 0.0970197
-0.654 0.10189
-0.652 0.106962
-0.65 0.112242
-0.648 0.117735
-0.646 0.123447
-0.644 0.129385
-0.642 0.135555
-0.64 0.141961
-0.638 0.148611
-0.636 0.155511
-0.634 0.162665
-0.632 0.170081
-0.63 0.177764
-0.628 0.185719
-0.626 0.193953
-0.624 0.202471
-0.622 0.211278
-0.62 0.22038
-0.618 0.229783
-0.616 0.239491
-0.614 0.249509
-0.612 0.259842
-0.61 0.270495
-0.608 0.281472
-0.606 0.292778
-0.604 0.304416
-0.602 0.31639
-0.6 0.328703
-0.598 0.341359
-0.596 0.35436
-0.594 0.36771
-0.592 0.38141
-0.59 0.395462
-0.588 0.409868
-0.586 0.424628
-0.584 0.439745
-0.582 0.455217
-0.58 0.471045
-0.578 0.487229
-0.576 0.503767
-0.574 0.520658
-0.572 0.537901
-0.57 0.555492
-0.568 0.573429
-0.566 0.591709
-0.564 0.610327
-0.562 0.629279
-0.56 0.64856
-0.558 0.668164
-0.556 0.688086
-0.554 0.708319
-0.552 0.728855
-0.55 0.749686
-0.548 0.770804
-0.546 0.7922
-0.544 0.813865
-0.542 0.835787
-0.54 0.857957
-0.538 0.880363
-0.536 0.902992
-0.534 0.925833
-0.532 0.948872
-0.53 0.972096
-0.528 0.995489
-0.526 1.01904
-0.524 1.04273
-0.522 1.06654
-0.52 1.09046
-0.518 1.11447
-0.516 1.13855
-0.514 1.16269
-0.512 1.18687
-0.51 1.21106
-0.508 1.23526
-0.506 1.25943
-0.504 1.28356
-0.502 1.30763
-0.5 1.33162
-0.498 1.35551
-0.496 1.37928
-0.494 1.4029
-0.492 1.42635
-0.49 1.44962
-0.488 1.47267
-0.486 1.4955
-0.484 1.51807
-0.482 1.54036
-0.48 1.56236
-0.478 1.58404
-0.476 1.60538
-0.474 1.62635
-0.472 1.64694
-0.47 1.66712
-0.468 1.68688
-0.466 1.70618
-0.464 1.72502
-0.462 1.74337
-0.46 1.76121
-0.458 1.77852
-0.456 1.79528
-0.454 1.81147
-0.452 1.82708
-0.45 1.84209
-0.448 1.85647
-0.446 1.87023
-0.444 1.88333
-0.442 1.89576
-0.44 1.90751
-0.438 1.91857
-0.436 1.92892
-0.434 1.93855
-0.432 1.94745
-0.43 1.9556
-0.428 1.96301
-0.426 1.96966
-0.424 1.97553
-0.422 1.98064
-0.42 1.98496
-0.418 1.9885
-0.416 1.99124
-0.414 1.99319
-0.412 1.99435
-0.41 1.99471
-0.408 1.99427
-0.406 1.99304
-0.404 1.991
-0.402 1.98818
-0.4 1.98456
-0.398 1.98016
-0.396 1.97498
-0.394 1.96903
-0.392 1.9623
-0.39 1.95482
-0.388 1.94659
-0.386 1.93762
-0.384 1.92791
-0.382 1.91749
-0.38 1.90637
-0.378 1.89455
-0.376 1.88204
-0.374 1.86888
-0.372 1.85506
-0.37 1.84061
-0.368 1.82555
-0.366 1.80988
-0.364 1.79363
-0.362 1.77681
-0.36 1.75945
-0.358 1.74156
-0.356 1.72316
-0.354 1.70427
-0.352 1.68492
-0.35 1.66512
-0.348 1.6449
-0.346 1.62427
-0.344 1.60326
-0.342 1.58189
-0.34 1.56018
-0.338 1.53815
-0.336 1.51582
-0.334 1.49323
-0.332 1.47038
-0.33 1.4473
-0.328 1.42401
-0.326 1.40054
-0.324 1.37691
-0.322 1.35313
-0.32 1.32923
-0.318 1.30523
-0.316 1.28115
-0.314 1.25701
-0.312 1.23284
-0.31 1.20864
-0.308 1.18445
-0.306 1.16028
-0.304 1.13614
-0.302 1.11207
-0.3 1.08806
-0.298 1.06415
-0.296 1.04035
-0.294 1.01668
-0.292 0.993143
-0.29 0.969765
-0.288 0.94656
-0.286 0.92354
-0.284 0.90072
-0.282 0.878112
-0.28 0.855729
-0.278 0.833584
-0.276 0.811686
-0.274 0.790048
-0.272 0.76868
-0.27 0.74759
-0.268 0.726788
-0.266 0.706282
-0.264 0.68608
-0.262 0.666189
-0.26 0.646617
-0.258 0.627369
-0.256 0.60845
-0.254 0.589865
-0.252 0.57162
-0.25 0.553717
-0.248 0.536161
-0.246 0.518953
-0.244 0.502097
-0.242 0.485595
-0.24 0.469446
-0.238 0.453654
-0.236 0.438217
-0.234 0.423136
-0.232 0.408411
-0.23 0.394041
-0.228 0.380024
-0.226 0.366359
-0.224 0.353045
-0.222 0.340078
-0.22 0.327456
-0.218 0.315177
-0.216 0.303237
-0.214 0.291632
-0.212 0.28036
-0.21 0.269415
-0.208 0.258794
-0.206 0.248493
-0.204 0.238506
-0.202 0.228829
-0.2 0.219457
-0.198 0.210384
-0.196 0.201606
-0.194 0.193117
-0.192 0.184911
-0.19 0.176983
-0.188 0.169327
-0.186 0.161938
-0.184 0.154809
-0.182 0.147935
-0.18 0.14131
-0.178 0.134927
-0.176 0.128781
-0.174 0.122866
-0.172 0.117176
-0.17 0.111704
-0.168 0.106446
-0.166 0.101394
-0.164 0.0965437
-0.162 0.0918885
-0.16 0.0874228
-0.158 0.0831409
-0.156 0.0790371
-0.154 0.0751058
-0.152 0.0713415
-0.15 0.0677388
-0.148 0.0642923
-0.146 0.0609967
-0.144 0.057847
-0.142 0.054838
-0.14 0.0519647
-0.138 0.0492223
-0.136 0.046606
-0.134 0.0441111
-0.132 0.0417331
-0.13 0.0394675
-0.128 0.03731
-0.126 0.0352564
-0.124 0.0333025
-0.122 0.0314443
-0.12 0.029678
-0.118 0.0279998
-0.116 0.0264059
-0.114 0.0248929
-0.112 0.0234572
-0.11 0.0220955
-0.108 0.0208046
-0.106 0.0195814
-0.104 0.0184228
-0.102 0.017326
-0.1 0.016288
-0.098 0.0153062
-0.096 0.0143779
-0.094 0.0135007
-0.092 0.0126721
-0.09 0.0118897
-0.088 0.0111514
-0.086 0.010455
-0.084 0.00979833
-0.082 0.00917951
-0.08 0.0085966
-0.078 0.0080478
-0.076 0.00753136
-0.074 0.00704561
-0.072 0.00658896
-0.07 0.00615989
-0.068 0.00575696
-0.066 0.00537878
-0.064 0.00502403
-0.062 0.00469146
-0.06 0.00437987
-0.058 0.00408813
-0.056 0.00381517
-0.054 0.00355996
-0.052 0.00332154
-0.05 0.00309899
-0.048 0.00289144
-0.046 0.00269808
-0.044 0.00251813
-0.042 0.00235087
-0.04 0.00219562
-0.038 0.00205173
-0.036 0.0019186
-0.034 0.00179567
-0.032 0.00168242
-0.03 0.00157836
-0.028 0.00148304
-0.026 0.00139604
-0.024 0.00131697
-0.022 0.00124548
-0.02 0.00118126
-0.018 0.00112401
-0.016 0.00107347
-0.014 0.00102941
-0.012 0.000991636
-0.01 0.000959961
-0.008 0.000934244
-0.006 0.000914366
-0.004 0.000900233
-0.002 0.000891779
0 0.000888966
0.002 0.000891779
0.004 0.000900233
0.006 0.000914366
0.008 0.000934244
0.01 0.000959961
0.012 0.000991636
0.014 0.00102941
0.016 0.00107347
0.018 0.00112401
0.02 0.00118126
0.022 0.00124548
0.024 0.00131697
0.026 0.00139604
0.028 0.00148304
0.03 0.00157836
0.032 0.00168242
0.034 0.00179567
0.036 0.0019186
0.038 0.00205173
0.04 0.00219562
0.042 0.00235087
0.044 0.00251813
0.046 0.00269808
0.048 0.00289144
0.05 0.00309899
0.052 0.00332154
0.054 0.00355996
0.056 0.00381517
0.058 0.00408813
0.06 0.00437987
0.062 0.00469146
0.064 0.00502403
0.066 0.00537878
0.068 0.00575696
0.07 0.00615989
0.072 0.00658896
0.074 0.00704561
0.076 0.00753136
0.078 0.0080478
0.08 0.0085966
0.082 0.00917951
0.084 0.00979833
0.086 0.010455
0.088 0.0111514
0.09 0.0118897
0.092 0.0126721
0.094 0.0135007
0.096 0.0143779
0.098 0.0153062
0.1 0.016288
0.102 0.017326
0.104 0.0184228
0.106 0.0195814
0.108 0.0208046
0.11 0.0220955
0.112 0.0234572
0.114 0.0248929
0.116 0.0264059
0.118 0.0279998
0.12 0.029678
0.122 0.0314443
0.124 0.0333025
0.126 0.0352564
0.128 0.03731
0.13 0.0394675
0.132 0.0417331
0.134 0.0441111
0.136 0.046606
0.138 0.0492223
0.14 0.0519647
0.142 0.054838
0.144 0.057847
0.146 0.0609967
0.148 0.0642923
0.15 0.0677388
0.152 0.0713415
0.154 0.0751058
0.156 0.0790371
0.158 0.0831409
0.16 0.0874228
0.162 0.0918885
0.164 0.0965437
0.166 0.101394
0.168 0.106446
0.17 0.111704
0.172 0.117176
0.174 0.122866
0.176 0.128781
0.178 0.134927
0.18 0.14131
0.182 0.147935
0.184 0.154809
0.186 0.161938
0.188 0.169327
0.19 0.176983
0.192 0.184911
0.194 0.193117
0.196 0.201606
0.198 0.210384
0.2 0.219457
0.202 0.228829
0.204 0.238506
0.206 0.248493
0.208 0.258794
0.21 0.269415
0.212 0.28036
0.214 0.291632
0.216 0.303237
0.218 0.315177
0.22 0.327456
0.222 0.340078
0.224 0.353045
0.226 0.366359
0.228 0.380024
0.23 0.394041
0.232 0.408411
0.234 0.423136
0.236 0.438217
0.238 0.453654
0.24 0.469446
0.242 0.485595
0.244 0.502097
0.246 0.518953
0.248 0.536161
0.25 0.553717
0.252 0.57162
0.254 0.589865
0.256 0.60845
0.258 0.627369
0.26 0.646617
0.262 0.666189
0.264 0.68608
0.266 0.706282
0.268 0.726788
0.27 0.74759
0.272 0.76868
0.274 0.790048
0.276 0.811686
0.278 0.833584
0.28 0.855729
0.282 0.878112
0.284 0.90072
0.286 0.92354
0.288 0.94656
0.29 0.969765
0.292 0.993143
0.294 1.01668
0.296 1.04035
0.298 1.06415
0.3 1.08806
0.302 1.11207
0.304 1.13614
0.306 1.16028
0.308 1.18445
0.31 1.20864
0.312 1.23284
0.314 1.25701
0.316 1.28115
0.318 1.30523
0.32 1.32923
0.322 1.35313
0.324 1.37691
0.326 1.40054
0.328 1.42401
0.33 1.4473
0.332 1.47038
0.334 1.49323
0.336 1.51582
0.338 1.53815
0.34 1.56018
0.342 1.58189
0.344 1.60326
0.346 1.62427
0.348 1.6449
0.35 1.66512
0.352 1.68492
0.354 1.70427
0.356 1.72316
0.358 1.74156
0.36 1.75945
0.362 1.77681
0.364 1.79363
0.366 1.80988
0.368 1.82555
0.37 1.84061
0.372 1.85506
0.374 1.86888
0.376 1.88204
0.378 1.89455
0.38 1.90637
0.382 1.91749
0.384 1.92791
0.386 1.93762
0.388 1.94659
0.39 1.95482
0.392 1.9623
0.394 1.96903
0.396 1.97498
0.398 1.98016
0.4 1.98456
0.402 1.98818
0.404 1.991
0.406 1.99304
0.408 1.99427
0.41 1.99471
0.412 1.99435
0.414 1.99319
0.416 1.99124
0.418 1.9885
0.42 1.98496
0.422 1.98064
0.424 1.97553
0.426 1.96966
0.428 1.96301
0.43 1.9556
0.432 1.94745
0.434 1.93855
0.436 1.92892
0.438 1.91857
0.44 1.90751
0.442 1.89576
0.444 1.88333
0.446 1.87023
0.448 1.85647
0.45 1.84209
0.452 1.82708
0.454 1.81147
0.456 1.79528
0.458 1.77852
0.46 1.76121
0.462 1.74337
0.464 1.72502
0.466 1.70618
0.468 1.68688
0.47 1.66712
0.472 1.64694
0.474 1.62635
0.476 1.60538
0.478 1.58404
0.48 1.56236
0.482 1.54036
0.484 1.51807
0.486 1.4955
0.488 1.47267
0.49 1.44962
0.492 1.42635
0.494 1.4029
0.496 1.37928
0.498 1.35551
0.5 1.33162
0.502 1.30763
0.504 1.28356
0.506 1.25943
0.508 1.23526
0.51 1.21106
0.512 1.18687
0.514 1.16269
0.516 1.13855
0.518 1.11447
0.52 1.09046
0.522 1.06654
0.524 1.04273
0.526 1.01904
0.528 0.995489
0.53 0.972096
0.532 0.948872
0.534 0.925833
0.536 0.902992
0.538 0.880363
0.54 0.857957
0.542 0.835787
0.544 0.813865
0.546 0.7922
0.548 0.770804
0.55 0.749686
0.552 0.728855
0.554 0.708319
0.556 0.688086
0.558 0.668164
0.56 0.64856
0.562 0.629279
0.564 0.610327
0.566 0.591709
0.568 0.573429
0.57 0.555492
0.572 0.537901
0.574 0.520658
0.576 0.503767
0.578 0.487229
0.58 0.471045
0.582 0.455217
0.584 0.439745
0.586 0.424628
0.588 0.409868
0.59 0.395462
0.592 0.38141
0.594 0.36771
0.596 0.35436
0.598 0.341359
0.6 0.328703
0.602 0.31639
0.604 0.304416
0.606 0.292778
0.608 0.281472
0.61 0.270495
0.612 0.259842
0.614 0.249509
0.616 0.239491
0.618 0.229783
0.62 0.22038
0.622 0.211278
0.624 0.202471
0.626 0.193953
0.628 0.185719
0.63 0.177764
0.632 0.170081
0.634 0.162665
0.636 0.155511
0.638 0.148611
0.64 0.141961
0.642 0.135555
0.644 0.129385
0.646 0.123447
0.648 0.117735
0.65 0.112242
0.652 0.106962
0.654 0.10189
0.656 0.0970197
0.658 0.0923452
0.66 0.0878608
0.662 0.0835608
0.664 0.0794394
0.666 0.0754911
0.668 0.0717103
0.67 0.0680916
0.672 0.0646297
0.674 0.0613193
0.676 0.0581551
0.678 0.0551322
0.68 0.0522455
0.682 0.0494902
0.684 0.0468614
0.686 0.0443545
0.688 0.0419649
0.69 0.0396882
0.692 0.03752
0.694 0.0354561
0.696 0.0334923
0.698 0.0316246
0.7 0.0298491
0.702 0.028162
0.704 0.0265597
0.706 0.0250385
0.708 0.023595
0.71 0.0222258
0.712 0.0209277
0.714 0.0196975
0.716 0.0185323
0.718 0.017429
0.72 0.0163848
0.722 0.015397
0.724 0.014463
0.726 0.0135802
0.728 0.0127462
0.73 0.0119586
0.732 0.0112152
0.734 0.0105139
0.736 0.00985239
0.738 0.00922884
0.74 0.00864131
0.742 0.00808794
0.744 0.00756698
0.746 0.00707674
0.748 0.00661562
0.75 0.00618207
0.752 0.00577463
0.754 0.00539188
0.756 0.00503248
0.758 0.00469517
0.76 0.00437871
0.762 0.00408194
0.764 0.00380377
0.766 0.00354314
0.768 0.00329905
0.77 0.00307054
0.772 0.00285672
0.774 0.00265672
0.776 0.00246974
0.778 0.002295
0.78 0.00213177
0.782 0.00197936
0.784 0.00183711
0.786 0.0017044
0.788 0.00158065
0.79 0.00146529
0.792 0.00135781
0.794 0.00125771
0.796 0.00116452
0.798 0.00107781
0.8 0.000997157
0.802 0.000922169
0.804 0.000852479
0.806 0.00078774
0.808 0.000727627
0.81 0.000671832
0.812 0.000620067
0.814 0.000572062
0.816 0.000527563
0.818 0.00048633
0.82 0.000448141
0.822 0.000412785
0.824 0.000380067
0.826 0.000349802
0.828 0.000321818
0.83 0.000295955
0.832 0.000272061
0.834 0.000249997
0.836 0.000229629
0.838 0.000210837
0.84 0.000193506
0.842 0.000177528
0.844 0.000162804
0.846 0.000149242
0.848 0.000136754
0.85 0.000125262
0.852 0.000114689
0.854 0.000104967
0.856 9.60305e-05
0.858 8.78197e-05
0.86 8.02788e-05
0.862 7.33561e-05
0.864 6.70036e-05
0.866 6.11767e-05
0.868 5.58341e-05
0.87 5.09378e-05
0.872 4.64523e-05
0.874 4.23448e-05
0.876 3.85851e-05
0.878 3.51451e-05
0.88 3.1999e-05
0.882 2.91229e-05
0.884 2.64947e-05
0.886 2.40941e-05
0.888 2.19022e-05
0.89 1.99017e-05
0.892 1.80768e-05
0.894 1.64126e-05
0.896 1.48956e-05
0.898 1.35135e-05
0.9 1.22547e-05
0.902 1.11087e-05
0.904 1.00659e-05
0.906 9.11734e-06
0.908 8.25486e-06
0.91 7.47098e-06
0.912 6.75885e-06
0.914 6.11217e-06
0.916 5.52516e-06
0.918 4.99254e-06
0.92 4.50948e-06
0.922 4.07154e-06
0.924 3.67469e-06
0.926 3.31521e-06
0.928 2.98974e-06
0.93 2.69516e-06
0.932 2.42868e-06
0.934 2.18771e-06
0.936 1.96991e-06
0.938 1.77313e-06
0.94 1.59543e-06
0.942 1.43503e-06
0.944 1.29032e-06
0.946 1.15982e-06
0.948 1.04221e-06
0.95 9.36259e-07
0.952 8.40872e-07
0.954 7.55046e-07
0.956 6.77875e-07
0.958 6.08535e-07
0.96 5.46282e-07
0.962 4.90441e-07
0.964 4.40404e-07
0.966 3.95622e-07
0.968 3.55598e-07
0.97 3.19887e-07
0.972 2.88088e-07
0.974 2.59843e-07
0.976 2.3483e-07
0.978 2.12764e-07
0.98 1.9339e-07
0.982 1.76485e-07
0.984 1.61853e-07
0.986 1.49322e-07
0.988 1.38746e-07
0.99 1.30001e-07
0.992 1.22983e-07
0.994 1.17609e-07
0.996 1.13815e-07
0.998 1.11557e-07
