-1 0.738978
-0.99 0.738651
-0.98 0.73848
-0.97 0.737648
-0.96 0.736986
-0.95 0.735648
-0.94 0.7345
-0.93 0.73266
-0.92 0.731029
-0.91 0.728703
-0.9 0.726579
-0.89 0.723798
-0.88 0.721163
-0.87 0.71797
-0.86 0.714797
-0.85 0.711243
-0.84 0.707509
-0.83 0.703636
-0.82 0.699342
-0.81 0.695156
-0.8 0.690354
-0.79 0.685806
-0.78 0.680608
-0.77 0.6756
-0.76 0.670148
-0.75 0.664591
-0.74 0.658976
-0.73 0.652881
-0.72 0.647053
-0.71 0.640593
-0.7 0.634367
-0.69 0.627785
-0.68 0.621012
-0.67 0.614393
-0.66 0.607186
-0.65 0.600317
-0.64 0.593023
-0.63 0.585634
-0.62 0.578419
-0.61 0.57063
-0.6 0.563194
-0.59 0.555466
-0.58 0.547498
-0.57 0.539895
-0.56 0.53174
-0.55 0.523752
-0.54 0.515883
-0.53 0.507483
-0.52 0.499491
-0.51 0.49137
-0.5 0.482861
-0.49 0.474851
-0.48 0.466566
-0.47 0.458012
-0.46 0.449993
-0.45 0.441656
-0.44 0.433079
-0.43 0.42507
-0.42 0.416809
-0.41 0.408218
-0.4 0.400212
-0.39 0.392166
-0.38 0.383619
-0.37 0.375537
-0.36 0.367798
-0.35 0.359501
-0.34 0.351232
-0.33 0.343665
-0.32 0.335965
-0.31 0.327703
-0.3 0.319832
-0.29 0.312663
-0.28 0.305215
-0.27 0.297147
-0.26 0.289423
-0.25 0.282615
-0.24 0.275943
-0.23 0.26847
-0.22 0.260458
-0.21 0.253111
-0.2 0.247395
-0.19 0.243387
-0.18 0.240545
-0.17 0.238265
-0.16 0.23619
-0.15 0.234204
-0.14 0.232305
-0.13 0.230512
-0.12 0.22884
-0.11 0.227293
-0.1 0.225874
-0.09 0.224583
-0.08 0.223424
-0.07 0.222396
-0.06 0.221503
-0.05 0.220744
-0.04 0.220122
-0.03 0.219638
-0.02 0.219291
-0.01 0.219083
0 0.219013
0.01 0.219083
0.02 0.219291
0.03 0.219638
0.04 0.220122
0.05 0.220744
0.06 0.221503
0.07 0.222396
0.08 0.223424
0.09 0.224583
0.1 0.225874
0.11 0.227293
0.12 0.22884
0.13 0.230512
0.14 0.232305
0.15 0.234204
0.16 0.23619
0.17 0.238265
0.18 0.240545
0.19 0.243387
0.2 0.247395
0.21 0.253111
0.22 0.260458
0.23 0.26847
0.24 0.275943
0.25 0.282615
0.26 0.289423
0.27 0.297147
0.28 0.305215
0.29 0.312663
0.3 0.319832
0.31 0.327703
0.32 0.335965
0.33 0.343665
0.34 0.351232
0.35 0.359501
0.36 0.367798
0.37 0.375537
0.38 0.383619
0.39 0.392166
0.4 0.400212
0.41 0.408218
0.42 0.416809
0.43 0.42507
0.44 0.433079
0.45 0.441656
0.46 0.449993
0.47 0.458012
0.48 0.466566
0.49 0.474851
0.5 0.482861
0.51 0.49137
0.52 0.499491
0.53 0.507483
0.54 0.515883
0.55 0.523752
0.56 0.53174
0.57 0.539895
0.58 0.547498
0.59 0.555466
0.6 0.563194
0.61 0.57063
0.62 0.578419
0.63 0.585634
0.64 0.593023
0.65 0.600317
0.66 0.607186
0.67 0.614393
0.68 0.621012
0.69 0.627785
0.7 0.634367
0.71 0.640593
0.72 0.647053
0.73 0.652881
0.74 0.658976
0.75 0.664591
0.76 0.670148
0.77 0.6756
0.78 0.680608
0.79 0.685806
0.8 0.690354
0.81 0.695156
0.82 0.699342
0.83 0.703636
0.84 0.707509
0.85 0.711243
0.86 0.714797
0.87 0.71797
0.88 0.721163
0.89 0.723798
0.9 0.726579
0.91 0.728703
0.92 0.731029
0.93 0.73266
0.94 0.7345
0.95 0.735648
0.96 0.736986
0.97 0.737648
0.98 0.73848
0.99 0.738651
