-1 0.00199431
-0.998 0.00199998
-0.996 0.002017
-0.994 0.00204545
-0.992 0.00208544
-0.99 0.00213712
-0.988 0.00220071
-0.986 0.00227646
-0.984 0.00236467
-0.982 0.00246569
-0.98 0.00257991
-0.978 0.00270778
-0.976 0.00284981
-0.974 0.00300652
-0.972 0.00317854
-0.97 0.00336649
-0.968 0.00357111
-0.966 0.00379314
-0.964 0.0040334
-0.962 0.00429278
-0.96 0.00457221
-0.958 0.00487269
-0.956 0.00519529
-0.954 0.00554112
-0.952 0.00591138
-0.95 0.00630733
-0.948 0.00673031
-0.946 0.00718171
-0.944 0.00766301
-0.942 0.00817576
-0.94 0.00872158
-0.938 0.0093022
-0.936 0.00991939
-0.934 0.010575
-0.932 0.0112711
-0.93 0.0120096
-0.928 0.0127927
-0.926 0.0136226
-0.924 0.0145016
-0.922 0.0154322
-0.92 0.0164168
-0.918 0.0174581
-0.916 0.0185588
-0.914 0.0197216
-0.912 0.0209496
-0.91 0.0222457
-0.908 0.0236131
-0.906 0.0250549
-0.904 0.0265746
-0.902 0.0281755
-0.9 0.0298613
-0.898 0.0316357
-0.896 0.0335023
-0.894 0.0354652
-0.892 0.0375283
-0.89 0.0396957
-0.888 0.0419717
-0.886 0.0443606
-0.884 0.0468669
-0.882 0.0494952
-0.88 0.05225
-0.878 0.0551363
-0.876 0.0581588
-0.874 0.0613226
-0.872 0.0646327
-0.87 0.0680943
-0.868 0.0717127
-0.866 0.0754932
-0.864 0.0794414
-0.862 0.0835626
-0.86 0.0878624
-0.858 0.0923467
-0.856 0.097021
-0.854 0.101891
-0.852 0.106963
-0.85 0.112243
-0.848 0.117736
-0.846 0.123448
-0.844 0.129386
-0.842 0.135555
-0.84 0.141962
-0.838 0.148612
-0.836 0.155511
-0.834 0.162666
-0.832 0.170081
-0.83 0.177764
-0.828 0.185719
-0.826 0.193953
-0.824 0.202471
-0.822 0.211278
-0.82 0.22038
-0.818 0.229783
-0.816 0.239491
-0.814 0.249509
-0.812 0.259842
-0.81 0.270495
-0.808 0.281472
-0.806 0.292778
-0.804 0.304416
-0.802 0.31639
-0.8 0.328703
-0.798 0.341359
-0.796 0.35436
-0.794 0.36771
-0.792 0.38141
-0.79 0.395462
-0.788 0.409868
-0.786 0.424628
-0.784 0.439745
-0.782 0.455217
-0.78 0.471045
-0.778 0.487229
-0.776 0.503767
-0.774 0.520658
-0.772 0.537901
-0.77 0.555492
-0.768 0.573429
-0.766 0.591709
-0.764 0.610327
-0.762 0.629279
-0.76 0.64856
-0.758 0.668164
-0.756 0.688086
-0.754 0.708319
-0.752 0.728855
-0.75 0.749686
-0.748 0.770804
-0.746 0.7922
-0.744 0.813865
-0.742 0.835787
-0.74 0.857957
-0.738 0.880363
-0.736 0.902992
-0.734 0.925833
-0.732 0.948872
-0.73 0.972096
-0.728 0.995489
-0.726 1.01904
-0.724 1.04273
-0.722 1.06654
-0.72 1.09046
-0.718 1.11447
-0.716 1.13855
-0.714 1.16269
-0.712 1.18687
-0.71 1.21106
-0.708 1.23526
-0.706 1.25943
-0.704 1.28356
-0.702 1.30763
-0.7 1.33162
-0.698 1.35551
-0.696 1.37928
-0.694 1.4029
-0.692 1.42635
-0.69 1.44962
-0.688 1.47267
-0.686 1.4955
-0.684 1.51807
-0.682 1.54036
-0.68 1.56236
-0.678 1.58404
-0.676 1.60538
-0.674 1.62635
-0.672 1.64694
-0.67 1.66712
-0.668 1.68688
-0.666 1.70618
-0.664 1.72502
-0.662 1.74337
-0.66 1.76121
-0.658 1.77852
-0.656 1.79528
-0.654 1.81147
-0.652 1.82708
-0.65 1.84209
-0.648 1.85647
-0.646 1.87023
-0.644 1.88333
-0.642 1.89576
-0.64 1.90751
-0.638 1.91857
-0.636 1.92892
-0.634 1.93855
-0.632 1.94745
-0.63 1.9556
-0.628 1.96301
-0.626 1.96966
-0.624 1.97553
-0.622 1.98064
-0.62 1.98496
-0.618 1.9885
-0.616 1.99124
-0.614 1.99319
-0.612 1.99435
-0.61 1.99471
-0.608 1.99427
-0.606 1.99304
-0.604 1.991
-0.602 1.98818
-0.6 1.98456
-0.598 1.98016
-0.596 1.97498
-0.594 1.96903
-0.592 1.9623
-0.59 1.95482
-0.588 1.94659
-0.586 1.93762
-0.584 1.92791
-0.582 1.91749
-0.58 1.90637
-0.578 1.89455
-0.576 1.88204
-0.574 1.86888
-0.572 1.85506
-0.57 1.84061
-0.568 1.82555
-0.566 1.80988
-0.564 1.79363
-0.562 1.77681
-0.56 1.75945
-0.558 1.74156
-0.556 1.72316
-0.554 1.70427
-0.552 1.68492
-0.55 1.66512
-0.548 1.6449
-0.546 1.62427
-0.544 1.60326
-0.542 1.58189
-0.54 1.56018
-0.538 1.53815
-0.536 1.51582
-0.534 1.49323
-0.532 1.47038
-0.53 1.4473
-0.528 1.42401
-0.526 1.40054
-0.524 1.37691
-0.522 1.35313
-0.52 1.32923
-0.518 1.30523
-0.516 1.28115
-0.514 1.25701
-0.512 1.23284
-0.51 1.20864
-0.508 1.18445
-0.506 1.16028
-0.504 1.13614
-0.502 1.11207
-0.5 1.08806
-0.498 1.06415
-0.496 1.04035
-0.494 1.01668
-0.492 0.993143
-0.49 0.969765
-0.488 0.94656
-0.486 0.92354
-0.484 0.90072
-0.482 0.878112
-0.48 0.855729
-0.478 0.833584
-0.476 0.811686
-0.474 0.790048
-0.472 0.76868
-0.47 0.74759
-0.468 0.726788
-0.466 0.706282
-0.464 0.68608
-0.462 0.666189
-0.46 0.646617
-0.458 0.627369
-0.456 0.60845
-0.454 0.589865
-0.452 0.57162
-0.45 0.553717
-0.448 0.536161
-0.446 0.518953
-0.444 0.502097
-0.442 0.485595
-0.44 0.469446
-0.438 0.453654
-0.436 0.438217
-0.434 0.423136
-0.432 0.408411
-0.43 0.394041
-0.428 0.380024
-0.426 0.366359
-0.424 0.353044
-0.422 0.340078
-0.42 0.327456
-0.418 0.315177
-0.416 0.303237
-0.414 0.291632
-0.412 0.28036
-0.41 0.269415
-0.408 0.258794
-0.406 0.248493
-0.404 0.238506
-0.402 0.228829
-0.4 0.219457
-0.398 0.210384
-0.396 0.201606
-0.394 0.193117
-0.392 0.184911
-0.39 0.176983
-0.388 0.169327
-0.386 0.161938
-0.384 0.154809
-0.382 0.147935
-0.38 0.14131
-0.378 0.134927
-0.376 0.128781
-0.374 0.122866
-0.372 0.117176
-0.37 0.111704
-0.368 0.106446
-0.366 0.101394
-0.364 0.0965435
-0.362 0.0918883
-0.36 0.0874226
-0.358 0.0831407
-0.356 0.0790368
-0.354 0.0751055
-0.352 0.0713412
-0.35 0.0677385
-0.348 0.0642919
-0.346 0.0609964
-0.344 0.0578466
-0.342 0.0548375
-0.34 0.0519642
-0.338 0.0492217
-0.336 0.0466053
-0.334 0.0441103
-0.332 0.0417322
-0.33 0.0394666
-0.328 0.037309
-0.326 0.0352552
-0.324 0.0333012
-0.322 0.0314429
-0.32 0.0296765
-0.318 0.027998
-0.316 0.026404
-0.314 0.0248907
-0.312 0.0234548
-0.31 0.0220929
-0.308 0.0208017
-0.306 0.0195782
-0.304 0.0184192
-0.302 0.0173219
-0.3 0.0162835
-0.298 0.0153012
-0.296 0.0143725
-0.294 0.0134947
-0.292 0.0126654
-0.29 0.0118824
-0.288 0.0111433
-0.286 0.010446
-0.284 0.00978837
-0.282 0.00916851
-0.28 0.00858447
-0.278 0.00803442
-0.276 0.00751661
-0.274 0.00702935
-0.272 0.00657106
-0.27 0.00614018
-0.268 0.00573527
-0.266 0.00535492
-0.264 0.00499779
-0.262 0.00466261
-0.26 0.00434817
-0.258 0.00405331
-0.256 0.00377694
-0.254 0.00351801
-0.252 0.00327552
-0.25 0.00304852
-0.248 0.00283612
-0.246 0.00263746
-0.244 0.00245173
-0.242 0.00227818
-0.24 0.00211606
-0.238 0.00196469
-0.236 0.00182342
-0.234 0.00169164
-0.232 0.00156874
-0.23 0.0014542
-0.228 0.00134748
-0.226 0.00124809
-0.224 0.00115557
-0.222 0.00106948
-0.22 0.000989413
-0.218 0.00091497
-0.216 0.00084579
-0.214 0.000781529
-0.212 0.00072186
-0.21 0.000666481
-0.208 0.000615104
-0.206 0.000567461
-0.204 0.000523299
-0.202 0.00048238
-0.2 0.000444483
-0.198 0.0004094
-0.196 0.000376935
-0.194 0.000346906
-0.192 0.000319141
-0.19 0.000293481
-0.188 0.000269776
-0.186 0.000247887
-0.184 0.000227683
-0.182 0.000209042
-0.18 0.00019185
-0.178 0.000176002
-0.176 0.000161398
-0.174 0.000147947
-0.172 0.000135563
-0.17 0.000124165
-0.168 0.000113681
-0.166 0.00010404
-0.164 9.51785e-05
-0.162 8.70371e-05
-0.16 7.95603e-05
-0.158 7.26966e-05
-0.156 6.63985e-05
-0.154 6.06218e-05
-0.152 5.53256e-05
-0.15 5.04718e-05
-0.148 4.60255e-05
-0.146 4.19541e-05
-0.144 3.82275e-05
-0.142 3.48181e-05
-0.14 3.17e-05
-0.138 2.88496e-05
-0.136 2.6245e-05
-0.134 2.38661e-05
-0.132 2.1694e-05
-0.13 1.97118e-05
-0.128 1.79035e-05
-0.126 1.62546e-05
-0.124 1.47517e-05
-0.122 1.33824e-05
-0.12 1.21353e-05
-0.118 1.1e-05
-0.116 9.967e-06
-0.114 9.02736e-06
-0.112 8.17304e-06
-0.11 7.39661e-06
-0.108 6.69126e-06
-0.106 6.05075e-06
-0.104 5.46937e-06
-0.102 4.94188e-06
-0.1 4.46347e-06
-0.098 4.02977e-06
-0.096 3.63675e-06
-0.094 3.28075e-06
-0.092 2.95842e-06
-0.09 2.6667e-06
-0.088 2.40278e-06
-0.086 2.16411e-06
-0.084 1.94838e-06
-0.082 1.75346e-06
-0.08 1.57741e-06
-0.078 1.41847e-06
-0.076 1.27504e-06
-0.074 1.14567e-06
-0.072 1.02901e-06
-0.07 9.23875e-07
-0.068 8.29158e-07
-0.066 7.43866e-07
-0.064 6.67092e-07
-0.062 5.98018e-07
-0.06 5.35898e-07
-0.058 4.80058e-07
-0.056 4.29887e-07
-0.054 3.84829e-07
-0.052 3.44385e-07
-0.05 3.081e-07
-0.048 2.75565e-07
-0.046 2.46408e-07
-0.044 2.20297e-07
-0.042 1.96928e-07
-0.04 1.76029e-07
-0.038 1.57356e-07
-0.036 1.40687e-07
-0.034 1.25825e-07
-0.032 1.12591e-07
-0.03 1.00825e-07
-0.028 9.03842e-08
-0.026 8.11416e-08
-0.024 7.29832e-08
-0.022 6.58082e-08
-0.02 5.95271e-08
-0.018 5.40615e-08
-0.016 4.93426e-08
-0.014 4.53109e-08
-0.012 4.19152e-08
-0.01 3.91124e-08
-0.008 3.68666e-08
-0.006 3.51491e-08
-0.004 3.39379e-08
-0.002 3.32173e-08
0 3.29782e-08
0.002 3.32173e-08
0.004 3.39379e-08
0.006 3.51491e-08
0.008 3.68666e-08
0.01 3.91124e-08
0.012 4.19152e-08
0.014 4.53109e-08
0.016 4.93426e-08
0.018 5.40615e-08
0.02 5.95271e-08
0.022 6.58082e-08
0.024 7.29832e-08
0.026 8.11416e-08
0.028 9.03842e-08
0.03 1.00825e-07
0.032 1.12591e-07
0.034 1.25825e-07
0.036 1.40687e-07
0.038 1.57356e-07
0.04 1.76029e-07
0.042 1.96928e-07
0.044 2.20297e-07
0.046 2.46408e-07
0.048 2.75565e-07
0.05 3.081e-07
0.052 3.44385e-07
0.054 3.84829e-07
0.056 4.29887e-07
0.058 4.80058e-07
0.06 5.35898e-07
0.062 5.98018e-07
0.064 6.67092e-07
0.066 7.43866e-07
0.068 8.29158e-07
0.07 9.23875e-07
0.072 1.02901e-06
0.074 1.14567e-06
0.076 1.27504e-06
0.078 1.41847e-06
0.08 1.57741e-06
0.082 1.75346e-06
0.084 1.94838e-06
0.086 2.16411e-06
0.088 2.40278e-06
0.09 2.6667e-06
0.092 2.95842e-06
0.094 3.28075e-06
0.096 3.63675e-06
0.098 4.02977e-06
0.1 4.46347e-06
0.102 4.94188e-06
0.104 5.46937e-06
0.106 6.05075e-06
0.108 6.69126e-06
0.11 7.39661e-06
0.112 8.17304e-06
0.114 9.02736e-06
0.116 9.967e-06
0.118 1.1e-05
0.12 1.21353e-05
0.122 1.33824e-05
0.124 1.47517e-05
0.126 1.62546e-05
0.128 1.79035e-05
0.13 1.97118e-05
0.132 2.1694e-05
0.134 2.38661e-05
0.136 2.6245e-05
0.138 2.88496e-05
0.14 3.17e-05
0.142 3.48181e-05
0.144 3.82275e-05
0.146 4.19541e-05
0.148 4.60255e-05
0.15 5.04718e-05
0.152 5.53256e-05
0.154 6.06218e-05
0.156 6.63985e-05
0.158 7.26966e-05
0.16 7.95603e-05
0.162 8.70371e-05
0.164 9.51785e-05
0.166 0.00010404
0.168 0.000113681
0.17 0.000124165
0.172 0.000135563
0.174 0.000147947
0.176 0.000161398
0.178 0.000176002
0.18 0.00019185
0.182 0.000209042
0.184 0.000227683
0.186 0.000247887
0.188 0.000269776
0.19 0.000293481
0.192 0.000319141
0.194 0.000346906
0.196 0.000376935
0.198 0.0004094
0.2 0.000444483
0.202 0.00048238
0.204 0.000523299
0.206 0.000567461
0.208 0.000615104
0.21 0.000666481
0.212 0.00072186
0.214 0.000781529
0.216 0.00084579
0.218 0.00091497
0.22 0.000989413
0.222 0.00106948
0.224 0.00115557
0.226 0.00124809
0.228 0.00134748
0.23 0.0014542
0.232 0.00156874
0.234 0.00169164
0.236 0.00182342
0.238 0.00196469
0.24 0.00211606
0.242 0.00227818
0.244 0.00245173
0.246 0.00263746
0.248 0.00283612
0.25 0.00304852
0.252 0.00327552
0.254 0.00351801
0.256 0.00377694
0.258 0.00405331
0.26 0.00434817
0.262 0.00466261
0.264 0.00499779
0.266 0.00535492
0.268 0.00573527
0.27 0.00614018
0.272 0.00657106
0.274 0.00702935
0.276 0.00751661
0.278 0.00803442
0.28 0.00858447
0.282 0.00916851
0.284 0.00978837
0.286 0.010446
0.288 0.0111433
0.29 0.0118824
0.292 0.0126654
0.294 0.0134947
0.296 0.0143725
0.298 0.0153012
0.3 0.0162835
0.302 0.0173219
0.304 0.0184192
0.306 0.0195782
0.308 0.0208017
0.31 0.0220929
0.312 0.0234548
0.314 0.0248907
0.316 0.026404
0.318 0.027998
0.32 0.0296765
0.322 0.0314429
0.324 0.0333012
0.326 0.0352552
0.328 0.037309
0.33 0.0394666
0.332 0.0417322
0.334 0.0441103
0.336 0.0466053
0.338 0.0492217
0.34 0.0519642
0.342 0.0548375
0.344 0.0578466
0.346 0.0609964
0.348 0.0642919
0.35 0.0677385
0.352 0.0713412
0.354 0.0751055
0.356 0.0790368
0.358 0.0831407
0.36 0.0874226
0.362 0.0918883
0.364 0.0965435
0.366 0.101394
0.368 0.106446
0.37 0.111704
0.372 0.117176
0.374 0.122866
0.376 0.128781
0.378 0.134927
0.38 0.14131
0.382 0.147935
0.384 0.154809
0.386 0.161938
0.388 0.169327
0.39 0.176983
0.392 0.184911
0.394 0.193117
0.396 0.201606
0.398 0.210384
0.4 0.219457
0.402 0.228829
0.404 0.238506
0.406 0.248493
0.408 0.258794
0.41 0.269415
0.412 0.28036
0.414 0.291632
0.416 0.303237
0.418 0.315177
0.42 0.327456
0.422 0.340078
0.424 0.353044
0.426 0.366359
0.428 0.380024
0.43 0.394041
0.432 0.408411
0.434 0.423136
0.436 0.438217
0.438 0.453654
0.44 0.469446
0.442 0.485595
0.444 0.502097
0.446 0.518953
0.448 0.536161
0.45 0.553717
0.452 0.57162
0.454 0.589865
0.456 0.60845
0.458 0.627369
0.46 0.646617
0.462 0.666189
0.464 0.68608
0.466 0.706282
0.468 0.726788
0.47 0.74759
0.472 0.76868
0.474 0.790048
0.476 0.811686
0.478 0.833584
0.48 0.855729
0.482 0.878112
0.484 0.90072
0.486 0.92354
0.488 0.94656
0.49 0.969765
0.492 0.993143
0.494 1.01668
0.496 1.04035
0.498 1.06415
0.5 1.08806
0.502 1.11207
0.504 1.13614
0.506 1.16028
0.508 1.18445
0.51 1.20864
0.512 1.23284
0.514 1.25701
0.516 1.28115
0.518 1.30523
0.52 1.32923
0.522 1.35313
0.524 1.37691
0.526 1.40054
0.528 1.42401
0.53 1.4473
0.532 1.47038
0.534 1.49323
0.536 1.51582
0.538 1.53815
0.54 1.56018
0.542 1.58189
0.544 1.60326
0.546 1.62427
0.548 1.6449
0.55 1.66512
0.552 1.68492
0.554 1.70427
0.556 1.72316
0.558 1.74156
0.56 1.75945
0.562 1.77681
0.564 1.79363
0.566 1.80988
0.568 1.82555
0.57 1.84061
0.572 1.85506
0.574 1.86888
0.576 1.88204
0.578 1.89455
0.58 1.90637
0.582 1.91749
0.584 1.92791
0.586 1.93762
0.588 1.94659
0.59 1.95482
0.592 1.9623
0.594 1.96903
0.596 1.97498
0.598 1.98016
0.6 1.98456
0.602 1.98818
0.604 1.991
0.606 1.99304
0.608 1.99427
0.61 1.99471
0.612 1.99435
0.614 1.99319
0.616 1.99124
0.618 1.9885
0.62 1.98496
0.622 1.98064
0.624 1.97553
0.626 1.96966
0.628 1.96301
0.63 1.9556
0.632 1.94745
0.634 1.93855
0.636 1.92892
0.638 1.91857
0.64 1.90751
0.642 1.89576
0.644 1.88333
0.646 1.87023
0.648 1.85647
0.65 1.84209
0.652 1.82708
0.654 1.81147
0.656 1.79528
0.658 1.77852
0.66 1.76121
0.662 1.74337
0.664 1.72502
0.666 1.70618
0.668 1.68688
0.67 1.66712
0.672 1.64694
0.674 1.62635
0.676 1.60538
0.678 1.58404
0.68 1.56236
0.682 1.54036
0.684 1.51807
0.686 1.4955
0.688 1.47267
0.69 1.44962
0.692 1.42635
0.694 1.4029
0.696 1.37928
0.698 1.35551
0.7 1.33162
0.702 1.30763
0.704 1.28356
0.706 1.25943
0.708 1.23526
0.71 1.21106
0.712 1.18687
0.714 1.16269
0.716 1.13855
0.718 1.11447
0.72 1.09046
0.722 1.06654
0.724 1.04273
0.726 1.01904
0.728 0.995489
0.73 0.972096
0.732 0.948872
0.734 0.925833
0.736 0.902992
0.738 0.880363
0.74 0.857957
0.742 0.835787
0.744 0.813865
0.746 0.7922
0.748 0.770804
0.75 0.749686
0.752 0.728855
0.754 0.708319
0.756 0.688086
0.758 0.668164
0.76 0.64856
0.762 0.629279
0.764 0.610327
0.766 0.591709
0.768 0.573429
0.77 0.555492
0.772 0.537901
0.774 0.520658
0.776 0.503767
0.778 0.487229
0.78 0.471045
0.782 0.455217
0.784 0.439745
0.786 0.424628
0.788 0.409868
0.79 0.395462
0.792 0.38141
0.794 0.36771
0.796 0.35436
0.798 0.341359
0.8 0.328703
0.802 0.31639
0.804 0.304416
0.806 0.292778
0.808 0.281472
0.81 0.270495
0.812 0.259842
0.814 0.249509
0.816 0.239491
0.818 0.229783
0.82 0.22038
0.822 0.211278
0.824 0.202471
0.826 0.193953
0.828 0.185719
0.83 0.177764
0.832 0.170081
0.834 0.162666
0.836 0.155511
0.838 0.148612
0.84 0.141962
0.842 0.135555
0.844 0.129386
0.846 0.123448
0.848 0.117736
0.85 0.112243
0.852 0.106963
0.854 0.101891
0.856 0.097021
0.858 0.0923467
0.86 0.0878624
0.862 0.0835626
0.864 0.0794414
0.866 0.0754932
0.868 0.0717127
0.87 0.0680943
0.872 0.0646327
0.874 0.0613226
0.876 0.0581588
0.878 0.0551363
0.88 0.05225
0.882 0.0494952
0.884 0.0468669
0.886 0.0443606
0.888 0.0419717
0.89 0.0396957
0.892 0.0375283
0.894 0.0354652
0.896 0.0335023
0.898 0.0316357
0.9 0.0298613
0.902 0.0281755
0.904 0.0265746
0.906 0.0250549
0.908 0.0236131
0.91 0.0222457
0.912 0.0209496
0.914 0.0197216
0.916 0.0185588
0.918 0.0174581
0.92 0.0164168
0.922 0.0154322
0.924 0.0145016
0.926 0.0136226
0.928 0.0127927
0.93 0.0120096
0.932 0.0112711
0.934 0.010575
0.936 0.00991939
0.938 0.0093022
0.94 0.00872158
0.942 0.00817576
0.944 0.00766301
0.946 0.00718171
0.948 0.00673031
0.95 0.00630733
0.952 0.00591138
0.954 0.00554112
0.956 0.00519529
0.958 0.00487269
0.96 0.00457221
0.962 0.00429278
0.964 0.0040334
0.966 0.00379314
0.968 0.00357111
0.97 0.00336649
0.972 0.00317854
0.974 0.00300652
0.976 0.00284981
0.978 0.00270778
0.98 0.00257991
0.982 0.00246569
0.984 0.00236467
0.986 0.00227646
0.988 0.00220071
0.99 0.00213712
0.992 0.00208544
0.994 0.00204545
0.996 0.002017
0.998 0.00199998
