-1 9.19855e-11
-0.998 9.28696e-11
-0.996 9.55375e-11
-0.994 1.00036e-10
-0.992 1.06444e-10
-0.99 1.14875e-10
-0.988 1.25475e-10
-0.986 1.3843e-10
-0.984 1.53965e-10
-0.982 1.72349e-10
-0.98 1.939e-10
-0.978 2.18989e-10
-0.976 2.48045e-10
-0.974 2.81563e-10
-0.972 3.20111e-10
-0.97 3.64339e-10
-0.968 4.14988e-10
-0.966 4.72902e-10
-0.964 5.3904e-10
-0.962 6.14493e-10
-0.96 7.00495e-10
-0.958 7.98446e-10
-0.956 9.09929e-10
-0.954 1.03674e-09
-0.952 1.18089e-09
-0.95 1.34468e-09
-0.948 1.53068e-09
-0.946 1.74181e-09
-0.944 1.98135e-09
-0.942 2.25299e-09
-0.94 2.56092e-09
-0.938 2.90983e-09
-0.936 3.30499e-09
-0.934 3.75235e-09
-0.932 4.25859e-09
-0.93 4.83123e-09
-0.928 5.4787e-09
-0.926 6.21047e-09
-0.924 7.0372e-09
-0.922 7.97079e-09
-0.92 9.02465e-09
-0.918 1.02138e-08
-0.916 1.1555e-08
-0.914 1.3067e-08
-0.912 1.47711e-08
-0.91 1.66907e-08
-0.908 1.88522e-08
-0.906 2.12852e-08
-0.904 2.40225e-08
-0.902 2.7101e-08
-0.9 3.05618e-08
-0.898 3.44507e-08
-0.896 3.8819e-08
-0.894 4.37237e-08
-0.892 4.92284e-08
-0.89 5.5404e-08
-0.888 6.23293e-08
-0.886 7.00922e-08
-0.884 7.87904e-08
-0.882 8.85327e-08
-0.88 9.94398e-08
-0.878 1.11646e-07
-0.876 1.253e-07
-0.874 1.40568e-07
-0.872 1.57634e-07
-0.87 1.767e-07
-0.868 1.97993e-07
-0.866 2.21764e-07
-0.864 2.48289e-07
-0.862 2.77876e-07
-0.86 3.10864e-07
-0.858 3.47629e-07
-0.856 3.88586e-07
-0.854 4.34196e-07
-0.852 4.84964e-07
-0.85 5.41453e-07
-0.848 6.04279e-07
-0.846 6.74125e-07
-0.844 7.51744e-07
-0.842 8.37965e-07
-0.84 9.33701e-07
-0.838 1.03996e-06
-0.836 1.15785e-06
-0.834 1.28858e-06
-0.832 1.4335e-06
-0.83 1.59409e-06
-0.828 1.77195e-06
-0.826 1.96888e-06
-0.824 2.18681e-06
-0.822 2.42789e-06
-0.82 2.69447e-06
-0.818 2.98913e-06
-0.816 3.31469e-06
-0.814 3.67423e-06
-0.812 4.07114e-06
-0.81 4.50913e-06
-0.808 4.99224e-06
-0.806 5.52489e-06
-0.804 6.11194e-06
-0.802 6.75866e-06
-0.8 7.47082e-06
-0.798 8.25471e-06
-0.796 9.11722e-06
-0.794 1.00658e-05
-0.792 1.11087e-05
-0.79 1.22546e-05
-0.788 1.35134e-05
-0.786 1.48956e-05
-0.784 1.64125e-05
-0.782 1.80767e-05
-0.78 1.99017e-05
-0.778 2.19022e-05
-0.776 2.40941e-05
-0.774 2.64947e-05
-0.772 2.91229e-05
-0.77 3.1999e-05
-0.768 3.51451e-05
-0.766 3.85851e-05
-0.764 4.23448e-05
-0.762 4.64523e-05
-0.76 5.09379e-05
-0.758 5.58342e-05
-0.756 6.11767e-05
-0.754 6.70036e-05
-0.752 7.33562e-05
-0.75 8.02789e-05
-0.748 8.78198e-05
-0.746 9.60306e-05
-0.744 0.000104967
-0.742 0.000114689
-0.74 0.000125262
-0.738 0.000136754
-0.736 0.000149242
-0.734 0.000162804
-0.732 0.000177528
-0.73 0.000193506
-0.728 0.000210837
-0.726 0.00022963
-0.724 0.000249997
-0.722 0.000272061
-0.72 0.000295955
-0.718 0.000321819
-0.716 0.000349802
-0.714 0.000380067
-0.712 0.000412785
-0.71 0.000448141
-0.708 0.00048633
-0.706 0.000527563
-0.704 0.000572062
-0.702 0.000620067
-0.7 0.000671832
-0.698 0.000727627
-0.696 0.00078774
-0.694 0.000852479
-0.692 0.000922169
-0.69 0.000997157
-0.688 0.00107781
-0.686 0.00116452
-0.684 0.00125771
-0.682 0.00135781
-0.68 0.00146529
-0.678 0.00158065
-0.676 0.0017044
-0.674 0.00183711
-0.672 0.00197936
-0.67 0.00213177
-0.668 0.002295
-0.666 0.00246974
-0.664 0.00265672
-0.662 0.00285672
-0.66 0.00307054
-0.658 0.00329905
-0.656 0.00354314
-0.654 0.00380377
-0.652 0.00408195
-0.65 0.00437871
-0.648 0.00469517
-0.646 0.00503248
-0.644 0.00539188
-0.642 0.00577463
-0.64 0.00618207
-0.638 0.00661562
-0.636 0.00707674
-0.634 0.00756698
-0.632 0.00808794
-0.63 0.00864131
-0.628 0.00922885
-0.626 0.00985239
-0.624 0.0105139
-0.622 0.0112152
-0.62 0.0119586
-0.618 0.0127462
-0.616 0.0135802
-0.614 0.014463
-0.612 0.015397
-0.61 0.0163848
-0.608 0.017429
-0.606 0.0185323
-0.604 0.0196975
-0.602 0.0209277
-0.6 0.0222258
-0.598 0.023595
-0.596 0.0250385
-0.594 0.0265597
-0.592 0.028162
-0.59 0.0298491
-0.588 0.0316246
-0.586 0.0334923
-0.584 0.0354561
-0.582 0.03752
-0.58 0.0396882
-0.578 0.0419649
-0.576 0.0443545
-0.574 0.0468614
-0.572 0.0494902
-0.57 0.0522455
-0.568 0.0551322
-0.566 0.0581551
-0.564 0.0613193
-0.562 0.0646297
-0.56 0.0680916
-0.558 0.0717103
-0.556 0.0754911
-0.554 0.0794394
-0.552 0.0835608
-0.55 0.0878608
-0.548 0.0923452
-0.546 0.0970197
-0.544 0.10189
-0.542 0.106962
-0.54 0.112242
-0.538 0.117735
-0.536 0.123447
-0.534 0.129385
-0.532 0.135555
-0.53 0.141961
-0.528 0.148611
-0.526 0.155511
-0.524 0.162665
-0.522 0.170081
-0.52 0.177764
-0.518 0.185719
-0.516 0.193953
-0.514 0.202471
-0.512 0.211278
-0.51 0.22038
-0.508 0.229783
-0.506 0.239491
-0.504 0.249509
-0.502 0.259842
-0.5 0.270495
-0.498 0.281472
-0.496 0.292778
-0.494 0.304416
-0.492 0.31639
-0.49 0.328703
-0.488 0.341359
-0.486 0.35436
-0.484 0.36771
-0.482 0.38141
-0.48 0.395462
-0.478 0.409868
-0.476 0.424628
-0.474 0.439745
-0.472 0.455217
-0.47 0.471045
-0.468 0.487229
-0.466 0.503767
-0.464 0.520658
-0.462 0.537901
-0.46 0.555492
-0.458 0.573429
-0.456 0.591709
-0.454 0.610327
-0.452 0.629279
-0.45 0.64856
-0.448 0.668164
-0.446 0.688086
-0.444 0.708319
-0.442 0.728855
-0.44 0.749686
-0.438 0.770804
-0.436 0.7922
-0.434 0.813865
-0.432 0.835787
-0.43 0.857957
-0.428 0.880363
-0.426 0.902992
-0.424 0.925833
-0.422 0.948872
-0.42 0.972096
-0.418 0.995489
-0.416 1.01904
-0.414 1.04273
-0.412 1.06654
-0.41 1.09046
-0.408 1.11447
-0.406 1.13855
-0.404 1.16269
-0.402 1.18687
-0.4 1.21106
-0.398 1.23526
-0.396 1.25943
-0.394 1.28356
-0.392 1.30763
-0.39 1.33162
-0.388 1.35551
-0.386 1.37928
-0.384 1.4029
-0.382 1.42635
-0.38 1.44962
-0.378 1.47267
-0.376 1.4955
-0.374 1.51807
-0.372 1.54036
-0.37 1.56236
-0.368 1.58404
-0.366 1.60538
-0.364 1.62635
-0.362 1.64694
-0.36 1.66712
-0.358 1.68688
-0.356 1.70618
-0.354 1.72502
-0.352 1.74337
-0.35 1.76121
-0.348 1.77852
-0.346 1.79528
-0.344 1.81147
-0.342 1.82708
-0.34 1.84209
-0.338 1.85647
-0.336 1.87023
-0.334 1.88333
-0.332 1.89576
-0.33 1.90751
-0.328 1.91857
-0.326 1.92892
-0.324 1.93855
-0.322 1.94745
-0.32 1.9556
-0.318 1.96301
-0.316 1.96966
-0.314 1.97553
-0.312 1.98064
-0.31 1.98496
-0.308 1.9885
-0.306 1.99124
-0.304 1.9932
-0.302 1.99435
-0.3 1.99471
-0.298 1.99427
-0.296 1.99304
-0.294 1.991
-0.292 1.98818
-0.29 1.98456
-0.288 1.98016
-0.286 1.97498
-0.284 1.96903
-0.282 1.9623
-0.28 1.95482
-0.278 1.94659
-0.276 1.93762
-0.274 1.92791
-0.272 1.91749
-0.27 1.90637
-0.268 1.89455
-0.266 1.88205
-0.264 1.86888
-0.262 1.85506
-0.26 1.84061
-0.258 1.82555
-0.256 1.80988
-0.254 1.79363
-0.252 1.77681
-0.25 1.75945
-0.248 1.74156
-0.246 1.72316
-0.244 1.70427
-0.242 1.68492
-0.24 1.66512
-0.238 1.6449
-0.236 1.62427
-0.234 1.60326
-0.232 1.58189
-0.23 1.56018
-0.228 1.53815
-0.226 1.51583
-0.224 1.49323
-0.222 1.47038
-0.22 1.4473
-0.218 1.42402
-0.216 1.40054
-0.214 1.37691
-0.212 1.35313
-0.21 1.32923
-0.208 1.30523
-0.206 1.28116
-0.204 1.25702
-0.202 1.23284
-0.2 1.20865
-0.198 1.18446
-0.196 1.16029
-0.194 1.13615
-0.192 1.11208
-0.19 1.08807
-0.188 1.06417
-0.186 1.04037
-0.184 1.01669
-0.182 0.99316
-0.18 0.969785
-0.178 0.946582
-0.176 0.923564
-0.174 0.900746
-0.172 0.878141
-0.17 0.855761
-0.168 0.833619
-0.166 0.811725
-0.164 0.79009
-0.162 0.768726
-0.16 0.74764
-0.158 0.726843
-0.156 0.706342
-0.154 0.686146
-0.152 0.666262
-0.15 0.646697
-0.148 0.627456
-0.146 0.608545
-0.144 0.589969
-0.142 0.571734
-0.14 0.553841
-0.138 0.536296
-0.136 0.519101
-0.134 0.502259
-0.132 0.485771
-0.13 0.469638
-0.128 0.453863
-0.126 0.438445
-0.124 0.423384
-0.122 0.408681
-0.12 0.394334
-0.118 0.380343
-0.116 0.366706
-0.114 0.353421
-0.112 0.340487
-0.11 0.327901
-0.108 0.315659
-0.106 0.30376
-0.104 0.2922
-0.102 0.280975
-0.1 0.270082
-0.098 0.259516
-0.096 0.249274
-0.094 0.239352
-0.092 0.229744
-0.09 0.220446
-0.088 0.211453
-0.086 0.202761
-0.084 0.194365
-0.082 0.186258
-0.08 0.178437
-0.078 0.170896
-0.076 0.16363
-0.074 0.156633
-0.072 0.1499
-0.07 0.143426
-0.068 0.137205
-0.066 0.131233
-0.064 0.125503
-0.062 0.120012
-0.06 0.114753
-0.058 0.109721
-0.056 0.104912
-0.054 0.10032
-0.052 0.0959416
-0.05 0.0917708
-0.048 0.0878033
-0.046 0.0840346
-0.044 0.0804604
-0.042 0.0770765
-0.04 0.0738786
-0.038 0.070863
-0.036 0.0680257
-0.034 0.0653632
-0.032 0.0628719
-0.03 0.0605486
-0.028 0.0583902
-0.026 0.0563937
-0.024 0.0545563
-0.022 0.0528755
-0.02 0.0513489
-0.018 0.0499744
-0.016 0.0487499
-0.014 0.0476737
-0.012 0.0467442
-0.01 0.04596
-0.008 0.04532
-0.006 0.0448232
-0.004 0.0444689
-0.002 0.0442565
0 0.0441857
0.002 0.0442565
0.004 0.0444689
0.006 0.0448232
0.008 0.04532
0.01 0.04596
0.012 0.0467442
0.014 0.0476737
0.016 0.0487499
0.018 0.0499744
0.02 0.0513489
0.022 0.0528755
0.024 0.0545563
0.026 0.0563937
0.028 0.0583902
0.03 0.0605486
0.032 0.0628719
0.034 0.0653632
0.036 0.0680257
0.038 0.070863
0.04 0.0738786
0.042 0.0770765
0.044 0.0804604
0.046 0.0840346
0.048 0.0878033
0.05 0.0917708
0.052 0.0959416
0.054 0.10032
0.056 0.104912
0.058 0.109721
0.06 0.114753
0.062 0.120012
0.064 0.125503
0.066 0.131233
0.068 0.137205
0.07 0.143426
0.072 0.1499
0.074 0.156633
0.076 0.16363
0.078 0.170896
0.08 0.178437
0.082 0.186258
0.084 0.194365
0.086 0.202761
0.088 0.211453
0.09 0.220446
0.092 0.229744
0.094 0.239352
0.096 0.249274
0.098 0.259516
0.1 0.270082
0.102 0.280975
0.104 0.2922
0.106 0.30376
0.108 0.315659
0.11 0.327901
0.112 0.340487
0.114 0.353421
0.116 0.366706
0.118 0.380343
0.12 0.394334
0.122 0.408681
0.124 0.423384
0.126 0.438445
0.128 0.453863
0.13 0.469638
0.132 0.485771
0.134 0.502259
0.136 0.519101
0.138 0.536296
0.14 0.553841
0.142 0.571734
0.144 0.589969
0.146 0.608545
0.148 0.627456
0.15 0.646697
0.152 0.666262
0.154 0.686146
0.156 0.706342
0.158 0.726843
0.16 0.74764
0.162 0.768726
0.164 0.79009
0.166 0.811725
0.168 0.833619
0.17 0.855761
0.172 0.878141
0.174 0.900746
0.176 0.923564
0.178 0.946582
0.18 0.969785
0.182 0.99316
0.184 1.01669
0.186 1.04037
0.188 1.06417
0.19 1.08807
0.192 1.11208
0.194 1.13615
0.196 1.16029
0.198 1.18446
0.2 1.20865
0.202 1.23284
0.204 1.25702
0.206 1.28116
0.208 1.30523
0.21 1.32923
0.212 1.35313
0.214 1.37691
0.216 1.40054
0.218 1.42402
0.22 1.4473
0.222 1.47038
0.224 1.49323
0.226 1.51583
0.228 1.53815
0.23 1.56018
0.232 1.58189
0.234 1.60326
0.236 1.62427
0.238 1.6449
0.24 1.66512
0.242 1.68492
0.244 1.70427
0.246 1.72316
0.248 1.74156
0.25 1.75945
0.252 1.77681
0.254 1.79363
0.256 1.80988
0.258 1.82555
0.26 1.84061
0.262 1.85506
0.264 1.86888
0.266 1.88205
0.268 1.89455
0.27 1.90637
0.272 1.91749
0.274 1.92791
0.276 1.93762
0.278 1.94659
0.28 1.95482
0.282 1.9623
0.284 1.96903
0.286 1.97498
0.288 1.98016
0.29 1.98456
0.292 1.98818
0.294 1.991
0.296 1.99304
0.298 1.99427
0.3 1.99471
0.302 1.99435
0.304 1.9932
0.306 1.99124
0.308 1.9885
0.31 1.98496
0.312 1.98064
0.314 1.97553
0.316 1.96966
0.318 1.96301
0.32 1.9556
0.322 1.94745
0.324 1.93855
0.326 1.92892
0.328 1.91857
0.33 1.90751
0.332 1.89576
0.334 1.88333
0.336 1.87023
0.338 1.85647
0.34 1.84209
0.342 1.82708
0.344 1.81147
0.346 1.79528
0.348 1.77852
0.35 1.76121
0.352 1.74337
0.354 1.72502
0.356 1.70618
0.358 1.68688
0.36 1.66712
0.362 1.64694
0.364 1.62635
0.366 1.60538
0.368 1.58404
0.37 1.56236
0.372 1.54036
0.374 1.51807
0.376 1.4955
0.378 1.47267
0.38 1.44962
0.382 1.42635
0.384 1.4029
0.386 1.37928
0.388 1.35551
0.39 1.33162
0.392 1.30763
0.394 1.28356
0.396 1.25943
0.398 1.23526
0.4 1.21106
0.402 1.18687
0.404 1.16269
0.406 1.13855
0.408 1.11447
0.41 1.09046
0.412 1.06654
0.414 1.04273
0.416 1.01904
0.418 0.995489
0.42 0.972096
0.422 0.948872
0.424 0.925833
0.426 0.902992
0.428 0.880363
0.43 0.857957
0.432 0.835787
0.434 0.813865
0.436 0.7922
0.438 0.770804
0.44 0.749686
0.442 0.728855
0.444 0.708319
0.446 0.688086
0.448 0.668164
0.45 0.64856
0.452 0.629279
0.454 0.610327
0.456 0.591709
0.458 0.573429
0.46 0.555492
0.462 0.537901
0.464 0.520658
0.466 0.503767
0.468 0.487229
0.47 0.471045
0.472 0.455217
0.474 0.439745
0.476 0.424628
0.478 0.409868
0.48 0.395462
0.482 0.38141
0.484 0.36771
0.486 0.35436
0.488 0.341359
0.49 0.328703
0.492 0.31639
0.494 0.304416
0.496 0.292778
0.498 0.281472
0.5 0.270495
0.502 0.259842
0.504 0.249509
0.506 0.239491
0.508 0.229783
0.51 0.22038
0.512 0.211278
0.514 0.202471
0.516 0.193953
0.518 0.185719
0.52 0.177764
0.522 0.170081
0.524 0.162665
0.526 0.155511
0.528 0.148611
0.53 0.141961
0.532 0.135555
0.534 0.129385
0.536 0.123447
0.538 0.117735
0.54 0.112242
0.542 0.106962
0.544 0.10189
0.546 0.0970197
0.548 0.0923452
0.55 0.0878608
0.552 0.0835608
0.554 0.0794394
0.556 0.0754911
0.558 0.0717103
0.56 0.0680916
0.562 0.0646297
0.564 0.0613193
0.566 0.0581551
0.568 0.0551322
0.57 0.0522455
0.572 0.0494902
0.574 0.0468614
0.576 0.0443545
0.578 0.0419649
0.58 0.0396882
0.582 0.03752
0.584 0.0354561
0.586 0.0334923
0.588 0.0316246
0.59 0.0298491
0.592 0.028162
0.594 0.0265597
0.596 0.0250385
0.598 0.023595
0.6 0.0222258
0.602 0.0209277
0.604 0.0196975
0.606 0.0185323
0.608 0.017429
0.61 0.0163848
0.612 0.015397
0.614 0.014463
0.616 0.0135802
0.618 0.0127462
0.62 0.0119586
0.622 0.0112152
0.624 0.0105139
0.626 0.00985239
0.628 0.00922885
0.63 0.00864131
0.632 0.00808794
0.634 0.00756698
0.636 0.00707674
0.638 0.00661562
0.64 0.00618207
0.642 0.00577463
0.644 0.00539188
0.646 0.00503248
0.648 0.00469517
0.65 0.00437871
0.652 0.00408195
0.654 0.00380377
0.656 0.00354314
0.658 0.00329905
0.66 0.00307054
0.662 0.00285672
0.664 0.00265672
0.666 0.00246974
0.668 0.002295
0.67 0.00213177
0.672 0.00197936
0.674 0.00183711
0.676 0.0017044
0.678 0.00158065
0.68 0.00146529
0.682 0.00135781
0.684 0.00125771
0.686 0.00116452
0.688 0.00107781
0.69 0.000997157
0.692 0.000922169
0.694 0.000852479
0.696 0.00078774
0.698 0.000727627
0.7 0.000671832
0.702 0.000620067
0.704 0.000572062
0.706 0.000527563
0.708 0.00048633
0.71 0.000448141
0.712 0.000412785
0.714 0.000380067
0.716 0.000349802
0.718 0.000321819
0.72 0.000295955
0.722 0.000272061
0.724 0.000249997
0.726 0.00022963
0.728 0.000210837
0.73 0.000193506
0.732 0.000177528
0.734 0.000162804
0.736 0.000149242
0.738 0.000136754
0.74 0.000125262
0.742 0.000114689
0.744 0.000104967
0.746 9.60306e-05
0.748 8.78198e-05
0.75 8.02789e-05
0.752 7.33562e-05
0.754 6.70036e-05
0.756 6.11767e-05
0.758 5.58342e-05
0.76 5.09379e-05
0.762 4.64523e-05
0.764 4.23448e-05
0.766 3.85851e-05
0.768 3.51451e-05
0.77 3.1999e-05
0.772 2.91229e-05
0.774 2.64947e-05
0.776 2.40941e-05
0.778 2.19022e-05
0.78 1.99017e-05
0.782 1.80767e-05
0.784 1.64125e-05
0.786 1.48956e-05
0.788 1.35134e-05
0.79 1.22546e-05
0.792 1.11087e-05
0.794 1.00658e-05
0.796 9.11722e-06
0.798 8.25471e-06
0.8 7.47082e-06
0.802 6.75866e-06
0.804 6.11194e-06
0.806 5.52489e-06
0.808 4.99224e-06
0.81 4.50913e-06
0.812 4.07114e-06
0.814 3.67423e-06
0.816 3.31469e-06
0.818 2.98913e-06
0.82 2.69447e-06
0.822 2.42789e-06
0.824 2.18681e-06
0.826 1.96888e-06
0.828 1.77195e-06
0.83 1.59409e-06
0.832 1.4335e-06
0.834 1.28858e-06
0.836 1.15785e-06
0.838 1.03996e-06
0.84 9.33701e-07
0.842 8.37965e-07
0.844 7.51744e-07
0.846 6.74125e-07
0.848 6.04279e-07
0.85 5.41453e-07
0.852 4.84964e-07
0.854 4.34196e-07
0.856 3.88586e-07
0.858 3.47629e-07
0.86 3.10864e-07
0.862 2.77876e-07
0.864 2.48289e-07
0.866 2.21764e-07
0.868 1.97993e-07
0.87 1.767e-07
0.872 1.57634e-07
0.874 1.40568e-07
0.876 1.253e-07
0.878 1.11646e-07
0.88 9.94398e-08
0.882 8.85327e-08
0.884 7.87904e-08
0.886 7.00922e-08
0.888 6.23293e-08
0.89 5.5404e-08
0.892 4.92284e-08
0.894 4.37237e-08
0.896 3.8819e-08
0.898 3.44507e-08
0.9 3.05618e-08
0.902 2.7101e-08
0.904 2.40225e-08
0.906 2.12852e-08
0.908 1.88522e-08
0.91 1.66907e-08
0.912 1.47711e-08
0.914 1.3067e-08
0.916 1.1555e-08
0.918 1.02138e-08
0.92 9.02465e-09
0.922 7.97079e-09
0.924 7.0372e-09
0.926 6.21047e-09
0.928 5.4787e-09
0.93 4.83123e-09
0.932 4.25859e-09
0.934 3.75235e-09
0.936 3.30499e-09
0.938 2.90983e-09
0.94 2.56092e-09
0.942 2.25299e-09
0.944 1.98135e-09
0.946 1.74181e-09
0.948 1.53068e-09
0.95 1.34468e-09
0.952 1.18089e-09
0.954 1.03674e-09
0.956 9.09929e-10
0.958 7.98446e-10
0.96 7.00495e-10
0.962 6.14493e-10
0.964 5.3904e-10
0.966 4.72902e-10
0.968 4.14988e-10
0.97 3.64339e-10
0.972 3.20111e-10
0.974 2.81563e-10
0.976 2.48045e-10
0.978 2.18989e-10
0.98 1.939e-10
0.982 1.72349e-10
0.984 1.53965e-10
0.986 1.3843e-10
0.988 1.25475e-10
0.99 1.14875e-10
0.992 1.06444e-10
0.994 1.00036e-10
0.996 9.55375e-11
0.998 9.28696e-11
