-1 0.118489
-0.99 0.118258
-0.98 0.118121
-0.97 0.121818
-0.96 0.126651
-0.95 0.131594
-0.94 0.136653
-0.93 0.141849
-0.92 0.147184
-0.91 0.152659
-0.9 0.158274
-0.89 0.164031
-0.88 0.169929
-0.87 0.175969
-0.86 0.18215
-0.85 0.188474
-0.84 0.194939
-0.83 0.201546
-0.82 0.208294
-0.81 0.215181
-0.8 0.222208
-0.79 0.229372
-0.78 0.236673
-0.77 0.244109
-0.76 0.251677
-0.75 0.259378
-0.74 0.267206
-0.73 0.275162
-0.72 0.283241
-0.71 0.291441
-0.7 0.299759
-0.69 0.308191
-0.68 0.316734
-0.67 0.325383
-0.66 0.334136
-0.65 0.342987
-0.64 0.351932
-0.63 0.360966
-0.62 0.370085
-0.61 0.379282
-0.6 0.388553
-0.59 0.397891
-0.58 0.407291
-0.57 0.416747
-0.56 0.426253
-0.55 0.435801
-0.54 0.445385
-0.53 0.454999
-0.52 0.464634
-0.51 0.474284
-0.5 0.483941
-0.49 0.493598
-0.48 0.503247
-0.47 0.512879
-0.46 0.522488
-0.45 0.532063
-0.44 0.541599
-0.43 0.551085
-0.42 0.560513
-0.41 0.569875
-0.4 0.579162
-0.39 0.588366
-0.38 0.597478
-0.37 0.606488
-0.36 0.615389
-0.35 0.624171
-0.34 0.632826
-0.33 0.641344
-0.32 0.649719
-0.31 0.657939
-0.3 0.665998
-0.29 0.673887
-0.28 0.681596
-0.27 0.689119
-0.26 0.696447
-0.25 0.703572
-0.24 0.710486
-0.23 0.717182
-0.22 0.723652
-0.21 0.729889
-0.2 0.735886
-0.19 0.741636
-0.18 0.747133
-0.17 0.75237
-0.16 0.757341
-0.15 0.762042
-0.14 0.766465
-0.13 0.770606
-0.12 0.774461
-0.11 0.778024
-0.1 0.781291
-0.09 0.78426
-0.08 0.786925
-0.07 0.789284
-0.06 0.791335
-0.05 0.793074
-0.04 0.7945
-0.03 0.79561
-0.02 0.796405
-0.01 0.796882
0 0.797041
0.01 0.796882
0.02 0.796405
0.03 0.79561
0.04 0.7945
0.05 0.793074
0.06 0.791335
0.07 0.789284
0.08 0.786925
0.09 0.78426
0.1 0.781291
0.11 0.778024
0.12 0.774461
0.13 0.770606
0.14 0.766465
0.15 0.762042
0.16 0.757341
0.17 0.75237
0.18 0.747133
0.19 0.741636
0.2 0.735886
0.21 0.729889
0.22 0.723652
0.23 0.717182
0.24 0.710486
0.25 0.703572
0.26 0.696447
0.27 0.689119
0.28 0.681596
0.29 0.673887
0.3 0.665998
0.31 0.657939
0.32 0.649719
0.33 0.641344
0.34 0.632826
0.35 0.624171
0.36 0.615389
0.37 0.606488
0.38 0.597478
0.39 0.588366
0.4 0.579162
0.41 0.569875
0.42 0.560513
0.43 0.551085
0.44 0.541599
0.45 0.532063
0.46 0.522488
0.47 0.512879
0.48 0.503247
0.49 0.493598
0.5 0.483941
0.51 0.474284
0.52 0.464634
0.53 0.454999
0.54 0.445385
0.55 0.435801
0.56 0.426253
0.57 0.416747
0.58 0.407291
0.59 0.397891
0.6 0.388553
0.61 0.379282
0.62 0.370085
0.63 0.360966
0.64 0.351932
0.65 0.342987
0.66 0.334136
0.67 0.325383
0.68 0.316734
0.69 0.308191
0.7 0.299759
0.71 0.291441
0.72 0.283241
0.73 0.275162
0.74 0.267206
0.75 0.259378
0.76 0.251677
0.77 0.244109
0.78 0.236673
0.79 0.229372
0.8 0.222208
0.81 0.215181
0.82 0.208294
0.83 0.201546
0.84 0.194939
0.85 0.188474
0.86 0.18215
0.87 0.175969
0.88 0.169929
0.89 0.164031
0.9 0.158274
0.91 0.152659
0.92 0.147184
0.93 0.141849
0.94 0.136653
0.95 0.131594
0.96 0.126651
0.97 0.121818
0.98 0.118121
0.99 0.118258
