-1 3.33025
-0.998 3.32982
-0.996 3.32854
-0.994 3.32642
-0.992 3.32344
-0.99 3.31962
-0.988 3.31496
-0.986 3.30945
-0.984 3.3031
-0.982 3.29592
-0.98 3.28791
-0.978 3.27908
-0.976 3.26942
-0.974 3.25895
-0.972 3.24767
-0.97 3.2356
-0.968 3.22272
-0.966 3.20907
-0.964 3.19463
-0.962 3.17943
-0.96 3.16347
-0.958 3.14675
-0.956 3.1293
-0.954 3.11112
-0.952 3.09223
-0.95 3.07263
-0.948 3.05233
-0.946 3.03136
-0.944 3.00971
-0.942 2.98741
-0.94 2.96448
-0.938 2.94091
-0.936 2.91674
-0.934 2.89196
-0.932 2.86661
-0.93 2.84069
-0.928 2.81422
-0.926 2.78722
-0.924 2.7597
-0.922 2.73169
-0.92 2.70319
-0.918 2.67423
-0.916 2.64483
-0.914 2.615
-0.912 2.58476
-0.91 2.55413
-0.908 2.52313
-0.906 2.49177
-0.904 2.46009
-0.902 2.42809
-0.9 2.3958
-0.898 2.36324
-0.896 2.33042
-0.894 2.29737
-0.892 2.26411
-0.89 2.23065
-0.888 2.19702
-0.886 2.16324
-0.884 2.12932
-0.882 2.09529
-0.88 2.06116
-0.878 2.02696
-0.876 1.99271
-0.874 1.95842
-0.872 1.92412
-0.87 1.88982
-0.868 1.85554
-0.866 1.82131
-0.864 1.78713
-0.862 1.75303
-0.86 1.71903
-0.858 1.68514
-0.856 1.65139
-0.854 1.61778
-0.852 1.58434
-0.85 1.55108
-0.848 1.51802
-0.846 1.48517
-0.844 1.45255
-0.842 1.42017
-0.84 1.38805
-0.838 1.3562
-0.836 1.32463
-0.834 1.29336
-0.832 1.26241
-0.83 1.23177
-0.828 1.20147
-0.826 1.17151
-0.824 1.1419
-0.822 1.11266
-0.82 1.0838
-0.818 1.05532
-0.816 1.02723
-0.814 0.999536
-0.812 0.972251
-0.81 0.94538
-0.808 0.918928
-0.806 0.892902
-0.804 0.867306
-0.802 0.842145
-0.8 0.817424
-0.798 0.793146
-0.796 0.769315
-0.794 0.745933
-0.792 0.723002
-0.79 0.700524
-0.788 0.6785
-0.786 0.656932
-0.784 0.635819
-0.782 0.615161
-0.78 0.594959
-0.778 0.57521
-0.776 0.555914
-0.774 0.537068
-0.772 0.518672
-0.77 0.500722
-0.768 0.483215
-0.766 0.466149
-0.764 0.449519
-0.762 0.433322
-0.76 0.417555
-0.758 0.402211
-0.756 0.387288
-0.754 0.37278
-0.752 0.358681
-0.75 0.344986
-0.748 0.331691
-0.746 0.318788
-0.744 0.306273
-0.742 0.294138
-0.74 0.282378
-0.738 0.270985
-0.736 0.259955
-0.734 0.249279
-0.732 0.238951
-0.73 0.228965
-0.728 0.219312
-0.726 0.209987
-0.724 0.200982
-0.722 0.19229
-0.72 0.183904
-0.718 0.175816
-0.716 0.16802
-0.714 0.160508
-0.712 0.153274
-0.71 0.146309
-0.708 0.139608
-0.706 0.133162
-0.704 0.126965
-0.702 0.12101
-0.7 0.11529
-0.698 0.109798
-0.696 0.104528
-0.694 0.0994715
-0.692 0.0946234
-0.69 0.0899769
-0.688 0.0855255
-0.686 0.0812628
-0.684 0.0771827
-0.682 0.073279
-0.68 0.0695458
-0.678 0.0659772
-0.676 0.0625674
-0.674 0.0593107
-0.672 0.0562017
-0.67 0.0532349
-0.668 0.0504052
-0.666 0.0477072
-0.664 0.045136
-0.662 0.0426868
-0.66 0.0403547
-0.658 0.0381351
-0.656 0.0360235
-0.654 0.0340156
-0.652 0.0321069
-0.65 0.0302936
-0.648 0.0285714
-0.646 0.0269366
-0.644 0.0253854
-0.642 0.0239141
-0.64 0.0225193
-0.638 0.0211975
-0.636 0.0199454
-0.634 0.01876
-0.632 0.017638
-0.63 0.0165766
-0.628 0.015573
-0.626 0.0146244
-0.624 0.0137282
-0.622 0.0128818
-0.62 0.0120828
-0.618 0.0113289
-0.616 0.0106179
-0.614 0.00994756
-0.612 0.00931588
-0.61 0.00872086
-0.608 0.00816063
-0.606 0.00763337
-0.604 0.00713736
-0.602 0.00667094
-0.6 0.00623254
-0.598 0.00582065
-0.596 0.00543383
-0.594 0.00507071
-0.592 0.00472998
-0.59 0.0044104
-0.588 0.00411079
-0.586 0.00383001
-0.584 0.003567
-0.582 0.00332074
-0.58 0.00309025
-0.578 0.00287462
-0.576 0.00267297
-0.574 0.00248449
-0.572 0.00230838
-0.57 0.0021439
-0.568 0.00199036
-0.566 0.00184707
-0.564 0.00171342
-0.562 0.00158882
-0.56 0.00147268
-0.558 0.0013645
-0.556 0.00126376
-0.554 0.00116999
-0.552 0.00108275
-0.55 0.00100162
-0.548 0.000926196
-0.546 0.000856113
-0.544 0.000791019
-0.542 0.000730583
-0.54 0.000674497
-0.538 0.000622468
-0.536 0.000574225
-0.534 0.000529509
-0.532 0.000488082
-0.53 0.000449717
-0.528 0.000414202
-0.526 0.000381341
-0.524 0.000350946
-0.522 0.000322846
-0.52 0.000296878
-0.518 0.000272889
-0.516 0.000250739
-0.514 0.000230295
-0.512 0.000211434
-0.51 0.00019404
-0.508 0.000178007
-0.506 0.000163233
-0.504 0.000149625
-0.502 0.000137097
-0.5 0.000125569
-0.498 0.000114963
-0.496 0.000105212
-0.494 9.62493e-05
-0.492 8.8015e-05
-0.49 8.04531e-05
-0.488 7.35115e-05
-0.486 6.71421e-05
-0.484 6.13001e-05
-0.482 5.59441e-05
-0.48 5.10358e-05
-0.478 4.65395e-05
-0.476 4.24224e-05
-0.474 3.8654e-05
-0.472 3.52064e-05
-0.47 3.20535e-05
-0.468 2.91713e-05
-0.466 2.65377e-05
-0.464 2.41322e-05
-0.462 2.1936e-05
-0.46 1.99317e-05
-0.458 1.81033e-05
-0.456 1.64361e-05
-0.454 1.49165e-05
-0.452 1.35319e-05
-0.45 1.2271e-05
-0.448 1.11231e-05
-0.446 1.00786e-05
-0.444 9.12852e-06
-0.442 8.2647e-06
-0.44 7.47963e-06
-0.438 6.76644e-06
-0.436 6.1188e-06
-0.434 5.53095e-06
-0.432 4.99757e-06
-0.43 4.51383e-06
-0.428 4.07528e-06
-0.426 3.67788e-06
-0.424 3.3179e-06
-0.422 2.99196e-06
-0.42 2.69696e-06
-0.418 2.43007e-06
-0.416 2.18872e-06
-0.414 1.97056e-06
-0.412 1.77343e-06
-0.41 1.59538e-06
-0.408 1.43464e-06
-0.406 1.28958e-06
-0.404 1.15872e-06
-0.402 1.04072e-06
-0.4 9.3437e-07
-0.398 8.38551e-07
-0.396 7.52256e-07
-0.394 6.74573e-07
-0.392 6.0467e-07
-0.39 5.41794e-07
-0.388 4.85263e-07
-0.386 4.34456e-07
-0.384 3.88813e-07
-0.382 3.47826e-07
-0.38 3.11036e-07
-0.378 2.78026e-07
-0.376 2.4842e-07
-0.374 2.21878e-07
-0.372 1.98092e-07
-0.37 1.76786e-07
-0.368 1.57708e-07
-0.366 1.40633e-07
-0.364 1.25356e-07
-0.362 1.11695e-07
-0.36 9.9482e-08
-0.358 8.85693e-08
-0.356 7.88221e-08
-0.354 7.01196e-08
-0.352 6.2353e-08
-0.35 5.54244e-08
-0.348 4.92461e-08
-0.346 4.3739e-08
-0.344 3.88322e-08
-0.342 3.44621e-08
-0.34 3.05715e-08
-0.338 2.71094e-08
-0.336 2.40297e-08
-0.334 2.12914e-08
-0.332 1.88575e-08
-0.33 1.66952e-08
-0.328 1.4775e-08
-0.326 1.30704e-08
-0.324 1.15578e-08
-0.322 1.02162e-08
-0.32 9.02666e-09
-0.318 7.97247e-09
-0.316 7.03858e-09
-0.314 6.2116e-09
-0.312 5.4796e-09
-0.31 4.83192e-09
-0.308 4.25909e-09
-0.306 3.75268e-09
-0.304 3.30515e-09
-0.302 2.90984e-09
-0.3 2.56077e-09
-0.298 2.25269e-09
-0.296 1.98087e-09
-0.294 1.74116e-09
-0.292 1.52984e-09
-0.29 1.34363e-09
-0.288 1.17962e-09
-0.286 1.03521e-09
-0.284 9.08122e-10
-0.282 7.96308e-10
-0.28 6.9799e-10
-0.278 6.11564e-10
-0.276 5.35627e-10
-0.274 4.68928e-10
-0.272 4.10373e-10
-0.27 3.58983e-10
-0.268 3.13907e-10
-0.266 2.7438e-10
-0.264 2.3973e-10
-0.262 2.0938e-10
-0.26 1.82794e-10
-0.258 1.59519e-10
-0.256 1.39158e-10
-0.254 1.21341e-10
-0.252 1.05769e-10
-0.25 9.21506e-11
-0.248 8.02579e-11
-0.246 6.98724e-11
-0.244 6.08065e-11
-0.242 5.28959e-11
-0.24 4.59986e-11
-0.238 3.99799e-11
-0.236 3.47356e-11
-0.234 3.01638e-11
-0.232 2.61899e-11
-0.23 2.27283e-11
-0.228 1.97181e-11
-0.226 1.70939e-11
-0.224 1.48192e-11
-0.222 1.28399e-11
-0.22 1.11229e-11
-0.218 9.62691e-12
-0.216 8.33335e-12
-0.214 7.20956e-12
-0.212 6.23271e-12
-0.21 5.38882e-12
-0.208 4.6548e-12
-0.206 4.02017e-12
-0.204 3.47434e-12
-0.202 2.99689e-12
-0.2 2.58425e-12
-0.198 2.22908e-12
-0.196 1.92016e-12
-0.194 1.65484e-12
-0.192 1.42677e-12
-0.19 1.22895e-12
-0.188 1.0582e-12
-0.186 9.10218e-13
-0.184 7.81026e-13
-0.182 6.74296e-13
-0.18 5.72877e-13
-0.178 4.94982e-13
-0.176 4.2491e-13
-0.174 3.66803e-13
-0.172 3.13254e-13
-0.17 2.71154e-13
-0.168 2.31893e-13
-0.166 1.98031e-13
-0.164 1.68411e-13
-0.162 1.47851e-13
-0.16 1.26067e-13
-0.158 1.09956e-13
-0.156 9.58625e-14
-0.154 7.75802e-14
-0.152 6.84699e-14
-0.15 5.30719e-14
-0.148 5.47282e-14
-0.146 4.06617e-14
-0.144 3.69558e-14
-0.142 3.01166e-14
-0.14 2.72153e-14
-0.138 2.232e-14
-0.136 1.81643e-14
-0.134 1.99161e-14
-0.132 1.59455e-14
-0.13 1.3186e-14
-0.128 1.15197e-14
-0.126 1.34501e-14
-0.124 4.50029e-15
-0.122 7.35638e-15
-0.12 8.06646e-15
-0.118 3.3802e-15
-0.116 8.95114e-15
-0.114 5.46983e-15
-0.112 4.55658e-15
-0.11 2.99681e-15
-0.108 4.12506e-15
-0.106 6.488e-15
-0.104 4.37726e-15
-0.102 4.36234e-15
-0.1 1.10154e-15
-0.098 2.4276e-15
-0.096 3.0348e-15
-0.094 3.4667e-15
-0.092 6.19728e-16
-0.09 2.78231e-15
-0.088 1.85159e-15
-0.086 2.39358e-15
-0.084 1.26349e-16
-0.082 2.60695e-15
-0.08 3.20053e-15
-0.078 1.96889e-15
-0.076 3.20515e-15
-0.074 -8.79704e-16
-0.072 2.50772e-15
-0.07 1.81612e-15
-0.068 2.25851e-15
-0.066 3.03006e-15
-0.064 1.14375e-16
-0.062 1.1628e-15
-0.06 3.39744e-15
-0.058 2.81504e-15
-0.056 1.48609e-15
-0.054 6.0787e-16
-0.052 4.38026e-15
-0.05 2.7799e-15
-0.048 2.85152e-15
-0.046 -1.56445e-16
-0.044 9.71705e-16
-0.042 -2.07664e-15
-0.04 2.97011e-15
-0.038 1.47941e-16
-0.036 8.91963e-16
-0.034 1.55039e-15
-0.032 4.8254e-15
-0.03 -2.50529e-17
-0.028 2.48678e-15
-0.026 -1.05889e-15
-0.024 2.55295e-15
-0.022 -4.45495e-16
-0.02 8.71175e-16
-0.018 5.52174e-16
-0.016 1.47905e-15
-0.014 1.27521e-15
-0.012 -3.95918e-16
-0.01 4.36409e-15
-0.008 1.58298e-16
-0.006 2.0632e-15
-0.004 -8.98201e-16
-0.002 1.39861e-15
0 8.37236e-16
0.002 6.83564e-16
0.004 -2.06788e-15
0.006 8.91175e-16
0.008 -2.44524e-15
0.01 2.06898e-15
0.012 7.91849e-16
0.014 -1.44723e-15
0.016 -2.21095e-15
0.018 2.5706e-16
0.02 2.32619e-17
0.022 9.07393e-16
0.024 5.34105e-16
0.026 -1.30195e-15
0.028 1.42057e-15
0.03 1.80479e-15
0.032 -3.80955e-16
0.034 2.12985e-15
0.036 7.0107e-16
0.038 3.62326e-15
0.04 1.58869e-15
0.042 9.85665e-16
0.044 -3.66473e-16
0.046 -2.1601e-16
0.048 1.30827e-16
0.05 1.28491e-15
0.052 -2.46112e-15
0.054 1.648e-16
0.056 6.98331e-16
0.058 -1.39739e-15
0.06 -3.12299e-15
0.062 1.99423e-15
0.064 -1.35326e-15
0.066 7.87196e-16
0.068 -5.63437e-16
0.07 -2.38627e-16
0.072 -2.27791e-15
0.074 -9.15986e-16
0.076 -2.80454e-15
0.078 -3.05423e-15
0.08 -6.90134e-17
0.082 -1.42224e-15
0.084 8.52726e-16
0.086 -1.96589e-15
0.088 3.65142e-15
0.09 -6.16276e-16
0.092 -1.98199e-17
0.094 1.15185e-15
0.096 2.82137e-15
0.098 7.91329e-16
0.1 6.69787e-16
0.102 1.53998e-15
0.104 1.85498e-15
0.106 -1.99722e-15
0.108 1.72783e-15
0.11 2.96874e-15
0.112 2.46803e-15
0.114 2.66697e-15
0.116 5.34385e-15
0.118 5.33647e-15
0.12 4.44779e-15
0.122 6.42618e-15
0.124 8.16513e-15
0.126 6.0495e-15
0.128 9.31939e-15
0.13 1.13657e-14
0.132 9.44037e-15
0.134 1.76139e-14
0.136 1.65318e-14
0.138 2.21537e-14
0.14 2.42056e-14
0.142 3.18256e-14
0.144 3.45999e-14
0.146 3.53075e-14
0.148 5.17105e-14
0.15 5.56025e-14
0.152 6.57832e-14
0.154 7.90721e-14
0.156 8.7479e-14
0.158 1.06795e-13
0.16 1.23091e-13
0.162 1.43437e-13
0.164 1.66897e-13
0.166 1.93515e-13
0.168 2.31922e-13
0.17 2.69499e-13
0.172 3.12813e-13
0.174 3.65759e-13
0.176 4.2435e-13
0.178 4.95161e-13
0.18 5.74907e-13
0.182 6.71275e-13
0.184 7.81836e-13
0.186 9.06713e-13
0.188 1.0569e-12
0.19 1.22797e-12
0.192 1.42398e-12
0.194 1.65278e-12
0.196 1.92013e-12
0.198 2.2245e-12
0.2 2.58444e-12
0.202 2.99228e-12
0.204 3.4698e-12
0.206 4.01614e-12
0.208 4.65301e-12
0.21 5.38351e-12
0.212 6.22914e-12
0.214 7.20544e-12
0.216 8.32945e-12
0.218 9.62423e-12
0.22 1.11207e-11
0.222 1.28372e-11
0.224 1.48193e-11
0.226 1.70946e-11
0.228 1.97151e-11
0.23 2.27232e-11
0.232 2.61889e-11
0.234 3.0167e-11
0.236 3.47381e-11
0.238 3.99787e-11
0.24 4.59938e-11
0.242 5.28908e-11
0.244 6.08033e-11
0.246 6.98659e-11
0.248 8.02553e-11
0.25 9.21482e-11
0.252 1.05764e-10
0.254 1.21341e-10
0.256 1.39154e-10
0.258 1.5952e-10
0.26 1.82787e-10
0.262 2.09378e-10
0.264 2.39726e-10
0.266 2.74379e-10
0.268 3.13899e-10
0.27 3.58982e-10
0.272 4.10369e-10
0.274 4.68923e-10
0.276 5.35623e-10
0.278 6.11558e-10
0.28 6.97994e-10
0.282 7.96305e-10
0.284 9.08118e-10
0.286 1.03521e-09
0.288 1.17962e-09
0.29 1.34363e-09
0.292 1.52984e-09
0.294 1.74116e-09
0.296 1.98087e-09
0.298 2.25268e-09
0.3 2.56077e-09
0.302 2.90984e-09
0.304 3.30515e-09
0.306 3.75267e-09
0.308 4.25909e-09
0.31 4.83192e-09
0.312 5.4796e-09
0.314 6.2116e-09
0.316 7.03858e-09
0.318 7.97247e-09
0.32 9.02666e-09
0.322 1.02162e-08
0.324 1.15578e-08
0.326 1.30704e-08
0.328 1.4775e-08
0.33 1.66952e-08
0.332 1.88575e-08
0.334 2.12914e-08
0.336 2.40297e-08
0.338 2.71094e-08
0.34 3.05715e-08
0.342 3.44621e-08
0.344 3.88322e-08
0.346 4.3739e-08
0.348 4.92461e-08
0.35 5.54244e-08
0.352 6.2353e-08
0.354 7.01196e-08
0.356 7.88221e-08
0.358 8.85693e-08
0.36 9.9482e-08
0.362 1.11695e-07
0.364 1.25356e-07
0.366 1.40633e-07
0.368 1.57708e-07
0.37 1.76786e-07
0.372 1.98092e-07
0.374 2.21878e-07
0.376 2.4842e-07
0.378 2.78026e-07
0.38 3.11036e-07
0.382 3.47826e-07
0.384 3.88813e-07
0.386 4.34456e-07
0.388 4.85262e-07
0.39 5.41794e-07
0.392 6.0467e-07
0.394 6.74573e-07
0.396 7.52256e-07
0.398 8.38551e-07
0.4 9.3437e-07
0.402 1.04072e-06
0.404 1.15872e-06
0.406 1.28958e-06
0.408 1.43464e-06
0.41 1.59538e-06
0.412 1.77343e-06
0.414 1.97056e-06
0.416 2.18872e-06
0.418 2.43007e-06
0.42 2.69696e-06
0.422 2.99196e-06
0.424 3.3179e-06
0.426 3.67788e-06
0.428 4.07528e-06
0.43 4.51383e-06
0.432 4.99757e-06
0.434 5.53095e-06
0.436 6.1188e-06
0.438 6.76644e-06
0.44 7.47963e-06
0.442 8.2647e-06
0.444 9.12852e-06
0.446 1.00786e-05
0.448 1.11231e-05
0.45 1.2271e-05
0.452 1.35319e-05
0.454 1.49165e-05
0.456 1.64361e-05
0.458 1.81033e-05
0.46 1.99317e-05
0.462 2.1936e-05
0.464 2.41322e-05
0.466 2.65377e-05
0.468 2.91713e-05
0.47 3.20535e-05
0.472 3.52064e-05
0.474 3.8654e-05
0.476 4.24224e-05
0.478 4.65395e-05
0.48 5.10358e-05
0.482 5.59441e-05
0.484 6.13001e-05
0.486 6.71421e-05
0.488 7.35115e-05
0.49 8.04531e-05
0.492 8.8015e-05
0.494 9.62493e-05
0.496 0.000105212
0.498 0.000114963
0.5 0.000125569
0.502 0.000137097
0.504 0.000149625
0.506 0.000163233
0.508 0.000178007
0.51 0.00019404
0.512 0.000211434
0.514 0.000230295
0.516 0.000250739
0.518 0.000272889
0.52 0.000296878
0.522 0.000322846
0.524 0.000350946
0.526 0.000381341
0.528 0.000414202
0.53 0.000449717
0.532 0.000488082
0.534 0.000529509
0.536 0.000574225
0.538 0.000622468
0.54 0.000674497
0.542 0.000730583
0.544 0.000791019
0.546 0.000856113
0.548 0.000926196
0.55 0.00100162
0.552 0.00108275
0.554 0.00116999
0.556 0.00126376
0.558 0.0013645
0.56 0.00147268
0.562 0.00158882
0.564 0.00171342
0.566 0.00184707
0.568 0.00199036
0.57 0.0021439
0.572 0.00230838
0.574 0.00248449
0.576 0.00267297
0.578 0.00287462
0.58 0.00309025
0.582 0.00332074
0.584 0.003567
0.586 0.00383001
0.588 0.00411079
0.59 0.0044104
0.592 0.00472998
0.594 0.00507071
0.596 0.00543383
0.598 0.00582065
0.6 0.00623254
0.602 0.00667094
0.604 0.00713736
0.606 0.00763337
0.608 0.00816063
0.61 0.00872086
0.612 0.00931588
0.614 0.00994756
0.616 0.0106179
0.618 0.0113289
0.62 0.0120828
0.622 0.0128818
0.624 0.0137282
0.626 0.0146244
0.628 0.015573
0.63 0.0165766
0.632 0.017638
0.634 0.01876
0.636 0.0199454
0.638 0.0211975
0.64 0.0225193
0.642 0.0239141
0.644 0.0253854
0.646 0.0269366
0.648 0.0285714
0.65 0.0302936
0.652 0.0321069
0.654 0.0340156
0.656 0.0360235
0.658 0.0381351
0.66 0.0403547
0.662 0.0426868
0.664 0.045136
0.666 0.0477072
0.668 0.0504052
0.67 0.0532349
0.672 0.0562017
0.674 0.0593107
0.676 0.0625674
0.678 0.0659772
0.68 0.0695458
0.682 0.073279
0.684 0.0771827
0.686 0.0812628
0.688 0.0855255
0.69 0.0899769
0.692 0.0946234
0.694 0.0994715
0.696 0.104528
0.698 0.109798
0.7 0.11529
0.702 0.12101
0.704 0.126965
0.706 0.133162
0.708 0.139608
0.71 0.146309
0.712 0.153274
0.714 0.160508
0.716 0.16802
0.718 0.175816
0.72 0.183904
0.722 0.19229
0.724 0.200982
0.726 0.209987
0.728 0.219312
0.73 0.228965
0.732 0.238951
0.734 0.249279
0.736 0.259955
0.738 0.270985
0.74 0.282378
0.742 0.294138
0.744 0.306273
0.746 0.318788
0.748 0.331691
0.75 0.344986
0.752 0.358681
0.754 0.37278
0.756 0.387288
0.758 0.402211
0.76 0.417555
0.762 0.433322
0.764 0.449519
0.766 0.466149
0.768 0.483215
0.77 0.500722
0.772 0.518672
0.774 0.537068
0.776 0.555914
0.778 0.57521
0.78 0.594959
0.782 0.615161
0.784 0.635819
0.786 0.656932
0.788 0.6785
0.79 0.700524
0.792 0.723002
0.794 0.745933
0.796 0.769315
0.798 0.793146
0.8 0.817424
0.802 0.842145
0.804 0.867306
0.806 0.892902
0.808 0.918928
0.81 0.94538
0.812 0.972251
0.814 0.999536
0.816 1.02723
0.818 1.05532
0.82 1.0838
0.822 1.11266
0.824 1.1419
0.826 1.17151
0.828 1.20147
0.83 1.23177
0.832 1.26241
0.834 1.29336
0.836 1.32463
0.838 1.3562
0.84 1.38805
0.842 1.42017
0.844 1.45255
0.846 1.48517
0.848 1.51802
0.85 1.55108
0.852 1.58434
0.854 1.61778
0.856 1.65139
0.858 1.68514
0.86 1.71903
0.862 1.75303
0.864 1.78713
0.866 1.82131
0.868 1.85554
0.87 1.88982
0.872 1.92412
0.874 1.95842
0.876 1.99271
0.878 2.02696
0.88 2.06116
0.882 2.09529
0.884 2.12932
0.886 2.16324
0.888 2.19702
0.89 2.23065
0.892 2.26411
0.894 2.29737
0.896 2.33042
0.898 2.36324
0.9 2.3958
0.902 2.42809
0.904 2.46009
0.906 2.49177
0.908 2.52313
0.91 2.55413
0.912 2.58476
0.914 2.615
0.916 2.64483
0.918 2.67423
0.92 2.70319
0.922 2.73169
0.924 2.7597
0.926 2.78722
0.928 2.81422
0.93 2.84069
0.932 2.86661
0.934 2.89196
0.936 2.91674
0.938 2.94091
0.94 2.96448
0.942 2.98741
0.944 3.00971
0.946 3.03136
0.948 3.05233
0.95 3.07263
0.952 3.09223
0.954 3.11112
0.956 3.1293
0.958 3.14675
0.96 3.16347
0.962 3.17943
0.964 3.19463
0.966 3.20907
0.968 3.22272
0.97 3.2356
0.972 3.24767
0.974 3.25895
0.976 3.26942
0.978 3.27908
0.98 3.28791
0.982 3.29592
0.984 3.3031
0.986 3.30945
0.988 3.31496
0.99 3.31962
0.992 3.32344
0.994 3.32642
0.996 3.32854
0.998 3.32982
