-1 0.258847
-0.99 0.259286
-0.98 0.259115
-0.97 0.259783
-0.96 0.259928
-0.95 0.260748
-0.94 0.261314
-0.93 0.262148
-0.92 0.263266
-0.91 0.26402
-0.9 0.26565
-0.89 0.266543
-0.88 0.268229
-0.87 0.269834
-0.86 0.27111
-0.85 0.273379
-0.84 0.274988
-0.83 0.276708
-0.82 0.279368
-0.81 0.281246
-0.8 0.283032
-0.79 0.286027
-0.78 0.288769
-0.77 0.290372
-0.76 0.292523
-0.75 0.296801
-0.74 0.302967
-0.73 0.309989
-0.72 0.317206
-0.71 0.324441
-0.7 0.331703
-0.69 0.339008
-0.68 0.346359
-0.67 0.353751
-0.66 0.36118
-0.65 0.368642
-0.64 0.376133
-0.63 0.383649
-0.62 0.391185
-0.61 0.398738
-0.6 0.406303
-0.59 0.413875
-0.58 0.42145
-0.57 0.429023
-0.56 0.43659
-0.55 0.444145
-0.54 0.451685
-0.53 0.459203
-0.52 0.466696
-0.51 0.474157
-0.5 0.481583
-0.49 0.488968
-0.48 0.496307
-0.47 0.503595
-0.46 0.510827
-0.45 0.517998
-0.44 0.525102
-0.43 0.532135
-0.42 0.539092
-0.41 0.545968
-0.4 0.552756
-0.39 0.559454
-0.38 0.566055
-0.37 0.572554
-0.36 0.578947
-0.35 0.585229
-0.34 0.591395
-0.33 0.59744
-0.32 0.60336
-0.31 0.609149
-0.3 0.614805
-0.29 0.620321
-0.28 0.625694
-0.27 0.63092
-0.26 0.635994
-0.25 0.640913
-0.24 0.645672
-0.23 0.650268
-0.22 0.654696
-0.21 0.658954
-0.2 0.663038
-0.19 0.666944
-0.18 0.67067
-0.17 0.674212
-0.16 0.677568
-0.15 0.680734
-0.14 0.683709
-0.13 0.686489
-0.12 0.689073
-0.11 0.691458
-0.1 0.693642
-0.09 0.695623
-0.08 0.697401
-0.07 0.698973
-0.06 0.700338
-0.05 0.701495
-0.04 0.702443
-0.03 0.703181
-0.02 0.703708
-0.01 0.704025
0 0.704131
0.01 0.704025
0.02 0.703708
0.03 0.703181
0.04 0.702443
0.05 0.701495
0.06 0.700338
0.07 0.698973
0.08 0.697401
0.09 0.695623
0.1 0.693642
0.11 0.691458
0.12 0.689073
0.13 0.686489
0.14 0.683709
0.15 0.680734
0.16 0.677568
0.17 0.674212
0.18 0.67067
0.19 0.666944
0.2 0.663038
0.21 0.658954
0.22 0.654696
0.23 0.650268
0.24 0.645672
0.25 0.640913
0.26 0.635994
0.27 0.63092
0.28 0.625694
0.29 0.620321
0.3 0.614805
0.31 0.609149
0.32 0.60336
0.33 0.59744
0.34 0.591395
0.35 0.585229
0.36 0.578947
0.37 0.572554
0.38 0.566055
0.39 0.559454
0.4 0.552756
0.41 0.545968
0.42 0.539092
0.43 0.532135
0.44 0.525102
0.45 0.517998
0.46 0.510827
0.47 0.503595
0.48 0.496307
0.49 0.488968
0.5 0.481583
0.51 0.474157
0.52 0.466696
0.53 0.459203
0.54 0.451685
0.55 0.444145
0.56 0.43659
0.57 0.429023
0.58 0.42145
0.59 0.413875
0.6 0.406303
0.61 0.398738
0.62 0.391185
0.63 0.383649
0.64 0.376133
0.65 0.368642
0.66 0.36118
0.67 0.353751
0.68 0.346359
0.69 0.339008
0.7 0.331703
0.71 0.324441
0.72 0.317206
0.73 0.309989
0.74 0.302967
0.75 0.296801
0.76 0.292523
0.77 0.290372
0.78 0.288769
0.79 0.286027
0.8 0.283032
0.81 0.281246
0.82 0.279368
0.83 0.276708
0.84 0.274988
0.85 0.273379
0.86 0.27111
0.87 0.269834
0.88 0.268229
0.89 0.266543
0.9 0.26565
0.91 0.26402
0.92 0.263266
0.93 0.262148
0.94 0.261314
0.95 0.260748
0.96 0.259928
0.97 0.259783
0.98 0.259115
0.99 0.259286
