-1 0.551177
-0.99 0.551269
-0.98 0.551056
-0.97 0.551051
-0.96 0.550694
-0.95 0.55061
-0.94 0.550093
-0.93 0.54994
-0.92 0.549257
-0.91 0.549026
-0.9 0.548197
-0.89 0.547845
-0.88 0.546925
-0.87 0.546374
-0.86 0.545448
-0.85 0.544606
-0.84 0.543745
-0.83 0.542568
-0.82 0.541749
-0.81 0.540325
-0.8 0.539378
-0.79 0.537926
-0.78 0.536607
-0.77 0.53531
-0.76 0.533557
-0.75 0.532284
-0.74 0.5304
-0.73 0.528738
-0.72 0.527075
-0.71 0.524896
-0.7 0.523227
-0.69 0.521048
-0.68 0.518791
-0.67 0.516893
-0.66 0.514301
-0.65 0.511964
-0.64 0.509749
-0.63 0.50684
-0.62 0.504331
-0.61 0.501835
-0.6 0.498635
-0.59 0.495843
-0.58 0.49316
-0.57 0.489701
-0.56 0.486472
-0.55 0.483663
-0.54 0.480121
-0.53 0.476284
-0.52 0.473135
-0.51 0.469871
-0.5 0.465692
-0.49 0.461542
-0.48 0.458218
-0.47 0.454835
-0.46 0.450364
-0.45 0.445313
-0.44 0.441129
-0.43 0.43865
-0.42 0.437631
-0.41 0.437347
-0.4 0.437231
-0.39 0.43705
-0.38 0.436771
-0.37 0.436416
-0.36 0.436004
-0.35 0.435542
-0.34 0.435034
-0.33 0.434483
-0.32 0.433893
-0.31 0.433269
-0.3 0.432614
-0.29 0.431933
-0.28 0.431229
-0.27 0.430507
-0.26 0.42977
-0.25 0.429023
-0.24 0.42827
-0.23 0.427514
-0.22 0.426759
-0.21 0.426009
-0.2 0.425267
-0.19 0.424537
-0.18 0.423823
-0.17 0.423127
-0.16 0.422453
-0.15 0.421804
-0.14 0.421182
-0.13 0.420591
-0.12 0.420034
-0.11 0.419511
-0.1 0.419026
-0.09 0.418581
-0.08 0.418178
-0.07 0.417818
-0.06 0.417503
-0.05 0.417234
-0.04 0.417013
-0.03 0.41684
-0.02 0.416715
-0.01 0.416641
0 0.416616
0.01 0.416641
0.02 0.416715
0.03 0.41684
0.04 0.417013
0.05 0.417234
0.06 0.417503
0.07 0.417818
0.08 0.418178
0.09 0.418581
0.1 0.419026
0.11 0.419511
0.12 0.420034
0.13 0.420591
0.14 0.421182
0.15 0.421804
0.16 0.422453
0.17 0.423127
0.18 0.423823
0.19 0.424537
0.2 0.425267
0.21 0.426009
0.22 0.426759
0.23 0.427514
0.24 0.42827
0.25 0.429023
0.26 0.42977
0.27 0.430507
0.28 0.431229
0.29 0.431933
0.3 0.432614
0.31 0.433269
0.32 0.433893
0.33 0.434483
0.34 0.435034
0.35 0.435542
0.36 0.436004
0.37 0.436416
0.38 0.436771
0.39 0.43705
0.4 0.437231
0.41 0.437347
0.42 0.437631
0.43 0.43865
0.44 0.441129
0.45 0.445313
0.46 0.450364
0.47 0.454835
0.48 0.458218
0.49 0.461542
0.5 0.465692
0.51 0.469871
0.52 0.473135
0.53 0.476284
0.54 0.480121
0.55 0.483663
0.56 0.486472
0.57 0.489701
0.58 0.49316
0.59 0.495843
0.6 0.498635
0.61 0.501835
0.62 0.504331
0.63 0.50684
0.64 0.509749
0.65 0.511964
0.66 0.514301
0.67 0.516893
0.68 0.518791
0.69 0.521048
0.7 0.523227
0.71 0.524896
0.72 0.527075
0.73 0.528738
0.74 0.5304
0.75 0.532284
0.76 0.533557
0.77 0.53531
0.78 0.536607
0.79 0.537926
0.8 0.539378
0.81 0.540325
0.82 0.541749
0.83 0.542568
0.84 0.543745
0.85 0.544606
0.86 0.545448
0.87 0.546374
0.88 0.546925
0.89 0.547845
0.9 0.548197
0.91 0.549026
0.92 0.549257
0.93 0.54994
0.94 0.550093
0.95 0.55061
0.96 0.550694
0.97 0.551051
0.98 0.551056
0.99 0.551269
