-1 8.23552e-16
-0.998 8.35311e-16
-0.996 8.70905e-16
-0.994 9.31293e-16
-0.992 1.0181e-15
-0.99 1.13365e-15
-0.988 1.28105e-15
-0.986 1.46423e-15
-0.984 1.68807e-15
-0.982 1.95852e-15
-0.98 2.28273e-15
-0.978 2.66925e-15
-0.976 3.12822e-15
-0.974 3.67165e-15
-0.972 4.31366e-15
-0.97 5.07088e-15
-0.968 5.96284e-15
-0.966 7.0124e-15
-0.964 8.24636e-15
-0.962 9.69606e-15
-0.96 1.13981e-14
-0.958 1.33954e-14
-0.956 1.57377e-14
-0.954 1.84835e-14
-0.952 2.17007e-14
-0.95 2.54685e-14
-0.948 2.98792e-14
-0.946 3.50404e-14
-0.944 4.10772e-14
-0.942 4.81351e-14
-0.94 5.63836e-14
-0.938 6.60193e-14
-0.936 7.72711e-14
-0.934 9.04046e-14
-0.932 1.05728e-13
-0.93 1.236e-13
-0.928 1.44435e-13
-0.926 1.68714e-13
-0.924 1.96997e-13
-0.922 2.29928e-13
-0.92 2.68257e-13
-0.918 3.12851e-13
-0.916 3.64711e-13
-0.914 4.24999e-13
-0.912 4.95054e-13
-0.91 5.76426e-13
-0.908 6.70905e-13
-0.906 7.80557e-13
-0.904 9.07768e-13
-0.902 1.05529e-12
-0.9 1.22629e-12
-0.898 1.42443e-12
-0.896 1.65393e-12
-0.894 1.91963e-12
-0.892 2.22713e-12
-0.89 2.58286e-12
-0.888 2.9942e-12
-0.886 3.46966e-12
-0.884 4.01901e-12
-0.882 4.65349e-12
-0.88 5.38597e-12
-0.878 6.23125e-12
-0.876 7.20632e-12
-0.874 8.33062e-12
-0.872 9.62649e-12
-0.87 1.11195e-11
-0.868 1.28389e-11
-0.866 1.48183e-11
-0.864 1.70959e-11
-0.862 1.97158e-11
-0.86 2.27281e-11
-0.858 2.61901e-11
-0.856 3.01674e-11
-0.854 3.47348e-11
-0.852 3.99777e-11
-0.85 4.59936e-11
-0.848 5.28936e-11
-0.846 6.08044e-11
-0.844 6.98705e-11
-0.842 8.02561e-11
-0.84 9.21487e-11
-0.838 1.05761e-10
-0.836 1.21336e-10
-0.834 1.39149e-10
-0.832 1.59513e-10
-0.83 1.82784e-10
-0.828 2.09366e-10
-0.826 2.39718e-10
-0.824 2.74361e-10
-0.822 3.13885e-10
-0.82 3.58958e-10
-0.818 4.1034e-10
-0.816 4.68889e-10
-0.814 5.35578e-10
-0.812 6.11507e-10
-0.81 6.97922e-10
-0.808 7.96229e-10
-0.806 9.08021e-10
-0.804 1.03509e-09
-0.802 1.17948e-09
-0.8 1.34347e-09
-0.798 1.52964e-09
-0.796 1.74092e-09
-0.794 1.98059e-09
-0.792 2.25235e-09
-0.79 2.56038e-09
-0.788 2.90936e-09
-0.786 3.3046e-09
-0.784 3.75202e-09
-0.782 4.25832e-09
-0.78 4.83101e-09
-0.778 5.47852e-09
-0.776 6.21034e-09
-0.774 7.03709e-09
-0.772 7.97072e-09
-0.77 9.02461e-09
-0.768 1.02138e-08
-0.766 1.1555e-08
-0.764 1.30671e-08
-0.762 1.47712e-08
-0.76 1.66908e-08
-0.758 1.88523e-08
-0.756 2.12853e-08
-0.754 2.40226e-08
-0.752 2.71012e-08
-0.75 3.0562e-08
-0.748 3.4451e-08
-0.746 3.88193e-08
-0.744 4.3724e-08
-0.742 4.92287e-08
-0.74 5.54043e-08
-0.738 6.23297e-08
-0.736 7.00927e-08
-0.734 7.8791e-08
-0.732 8.85333e-08
-0.73 9.94404e-08
-0.728 1.11647e-07
-0.726 1.25301e-07
-0.724 1.40569e-07
-0.722 1.57634e-07
-0.72 1.76701e-07
-0.718 1.97994e-07
-0.716 2.21765e-07
-0.714 2.4829e-07
-0.712 2.77877e-07
-0.71 3.10865e-07
-0.708 3.4763e-07
-0.706 3.88588e-07
-0.704 4.34198e-07
-0.702 4.84967e-07
-0.7 5.41455e-07
-0.698 6.04282e-07
-0.696 6.74128e-07
-0.694 7.51747e-07
-0.692 8.37968e-07
-0.69 9.33705e-07
-0.688 1.03996e-06
-0.686 1.15785e-06
-0.684 1.28859e-06
-0.682 1.43351e-06
-0.68 1.59409e-06
-0.678 1.77196e-06
-0.676 1.96888e-06
-0.674 2.18681e-06
-0.672 2.4279e-06
-0.67 2.69448e-06
-0.668 2.98914e-06
-0.666 3.3147e-06
-0.664 3.67424e-06
-0.662 4.07115e-06
-0.66 4.50914e-06
-0.658 4.99225e-06
-0.656 5.52491e-06
-0.654 6.11196e-06
-0.652 6.75867e-06
-0.65 7.47084e-06
-0.648 8.25473e-06
-0.646 9.11724e-06
-0.644 1.00658e-05
-0.642 1.11087e-05
-0.64 1.22547e-05
-0.638 1.35135e-05
-0.636 1.48956e-05
-0.634 1.64126e-05
-0.632 1.80768e-05
-0.63 1.99017e-05
-0.628 2.19022e-05
-0.626 2.40941e-05
-0.624 2.64948e-05
-0.622 2.9123e-05
-0.62 3.19991e-05
-0.618 3.51452e-05
-0.616 3.85852e-05
-0.614 4.23449e-05
-0.612 4.64524e-05
-0.61 5.09379e-05
-0.608 5.58343e-05
-0.606 6.11768e-05
-0.604 6.70037e-05
-0.602 7.33563e-05
-0.6 8.0279e-05
-0.598 8.78199e-05
-0.596 9.60307e-05
-0.594 0.000104967
-0.592 0.000114689
-0.59 0.000125262
-0.588 0.000136755
-0.586 0.000149242
-0.584 0.000162804
-0.582 0.000177528
-0.58 0.000193506
-0.578 0.000210838
-0.576 0.00022963
-0.574 0.000249997
-0.572 0.000272062
-0.57 0.000295955
-0.568 0.000321819
-0.566 0.000349802
-0.564 0.000380067
-0.562 0.000412786
-0.56 0.000448141
-0.558 0.000486331
-0.556 0.000527563
-0.554 0.000572063
-0.552 0.000620068
-0.55 0.000671832
-0.548 0.000727627
-0.546 0.000787741
-0.544 0.000852479
-0.542 0.000922169
-0.54 0.000997158
-0.538 0.00107781
-0.536 0.00116453
-0.534 0.00125771
-0.532 0.00135781
-0.53 0.00146529
-0.528 0.00158065
-0.526 0.0017044
-0.524 0.00183711
-0.522 0.00197936
-0.52 0.00213177
-0.518 0.002295
-0.516 0.00246974
-0.514 0.00265672
-0.512 0.00285672
-0.51 0.00307054
-0.508 0.00329905
-0.506 0.00354314
-0.504 0.00380378
-0.502 0.00408195
-0.5 0.00437871
-0.498 0.00469517
-0.496 0.00503249
-0.494 0.00539188
-0.492 0.00577463
-0.49 0.00618208
-0.488 0.00661563
-0.486 0.00707675
-0.484 0.00756698
-0.482 0.00808794
-0.48 0.00864131
-0.478 0.00922885
-0.476 0.0098524
-0.474 0.0105139
-0.472 0.0112153
-0.47 0.0119586
-0.468 0.0127462
-0.466 0.0135802
-0.464 0.014463
-0.462 0.015397
-0.46 0.0163848
-0.458 0.017429
-0.456 0.0185323
-0.454 0.0196976
-0.452 0.0209277
-0.45 0.0222258
-0.448 0.023595
-0.446 0.0250385
-0.444 0.0265597
-0.442 0.0281621
-0.44 0.0298491
-0.438 0.0316246
-0.436 0.0334923
-0.434 0.0354561
-0.432 0.0375201
-0.43 0.0396883
-0.428 0.041965
-0.426 0.0443546
-0.424 0.0468615
-0.422 0.0494903
-0.42 0.0522457
-0.418 0.0551324
-0.416 0.0581554
-0.414 0.0613195
-0.412 0.06463
-0.41 0.0680919
-0.408 0.0717106
-0.406 0.0754914
-0.404 0.0794398
-0.402 0.0835613
-0.4 0.0878614
-0.398 0.0923458
-0.396 0.0970204
-0.394 0.101891
-0.392 0.106963
-0.39 0.112243
-0.388 0.117736
-0.386 0.123448
-0.384 0.129386
-0.382 0.135556
-0.38 0.141963
-0.378 0.148613
-0.376 0.155513
-0.374 0.162667
-0.372 0.170083
-0.37 0.177766
-0.368 0.185722
-0.366 0.193956
-0.364 0.202474
-0.362 0.211282
-0.36 0.220385
-0.358 0.229788
-0.356 0.239496
-0.354 0.249515
-0.352 0.259849
-0.35 0.270503
-0.348 0.281481
-0.346 0.292787
-0.344 0.304426
-0.342 0.316401
-0.34 0.328715
-0.338 0.341372
-0.336 0.354375
-0.334 0.367726
-0.332 0.381428
-0.33 0.395482
-0.328 0.409889
-0.326 0.424652
-0.324 0.439771
-0.322 0.455246
-0.32 0.471077
-0.318 0.487264
-0.316 0.503805
-0.314 0.5207
-0.312 0.537947
-0.31 0.555542
-0.308 0.573484
-0.306 0.591769
-0.304 0.610393
-0.302 0.629351
-0.3 0.648639
-0.298 0.668251
-0.296 0.688181
-0.294 0.708423
-0.292 0.728968
-0.29 0.74981
-0.288 0.77094
-0.286 0.792348
-0.284 0.814026
-0.282 0.835963
-0.28 0.858149
-0.278 0.880572
-0.276 0.90322
-0.274 0.926081
-0.272 0.949142
-0.27 0.972389
-0.268 0.995808
-0.266 1.01938
-0.264 1.0431
-0.262 1.06695
-0.26 1.0909
-0.258 1.11495
-0.256 1.13908
-0.254 1.16326
-0.252 1.18748
-0.25 1.21173
-0.248 1.23598
-0.246 1.26021
-0.244 1.28441
-0.242 1.30855
-0.24 1.33261
-0.238 1.35658
-0.236 1.38043
-0.234 1.40414
-0.232 1.4277
-0.23 1.45107
-0.228 1.47424
-0.226 1.49719
-0.224 1.51989
-0.222 1.54233
-0.22 1.56448
-0.218 1.58632
-0.216 1.60783
-0.214 1.62899
-0.212 1.64978
-0.21 1.67017
-0.208 1.69015
-0.206 1.7097
-0.204 1.7288
-0.202 1.74742
-0.2 1.76555
-0.198 1.78318
-0.196 1.80027
-0.194 1.81683
-0.192 1.83281
-0.19 1.84823
-0.188 1.86304
-0.186 1.87725
-0.184 1.89084
-0.182 1.90379
-0.18 1.91609
-0.178 1.92774
-0.176 1.93871
-0.174 1.94899
-0.172 1.95859
-0.17 1.96749
-0.168 1.97568
-0.166 1.98315
-0.164 1.98991
-0.162 1.99594
-0.16 2.00124
-0.158 2.00582
-0.156 2.00966
-0.154 2.01277
-0.152 2.01515
-0.15 2.0168
-0.148 2.01773
-0.146 2.01793
-0.144 2.01741
-0.142 2.01618
-0.14 2.01424
-0.138 2.01161
-0.136 2.00828
-0.134 2.00428
-0.132 1.99961
-0.13 1.99429
-0.128 1.98832
-0.126 1.98173
-0.124 1.97452
-0.122 1.96672
-0.12 1.95833
-0.118 1.94938
-0.116 1.93989
-0.114 1.92988
-0.112 1.91936
-0.11 1.90835
-0.108 1.89689
-0.106 1.88498
-0.104 1.87266
-0.102 1.85995
-0.1 1.84687
-0.098 1.83344
-0.096 1.8197
-0.094 1.80567
-0.092 1.79137
-0.09 1.77683
-0.088 1.76207
-0.086 1.74714
-0.084 1.73204
-0.082 1.71681
-0.08 1.70149
-0.078 1.68608
-0.076 1.67063
-0.074 1.65516
-0.072 1.6397
-0.07 1.62428
-0.068 1.60892
-0.066 1.59366
-0.064 1.57851
-0.062 1.56351
-0.06 1.54869
-0.058 1.53406
-0.056 1.51966
-0.054 1.50551
-0.052 1.49163
-0.05 1.47806
-0.048 1.46481
-0.046 1.45191
-0.044 1.43938
-0.042 1.42724
-0.04 1.41552
-0.038 1.40423
-0.036 1.3934
-0.034 1.38304
-0.032 1.37317
-0.03 1.36381
-0.028 1.35497
-0.026 1.34668
-0.024 1.33894
-0.022 1.33177
-0.02 1.32518
-0.018 1.31918
-0.016 1.31378
-0.014 1.309
-0.012 1.30484
-0.01 1.30131
-0.008 1.29841
-0.006 1.29615
-0.004 1.29453
-0.002 1.29356
0 1.29323
0.002 1.29356
0.004 1.29453
0.006 1.29615
0.008 1.29841
0.01 1.30131
0.012 1.30484
0.014 1.309
0.016 1.31378
0.018 1.31918
0.02 1.32518
0.022 1.33177
0.024 1.33894
0.026 1.34668
0.028 1.35497
0.03 1.36381
0.032 1.37317
0.034 1.38304
0.036 1.3934
0.038 1.40423
0.04 1.41552
0.042 1.42724
0.044 1.43938
0.046 1.45191
0.048 1.46481
0.05 1.47806
0.052 1.49163
0.054 1.50551
0.056 1.51966
0.058 1.53406
0.06 1.54869
0.062 1.56351
0.064 1.57851
0.066 1.59366
0.068 1.60892
0.07 1.62428
0.072 1.6397
0.074 1.65516
0.076 1.67063
0.078 1.68608
0.08 1.70149
0.082 1.71681
0.084 1.73204
0.086 1.74714
0.088 1.76207
0.09 1.77683
0.092 1.79137
0.094 1.80567
0.096 1.8197
0.098 1.83344
0.1 1.84687
0.102 1.85995
0.104 1.87266
0.106 1.88498
0.108 1.89689
0.11 1.90835
0.112 1.91936
0.114 1.92988
0.116 1.93989
0.118 1.94938
0.12 1.95833
0.122 1.96672
0.124 1.97452
0.126 1.98173
0.128 1.98832
0.13 1.99429
0.132 1.99961
0.134 2.00428
0.136 2.00828
0.138 2.01161
0.14 2.01424
0.142 2.01618
0.144 2.01741
0.146 2.01793
0.148 2.01773
0.15 2.0168
0.152 2.01515
0.154 2.01277
0.156 2.00966
0.158 2.00582
0.16 2.00124
0.162 1.99594
0.164 1.98991
0.166 1.98315
0.168 1.97568
0.17 1.96749
0.172 1.95859
0.174 1.94899
0.176 1.93871
0.178 1.92774
0.18 1.91609
0.182 1.90379
0.184 1.89084
0.186 1.87725
0.188 1.86304
0.19 1.84823
0.192 1.83281
0.194 1.81683
0.196 1.80027
0.198 1.78318
0.2 1.76555
0.202 1.74742
0.204 1.7288
0.206 1.7097
0.208 1.69015
0.21 1.67017
0.212 1.64978
0.214 1.62899
0.216 1.60783
0.218 1.58632
0.22 1.56448
0.222 1.54233
0.224 1.51989
0.226 1.49719
0.228 1.47424
0.23 1.45107
0.232 1.4277
0.234 1.40414
0.236 1.38043
0.238 1.35658
0.24 1.33261
0.242 1.30855
0.244 1.28441
0.246 1.26021
0.248 1.23598
0.25 1.21173
0.252 1.18748
0.254 1.16326
0.256 1.13908
0.258 1.11495
0.26 1.0909
0.262 1.06695
0.264 1.0431
0.266 1.01938
0.268 0.995808
0.27 0.972389
0.272 0.949142
0.274 0.926081
0.276 0.90322
0.278 0.880572
0.28 0.858149
0.282 0.835963
0.284 0.814026
0.286 0.792348
0.288 0.77094
0.29 0.74981
0.292 0.728968
0.294 0.708423
0.296 0.688181
0.298 0.668251
0.3 0.648639
0.302 0.629351
0.304 0.610393
0.306 0.591769
0.308 0.573484
0.31 0.555542
0.312 0.537947
0.314 0.5207
0.316 0.503805
0.318 0.487264
0.32 0.471077
0.322 0.455246
0.324 0.439771
0.326 0.424652
0.328 0.409889
0.33 0.395482
0.332 0.381428
0.334 0.367726
0.336 0.354375
0.338 0.341372
0.34 0.328715
0.342 0.316401
0.344 0.304426
0.346 0.292787
0.348 0.281481
0.35 0.270503
0.352 0.259849
0.354 0.249515
0.356 0.239496
0.358 0.229788
0.36 0.220385
0.362 0.211282
0.364 0.202474
0.366 0.193956
0.368 0.185722
0.37 0.177766
0.372 0.170083
0.374 0.162667
0.376 0.155513
0.378 0.148613
0.38 0.141963
0.382 0.135556
0.384 0.129386
0.386 0.123448
0.388 0.117736
0.39 0.112243
0.392 0.106963
0.394 0.101891
0.396 0.0970204
0.398 0.0923458
0.4 0.0878614
0.402 0.0835613
0.404 0.0794398
0.406 0.0754914
0.408 0.0717106
0.41 0.0680919
0.412 0.06463
0.414 0.0613195
0.416 0.0581554
0.418 0.0551324
0.42 0.0522457
0.422 0.0494903
0.424 0.0468615
0.426 0.0443546
0.428 0.041965
0.43 0.0396883
0.432 0.0375201
0.434 0.0354561
0.436 0.0334923
0.438 0.0316246
0.44 0.0298491
0.442 0.0281621
0.444 0.0265597
0.446 0.0250385
0.448 0.023595
0.45 0.0222258
0.452 0.0209277
0.454 0.0196976
0.456 0.0185323
0.458 0.017429
0.46 0.0163848
0.462 0.015397
0.464 0.014463
0.466 0.0135802
0.468 0.0127462
0.47 0.0119586
0.472 0.0112153
0.474 0.0105139
0.476 0.0098524
0.478 0.00922885
0.48 0.00864131
0.482 0.00808794
0.484 0.00756698
0.486 0.00707675
0.488 0.00661563
0.49 0.00618208
0.492 0.00577463
0.494 0.00539188
0.496 0.00503249
0.498 0.00469517
0.5 0.00437871
0.502 0.00408195
0.504 0.00380378
0.506 0.00354314
0.508 0.00329905
0.51 0.00307054
0.512 0.00285672
0.514 0.00265672
0.516 0.00246974
0.518 0.002295
0.52 0.00213177
0.522 0.00197936
0.524 0.00183711
0.526 0.0017044
0.528 0.00158065
0.53 0.00146529
0.532 0.00135781
0.534 0.00125771
0.536 0.00116453
0.538 0.00107781
0.54 0.000997158
0.542 0.000922169
0.544 0.000852479
0.546 0.000787741
0.548 0.000727627
0.55 0.000671832
0.552 0.000620068
0.554 0.000572063
0.556 0.000527563
0.558 0.000486331
0.56 0.000448141
0.562 0.000412786
0.564 0.000380067
0.566 0.000349802
0.568 0.000321819
0.57 0.000295955
0.572 0.000272062
0.574 0.000249997
0.576 0.00022963
0.578 0.000210838
0.58 0.000193506
0.582 0.000177528
0.584 0.000162804
0.586 0.000149242
0.588 0.000136755
0.59 0.000125262
0.592 0.000114689
0.594 0.000104967
0.596 9.60307e-05
0.598 8.78199e-05
0.6 8.0279e-05
0.602 7.33563e-05
0.604 6.70037e-05
0.606 6.11768e-05
0.608 5.58343e-05
0.61 5.09379e-05
0.612 4.64524e-05
0.614 4.23449e-05
0.616 3.85852e-05
0.618 3.51452e-05
0.62 3.19991e-05
0.622 2.9123e-05
0.624 2.64948e-05
0.626 2.40941e-05
0.628 2.19022e-05
0.63 1.99017e-05
0.632 1.80768e-05
0.634 1.64126e-05
0.636 1.48956e-05
0.638 1.35135e-05
0.64 1.22547e-05
0.642 1.11087e-05
0.644 1.00658e-05
0.646 9.11724e-06
0.648 8.25473e-06
0.65 7.47084e-06
0.652 6.75867e-06
0.654 6.11196e-06
0.656 5.52491e-06
0.658 4.99225e-06
0.66 4.50914e-06
0.662 4.07115e-06
0.664 3.67424e-06
0.666 3.3147e-06
0.668 2.98914e-06
0.67 2.69448e-06
0.672 2.4279e-06
0.674 2.18681e-06
0.676 1.96888e-06
0.678 1.77196e-06
0.68 1.59409e-06
0.682 1.43351e-06
0.684 1.28859e-06
0.686 1.15785e-06
0.688 1.03996e-06
0.69 9.33705e-07
0.692 8.37968e-07
0.694 7.51747e-07
0.696 6.74128e-07
0.698 6.04282e-07
0.7 5.41455e-07
0.702 4.84967e-07
0.704 4.34198e-07
0.706 3.88588e-07
0.708 3.4763e-07
0.71 3.10865e-07
0.712 2.77877e-07
0.714 2.4829e-07
0.716 2.21765e-07
0.718 1.97994e-07
0.72 1.76701e-07
0.722 1.57634e-07
0.724 1.40569e-07
0.726 1.25301e-07
0.728 1.11647e-07
0.73 9.94404e-08
0.732 8.85333e-08
0.734 7.8791e-08
0.736 7.00927e-08
0.738 6.23297e-08
0.74 5.54043e-08
0.742 4.92287e-08
0.744 4.3724e-08
0.746 3.88193e-08
0.748 3.4451e-08
0.75 3.0562e-08
0.752 2.71012e-08
0.754 2.40226e-08
0.756 2.12853e-08
0.758 1.88523e-08
0.76 1.66908e-08
0.762 1.47712e-08
0.764 1.30671e-08
0.766 1.1555e-08
0.768 1.02138e-08
0.77 9.02461e-09
0.772 7.97072e-09
0.774 7.03709e-09
0.776 6.21034e-09
0.778 5.47852e-09
0.78 4.83101e-09
0.782 4.25832e-09
0.784 3.75202e-09
0.786 3.3046e-09
0.788 2.90936e-09
0.79 2.56038e-09
0.792 2.25235e-09
0.794 1.98059e-09
0.796 1.74092e-09
0.798 1.52964e-09
0.8 1.34347e-09
0.802 1.17948e-09
0.804 1.03509e-09
0.806 9.08021e-10
0.808 7.96229e-10
0.81 6.97922e-10
0.812 6.11507e-10
0.814 5.35578e-10
0.816 4.68889e-10
0.818 4.1034e-10
0.82 3.58958e-10
0.822 3.13885e-10
0.824 2.74361e-10
0.826 2.39718e-10
0.828 2.09366e-10
0.83 1.82784e-10
0.832 1.59513e-10
0.834 1.39149e-10
0.836 1.21336e-10
0.838 1.05761e-10
0.84 9.21487e-11
0.842 8.02561e-11
0.844 6.98705e-11
0.846 6.08044e-11
0.848 5.28936e-11
0.85 4.59936e-11
0.852 3.99777e-11
0.854 3.47348e-11
0.856 3.01674e-11
0.858 2.61901e-11
0.86 2.27281e-11
0.862 1.97158e-11
0.864 1.70959e-11
0.866 1.48183e-11
0.868 1.28389e-11
0.87 1.11195e-11
0.872 9.62649e-12
0.874 8.33062e-12
0.876 7.20632e-12
0.878 6.23125e-12
0.88 5.38597e-12
0.882 4.65349e-12
0.884 4.01901e-12
0.886 3.46966e-12
0.888 2.9942e-12
0.89 2.58286e-12
0.892 2.22713e-12
0.894 1.91963e-12
0.896 1.65393e-12
0.898 1.42443e-12
0.9 1.22629e-12
0.902 1.05529e-12
0.904 9.07768e-13
0.906 7.80557e-13
0.908 6.70905e-13
0.91 5.76426e-13
0.912 4.95054e-13
0.914 4.24999e-13
0.916 3.64711e-13
0.918 3.12851e-13
0.92 2.68257e-13
0.922 2.29928e-13
0.924 1.96997e-13
0.926 1.68714e-13
0.928 1.44435e-13
0.93 1.236e-13
0.932 1.05728e-13
0.934 9.04046e-14
0.936 7.72711e-14
0.938 6.60193e-14
0.94 5.63836e-14
0.942 4.81351e-14
0.944 4.10772e-14
0.946 3.50404e-14
0.948 2.98792e-14
0.95 2.54685e-14
0.952 2.17007e-14
0.954 1.84835e-14
0.956 1.57377e-14
0.958 1.33954e-14
0.96 1.13981e-14
0.962 9.69606e-15
0.964 8.24636e-15
0.966 7.0124e-15
0.968 5.96284e-15
0.97 5.07088e-15
0.972 4.31366e-15
0.974 3.67165e-15
0.976 3.12822e-15
0.978 2.66925e-15
0.98 2.28273e-15
0.982 1.95852e-15
0.984 1.68807e-15
0.986 1.46423e-15
0.988 1.28105e-15
0.99 1.13365e-15
0.992 1.0181e-15
0.994 9.31293e-16
0.996 8.70905e-16
0.998 8.35311e-16
