-1 5.09388e-12
-0.998 5.15301e-12
-0.996 5.31409e-12
-0.994 5.59403e-12
-0.992 5.99209e-12
-0.99 6.51895e-12
-0.988 7.18298e-12
-0.986 8.00273e-12
-0.984 8.98365e-12
-0.982 1.01564e-11
-0.98 1.15325e-11
-0.978 1.31533e-11
-0.976 1.50218e-11
-0.974 1.7227e-11
-0.972 1.97522e-11
-0.97 2.26809e-11
-0.968 2.60578e-11
-0.966 2.99494e-11
-0.964 3.44232e-11
-0.962 3.95765e-11
-0.96 4.54889e-11
-0.958 5.22777e-11
-0.956 6.00704e-11
-0.954 6.90008e-11
-0.952 7.92398e-11
-0.95 9.09599e-11
-0.948 1.04392e-10
-0.946 1.19746e-10
-0.944 1.37329e-10
-0.942 1.57413e-10
-0.94 1.80381e-10
-0.938 2.0661e-10
-0.936 2.36566e-10
-0.934 2.70754e-10
-0.932 3.09765e-10
-0.93 3.54258e-10
-0.928 4.04978e-10
-0.926 4.62777e-10
-0.924 5.28613e-10
-0.922 6.0357e-10
-0.92 6.88894e-10
-0.918 7.85954e-10
-0.916 8.96335e-10
-0.914 1.02181e-09
-0.912 1.16438e-09
-0.91 1.32632e-09
-0.908 1.51018e-09
-0.906 1.71883e-09
-0.904 1.95553e-09
-0.902 2.22393e-09
-0.9 2.52817e-09
-0.898 2.87287e-09
-0.896 3.26326e-09
-0.894 3.70523e-09
-0.892 4.20538e-09
-0.89 4.77112e-09
-0.888 5.41081e-09
-0.886 6.13382e-09
-0.884 6.95065e-09
-0.882 7.87312e-09
-0.88 8.91444e-09
-0.878 1.00894e-08
-0.876 1.14148e-08
-0.874 1.2909e-08
-0.872 1.4593e-08
-0.87 1.64901e-08
-0.868 1.86264e-08
-0.866 2.1031e-08
-0.864 2.37366e-08
-0.862 2.67795e-08
-0.86 3.02003e-08
-0.858 3.40446e-08
-0.856 3.83629e-08
-0.854 4.32116e-08
-0.852 4.86536e-08
-0.85 5.47592e-08
-0.848 6.16063e-08
-0.846 6.92818e-08
-0.844 7.78824e-08
-0.842 8.75158e-08
-0.84 9.83013e-08
-0.838 1.10372e-07
-0.836 1.23875e-07
-0.834 1.38975e-07
-0.832 1.55853e-07
-0.83 1.74711e-07
-0.828 1.95772e-07
-0.826 2.19284e-07
-0.824 2.45522e-07
-0.822 2.7479e-07
-0.82 3.07423e-07
-0.818 3.43794e-07
-0.816 3.84315e-07
-0.814 4.29439e-07
-0.812 4.7967e-07
-0.81 5.35563e-07
-0.808 5.97729e-07
-0.806 6.66844e-07
-0.804 7.43653e-07
-0.802 8.28978e-07
-0.8 9.23723e-07
-0.798 1.02889e-06
-0.796 1.14556e-06
-0.794 1.27496e-06
-0.792 1.41841e-06
-0.79 1.57736e-06
-0.788 1.75343e-06
-0.786 1.94836e-06
-0.784 2.16411e-06
-0.782 2.40279e-06
-0.78 2.66672e-06
-0.778 2.95845e-06
-0.776 3.2808e-06
-0.774 3.6368e-06
-0.772 4.02983e-06
-0.77 4.46355e-06
-0.768 4.94196e-06
-0.766 5.46947e-06
-0.764 6.05086e-06
-0.762 6.69138e-06
-0.76 7.39674e-06
-0.758 8.17319e-06
-0.756 9.02752e-06
-0.754 9.96718e-06
-0.752 1.10002e-05
-0.75 1.21355e-05
-0.748 1.33826e-05
-0.746 1.47519e-05
-0.744 1.62549e-05
-0.742 1.79038e-05
-0.74 1.97121e-05
-0.738 2.16944e-05
-0.736 2.38664e-05
-0.734 2.62454e-05
-0.732 2.885e-05
-0.73 3.17004e-05
-0.728 3.48185e-05
-0.726 3.8228e-05
-0.724 4.19546e-05
-0.722 4.60261e-05
-0.72 5.04724e-05
-0.718 5.53262e-05
-0.716 6.06225e-05
-0.714 6.63993e-05
-0.712 7.26974e-05
-0.71 7.95611e-05
-0.708 8.7038e-05
-0.706 9.51795e-05
-0.704 0.000104041
-0.702 0.000113682
-0.7 0.000124166
-0.698 0.000135564
-0.696 0.000147948
-0.694 0.000161399
-0.692 0.000176003
-0.69 0.000191851
-0.688 0.000209043
-0.686 0.000227684
-0.684 0.000247889
-0.682 0.000269778
-0.68 0.000293483
-0.678 0.000319143
-0.676 0.000346908
-0.674 0.000376937
-0.672 0.000409402
-0.67 0.000444486
-0.668 0.000482383
-0.666 0.000523301
-0.664 0.000567464
-0.662 0.000615107
-0.66 0.000666484
-0.658 0.000721864
-0.656 0.000781532
-0.654 0.000845794
-0.652 0.000914974
-0.65 0.000989416
-0.648 0.00106949
-0.646 0.00115558
-0.644 0.0012481
-0.642 0.00134748
-0.64 0.0014542
-0.638 0.00156875
-0.636 0.00169164
-0.634 0.00182343
-0.632 0.0019647
-0.63 0.00211606
-0.628 0.00227818
-0.626 0.00245174
-0.624 0.00263746
-0.622 0.00283612
-0.62 0.00304852
-0.618 0.00327552
-0.616 0.00351801
-0.614 0.00377695
-0.612 0.00405332
-0.61 0.00434818
-0.608 0.00466261
-0.606 0.00499779
-0.604 0.00535492
-0.602 0.00573528
-0.6 0.00614019
-0.598 0.00657106
-0.596 0.00702936
-0.594 0.00751661
-0.592 0.00803443
-0.59 0.00858448
-0.588 0.00916852
-0.586 0.00978837
-0.584 0.010446
-0.582 0.0111433
-0.58 0.0118824
-0.578 0.0126654
-0.576 0.0134947
-0.574 0.0143725
-0.572 0.0153013
-0.57 0.0162835
-0.568 0.017322
-0.566 0.0184192
-0.564 0.0195782
-0.562 0.0208017
-0.56 0.0220929
-0.558 0.0234548
-0.556 0.0248907
-0.554 0.026404
-0.552 0.027998
-0.55 0.0296765
-0.548 0.0314429
-0.546 0.0333012
-0.544 0.0352552
-0.542 0.037309
-0.54 0.0394666
-0.538 0.0417322
-0.536 0.0441103
-0.534 0.0466053
-0.532 0.0492217
-0.53 0.0519641
-0.528 0.0548375
-0.526 0.0578466
-0.524 0.0609963
-0.522 0.0642919
-0.52 0.0677384
-0.518 0.0713412
-0.516 0.0751055
-0.514 0.0790368
-0.512 0.0831407
-0.51 0.0874226
-0.508 0.0918883
-0.506 0.0965435
-0.504 0.101394
-0.502 0.106446
-0.5 0.111704
-0.498 0.117176
-0.496 0.122866
-0.494 0.128781
-0.492 0.134927
-0.49 0.14131
-0.488 0.147935
-0.486 0.154809
-0.484 0.161938
-0.482 0.169327
-0.48 0.176983
-0.478 0.184911
-0.476 0.193117
-0.474 0.201606
-0.472 0.210384
-0.47 0.219456
-0.468 0.228829
-0.466 0.238506
-0.464 0.248493
-0.462 0.258794
-0.46 0.269415
-0.458 0.28036
-0.456 0.291632
-0.454 0.303237
-0.452 0.315177
-0.45 0.327456
-0.448 0.340078
-0.446 0.353044
-0.444 0.366359
-0.442 0.380024
-0.44 0.394041
-0.438 0.408411
-0.436 0.423136
-0.434 0.438217
-0.432 0.453654
-0.43 0.469446
-0.428 0.485595
-0.426 0.502097
-0.424 0.518953
-0.422 0.536161
-0.42 0.553717
-0.418 0.57162
-0.416 0.589865
-0.414 0.60845
-0.412 0.627369
-0.41 0.646617
-0.408 0.666189
-0.406 0.68608
-0.404 0.706282
-0.402 0.726787
-0.4 0.74759
-0.398 0.76868
-0.396 0.790048
-0.394 0.811686
-0.392 0.833584
-0.39 0.855729
-0.388 0.878112
-0.386 0.90072
-0.384 0.92354
-0.382 0.94656
-0.38 0.969765
-0.378 0.993143
-0.376 1.01668
-0.374 1.04035
-0.372 1.06415
-0.37 1.08806
-0.368 1.11207
-0.366 1.13614
-0.364 1.16028
-0.362 1.18445
-0.36 1.20864
-0.358 1.23284
-0.356 1.25701
-0.354 1.28115
-0.352 1.30523
-0.35 1.32923
-0.348 1.35313
-0.346 1.37691
-0.344 1.40054
-0.342 1.42401
-0.34 1.4473
-0.338 1.47038
-0.336 1.49323
-0.334 1.51582
-0.332 1.53815
-0.33 1.56018
-0.328 1.58189
-0.326 1.60326
-0.324 1.62427
-0.322 1.6449
-0.32 1.66512
-0.318 1.68492
-0.316 1.70427
-0.314 1.72316
-0.312 1.74156
-0.31 1.75945
-0.308 1.77681
-0.306 1.79363
-0.304 1.80988
-0.302 1.82555
-0.3 1.84061
-0.298 1.85506
-0.296 1.86888
-0.294 1.88205
-0.292 1.89455
-0.29 1.90637
-0.288 1.91749
-0.286 1.92792
-0.284 1.93762
-0.282 1.94659
-0.28 1.95482
-0.278 1.9623
-0.276 1.96903
-0.274 1.97498
-0.272 1.98016
-0.27 1.98456
-0.268 1.98818
-0.266 1.99101
-0.264 1.99304
-0.262 1.99427
-0.26 1.99471
-0.258 1.99435
-0.256 1.9932
-0.254 1.99125
-0.252 1.9885
-0.25 1.98496
-0.248 1.98064
-0.246 1.97554
-0.244 1.96966
-0.242 1.96302
-0.24 1.95561
-0.238 1.94745
-0.236 1.93856
-0.234 1.92893
-0.232 1.91858
-0.23 1.90752
-0.228 1.89577
-0.226 1.88334
-0.224 1.87024
-0.222 1.85649
-0.22 1.84211
-0.218 1.8271
-0.216 1.81149
-0.214 1.7953
-0.212 1.77854
-0.21 1.76124
-0.208 1.7434
-0.206 1.72506
-0.204 1.70623
-0.202 1.68692
-0.2 1.66717
-0.198 1.647
-0.196 1.62641
-0.194 1.60544
-0.192 1.58411
-0.19 1.56244
-0.188 1.54045
-0.186 1.51816
-0.184 1.4956
-0.182 1.47279
-0.18 1.44974
-0.178 1.42649
-0.176 1.40305
-0.174 1.37944
-0.172 1.35569
-0.17 1.33182
-0.168 1.30784
-0.166 1.28379
-0.164 1.25968
-0.162 1.23553
-0.16 1.21136
-0.158 1.18719
-0.156 1.16304
-0.154 1.13893
-0.152 1.11488
-0.15 1.09091
-0.148 1.06703
-0.146 1.04325
-0.144 1.01961
-0.142 0.996109
-0.14 0.972767
-0.138 0.9496
-0.136 0.926621
-0.134 0.903845
-0.132 0.881285
-0.13 0.858954
-0.128 0.836865
-0.126 0.815029
-0.124 0.793458
-0.122 0.772162
-0.12 0.751151
-0.118 0.730435
-0.116 0.710023
-0.114 0.689923
-0.112 0.670144
-0.11 0.650692
-0.108 0.631574
-0.106 0.612796
-0.104 0.594365
-0.102 0.576286
-0.1 0.558563
-0.098 0.5412
-0.096 0.524202
-0.094 0.507571
-0.092 0.491311
-0.09 0.475424
-0.088 0.459912
-0.086 0.444777
-0.084 0.43002
-0.082 0.415642
-0.08 0.401644
-0.078 0.388025
-0.076 0.374787
-0.074 0.361927
-0.072 0.349447
-0.07 0.337344
-0.068 0.325618
-0.066 0.314268
-0.064 0.303292
-0.062 0.292688
-0.06 0.282454
-0.058 0.272588
-0.056 0.263089
-0.054 0.253954
-0.052 0.24518
-0.05 0.236765
-0.048 0.228707
-0.046 0.221003
-0.044 0.21365
-0.042 0.206647
-0.04 0.199989
-0.038 0.193676
-0.036 0.187704
-0.034 0.18207
-0.032 0.176773
-0.03 0.17181
-0.028 0.167179
-0.026 0.162878
-0.024 0.158903
-0.022 0.155255
-0.02 0.15193
-0.018 0.148927
-0.016 0.146245
-0.014 0.143881
-0.012 0.141835
-0.01 0.140106
-0.008 0.138693
-0.006 0.137595
-0.004 0.13681
-0.002 0.13634
0 0.136183
0.002 0.13634
0.004 0.13681
0.006 0.137595
0.008 0.138693
0.01 0.140106
0.012 0.141835
0.014 0.143881
0.016 0.146245
0.018 0.148927
0.02 0.15193
0.022 0.155255
0.024 0.158903
0.026 0.162878
0.028 0.167179
0.03 0.17181
0.032 0.176773
0.034 0.18207
0.036 0.187704
0.038 0.193676
0.04 0.199989
0.042 0.206647
0.044 0.21365
0.046 0.221003
0.048 0.228707
0.05 0.236765
0.052 0.24518
0.054 0.253954
0.056 0.263089
0.058 0.272588
0.06 0.282454
0.062 0.292688
0.064 0.303292
0.066 0.314268
0.068 0.325618
0.07 0.337344
0.072 0.349447
0.074 0.361927
0.076 0.374787
0.078 0.388025
0.08 0.401644
0.082 0.415642
0.084 0.43002
0.086 0.444777
0.088 0.459912
0.09 0.475424
0.092 0.491311
0.094 0.507571
0.096 0.524202
0.098 0.5412
0.1 0.558563
0.102 0.576286
0.104 0.594365
0.106 0.612796
0.108 0.631574
0.11 0.650692
0.112 0.670144
0.114 0.689923
0.116 0.710023
0.118 0.730435
0.12 0.751151
0.122 0.772162
0.124 0.793458
0.126 0.815029
0.128 0.836865
0.13 0.858954
0.132 0.881285
0.134 0.903845
0.136 0.926621
0.138 0.9496
0.14 0.972767
0.142 0.996109
0.144 1.01961
0.146 1.04325
0.148 1.06703
0.15 1.09091
0.152 1.11488
0.154 1.13893
0.156 1.16304
0.158 1.18719
0.16 1.21136
0.162 1.23553
0.164 1.25968
0.166 1.28379
0.168 1.30784
0.17 1.33182
0.172 1.35569
0.174 1.37944
0.176 1.40305
0.178 1.42649
0.18 1.44974
0.182 1.47279
0.184 1.4956
0.186 1.51816
0.188 1.54045
0.19 1.56244
0.192 1.58411
0.194 1.60544
0.196 1.62641
0.198 1.647
0.2 1.66717
0.202 1.68692
0.204 1.70623
0.206 1.72506
0.208 1.7434
0.21 1.76124
0.212 1.77854
0.214 1.7953
0.216 1.81149
0.218 1.8271
0.22 1.84211
0.222 1.85649
0.224 1.87024
0.226 1.88334
0.228 1.89577
0.23 1.90752
0.232 1.91858
0.234 1.92893
0.236 1.93856
0.238 1.94745
0.24 1.95561
0.242 1.96302
0.244 1.96966
0.246 1.97554
0.248 1.98064
0.25 1.98496
0.252 1.9885
0.254 1.99125
0.256 1.9932
0.258 1.99435
0.26 1.99471
0.262 1.99427
0.264 1.99304
0.266 1.99101
0.268 1.98818
0.27 1.98456
0.272 1.98016
0.274 1.97498
0.276 1.96903
0.278 1.9623
0.28 1.95482
0.282 1.94659
0.284 1.93762
0.286 1.92792
0.288 1.91749
0.29 1.90637
0.292 1.89455
0.294 1.88205
0.296 1.86888
0.298 1.85506
0.3 1.84061
0.302 1.82555
0.304 1.80988
0.306 1.79363
0.308 1.77681
0.31 1.75945
0.312 1.74156
0.314 1.72316
0.316 1.70427
0.318 1.68492
0.32 1.66512
0.322 1.6449
0.324 1.62427
0.326 1.60326
0.328 1.58189
0.33 1.56018
0.332 1.53815
0.334 1.51582
0.336 1.49323
0.338 1.47038
0.34 1.4473
0.342 1.42401
0.344 1.40054
0.346 1.37691
0.348 1.35313
0.35 1.32923
0.352 1.30523
0.354 1.28115
0.356 1.25701
0.358 1.23284
0.36 1.20864
0.362 1.18445
0.364 1.16028
0.366 1.13614
0.368 1.11207
0.37 1.08806
0.372 1.06415
0.374 1.04035
0.376 1.01668
0.378 0.993143
0.38 0.969765
0.382 0.94656
0.384 0.92354
0.386 0.90072
0.388 0.878112
0.39 0.855729
0.392 0.833584
0.394 0.811686
0.396 0.790048
0.398 0.76868
0.4 0.74759
0.402 0.726787
0.404 0.706282
0.406 0.68608
0.408 0.666189
0.41 0.646617
0.412 0.627369
0.414 0.60845
0.416 0.589865
0.418 0.57162
0.42 0.553717
0.422 0.536161
0.424 0.518953
0.426 0.502097
0.428 0.485595
0.43 0.469446
0.432 0.453654
0.434 0.438217
0.436 0.423136
0.438 0.408411
0.44 0.394041
0.442 0.380024
0.444 0.366359
0.446 0.353044
0.448 0.340078
0.45 0.327456
0.452 0.315177
0.454 0.303237
0.456 0.291632
0.458 0.28036
0.46 0.269415
0.462 0.258794
0.464 0.248493
0.466 0.238506
0.468 0.228829
0.47 0.219456
0.472 0.210384
0.474 0.201606
0.476 0.193117
0.478 0.184911
0.48 0.176983
0.482 0.169327
0.484 0.161938
0.486 0.154809
0.488 0.147935
0.49 0.14131
0.492 0.134927
0.494 0.128781
0.496 0.122866
0.498 0.117176
0.5 0.111704
0.502 0.106446
0.504 0.101394
0.506 0.0965435
0.508 0.0918883
0.51 0.0874226
0.512 0.0831407
0.514 0.0790368
0.516 0.0751055
0.518 0.0713412
0.52 0.0677384
0.522 0.0642919
0.524 0.0609963
0.526 0.0578466
0.528 0.0548375
0.53 0.0519641
0.532 0.0492217
0.534 0.0466053
0.536 0.0441103
0.538 0.0417322
0.54 0.0394666
0.542 0.037309
0.544 0.0352552
0.546 0.0333012
0.548 0.0314429
0.55 0.0296765
0.552 0.027998
0.554 0.026404
0.556 0.0248907
0.558 0.0234548
0.56 0.0220929
0.562 0.0208017
0.564 0.0195782
0.566 0.0184192
0.568 0.017322
0.57 0.0162835
0.572 0.0153013
0.574 0.0143725
0.576 0.0134947
0.578 0.0126654
0.58 0.0118824
0.582 0.0111433
0.584 0.010446
0.586 0.00978837
0.588 0.00916852
0.59 0.00858448
0.592 0.00803443
0.594 0.00751661
0.596 0.00702936
0.598 0.00657106
0.6 0.00614019
0.602 0.00573528
0.604 0.00535492
0.606 0.00499779
0.608 0.00466261
0.61 0.00434818
0.612 0.00405332
0.614 0.00377695
0.616 0.00351801
0.618 0.00327552
0.62 0.00304852
0.622 0.00283612
0.624 0.00263746
0.626 0.00245174
0.628 0.00227818
0.63 0.00211606
0.632 0.0019647
0.634 0.00182343
0.636 0.00169164
0.638 0.00156875
0.64 0.0014542
0.642 0.00134748
0.644 0.0012481
0.646 0.00115558
0.648 0.00106949
0.65 0.000989416
0.652 0.000914974
0.654 0.000845794
0.656 0.000781532
0.658 0.000721864
0.66 0.000666484
0.662 0.000615107
0.664 0.000567464
0.666 0.000523301
0.668 0.000482383
0.67 0.000444486
0.672 0.000409402
0.674 0.000376937
0.676 0.000346908
0.678 0.000319143
0.68 0.000293483
0.682 0.000269778
0.684 0.000247889
0.686 0.000227684
0.688 0.000209043
0.69 0.000191851
0.692 0.000176003
0.694 0.000161399
0.696 0.000147948
0.698 0.000135564
0.7 0.000124166
0.702 0.000113682
0.704 0.000104041
0.706 9.51795e-05
0.708 8.7038e-05
0.71 7.95611e-05
0.712 7.26974e-05
0.714 6.63993e-05
0.716 6.06225e-05
0.718 5.53262e-05
0.72 5.04724e-05
0.722 4.60261e-05
0.724 4.19546e-05
0.726 3.8228e-05
0.728 3.48185e-05
0.73 3.17004e-05
0.732 2.885e-05
0.734 2.62454e-05
0.736 2.38664e-05
0.738 2.16944e-05
0.74 1.97121e-05
0.742 1.79038e-05
0.744 1.62549e-05
0.746 1.47519e-05
0.748 1.33826e-05
0.75 1.21355e-05
0.752 1.10002e-05
0.754 9.96718e-06
0.756 9.02752e-06
0.758 8.17319e-06
0.76 7.39674e-06
0.762 6.69138e-06
0.764 6.05086e-06
0.766 5.46947e-06
0.768 4.94196e-06
0.77 4.46355e-06
0.772 4.02983e-06
0.774 3.6368e-06
0.776 3.2808e-06
0.778 2.95845e-06
0.78 2.66672e-06
0.782 2.40279e-06
0.784 2.16411e-06
0.786 1.94836e-06
0.788 1.75343e-06
0.79 1.57736e-06
0.792 1.41841e-06
0.794 1.27496e-06
0.796 1.14556e-06
0.798 1.02889e-06
0.8 9.23723e-07
0.802 8.28978e-07
0.804 7.43653e-07
0.806 6.66844e-07
0.808 5.97729e-07
0.81 5.35563e-07
0.812 4.7967e-07
0.814 4.29439e-07
0.816 3.84315e-07
0.818 3.43794e-07
0.82 3.07423e-07
0.822 2.7479e-07
0.824 2.45522e-07
0.826 2.19284e-07
0.828 1.95772e-07
0.83 1.74711e-07
0.832 1.55853e-07
0.834 1.38975e-07
0.836 1.23875e-07
0.838 1.10372e-07
0.84 9.83013e-08
0.842 8.75158e-08
0.844 7.78824e-08
0.846 6.92818e-08
0.848 6.16063e-08
0.85 5.47592e-08
0.852 4.86536e-08
0.854 4.32116e-08
0.856 3.83629e-08
0.858 3.40446e-08
0.86 3.02003e-08
0.862 2.67795e-08
0.864 2.37366e-08
0.866 2.1031e-08
0.868 1.86264e-08
0.87 1.64901e-08
0.872 1.4593e-08
0.874 1.2909e-08
0.876 1.14148e-08
0.878 1.00894e-08
0.88 8.91443e-09
0.882 7.87312e-09
0.884 6.95065e-09
0.886 6.13382e-09
0.888 5.41082e-09
0.89 4.77112e-09
0.892 4.20538e-09
0.894 3.70523e-09
0.896 3.26326e-09
0.898 2.87287e-09
0.9 2.52817e-09
0.902 2.22393e-09
0.904 1.95553e-09
0.906 1.71883e-09
0.908 1.51017e-09
0.91 1.32632e-09
0.912 1.16438e-09
0.914 1.02181e-09
0.916 8.96333e-10
0.918 7.85954e-10
0.92 6.88892e-10
0.922 6.03569e-10
0.924 5.28608e-10
0.926 4.62774e-10
0.928 4.0498e-10
0.93 3.54254e-10
0.932 3.09767e-10
0.934 2.70758e-10
0.936 2.36565e-10
0.938 2.06602e-10
0.94 1.80379e-10
0.942 1.57411e-10
0.944 1.37322e-10
0.946 1.19745e-10
0.948 1.04388e-10
0.95 9.09593e-11
0.952 7.92372e-11
0.954 6.89998e-11
0.956 6.00683e-11
0.958 5.22757e-11
0.96 4.54871e-11
0.962 3.95768e-11
0.964 3.44274e-11
0.966 2.99478e-11
0.968 2.60608e-11
0.97 2.26839e-11
0.972 1.97503e-11
0.974 1.72259e-11
0.976 1.50299e-11
0.978 1.3149e-11
0.98 1.15346e-11
0.982 1.01552e-11
0.984 8.98298e-12
0.986 8.00527e-12
0.988 7.18336e-12
0.99 6.52369e-12
0.992 5.9945e-12
0.994 5.60033e-12
0.996 5.30944e-12
0.998 5.15357e-12
