-1 0.54471
-0.99 0.544437
-0.98 0.544604
-0.97 0.544237
-0.96 0.544284
-0.95 0.543839
-0.94 0.543744
-0.93 0.543246
-0.92 0.542974
-0.91 0.542458
-0.9 0.541967
-0.89 0.541469
-0.88 0.540727
-0.87 0.540252
-0.86 0.539274
-0.85 0.538765
-0.84 0.537643
-0.83 0.536958
-0.82 0.535852
-0.81 0.534824
-0.8 0.533848
-0.79 0.532441
-0.78 0.531499
-0.77 0.529929
-0.76 0.528699
-0.75 0.527286
-0.74 0.525556
-0.73 0.52427
-0.72 0.522333
-0.71 0.520677
-0.7 0.519001
-0.69 0.516785
-0.68 0.515093
-0.67 0.51296
-0.66 0.510596
-0.65 0.508719
-0.64 0.506204
-0.63 0.503666
-0.62 0.501553
-0.61 0.49874
-0.6 0.495924
-0.59 0.493586
-0.58 0.490577
-0.57 0.487352
-0.56 0.484748
-0.55 0.481734
-0.54 0.478058
-0.53 0.474902
-0.52 0.47205
-0.51 0.468353
-0.5 0.464258
-0.49 0.46091
-0.48 0.457912
-0.47 0.454016
-0.46 0.449208
-0.45 0.444825
-0.44 0.442017
-0.43 0.440831
-0.42 0.440599
-0.41 0.440664
-0.4 0.4407
-0.39 0.440632
-0.38 0.440478
-0.37 0.440257
-0.36 0.43998
-0.35 0.439652
-0.34 0.439274
-0.33 0.438852
-0.32 0.438388
-0.31 0.437887
-0.3 0.437353
-0.29 0.436789
-0.28 0.436201
-0.27 0.43559
-0.26 0.434962
-0.25 0.434321
-0.24 0.43367
-0.23 0.433012
-0.22 0.432353
-0.21 0.431694
-0.2 0.43104
-0.19 0.430395
-0.18 0.429761
-0.17 0.429141
-0.16 0.42854
-0.15 0.427959
-0.14 0.427402
-0.13 0.426871
-0.12 0.426369
-0.11 0.425898
-0.1 0.42546
-0.09 0.425058
-0.08 0.424693
-0.07 0.424368
-0.06 0.424082
-0.05 0.423838
-0.04 0.423637
-0.03 0.42348
-0.02 0.423367
-0.01 0.423299
0 0.423277
0.01 0.423299
0.02 0.423367
0.03 0.42348
0.04 0.423637
0.05 0.423838
0.06 0.424082
0.07 0.424368
0.08 0.424693
0.09 0.425058
0.1 0.42546
0.11 0.425898
0.12 0.426369
0.13 0.426871
0.14 0.427402
0.15 0.427959
0.16 0.42854
0.17 0.429141
0.18 0.429761
0.19 0.430395
0.2 0.43104
0.21 0.431694
0.22 0.432353
0.23 0.433012
0.24 0.43367
0.25 0.434321
0.26 0.434962
0.27 0.43559
0.28 0.436201
0.29 0.436789
0.3 0.437353
0.31 0.437887
0.32 0.438388
0.33 0.438852
0.34 0.439274
0.35 0.439652
0.36 0.43998
0.37 0.440257
0.38 0.440478
0.39 0.440632
0.4 0.4407
0.41 0.440664
0.42 0.440599
0.43 0.440831
0.44 0.442017
0.45 0.444825
0.46 0.449208
0.47 0.454016
0.48 0.457912
0.49 0.46091
0.5 0.464258
0.51 0.468353
0.52 0.47205
0.53 0.474902
0.54 0.478058
0.55 0.481734
0.56 0.484748
0.57 0.487352
0.58 0.490577
0.59 0.493586
0.6 0.495924
0.61 0.49874
0.62 0.501553
0.63 0.503666
0.64 0.506204
0.65 0.508719
0.66 0.510596
0.67 0.51296
0.68 0.515093
0.69 0.516785
0.7 0.519001
0.71 0.520677
0.72 0.522333
0.73 0.52427
0.74 0.525556
0.75 0.527286
0.76 0.528699
0.77 0.529929
0.78 0.531499
0.79 0.532441
0.8 0.533848
0.81 0.534824
0.82 0.535852
0.83 0.536958
0.84 0.537643
0.85 0.538765
0.86 0.539274
0.87 0.540252
0.88 0.540727
0.89 0.541469
0.9 0.541967
0.91 0.542458
0.92 0.542974
0.93 0.543246
0.94 0.543744
0.95 0.543839
0.96 0.544284
0.97 0.544237
0.98 0.544604
0.99 0.544437
