-1 0.149187
-0.99 0.149952
-0.98 0.149464
-0.97 0.150466
-0.96 0.150517
-0.95 0.151097
-0.94 0.152605
-0.93 0.152548
-0.92 0.15354
-0.91 0.157424
-0.9 0.162897
-0.89 0.168731
-0.88 0.174657
-0.87 0.180701
-0.86 0.18688
-0.85 0.193196
-0.84 0.199648
-0.83 0.206235
-0.82 0.212956
-0.81 0.219811
-0.8 0.226798
-0.79 0.233916
-0.78 0.241163
-0.77 0.248539
-0.76 0.25604
-0.75 0.263665
-0.74 0.271412
-0.73 0.279277
-0.72 0.287259
-0.71 0.295353
-0.7 0.303558
-0.69 0.311869
-0.68 0.320283
-0.67 0.328796
-0.66 0.337405
-0.65 0.346104
-0.64 0.354889
-0.63 0.363755
-0.62 0.372698
-0.61 0.381713
-0.6 0.390793
-0.59 0.399934
-0.58 0.40913
-0.57 0.418374
-0.56 0.427661
-0.55 0.436984
-0.54 0.446337
-0.53 0.455713
-0.52 0.465105
-0.51 0.474505
-0.5 0.483908
-0.49 0.493305
-0.48 0.502689
-0.47 0.512053
-0.46 0.521388
-0.45 0.530687
-0.44 0.539942
-0.43 0.549145
-0.42 0.558288
-0.41 0.567363
-0.4 0.576361
-0.39 0.585274
-0.38 0.594094
-0.37 0.602812
-0.36 0.611421
-0.35 0.619912
-0.34 0.628277
-0.33 0.636507
-0.32 0.644594
-0.31 0.652531
-0.3 0.660308
-0.29 0.667919
-0.28 0.675355
-0.27 0.682609
-0.26 0.689672
-0.25 0.696538
-0.24 0.703199
-0.23 0.709648
-0.22 0.715877
-0.21 0.721881
-0.2 0.727653
-0.19 0.733186
-0.18 0.738474
-0.17 0.743511
-0.16 0.748292
-0.15 0.752811
-0.14 0.757063
-0.13 0.761043
-0.12 0.764748
-0.11 0.768172
-0.1 0.771311
-0.09 0.774163
-0.08 0.776723
-0.07 0.778989
-0.06 0.780958
-0.05 0.782629
-0.04 0.783998
-0.03 0.785065
-0.02 0.785827
-0.01 0.786285
0 0.786438
0.01 0.786285
0.02 0.785827
0.03 0.785065
0.04 0.783998
0.05 0.782629
0.06 0.780958
0.07 0.778989
0.08 0.776723
0.09 0.774163
0.1 0.771311
0.11 0.768172
0.12 0.764748
0.13 0.761043
0.14 0.757063
0.15 0.752811
0.16 0.748292
0.17 0.743511
0.18 0.738474
0.19 0.733186
0.2 0.727653
0.21 0.721881
0.22 0.715877
0.23 0.709648
0.24 0.703199
0.25 0.696538
0.26 0.689672
0.27 0.682609
0.28 0.675355
0.29 0.667919
0.3 0.660308
0.31 0.652531
0.32 0.644594
0.33 0.636507
0.34 0.628277
0.35 0.619912
0.36 0.611421
0.37 0.602812
0.38 0.594094
0.39 0.585274
0.4 0.576361
0.41 0.567363
0.42 0.558288
0.43 0.549145
0.44 0.539942
0.45 0.530687
0.46 0.521388
0.47 0.512053
0.48 0.502689
0.49 0.493305
0.5 0.483908
0.51 0.474505
0.52 0.465105
0.53 0.455713
0.54 0.446337
0.55 0.436984
0.56 0.427661
0.57 0.418374
0.58 0.40913
0.59 0.399934
0.6 0.390793
0.61 0.381713
0.62 0.372698
0.63 0.363755
0.64 0.354889
0.65 0.346104
0.66 0.337405
0.67 0.328796
0.68 0.320283
0.69 0.311869
0.7 0.303558
0.71 0.295353
0.72 0.287259
0.73 0.279277
0.74 0.271412
0.75 0.263665
0.76 0.25604
0.77 0.248539
0.78 0.241163
0.79 0.233916
0.8 0.226798
0.81 0.219811
0.82 0.212956
0.83 0.206235
0.84 0.199648
0.85 0.193196
0.86 0.18688
0.87 0.180701
0.88 0.174657
0.89 0.168731
0.9 0.162897
0.91 0.157424
0.92 0.15354
0.93 0.152548
0.94 0.152605
0.95 0.151097
0.96 0.150517
0.97 0.150466
0.98 0.149464
0.99 0.149952
