-1 0.000250523
-0.998 0.000251443
-0.996 0.000254208
-0.994 0.000258834
-0.992 0.000265347
-0.99 0.000273784
-0.988 0.000284193
-0.986 0.000296633
-0.984 0.000311173
-0.982 0.000327895
-0.98 0.000346892
-0.978 0.00036827
-0.976 0.000392146
-0.974 0.000418652
-0.972 0.00044793
-0.97 0.000480139
-0.968 0.000515453
-0.966 0.000554057
-0.964 0.000596156
-0.962 0.000641969
-0.96 0.000691733
-0.958 0.000745703
-0.956 0.000804152
-0.954 0.000867374
-0.952 0.000935682
-0.95 0.00100941
-0.948 0.00108892
-0.946 0.00117459
-0.944 0.00126683
-0.942 0.00136606
-0.94 0.00147276
-0.938 0.0015874
-0.936 0.00171051
-0.934 0.00184263
-0.932 0.00198435
-0.93 0.00213628
-0.928 0.00229907
-0.926 0.00247341
-0.924 0.00266004
-0.922 0.00285971
-0.92 0.00307323
-0.918 0.00330147
-0.916 0.00354533
-0.914 0.00380574
-0.912 0.00408372
-0.91 0.0043803
-0.908 0.0046966
-0.906 0.00503377
-0.904 0.00539303
-0.902 0.00577567
-0.9 0.00618301
-0.898 0.00661646
-0.896 0.00707749
-0.894 0.00756765
-0.892 0.00808854
-0.89 0.00864185
-0.888 0.00922933
-0.886 0.00985282
-0.884 0.0105142
-0.882 0.0112156
-0.88 0.0119589
-0.878 0.0127465
-0.876 0.0135805
-0.874 0.0144632
-0.872 0.0153972
-0.87 0.016385
-0.868 0.0174291
-0.866 0.0185324
-0.864 0.0196977
-0.862 0.0209278
-0.86 0.0222259
-0.858 0.0235951
-0.856 0.0250386
-0.854 0.0265597
-0.852 0.0281621
-0.85 0.0298491
-0.848 0.0316246
-0.846 0.0334923
-0.844 0.0354561
-0.842 0.03752
-0.84 0.0396882
-0.838 0.041965
-0.836 0.0443545
-0.834 0.0468614
-0.832 0.0494902
-0.83 0.0522455
-0.828 0.0551322
-0.826 0.0581552
-0.824 0.0613193
-0.822 0.0646297
-0.82 0.0680916
-0.818 0.0717103
-0.816 0.0754911
-0.814 0.0794394
-0.812 0.0835608
-0.81 0.0878609
-0.808 0.0923453
-0.806 0.0970197
-0.804 0.10189
-0.802 0.106962
-0.8 0.112242
-0.798 0.117735
-0.796 0.123447
-0.794 0.129385
-0.792 0.135555
-0.79 0.141961
-0.788 0.148611
-0.786 0.155511
-0.784 0.162665
-0.782 0.170081
-0.78 0.177764
-0.778 0.185719
-0.776 0.193953
-0.774 0.202471
-0.772 0.211278
-0.77 0.22038
-0.768 0.229783
-0.766 0.239491
-0.764 0.249509
-0.762 0.259842
-0.76 0.270495
-0.758 0.281472
-0.756 0.292778
-0.754 0.304416
-0.752 0.31639
-0.75 0.328703
-0.748 0.341359
-0.746 0.35436
-0.744 0.36771
-0.742 0.38141
-0.74 0.395462
-0.738 0.409868
-0.736 0.424628
-0.734 0.439745
-0.732 0.455217
-0.73 0.471045
-0.728 0.487229
-0.726 0.503767
-0.724 0.520658
-0.722 0.537901
-0.72 0.555492
-0.718 0.573429
-0.716 0.591709
-0.714 0.610327
-0.712 0.629279
-0.71 0.64856
-0.708 0.668164
-0.706 0.688086
-0.704 0.708319
-0.702 0.728855
-0.7 0.749686
-0.698 0.770804
-0.696 0.7922
-0.694 0.813865
-0.692 0.835787
-0.69 0.857957
-0.688 0.880363
-0.686 0.902992
-0.684 0.925833
-0.682 0.948872
-0.68 0.972096
-0.678 0.995489
-0.676 1.01904
-0.674 1.04273
-0.672 1.06654
-0.67 1.09046
-0.668 1.11447
-0.666 1.13855
-0.664 1.16269
-0.662 1.18687
-0.66 1.21106
-0.658 1.23526
-0.656 1.25943
-0.654 1.28356
-0.652 1.30763
-0.65 1.33162
-0.648 1.35551
-0.646 1.37928
-0.644 1.4029
-0.642 1.42635
-0.64 1.44962
-0.638 1.47267
-0.636 1.4955
-0.634 1.51807
-0.632 1.54036
-0.63 1.56236
-0.628 1.58404
-0.626 1.60538
-0.624 1.62635
-0.622 1.64694
-0.62 1.66712
-0.618 1.68688
-0.616 1.70618
-0.614 1.72502
-0.612 1.74337
-0.61 1.76121
-0.608 1.77852
-0.606 1.79528
-0.604 1.81147
-0.602 1.82708
-0.6 1.84209
-0.598 1.85647
-0.596 1.87023
-0.594 1.88333
-0.592 1.89576
-0.59 1.90751
-0.588 1.91857
-0.586 1.92892
-0.584 1.93855
-0.582 1.94745
-0.58 1.9556
-0.578 1.96301
-0.576 1.96966
-0.574 1.97553
-0.572 1.98064
-0.57 1.98496
-0.568 1.9885
-0.566 1.99124
-0.564 1.99319
-0.562 1.99435
-0.56 1.99471
-0.558 1.99427
-0.556 1.99304
-0.554 1.991
-0.552 1.98818
-0.55 1.98456
-0.548 1.98016
-0.546 1.97498
-0.544 1.96903
-0.542 1.9623
-0.54 1.95482
-0.538 1.94659
-0.536 1.93762
-0.534 1.92791
-0.532 1.91749
-0.53 1.90637
-0.528 1.89455
-0.526 1.88204
-0.524 1.86888
-0.522 1.85506
-0.52 1.84061
-0.518 1.82555
-0.516 1.80988
-0.514 1.79363
-0.512 1.77681
-0.51 1.75945
-0.508 1.74156
-0.506 1.72316
-0.504 1.70427
-0.502 1.68492
-0.5 1.66512
-0.498 1.6449
-0.496 1.62427
-0.494 1.60326
-0.492 1.58189
-0.49 1.56018
-0.488 1.53815
-0.486 1.51582
-0.484 1.49323
-0.482 1.47038
-0.48 1.4473
-0.478 1.42401
-0.476 1.40054
-0.474 1.37691
-0.472 1.35313
-0.47 1.32923
-0.468 1.30523
-0.466 1.28115
-0.464 1.25701
-0.462 1.23284
-0.46 1.20864
-0.458 1.18445
-0.456 1.16028
-0.454 1.13614
-0.452 1.11207
-0.45 1.08806
-0.448 1.06415
-0.446 1.04035
-0.444 1.01668
-0.442 0.993143
-0.44 0.969765
-0.438 0.94656
-0.436 0.92354
-0.434 0.90072
-0.432 0.878112
-0.43 0.855729
-0.428 0.833584
-0.426 0.811686
-0.424 0.790048
-0.422 0.76868
-0.42 0.74759
-0.418 0.726788
-0.416 0.706282
-0.414 0.68608
-0.412 0.666189
-0.41 0.646617
-0.408 0.627369
-0.406 0.60845
-0.404 0.589865
-0.402 0.57162
-0.4 0.553717
-0.398 0.536161
-0.396 0.518953
-0.394 0.502097
-0.392 0.485595
-0.39 0.469446
-0.388 0.453654
-0.386 0.438217
-0.384 0.423136
-0.382 0.408411
-0.38 0.394041
-0.378 0.380024
-0.376 0.366359
-0.374 0.353044
-0.372 0.340078
-0.37 0.327456
-0.368 0.315177
-0.366 0.303237
-0.364 0.291632
-0.362 0.28036
-0.36 0.269415
-0.358 0.258794
-0.356 0.248493
-0.354 0.238506
-0.352 0.228829
-0.35 0.219457
-0.348 0.210384
-0.346 0.201606
-0.344 0.193117
-0.342 0.184911
-0.34 0.176983
-0.338 0.169327
-0.336 0.161938
-0.334 0.154809
-0.332 0.147935
-0.33 0.14131
-0.328 0.134927
-0.326 0.128781
-0.324 0.122866
-0.322 0.117176
-0.32 0.111704
-0.318 0.106446
-0.316 0.101394
-0.314 0.0965435
-0.312 0.0918883
-0.31 0.0874226
-0.308 0.0831407
-0.306 0.0790368
-0.304 0.0751055
-0.302 0.0713412
-0.3 0.0677385
-0.298 0.0642919
-0.296 0.0609964
-0.294 0.0578466
-0.292 0.0548375
-0.29 0.0519642
-0.288 0.0492217
-0.286 0.0466053
-0.284 0.0441103
-0.282 0.0417322
-0.28 0.0394666
-0.278 0.037309
-0.276 0.0352552
-0.274 0.0333012
-0.272 0.0314429
-0.27 0.0296765
-0.268 0.027998
-0.266 0.026404
-0.264 0.0248907
-0.262 0.0234548
-0.26 0.0220929
-0.258 0.0208017
-0.256 0.0195782
-0.254 0.0184192
-0.252 0.0173219
-0.25 0.0162835
-0.248 0.0153012
-0.246 0.0143725
-0.244 0.0134947
-0.242 0.0126654
-0.24 0.0118824
-0.238 0.0111433
-0.236 0.010446
-0.234 0.00978837
-0.232 0.00916851
-0.23 0.00858447
-0.228 0.00803442
-0.226 0.00751661
-0.224 0.00702935
-0.222 0.00657106
-0.22 0.00614018
-0.218 0.00573527
-0.216 0.00535491
-0.214 0.00499779
-0.212 0.00466261
-0.21 0.00434817
-0.208 0.00405331
-0.206 0.00377694
-0.204 0.00351801
-0.202 0.00327551
-0.2 0.00304852
-0.198 0.00283612
-0.196 0.00263746
-0.194 0.00245173
-0.192 0.00227818
-0.19 0.00211606
-0.188 0.00196469
-0.186 0.00182342
-0.184 0.00169164
-0.182 0.00156874
-0.18 0.0014542
-0.178 0.00134748
-0.176 0.00124809
-0.174 0.00115557
-0.172 0.00106948
-0.17 0.000989412
-0.168 0.00091497
-0.166 0.00084579
-0.164 0.000781528
-0.162 0.00072186
-0.16 0.000666481
-0.158 0.000615104
-0.156 0.000567461
-0.154 0.000523298
-0.152 0.00048238
-0.15 0.000444483
-0.148 0.0004094
-0.146 0.000376935
-0.144 0.000346906
-0.142 0.000319141
-0.14 0.000293481
-0.138 0.000269776
-0.136 0.000247887
-0.134 0.000227683
-0.132 0.000209042
-0.13 0.00019185
-0.128 0.000176002
-0.126 0.000161398
-0.124 0.000147947
-0.122 0.000135563
-0.12 0.000124165
-0.118 0.000113681
-0.116 0.00010404
-0.114 9.51788e-05
-0.112 8.70374e-05
-0.11 7.95606e-05
-0.108 7.2697e-05
-0.106 6.6399e-05
-0.104 6.06223e-05
-0.102 5.53262e-05
-0.1 5.04725e-05
-0.098 4.60263e-05
-0.096 4.1955e-05
-0.094 3.82285e-05
-0.092 3.48192e-05
-0.09 3.17013e-05
-0.088 2.88511e-05
-0.086 2.62467e-05
-0.084 2.3868e-05
-0.082 2.16962e-05
-0.08 1.97143e-05
-0.078 1.79064e-05
-0.076 1.62579e-05
-0.074 1.47554e-05
-0.072 1.33866e-05
-0.07 1.21401e-05
-0.068 1.10054e-05
-0.066 9.97312e-06
-0.064 9.0343e-06
-0.062 8.1809e-06
-0.06 7.4055e-06
-0.058 6.70133e-06
-0.056 6.06215e-06
-0.054 5.48226e-06
-0.052 4.95644e-06
-0.05 4.47993e-06
-0.048 4.04836e-06
-0.046 3.65775e-06
-0.044 3.30445e-06
-0.042 2.98516e-06
-0.04 2.69685e-06
-0.038 2.43676e-06
-0.036 2.20241e-06
-0.034 1.99152e-06
-0.032 1.80203e-06
-0.03 1.63207e-06
-0.028 1.47997e-06
-0.026 1.3442e-06
-0.024 1.2234e-06
-0.022 1.11636e-06
-0.02 1.02199e-06
-0.018 9.39317e-07
-0.016 8.67497e-07
-0.014 8.05789e-07
-0.012 7.53553e-07
-0.01 7.10246e-07
-0.008 6.75416e-07
-0.006 6.48698e-07
-0.004 6.29812e-07
-0.002 6.18559e-07
0 6.14821e-07
0.002 6.18559e-07
0.004 6.29812e-07
0.006 6.48698e-07
0.008 6.75416e-07
0.01 7.10246e-07
0.012 7.53553e-07
0.014 8.05789e-07
0.016 8.67497e-07
0.018 9.39317e-07
0.02 1.02199e-06
0.022 1.11636e-06
0.024 1.2234e-06
0.026 1.3442e-06
0.028 1.47997e-06
0.03 1.63207e-06
0.032 1.80203e-06
0.034 1.99152e-06
0.036 2.20241e-06
0.038 2.43676e-06
0.04 2.69685e-06
0.042 2.98516e-06
0.044 3.30445e-06
0.046 3.65775e-06
0.048 4.04836e-06
0.05 4.47993e-06
0.052 4.95644e-06
0.054 5.48226e-06
0.056 6.06215e-06
0.058 6.70133e-06
0.06 7.4055e-06
0.062 8.1809e-06
0.064 9.0343e-06
0.066 9.97312e-06
0.068 1.10054e-05
0.07 1.21401e-05
0.072 1.33866e-05
0.074 1.47554e-05
0.076 1.62579e-05
0.078 1.79064e-05
0.08 1.97143e-05
0.082 2.16962e-05
0.084 2.3868e-05
0.086 2.62467e-05
0.088 2.88511e-05
0.09 3.17013e-05
0.092 3.48192e-05
0.094 3.82285e-05
0.096 4.1955e-05
0.098 4.60263e-05
0.1 5.04725e-05
0.102 5.53262e-05
0.104 6.06223e-05
0.106 6.6399e-05
0.108 7.2697e-05
0.11 7.95606e-05
0.112 8.70374e-05
0.114 9.51788e-05
0.116 0.00010404
0.118 0.000113681
0.12 0.000124165
0.122 0.000135563
0.124 0.000147947
0.126 0.000161398
0.128 0.000176002
0.13 0.00019185
0.132 0.000209042
0.134 0.000227683
0.136 0.000247887
0.138 0.000269776
0.14 0.000293481
0.142 0.000319141
0.144 0.000346906
0.146 0.000376935
0.148 0.0004094
0.15 0.000444483
0.152 0.00048238
0.154 0.000523298
0.156 0.000567461
0.158 0.000615104
0.16 0.000666481
0.162 0.00072186
0.164 0.000781528
0.166 0.00084579
0.168 0.00091497
0.17 0.000989412
0.172 0.00106948
0.174 0.00115557
0.176 0.00124809
0.178 0.00134748
0.18 0.0014542
0.182 0.00156874
0.184 0.00169164
0.186 0.00182342
0.188 0.00196469
0.19 0.00211606
0.192 0.00227818
0.194 0.00245173
0.196 0.00263746
0.198 0.00283612
0.2 0.00304852
0.202 0.00327551
0.204 0.00351801
0.206 0.00377694
0.208 0.00405331
0.21 0.00434817
0.212 0.00466261
0.214 0.00499779
0.216 0.00535491
0.218 0.00573527
0.22 0.00614018
0.222 0.00657106
0.224 0.00702935
0.226 0.00751661
0.228 0.00803442
0.23 0.00858447
0.232 0.00916851
0.234 0.00978837
0.236 0.010446
0.238 0.0111433
0.24 0.0118824
0.242 0.0126654
0.244 0.0134947
0.246 0.0143725
0.248 0.0153012
0.25 0.0162835
0.252 0.0173219
0.254 0.0184192
0.256 0.0195782
0.258 0.0208017
0.26 0.0220929
0.262 0.0234548
0.264 0.0248907
0.266 0.026404
0.268 0.027998
0.27 0.0296765
0.272 0.0314429
0.274 0.0333012
0.276 0.0352552
0.278 0.037309
0.28 0.0394666
0.282 0.0417322
0.284 0.0441103
0.286 0.0466053
0.288 0.0492217
0.29 0.0519642
0.292 0.0548375
0.294 0.0578466
0.296 0.0609964
0.298 0.0642919
0.3 0.0677385
0.302 0.0713412
0.304 0.0751055
0.306 0.0790368
0.308 0.0831407
0.31 0.0874226
0.312 0.0918883
0.314 0.0965435
0.316 0.101394
0.318 0.106446
0.32 0.111704
0.322 0.117176
0.324 0.122866
0.326 0.128781
0.328 0.134927
0.33 0.14131
0.332 0.147935
0.334 0.154809
0.336 0.161938
0.338 0.169327
0.34 0.176983
0.342 0.184911
0.344 0.193117
0.346 0.201606
0.348 0.210384
0.35 0.219457
0.352 0.228829
0.354 0.238506
0.356 0.248493
0.358 0.258794
0.36 0.269415
0.362 0.28036
0.364 0.291632
0.366 0.303237
0.368 0.315177
0.37 0.327456
0.372 0.340078
0.374 0.353044
0.376 0.366359
0.378 0.380024
0.38 0.394041
0.382 0.408411
0.384 0.423136
0.386 0.438217
0.388 0.453654
0.39 0.469446
0.392 0.485595
0.394 0.502097
0.396 0.518953
0.398 0.536161
0.4 0.553717
0.402 0.57162
0.404 0.589865
0.406 0.60845
0.408 0.627369
0.41 0.646617
0.412 0.666189
0.414 0.68608
0.416 0.706282
0.418 0.726788
0.42 0.74759
0.422 0.76868
0.424 0.790048
0.426 0.811686
0.428 0.833584
0.43 0.855729
0.432 0.878112
0.434 0.90072
0.436 0.92354
0.438 0.94656
0.44 0.969765
0.442 0.993143
0.444 1.01668
0.446 1.04035
0.448 1.06415
0.45 1.08806
0.452 1.11207
0.454 1.13614
0.456 1.16028
0.458 1.18445
0.46 1.20864
0.462 1.23284
0.464 1.25701
0.466 1.28115
0.468 1.30523
0.47 1.32923
0.472 1.35313
0.474 1.37691
0.476 1.40054
0.478 1.42401
0.48 1.4473
0.482 1.47038
0.484 1.49323
0.486 1.51582
0.488 1.53815
0.49 1.56018
0.492 1.58189
0.494 1.60326
0.496 1.62427
0.498 1.6449
0.5 1.66512
0.502 1.68492
0.504 1.70427
0.506 1.72316
0.508 1.74156
0.51 1.75945
0.512 1.77681
0.514 1.79363
0.516 1.80988
0.518 1.82555
0.52 1.84061
0.522 1.85506
0.524 1.86888
0.526 1.88204
0.528 1.89455
0.53 1.90637
0.532 1.91749
0.534 1.92791
0.536 1.93762
0.538 1.94659
0.54 1.95482
0.542 1.9623
0.544 1.96903
0.546 1.97498
0.548 1.98016
0.55 1.98456
0.552 1.98818
0.554 1.991
0.556 1.99304
0.558 1.99427
0.56 1.99471
0.562 1.99435
0.564 1.99319
0.566 1.99124
0.568 1.9885
0.57 1.98496
0.572 1.98064
0.574 1.97553
0.576 1.96966
0.578 1.96301
0.58 1.9556
0.582 1.94745
0.584 1.93855
0.586 1.92892
0.588 1.91857
0.59 1.90751
0.592 1.89576
0.594 1.88333
0.596 1.87023
0.598 1.85647
0.6 1.84209
0.602 1.82708
0.604 1.81147
0.606 1.79528
0.608 1.77852
0.61 1.76121
0.612 1.74337
0.614 1.72502
0.616 1.70618
0.618 1.68688
0.62 1.66712
0.622 1.64694
0.624 1.62635
0.626 1.60538
0.628 1.58404
0.63 1.56236
0.632 1.54036
0.634 1.51807
0.636 1.4955
0.638 1.47267
0.64 1.44962
0.642 1.42635
0.644 1.4029
0.646 1.37928
0.648 1.35551
0.65 1.33162
0.652 1.30763
0.654 1.28356
0.656 1.25943
0.658 1.23526
0.66 1.21106
0.662 1.18687
0.664 1.16269
0.666 1.13855
0.668 1.11447
0.67 1.09046
0.672 1.06654
0.674 1.04273
0.676 1.01904
0.678 0.995489
0.68 0.972096
0.682 0.948872
0.684 0.925833
0.686 0.902992
0.688 0.880363
0.69 0.857957
0.692 0.835787
0.694 0.813865
0.696 0.7922
0.698 0.770804
0.7 0.749686
0.702 0.728855
0.704 0.708319
0.706 0.688086
0.708 0.668164
0.71 0.64856
0.712 0.629279
0.714 0.610327
0.716 0.591709
0.718 0.573429
0.72 0.555492
0.722 0.537901
0.724 0.520658
0.726 0.503767
0.728 0.487229
0.73 0.471045
0.732 0.455217
0.734 0.439745
0.736 0.424628
0.738 0.409868
0.74 0.395462
0.742 0.38141
0.744 0.36771
0.746 0.35436
0.748 0.341359
0.75 0.328703
0.752 0.31639
0.754 0.304416
0.756 0.292778
0.758 0.281472
0.76 0.270495
0.762 0.259842
0.764 0.249509
0.766 0.239491
0.768 0.229783
0.77 0.22038
0.772 0.211278
0.774 0.202471
0.776 0.193953
0.778 0.185719
0.78 0.177764
0.782 0.170081
0.784 0.162665
0.786 0.155511
0.788 0.148611
0.79 0.141961
0.792 0.135555
0.794 0.129385
0.796 0.123447
0.798 0.117735
0.8 0.112242
0.802 0.106962
0.804 0.10189
0.806 0.0970197
0.808 0.0923453
0.81 0.0878609
0.812 0.0835608
0.814 0.0794394
0.816 0.0754911
0.818 0.0717103
0.82 0.0680916
0.822 0.0646297
0.824 0.0613193
0.826 0.0581552
0.828 0.0551322
0.83 0.0522455
0.832 0.0494902
0.834 0.0468614
0.836 0.0443545
0.838 0.041965
0.84 0.0396882
0.842 0.03752
0.844 0.0354561
0.846 0.0334923
0.848 0.0316246
0.85 0.0298491
0.852 0.0281621
0.854 0.0265597
0.856 0.0250386
0.858 0.0235951
0.86 0.0222259
0.862 0.0209278
0.864 0.0196977
0.866 0.0185324
0.868 0.0174291
0.87 0.016385
0.872 0.0153972
0.874 0.0144632
0.876 0.0135805
0.878 0.0127465
0.88 0.0119589
0.882 0.0112156
0.884 0.0105142
0.886 0.00985282
0.888 0.00922933
0.89 0.00864185
0.892 0.00808854
0.894 0.00756765
0.896 0.00707749
0.898 0.00661646
0.9 0.00618301
0.902 0.00577567
0.904 0.00539303
0.906 0.00503377
0.908 0.0046966
0.91 0.0043803
0.912 0.00408372
0.914 0.00380574
0.916 0.00354533
0.918 0.00330147
0.92 0.00307323
0.922 0.00285971
0.924 0.00266004
0.926 0.00247341
0.928 0.00229907
0.93 0.00213628
0.932 0.00198435
0.934 0.00184263
0.936 0.00171051
0.938 0.0015874
0.94 0.00147276
0.942 0.00136606
0.944 0.00126683
0.946 0.00117459
0.948 0.00108892
0.95 0.00100941
0.952 0.000935682
0.954 0.000867374
0.956 0.000804152
0.958 0.000745703
0.96 0.000691733
0.962 0.000641969
0.964 0.000596156
0.966 0.000554057
0.968 0.000515453
0.97 0.000480139
0.972 0.00044793
0.974 0.000418652
0.976 0.000392146
0.978 0.00036827
0.98 0.000346892
0.982 0.000327895
0.984 0.000311173
0.986 0.000296633
0.988 0.000284193
0.99 0.000273784
0.992 0.000265347
0.994 0.000258834
0.996 0.000254208
0.998 0.000251443
