-1 0.31058
-0.99 0.310374
-0.98 0.310812
-0.97 0.310793
-0.96 0.311498
-0.95 0.311643
-0.94 0.312609
-0.93 0.312949
-0.92 0.314091
-0.91 0.314752
-0.9 0.315888
-0.89 0.31705
-0.88 0.318028
-0.87 0.319698
-0.86 0.320693
-0.85 0.322447
-0.84 0.324004
-0.83 0.32536
-0.82 0.327531
-0.81 0.329019
-0.8 0.330801
-0.79 0.33319
-0.78 0.334768
-0.77 0.336728
-0.76 0.339396
-0.75 0.341235
-0.74 0.342959
-0.73 0.345783
-0.72 0.348501
-0.71 0.350046
-0.7 0.351664
-0.69 0.355047
-0.68 0.36039
-0.67 0.366823
-0.66 0.373564
-0.65 0.380303
-0.64 0.387004
-0.63 0.393686
-0.62 0.400359
-0.61 0.40702
-0.6 0.413664
-0.59 0.420288
-0.58 0.426888
-0.57 0.43346
-0.56 0.439999
-0.55 0.446504
-0.54 0.452969
-0.53 0.459391
-0.52 0.465765
-0.51 0.47209
-0.5 0.47836
-0.49 0.484571
-0.48 0.490722
-0.47 0.496807
-0.46 0.502822
-0.45 0.508766
-0.44 0.514633
-0.43 0.520421
-0.42 0.526127
-0.41 0.531746
-0.4 0.537275
-0.39 0.542712
-0.38 0.548053
-0.37 0.553294
-0.36 0.558434
-0.35 0.563469
-0.34 0.568395
-0.33 0.573211
-0.32 0.577913
-0.31 0.582498
-0.3 0.586965
-0.29 0.59131
-0.28 0.595531
-0.27 0.599626
-0.26 0.603591
-0.25 0.607426
-0.24 0.611128
-0.23 0.614695
-0.22 0.618124
-0.21 0.621415
-0.2 0.624564
-0.19 0.627571
-0.18 0.630433
-0.17 0.63315
-0.16 0.635719
-0.15 0.63814
-0.14 0.640411
-0.13 0.64253
-0.12 0.644497
-0.11 0.64631
-0.1 0.647969
-0.09 0.649473
-0.08 0.65082
-0.07 0.652011
-0.06 0.653044
-0.05 0.653919
-0.04 0.654636
-0.03 0.655194
-0.02 0.655592
-0.01 0.655832
0 0.655912
0.01 0.655832
0.02 0.655592
0.03 0.655194
0.04 0.654636
0.05 0.653919
0.06 0.653044
0.07 0.652011
0.08 0.65082
0.09 0.649473
0.1 0.647969
0.11 0.64631
0.12 0.644497
0.13 0.64253
0.14 0.640411
0.15 0.63814
0.16 0.635719
0.17 0.63315
0.18 0.630433
0.19 0.627571
0.2 0.624564
0.21 0.621415
0.22 0.618124
0.23 0.614695
0.24 0.611128
0.25 0.607426
0.26 0.603591
0.27 0.599626
0.28 0.595531
0.29 0.59131
0.3 0.586965
0.31 0.582498
0.32 0.577913
0.33 0.573211
0.34 0.568395
0.35 0.563469
0.36 0.558434
0.37 0.553294
0.38 0.548053
0.39 0.542712
0.4 0.537275
0.41 0.531746
0.42 0.526127
0.43 0.520421
0.44 0.514633
0.45 0.508766
0.46 0.502822
0.47 0.496807
0.48 0.490722
0.49 0.484571
0.5 0.47836
0.51 0.47209
0.52 0.465765
0.53 0.459391
0.54 0.452969
0.55 0.446504
0.56 0.439999
0.57 0.43346
0.58 0.426888
0.59 0.420288
0.6 0.413664
0.61 0.40702
0.62 0.400359
0.63 0.393686
0.64 0.387004
0.65 0.380303
0.66 0.373564
0.67 0.366823
0.68 0.36039
0.69 0.355047
0.7 0.351664
0.71 0.350046
0.72 0.348501
0.73 0.345783
0.74 0.342959
0.75 0.341235
0.76 0.339396
0.77 0.336728
0.78 0.334768
0.79 0.33319
0.8 0.330801
0.81 0.329019
0.82 0.327531
0.83 0.32536
0.84 0.324004
0.85 0.322447
0.86 0.320693
0.87 0.319698
0.88 0.318028
0.89 0.31705
0.9 0.315888
0.91 0.314752
0.92 0.314091
0.93 0.312949
0.94 0.312609
0.95 0.311643
0.96 0.311498
0.97 0.310793
0.98 0.310812
0.99 0.310374
