-1 0.703521
-0.99 0.703224
-0.98 0.703103
-0.97 0.702378
-0.96 0.701849
-0.95 0.70069
-0.94 0.69976
-0.93 0.69817
-0.92 0.696838
-0.91 0.694832
-0.9 0.693088
-0.89 0.690695
-0.88 0.688511
-0.87 0.685779
-0.86 0.68312
-0.85 0.680102
-0.84 0.676934
-0.83 0.673674
-0.82 0.669993
-0.81 0.666486
-0.8 0.662354
-0.79 0.658526
-0.78 0.654075
-0.77 0.649799
-0.76 0.64518
-0.75 0.640363
-0.74 0.635636
-0.73 0.630338
-0.72 0.625377
-0.71 0.619833
-0.7 0.614403
-0.69 0.608843
-0.68 0.602866
-0.67 0.597227
-0.66 0.590979
-0.65 0.584918
-0.64 0.578748
-0.63 0.572136
-0.62 0.565925
-0.61 0.559183
-0.6 0.55246
-0.59 0.545921
-0.58 0.538782
-0.57 0.531993
-0.56 0.525072
-0.55 0.517706
-0.54 0.510811
-0.53 0.503572
-0.52 0.49606
-0.51 0.489043
-0.5 0.481592
-0.49 0.473952
-0.48 0.46683
-0.47 0.459285
-0.46 0.451504
-0.45 0.444294
-0.44 0.436796
-0.43 0.428879
-0.42 0.421528
-0.41 0.414228
-0.4 0.406299
-0.39 0.39865
-0.38 0.391552
-0.37 0.383979
-0.36 0.376005
-0.35 0.368667
-0.34 0.361723
-0.33 0.354146
-0.32 0.346174
-0.31 0.33889
-0.3 0.332304
-0.29 0.325319
-0.28 0.317419
-0.27 0.309439
-0.26 0.302652
-0.25 0.297632
-0.24 0.294073
-0.23 0.29132
-0.22 0.288872
-0.21 0.28651
-0.2 0.284196
-0.19 0.281949
-0.18 0.279788
-0.17 0.277721
-0.16 0.275753
-0.15 0.273887
-0.14 0.272125
-0.13 0.270471
-0.12 0.268928
-0.11 0.267498
-0.1 0.266184
-0.09 0.264987
-0.08 0.263912
-0.07 0.262958
-0.06 0.262128
-0.05 0.261423
-0.04 0.260845
-0.03 0.260394
-0.02 0.260071
-0.01 0.259878
0 0.259813
0.01 0.259878
0.02 0.260071
0.03 0.260394
0.04 0.260845
0.05 0.261423
0.06 0.262128
0.07 0.262958
0.08 0.263912
0.09 0.264987
0.1 0.266184
0.11 0.267498
0.12 0.268928
0.13 0.270471
0.14 0.272125
0.15 0.273887
0.16 0.275753
0.17 0.277721
0.18 0.279788
0.19 0.281949
0.2 0.284196
0.21 0.28651
0.22 0.288872
0.23 0.29132
0.24 0.294073
0.25 0.297632
0.26 0.302652
0.27 0.309439
0.28 0.317419
0.29 0.325319
0.3 0.332304
0.31 0.33889
0.32 0.346174
0.33 0.354146
0.34 0.361723
0.35 0.368667
0.36 0.376005
0.37 0.383979
0.38 0.391552
0.39 0.39865
0.4 0.406299
0.41 0.414228
0.42 0.421528
0.43 0.428879
0.44 0.436796
0.45 0.444294
0.46 0.451504
0.47 0.459285
0.48 0.46683
0.49 0.473952
0.5 0.481592
0.51 0.489043
0.52 0.49606
0.53 0.503572
0.54 0.510811
0.55 0.517706
0.56 0.525072
0.57 0.531993
0.58 0.538782
0.59 0.545921
0.6 0.55246
0.61 0.559183
0.62 0.565925
0.63 0.572136
0.64 0.578748
0.65 0.584918
0.66 0.590979
0.67 0.597227
0.68 0.602866
0.69 0.608843
0.7 0.614403
0.71 0.619833
0.72 0.625377
0.73 0.630338
0.74 0.635636
0.75 0.640363
0.76 0.64518
0.77 0.649799
0.78 0.654075
0.79 0.658526
0.8 0.662354
0.81 0.666486
0.82 0.669993
0.83 0.673674
0.84 0.676934
0.85 0.680102
0.86 0.68312
0.87 0.685779
0.88 0.688511
0.89 0.690695
0.9 0.693088
0.91 0.694832
0.92 0.696838
0.93 0.69817
0.94 0.69976
0.95 0.70069
0.96 0.701849
0.97 0.702378
0.98 0.703103
0.99 0.703224
