-1 2.42163e-12
-0.998 2.44775e-12
-0.996 2.52729e-12
-0.994 2.6616e-12
-0.992 2.86046e-12
-0.99 3.11657e-12
-0.988 3.44448e-12
-0.986 3.84074e-12
-0.984 4.32414e-12
-0.982 4.90028e-12
-0.98 5.57071e-12
-0.978 6.37327e-12
-0.976 7.30188e-12
-0.974 8.38267e-12
-0.972 9.63884e-12
-0.97 1.10909e-11
-0.968 1.27643e-11
-0.966 1.46962e-11
-0.964 1.69425e-11
-0.962 1.95095e-11
-0.96 2.24735e-11
-0.958 2.58797e-11
-0.956 2.9799e-11
-0.954 3.42893e-11
-0.952 3.94624e-11
-0.95 4.53922e-11
-0.948 5.2199e-11
-0.946 5.99989e-11
-0.944 6.89391e-11
-0.942 7.91853e-11
-0.94 9.0918e-11
-0.938 1.04348e-10
-0.936 1.19719e-10
-0.934 1.37298e-10
-0.932 1.5739e-10
-0.93 1.80357e-10
-0.928 2.06597e-10
-0.926 2.36549e-10
-0.924 2.70742e-10
-0.922 3.09754e-10
-0.92 3.54244e-10
-0.918 4.04975e-10
-0.916 4.62768e-10
-0.914 5.28612e-10
-0.912 6.03568e-10
-0.91 6.88889e-10
-0.908 7.85952e-10
-0.906 8.96333e-10
-0.904 1.02181e-09
-0.902 1.16438e-09
-0.9 1.32632e-09
-0.898 1.51017e-09
-0.896 1.71883e-09
-0.894 1.95552e-09
-0.892 2.22393e-09
-0.89 2.52817e-09
-0.888 2.87287e-09
-0.886 3.26327e-09
-0.884 3.70523e-09
-0.882 4.20538e-09
-0.88 4.77112e-09
-0.878 5.41082e-09
-0.876 6.13383e-09
-0.874 6.95066e-09
-0.872 7.87312e-09
-0.87 8.91443e-09
-0.868 1.00894e-08
-0.866 1.14148e-08
-0.864 1.2909e-08
-0.862 1.4593e-08
-0.86 1.64901e-08
-0.858 1.86264e-08
-0.856 2.1031e-08
-0.854 2.37366e-08
-0.852 2.67795e-08
-0.85 3.02004e-08
-0.848 3.40446e-08
-0.846 3.83629e-08
-0.844 4.32116e-08
-0.842 4.86537e-08
-0.84 5.47592e-08
-0.838 6.16063e-08
-0.836 6.92818e-08
-0.834 7.78825e-08
-0.832 8.75158e-08
-0.83 9.83014e-08
-0.828 1.10372e-07
-0.826 1.23875e-07
-0.824 1.38975e-07
-0.822 1.55853e-07
-0.82 1.74711e-07
-0.818 1.95772e-07
-0.816 2.19284e-07
-0.814 2.45522e-07
-0.812 2.7479e-07
-0.81 3.07423e-07
-0.808 3.43794e-07
-0.806 3.84315e-07
-0.804 4.29439e-07
-0.802 4.79671e-07
-0.8 5.35563e-07
-0.798 5.97729e-07
-0.796 6.66844e-07
-0.794 7.43653e-07
-0.792 8.28978e-07
-0.79 9.23724e-07
-0.788 1.02889e-06
-0.786 1.14556e-06
-0.784 1.27496e-06
-0.782 1.41841e-06
-0.78 1.57736e-06
-0.778 1.75343e-06
-0.776 1.94837e-06
-0.774 2.16411e-06
-0.772 2.40279e-06
-0.77 2.66672e-06
-0.768 2.95845e-06
-0.766 3.2808e-06
-0.764 3.6368e-06
-0.762 4.02983e-06
-0.76 4.46355e-06
-0.758 4.94196e-06
-0.756 5.46947e-06
-0.754 6.05087e-06
-0.752 6.69138e-06
-0.75 7.39674e-06
-0.748 8.17319e-06
-0.746 9.02753e-06
-0.744 9.96718e-06
-0.742 1.10002e-05
-0.74 1.21355e-05
-0.738 1.33826e-05
-0.736 1.47519e-05
-0.734 1.62549e-05
-0.732 1.79038e-05
-0.73 1.97121e-05
-0.728 2.16944e-05
-0.726 2.38664e-05
-0.724 2.62454e-05
-0.722 2.885e-05
-0.72 3.17004e-05
-0.718 3.48185e-05
-0.716 3.8228e-05
-0.714 4.19546e-05
-0.712 4.60261e-05
-0.71 5.04724e-05
-0.708 5.53262e-05
-0.706 6.06225e-05
-0.704 6.63993e-05
-0.702 7.26974e-05
-0.7 7.95611e-05
-0.698 8.7038e-05
-0.696 9.51795e-05
-0.694 0.000104041
-0.692 0.000113682
-0.69 0.000124166
-0.688 0.000135564
-0.686 0.000147948
-0.684 0.000161399
-0.682 0.000176003
-0.68 0.000191851
-0.678 0.000209043
-0.676 0.000227684
-0.674 0.000247889
-0.672 0.000269778
-0.67 0.000293483
-0.668 0.000319143
-0.666 0.000346908
-0.664 0.000376937
-0.662 0.000409402
-0.66 0.000444486
-0.658 0.000482383
-0.656 0.000523301
-0.654 0.000567464
-0.652 0.000615107
-0.65 0.000666484
-0.648 0.000721864
-0.646 0.000781532
-0.644 0.000845794
-0.642 0.000914974
-0.64 0.000989416
-0.638 0.00106949
-0.636 0.00115558
-0.634 0.0012481
-0.632 0.00134748
-0.63 0.0014542
-0.628 0.00156875
-0.626 0.00169164
-0.624 0.00182343
-0.622 0.0019647
-0.62 0.00211606
-0.618 0.00227818
-0.616 0.00245174
-0.614 0.00263746
-0.612 0.00283612
-0.61 0.00304852
-0.608 0.00327552
-0.606 0.00351801
-0.604 0.00377695
-0.602 0.00405332
-0.6 0.00434818
-0.598 0.00466261
-0.596 0.00499779
-0.594 0.00535492
-0.592 0.00573528
-0.59 0.00614019
-0.588 0.00657106
-0.586 0.00702936
-0.584 0.00751661
-0.582 0.00803443
-0.58 0.00858448
-0.578 0.00916852
-0.576 0.00978837
-0.574 0.010446
-0.572 0.0111433
-0.57 0.0118824
-0.568 0.0126654
-0.566 0.0134947
-0.564 0.0143725
-0.562 0.0153013
-0.56 0.0162835
-0.558 0.017322
-0.556 0.0184192
-0.554 0.0195782
-0.552 0.0208017
-0.55 0.0220929
-0.548 0.0234548
-0.546 0.0248907
-0.544 0.026404
-0.542 0.027998
-0.54 0.0296765
-0.538 0.0314429
-0.536 0.0333012
-0.534 0.0352552
-0.532 0.037309
-0.53 0.0394666
-0.528 0.0417322
-0.526 0.0441103
-0.524 0.0466053
-0.522 0.0492217
-0.52 0.0519641
-0.518 0.0548375
-0.516 0.0578466
-0.514 0.0609963
-0.512 0.0642919
-0.51 0.0677384
-0.508 0.0713412
-0.506 0.0751055
-0.504 0.0790368
-0.502 0.0831407
-0.5 0.0874226
-0.498 0.0918883
-0.496 0.0965435
-0.494 0.101394
-0.492 0.106446
-0.49 0.111704
-0.488 0.117176
-0.486 0.122866
-0.484 0.128781
-0.482 0.134927
-0.48 0.14131
-0.478 0.147935
-0.476 0.154809
-0.474 0.161938
-0.472 0.169327
-0.47 0.176983
-0.468 0.184911
-0.466 0.193117
-0.464 0.201606
-0.462 0.210384
-0.46 0.219456
-0.458 0.228829
-0.456 0.238506
-0.454 0.248493
-0.452 0.258794
-0.45 0.269415
-0.448 0.28036
-0.446 0.291632
-0.444 0.303237
-0.442 0.315177
-0.44 0.327456
-0.438 0.340078
-0.436 0.353044
-0.434 0.366359
-0.432 0.380024
-0.43 0.394041
-0.428 0.408411
-0.426 0.423136
-0.424 0.438217
-0.422 0.453654
-0.42 0.469446
-0.418 0.485595
-0.416 0.502097
-0.414 0.518953
-0.412 0.536161
-0.41 0.553717
-0.408 0.57162
-0.406 0.589865
-0.404 0.60845
-0.402 0.627369
-0.4 0.646617
-0.398 0.666189
-0.396 0.68608
-0.394 0.706282
-0.392 0.726787
-0.39 0.74759
-0.388 0.76868
-0.386 0.790048
-0.384 0.811686
-0.382 0.833584
-0.38 0.855729
-0.378 0.878112
-0.376 0.90072
-0.374 0.92354
-0.372 0.94656
-0.37 0.969765
-0.368 0.993143
-0.366 1.01668
-0.364 1.04035
-0.362 1.06415
-0.36 1.08806
-0.358 1.11207
-0.356 1.13614
-0.354 1.16028
-0.352 1.18445
-0.35 1.20864
-0.348 1.23284
-0.346 1.25701
-0.344 1.28115
-0.342 1.30523
-0.34 1.32923
-0.338 1.35313
-0.336 1.37691
-0.334 1.40054
-0.332 1.42401
-0.33 1.4473
-0.328 1.47038
-0.326 1.49323
-0.324 1.51582
-0.322 1.53815
-0.32 1.56018
-0.318 1.58189
-0.316 1.60326
-0.314 1.62427
-0.312 1.6449
-0.31 1.66512
-0.308 1.68492
-0.306 1.70427
-0.304 1.72316
-0.302 1.74156
-0.3 1.75945
-0.298 1.77681
-0.296 1.79363
-0.294 1.80988
-0.292 1.82555
-0.29 1.84061
-0.288 1.85506
-0.286 1.86888
-0.284 1.88205
-0.282 1.89455
-0.28 1.90637
-0.278 1.9175
-0.276 1.92792
-0.274 1.93762
-0.272 1.94659
-0.27 1.95482
-0.268 1.96231
-0.266 1.96903
-0.264 1.97498
-0.262 1.98017
-0.26 1.98457
-0.258 1.98818
-0.256 1.99101
-0.254 1.99304
-0.252 1.99428
-0.25 1.99472
-0.248 1.99436
-0.246 1.9932
-0.244 1.99125
-0.242 1.98851
-0.24 1.98497
-0.238 1.98065
-0.236 1.97555
-0.234 1.96967
-0.232 1.96303
-0.23 1.95562
-0.228 1.94747
-0.226 1.93857
-0.224 1.92894
-0.222 1.9186
-0.22 1.90754
-0.218 1.89579
-0.216 1.88336
-0.214 1.87027
-0.212 1.85652
-0.21 1.84214
-0.208 1.82714
-0.206 1.81153
-0.204 1.79534
-0.202 1.77859
-0.2 1.76129
-0.198 1.74346
-0.196 1.72512
-0.194 1.70629
-0.192 1.68699
-0.19 1.66725
-0.188 1.64708
-0.186 1.6265
-0.184 1.60554
-0.182 1.58422
-0.18 1.56256
-0.178 1.54057
-0.176 1.5183
-0.174 1.49575
-0.172 1.47294
-0.17 1.44991
-0.168 1.42667
-0.166 1.40325
-0.164 1.37966
-0.162 1.35592
-0.16 1.33207
-0.158 1.30812
-0.156 1.28409
-0.154 1.26
-0.152 1.23588
-0.15 1.21174
-0.148 1.1876
-0.146 1.16348
-0.144 1.13941
-0.142 1.11539
-0.14 1.09146
-0.138 1.06762
-0.136 1.04389
-0.134 1.0203
-0.132 0.996847
-0.13 0.973561
-0.128 0.950453
-0.126 0.927538
-0.124 0.904829
-0.122 0.882342
-0.12 0.860089
-0.118 0.838082
-0.116 0.816334
-0.114 0.794857
-0.112 0.773661
-0.11 0.752756
-0.108 0.732154
-0.106 0.711862
-0.104 0.69189
-0.102 0.672246
-0.1 0.652939
-0.098 0.633974
-0.096 0.615359
-0.094 0.5971
-0.092 0.579204
-0.09 0.561674
-0.088 0.544516
-0.086 0.527735
-0.084 0.511334
-0.082 0.495317
-0.08 0.479687
-0.078 0.464446
-0.076 0.449597
-0.074 0.435142
-0.072 0.421083
-0.07 0.40742
-0.068 0.394156
-0.066 0.38129
-0.064 0.368823
-0.062 0.356756
-0.06 0.345088
-0.058 0.333819
-0.056 0.322948
-0.054 0.312475
-0.052 0.3024
-0.05 0.292721
-0.048 0.283437
-0.046 0.274547
-0.044 0.26605
-0.042 0.257945
-0.04 0.250229
-0.038 0.242902
-0.036 0.235963
-0.034 0.229409
-0.032 0.223239
-0.03 0.217452
-0.028 0.212046
-0.026 0.20702
-0.024 0.202372
-0.022 0.198102
-0.02 0.194207
-0.018 0.190687
-0.016 0.18754
-0.014 0.184767
-0.012 0.182365
-0.01 0.180333
-0.008 0.178672
-0.006 0.177381
-0.004 0.176459
-0.002 0.175906
0 0.175722
0.002 0.175906
0.004 0.176459
0.006 0.177381
0.008 0.178672
0.01 0.180333
0.012 0.182365
0.014 0.184767
0.016 0.18754
0.018 0.190687
0.02 0.194207
0.022 0.198102
0.024 0.202372
0.026 0.20702
0.028 0.212046
0.03 0.217452
0.032 0.223239
0.034 0.229409
0.036 0.235963
0.038 0.242902
0.04 0.250229
0.042 0.257945
0.044 0.26605
0.046 0.274547
0.048 0.283437
0.05 0.292721
0.052 0.3024
0.054 0.312475
0.056 0.322948
0.058 0.333819
0.06 0.345088
0.062 0.356756
0.064 0.368823
0.066 0.38129
0.068 0.394156
0.07 0.40742
0.072 0.421083
0.074 0.435142
0.076 0.449597
0.078 0.464446
0.08 0.479687
0.082 0.495317
0.084 0.511334
0.086 0.527735
0.088 0.544516
0.09 0.561674
0.092 0.579204
0.094 0.5971
0.096 0.615359
0.098 0.633974
0.1 0.652939
0.102 0.672246
0.104 0.69189
0.106 0.711862
0.108 0.732154
0.11 0.752756
0.112 0.773661
0.114 0.794857
0.116 0.816334
0.118 0.838082
0.12 0.860089
0.122 0.882342
0.124 0.904829
0.126 0.927538
0.128 0.950453
0.13 0.973561
0.132 0.996847
0.134 1.0203
0.136 1.04389
0.138 1.06762
0.14 1.09146
0.142 1.11539
0.144 1.13941
0.146 1.16348
0.148 1.1876
0.15 1.21174
0.152 1.23588
0.154 1.26
0.156 1.28409
0.158 1.30812
0.16 1.33207
0.162 1.35592
0.164 1.37966
0.166 1.40325
0.168 1.42667
0.17 1.44991
0.172 1.47294
0.174 1.49575
0.176 1.5183
0.178 1.54057
0.18 1.56256
0.182 1.58422
0.184 1.60554
0.186 1.6265
0.188 1.64708
0.19 1.66725
0.192 1.68699
0.194 1.70629
0.196 1.72512
0.198 1.74346
0.2 1.76129
0.202 1.77859
0.204 1.79534
0.206 1.81153
0.208 1.82714
0.21 1.84214
0.212 1.85652
0.214 1.87027
0.216 1.88336
0.218 1.89579
0.22 1.90754
0.222 1.9186
0.224 1.92894
0.226 1.93857
0.228 1.94747
0.23 1.95562
0.232 1.96303
0.234 1.96967
0.236 1.97555
0.238 1.98065
0.24 1.98497
0.242 1.98851
0.244 1.99125
0.246 1.9932
0.248 1.99436
0.25 1.99472
0.252 1.99428
0.254 1.99304
0.256 1.99101
0.258 1.98818
0.26 1.98457
0.262 1.98017
0.264 1.97498
0.266 1.96903
0.268 1.96231
0.27 1.95482
0.272 1.94659
0.274 1.93762
0.276 1.92792
0.278 1.9175
0.28 1.90637
0.282 1.89455
0.284 1.88205
0.286 1.86888
0.288 1.85506
0.29 1.84061
0.292 1.82555
0.294 1.80988
0.296 1.79363
0.298 1.77681
0.3 1.75945
0.302 1.74156
0.304 1.72316
0.306 1.70427
0.308 1.68492
0.31 1.66512
0.312 1.6449
0.314 1.62427
0.316 1.60326
0.318 1.58189
0.32 1.56018
0.322 1.53815
0.324 1.51582
0.326 1.49323
0.328 1.47038
0.33 1.4473
0.332 1.42401
0.334 1.40054
0.336 1.37691
0.338 1.35313
0.34 1.32923
0.342 1.30523
0.344 1.28115
0.346 1.25701
0.348 1.23284
0.35 1.20864
0.352 1.18445
0.354 1.16028
0.356 1.13614
0.358 1.11207
0.36 1.08806
0.362 1.06415
0.364 1.04035
0.366 1.01668
0.368 0.993143
0.37 0.969765
0.372 0.94656
0.374 0.92354
0.376 0.90072
0.378 0.878112
0.38 0.855729
0.382 0.833584
0.384 0.811686
0.386 0.790048
0.388 0.76868
0.39 0.74759
0.392 0.726787
0.394 0.706282
0.396 0.68608
0.398 0.666189
0.4 0.646617
0.402 0.627369
0.404 0.60845
0.406 0.589865
0.408 0.57162
0.41 0.553717
0.412 0.536161
0.414 0.518953
0.416 0.502097
0.418 0.485595
0.42 0.469446
0.422 0.453654
0.424 0.438217
0.426 0.423136
0.428 0.408411
0.43 0.394041
0.432 0.380024
0.434 0.366359
0.436 0.353044
0.438 0.340078
0.44 0.327456
0.442 0.315177
0.444 0.303237
0.446 0.291632
0.448 0.28036
0.45 0.269415
0.452 0.258794
0.454 0.248493
0.456 0.238506
0.458 0.228829
0.46 0.219456
0.462 0.210384
0.464 0.201606
0.466 0.193117
0.468 0.184911
0.47 0.176983
0.472 0.169327
0.474 0.161938
0.476 0.154809
0.478 0.147935
0.48 0.14131
0.482 0.134927
0.484 0.128781
0.486 0.122866
0.488 0.117176
0.49 0.111704
0.492 0.106446
0.494 0.101394
0.496 0.0965435
0.498 0.0918883
0.5 0.0874226
0.502 0.0831407
0.504 0.0790368
0.506 0.0751055
0.508 0.0713412
0.51 0.0677384
0.512 0.0642919
0.514 0.0609963
0.516 0.0578466
0.518 0.0548375
0.52 0.0519641
0.522 0.0492217
0.524 0.0466053
0.526 0.0441103
0.528 0.0417322
0.53 0.0394666
0.532 0.037309
0.534 0.0352552
0.536 0.0333012
0.538 0.0314429
0.54 0.0296765
0.542 0.027998
0.544 0.026404
0.546 0.0248907
0.548 0.0234548
0.55 0.0220929
0.552 0.0208017
0.554 0.0195782
0.556 0.0184192
0.558 0.017322
0.56 0.0162835
0.562 0.0153013
0.564 0.0143725
0.566 0.0134947
0.568 0.0126654
0.57 0.0118824
0.572 0.0111433
0.574 0.010446
0.576 0.00978837
0.578 0.00916852
0.58 0.00858448
0.582 0.00803443
0.584 0.00751661
0.586 0.00702936
0.588 0.00657106
0.59 0.00614019
0.592 0.00573528
0.594 0.00535492
0.596 0.00499779
0.598 0.00466261
0.6 0.00434818
0.602 0.00405332
0.604 0.00377695
0.606 0.00351801
0.608 0.00327552
0.61 0.00304852
0.612 0.00283612
0.614 0.00263746
0.616 0.00245174
0.618 0.00227818
0.62 0.00211606
0.622 0.0019647
0.624 0.00182343
0.626 0.00169164
0.628 0.00156875
0.63 0.0014542
0.632 0.00134748
0.634 0.0012481
0.636 0.00115558
0.638 0.00106949
0.64 0.000989416
0.642 0.000914974
0.644 0.000845794
0.646 0.000781532
0.648 0.000721864
0.65 0.000666484
0.652 0.000615107
0.654 0.000567464
0.656 0.000523301
0.658 0.000482383
0.66 0.000444486
0.662 0.000409402
0.664 0.000376937
0.666 0.000346908
0.668 0.000319143
0.67 0.000293483
0.672 0.000269778
0.674 0.000247889
0.676 0.000227684
0.678 0.000209043
0.68 0.000191851
0.682 0.000176003
0.684 0.000161399
0.686 0.000147948
0.688 0.000135564
0.69 0.000124166
0.692 0.000113682
0.694 0.000104041
0.696 9.51795e-05
0.698 8.7038e-05
0.7 7.95611e-05
0.702 7.26974e-05
0.704 6.63993e-05
0.706 6.06225e-05
0.708 5.53262e-05
0.71 5.04724e-05
0.712 4.60261e-05
0.714 4.19546e-05
0.716 3.8228e-05
0.718 3.48185e-05
0.72 3.17004e-05
0.722 2.885e-05
0.724 2.62454e-05
0.726 2.38664e-05
0.728 2.16944e-05
0.73 1.97121e-05
0.732 1.79038e-05
0.734 1.62549e-05
0.736 1.47519e-05
0.738 1.33826e-05
0.74 1.21355e-05
0.742 1.10002e-05
0.744 9.96718e-06
0.746 9.02753e-06
0.748 8.17319e-06
0.75 7.39674e-06
0.752 6.69138e-06
0.754 6.05087e-06
0.756 5.46947e-06
0.758 4.94196e-06
0.76 4.46355e-06
0.762 4.02983e-06
0.764 3.6368e-06
0.766 3.2808e-06
0.768 2.95845e-06
0.77 2.66672e-06
0.772 2.40279e-06
0.774 2.16411e-06
0.776 1.94837e-06
0.778 1.75343e-06
0.78 1.57736e-06
0.782 1.41841e-06
0.784 1.27496e-06
0.786 1.14556e-06
0.788 1.02889e-06
0.79 9.23724e-07
0.792 8.28978e-07
0.794 7.43653e-07
0.796 6.66844e-07
0.798 5.97729e-07
0.8 5.35563e-07
0.802 4.79671e-07
0.804 4.29439e-07
0.806 3.84315e-07
0.808 3.43794e-07
0.81 3.07423e-07
0.812 2.7479e-07
0.814 2.45522e-07
0.816 2.19284e-07
0.818 1.95772e-07
0.82 1.74711e-07
0.822 1.55853e-07
0.824 1.38975e-07
0.826 1.23875e-07
0.828 1.10372e-07
0.83 9.83014e-08
0.832 8.75158e-08
0.834 7.78825e-08
0.836 6.92818e-08
0.838 6.16063e-08
0.84 5.47592e-08
0.842 4.86537e-08
0.844 4.32116e-08
0.846 3.83629e-08
0.848 3.40446e-08
0.85 3.02004e-08
0.852 2.67795e-08
0.854 2.37366e-08
0.856 2.1031e-08
0.858 1.86264e-08
0.86 1.64901e-08
0.862 1.4593e-08
0.864 1.2909e-08
0.866 1.14148e-08
0.868 1.00894e-08
0.87 8.91444e-09
0.872 7.87312e-09
0.874 6.95066e-09
0.876 6.13382e-09
0.878 5.41083e-09
0.88 4.77112e-09
0.882 4.20538e-09
0.884 3.70523e-09
0.886 3.26327e-09
0.888 2.87287e-09
0.89 2.52817e-09
0.892 2.22393e-09
0.894 1.95552e-09
0.896 1.71883e-09
0.898 1.51017e-09
0.9 1.32632e-09
0.902 1.16438e-09
0.904 1.0218e-09
0.906 8.96334e-10
0.908 7.8595e-10
0.91 6.88891e-10
0.912 6.03568e-10
0.914 5.28607e-10
0.916 4.62769e-10
0.918 4.04974e-10
0.92 3.54245e-10
0.922 3.09756e-10
0.924 2.70744e-10
0.926 2.36552e-10
0.928 2.06589e-10
0.93 1.80357e-10
0.932 1.5739e-10
0.934 1.37287e-10
0.936 1.19718e-10
0.938 1.04347e-10
0.94 9.09214e-11
0.942 7.91832e-11
0.944 6.89474e-11
0.946 5.99961e-11
0.948 5.21943e-11
0.95 4.53887e-11
0.952 3.94632e-11
0.954 3.42947e-11
0.956 2.97919e-11
0.958 2.58765e-11
0.96 2.24733e-11
0.962 1.951e-11
0.964 1.69351e-11
0.966 1.47042e-11
0.968 1.27616e-11
0.97 1.10913e-11
0.972 9.63669e-12
0.974 8.38254e-12
0.976 7.30172e-12
0.978 6.37758e-12
0.98 5.57562e-12
0.982 4.89974e-12
0.984 4.32605e-12
0.986 3.84017e-12
0.988 3.44017e-12
0.99 3.11766e-12
0.992 2.85782e-12
0.994 2.66266e-12
0.996 2.52872e-12
0.998 2.44356e-12
