-1 0.79796
-0.99 0.797599
-0.98 0.797322
-0.97 0.796323
-0.96 0.795412
-0.95 0.793778
-0.94 0.792236
-0.93 0.789979
-0.92 0.787809
-0.91 0.784947
-0.9 0.782147
-0.89 0.778707
-0.88 0.775275
-0.87 0.771294
-0.86 0.767222
-0.85 0.762741
-0.84 0.758029
-0.83 0.753087
-0.82 0.747744
-0.81 0.742365
-0.8 0.736427
-0.79 0.73061
-0.78 0.724146
-0.77 0.717858
-0.76 0.710971
-0.75 0.70416
-0.74 0.696959
-0.73 0.68959
-0.72 0.682144
-0.71 0.67425
-0.7 0.666545
-0.69 0.658252
-0.68 0.650189
-0.67 0.641683
-0.66 0.633155
-0.65 0.624567
-0.64 0.615588
-0.63 0.606883
-0.62 0.597646
-0.61 0.588643
-0.6 0.579402
-0.59 0.569982
-0.58 0.560799
-0.57 0.551124
-0.56 0.541781
-0.55 0.532187
-0.54 0.52248
-0.53 0.513065
-0.52 0.503186
-0.51 0.493647
-0.5 0.484003
-0.49 0.474142
-0.48 0.464714
-0.47 0.454896
-0.46 0.445251
-0.45 0.435837
-0.44 0.426023
-0.43 0.416646
-0.42 0.407236
-0.41 0.397588
-0.4 0.388469
-0.39 0.379129
-0.38 0.369741
-0.37 0.360877
-0.36 0.3517
-0.35 0.342612
-0.34 0.334028
-0.33 0.325103
-0.32 0.31632
-0.31 0.308058
-0.3 0.299466
-0.29 0.290975
-0.28 0.283069
-0.27 0.2749
-0.26 0.266687
-0.25 0.259128
-0.24 0.251488
-0.23 0.24358
-0.22 0.236278
-0.21 0.229246
-0.2 0.22179
-0.19 0.214607
-0.18 0.208087
-0.17 0.201368
-0.16 0.194356
-0.15 0.187954
-0.14 0.182053
-0.13 0.175755
-0.12 0.169261
-0.11 0.163475
-0.1 0.158232
-0.09 0.152595
-0.08 0.146542
-0.07 0.141018
-0.06 0.136403
-0.05 0.131912
-0.04 0.12669
-0.03 0.120931
-0.02 0.115742
-0.01 0.11224
0 0.111022
0.01 0.11224
0.02 0.115742
0.03 0.120931
0.04 0.12669
0.05 0.131912
0.06 0.136403
0.07 0.141018
0.08 0.146542
0.09 0.152595
0.1 0.158232
0.11 0.163475
0.12 0.169261
0.13 0.175755
0.14 0.182053
0.15 0.187954
0.16 0.194356
0.17 0.201368
0.18 0.208087
0.19 0.214607
0.2 0.22179
0.21 0.229246
0.22 0.236278
0.23 0.24358
0.24 0.251488
0.25 0.259128
0.26 0.266687
0.27 0.2749
0.28 0.283069
0.29 0.290975
0.3 0.299466
0.31 0.308058
0.32 0.31632
0.33 0.325103
0.34 0.334028
0.35 0.342612
0.36 0.3517
0.37 0.360877
0.38 0.369741
0.39 0.379129
0.4 0.388469
0.41 0.397588
0.42 0.407236
0.43 0.416646
0.44 0.426023
0.45 0.435837
0.46 0.445251
0.47 0.454896
0.48 0.464714
0.49 0.474142
0.5 0.484003
0.51 0.493647
0.52 0.503186
0.53 0.513065
0.54 0.52248
0.55 0.532187
0.56 0.541781
0.57 0.551124
0.58 0.560799
0.59 0.569982
0.6 0.579402
0.61 0.588643
0.62 0.597646
0.63 0.606883
0.64 0.615588
0.65 0.624567
0.66 0.633155
0.67 0.641683
0.68 0.650189
0.69 0.658252
0.7 0.666545
0.71 0.67425
0.72 0.682144
0.73 0.68959
0.74 0.696959
0.75 0.70416
0.76 0.710971
0.77 0.717858
0.78 0.724146
0.79 0.73061
0.8 0.736427
0.81 0.742365
0.82 0.747744
0.83 0.753087
0.84 0.758029
0.85 0.762741
0.86 0.767222
0.87 0.771294
0.88 0.775275
0.89 0.778707
0.9 0.782147
0.91 0.784947
0.92 0.787809
0.93 0.789979
0.94 0.792236
0.95 0.793778
0.96 0.795412
0.97 0.796323
0.98 0.797322
0.99 0.797599
