-1 0.327595
-0.99 0.327911
-0.98 0.327809
-0.97 0.328299
-0.96 0.328453
-0.95 0.329061
-0.94 0.329534
-0.93 0.330181
-0.92 0.331042
-0.91 0.331666
-0.9 0.332919
-0.89 0.333577
-0.88 0.335047
-0.87 0.336
-0.86 0.337341
-0.85 0.338881
-0.84 0.33996
-0.83 0.341873
-0.82 0.343227
-0.81 0.34478
-0.8 0.346883
-0.79 0.348234
-0.78 0.350145
-0.77 0.352386
-0.76 0.353818
-0.75 0.355816
-0.74 0.358334
-0.73 0.359958
-0.72 0.361606
-0.71 0.364311
-0.7 0.366793
-0.69 0.368109
-0.68 0.36954
-0.67 0.372711
-0.66 0.377797
-0.65 0.383951
-0.64 0.390403
-0.63 0.396841
-0.62 0.403222
-0.61 0.409567
-0.6 0.415885
-0.59 0.422175
-0.58 0.428432
-0.57 0.434652
-0.56 0.440833
-0.55 0.44697
-0.54 0.45306
-0.53 0.459101
-0.52 0.465087
-0.51 0.471017
-0.5 0.476887
-0.49 0.482693
-0.48 0.488433
-0.47 0.494103
-0.46 0.499701
-0.45 0.505223
-0.44 0.510665
-0.43 0.516027
-0.42 0.521303
-0.41 0.526493
-0.4 0.531592
-0.39 0.536599
-0.38 0.54151
-0.37 0.546324
-0.36 0.551037
-0.35 0.555648
-0.34 0.560154
-0.33 0.564552
-0.32 0.568842
-0.31 0.573019
-0.3 0.577084
-0.29 0.581033
-0.28 0.584865
-0.27 0.588577
-0.26 0.59217
-0.25 0.595639
-0.24 0.598985
-0.23 0.602205
-0.22 0.605298
-0.21 0.608263
-0.2 0.611099
-0.19 0.613803
-0.18 0.616376
-0.17 0.618816
-0.16 0.621121
-0.15 0.623292
-0.14 0.625326
-0.13 0.627224
-0.12 0.628984
-0.11 0.630606
-0.1 0.632089
-0.09 0.633433
-0.08 0.634637
-0.07 0.6357
-0.06 0.636622
-0.05 0.637403
-0.04 0.638042
-0.03 0.63854
-0.02 0.638895
-0.01 0.639109
0 0.63918
0.01 0.639109
0.02 0.638895
0.03 0.63854
0.04 0.638042
0.05 0.637403
0.06 0.636622
0.07 0.6357
0.08 0.634637
0.09 0.633433
0.1 0.632089
0.11 0.630606
0.12 0.628984
0.13 0.627224
0.14 0.625326
0.15 0.623292
0.16 0.621121
0.17 0.618816
0.18 0.616376
0.19 0.613803
0.2 0.611099
0.21 0.608263
0.22 0.605298
0.23 0.602205
0.24 0.598985
0.25 0.595639
0.26 0.59217
0.27 0.588577
0.28 0.584865
0.29 0.581033
0.3 0.577084
0.31 0.573019
0.32 0.568842
0.33 0.564552
0.34 0.560154
0.35 0.555648
0.36 0.551037
0.37 0.546324
0.38 0.54151
0.39 0.536599
0.4 0.531592
0.41 0.526493
0.42 0.521303
0.43 0.516027
0.44 0.510665
0.45 0.505223
0.46 0.499701
0.47 0.494103
0.48 0.488433
0.49 0.482693
0.5 0.476887
0.51 0.471017
0.52 0.465087
0.53 0.459101
0.54 0.45306
0.55 0.44697
0.56 0.440833
0.57 0.434652
0.58 0.428432
0.59 0.422175
0.6 0.415885
0.61 0.409567
0.62 0.403222
0.63 0.396841
0.64 0.390403
0.65 0.383951
0.66 0.377797
0.67 0.372711
0.68 0.36954
0.69 0.368109
0.7 0.366793
0.71 0.364311
0.72 0.361606
0.73 0.359958
0.74 0.358334
0.75 0.355816
0.76 0.353818
0.77 0.352386
0.78 0.350145
0.79 0.348234
0.8 0.346883
0.81 0.34478
0.82 0.343227
0.83 0.341873
0.84 0.33996
0.85 0.338881
0.86 0.337341
0.87 0.336
0.88 0.335047
0.89 0.333577
0.9 0.332919
0.91 0.331666
0.92 0.331042
0.93 0.330181
0.94 0.329534
0.95 0.329061
0.96 0.328453
0.97 0.328299
0.98 0.327809
0.99 0.327911
