-1 0.19699
-0.99 0.197469
-0.98 0.197249
-0.97 0.198076
-0.96 0.19806
-0.95 0.199203
-0.94 0.199554
-0.93 0.200676
-0.92 0.20185
-0.91 0.202557
-0.9 0.204494
-0.89 0.205636
-0.88 0.206836
-0.87 0.209343
-0.86 0.211058
-0.85 0.212007
-0.84 0.214636
-0.83 0.219706
-0.82 0.226135
-0.81 0.232947
-0.8 0.239841
-0.79 0.246818
-0.78 0.2539
-0.77 0.261089
-0.76 0.268385
-0.75 0.275783
-0.74 0.283282
-0.73 0.290878
-0.72 0.298568
-0.71 0.30635
-0.7 0.31422
-0.69 0.322175
-0.68 0.330211
-0.67 0.338323
-0.66 0.346509
-0.65 0.354764
-0.64 0.363083
-0.63 0.371462
-0.62 0.379896
-0.61 0.388381
-0.6 0.396911
-0.59 0.405481
-0.58 0.414086
-0.57 0.42272
-0.56 0.431377
-0.55 0.440053
-0.54 0.448741
-0.53 0.457434
-0.52 0.466127
-0.51 0.474814
-0.5 0.483488
-0.49 0.492142
-0.48 0.500771
-0.47 0.509367
-0.46 0.517923
-0.45 0.526433
-0.44 0.534891
-0.43 0.543288
-0.42 0.551619
-0.41 0.559875
-0.4 0.568051
-0.39 0.576138
-0.38 0.584131
-0.37 0.592022
-0.36 0.599804
-0.35 0.607469
-0.34 0.615012
-0.33 0.622425
-0.32 0.629701
-0.31 0.636834
-0.3 0.643816
-0.29 0.650642
-0.28 0.657304
-0.27 0.663797
-0.26 0.670114
-0.25 0.676248
-0.24 0.682194
-0.23 0.687947
-0.22 0.693499
-0.21 0.698846
-0.2 0.703983
-0.19 0.708904
-0.18 0.713603
-0.17 0.718077
-0.16 0.722321
-0.15 0.726331
-0.14 0.730101
-0.13 0.733629
-0.12 0.736911
-0.11 0.739943
-0.1 0.742722
-0.09 0.745246
-0.08 0.747511
-0.07 0.749515
-0.06 0.751256
-0.05 0.752732
-0.04 0.753943
-0.03 0.754885
-0.02 0.755559
-0.01 0.755964
0 0.756099
0.01 0.755964
0.02 0.755559
0.03 0.754885
0.04 0.753943
0.05 0.752732
0.06 0.751256
0.07 0.749515
0.08 0.747511
0.09 0.745246
0.1 0.742722
0.11 0.739943
0.12 0.736911
0.13 0.733629
0.14 0.730101
0.15 0.726331
0.16 0.722321
0.17 0.718077
0.18 0.713603
0.19 0.708904
0.2 0.703983
0.21 0.698846
0.22 0.693499
0.23 0.687947
0.24 0.682194
0.25 0.676248
0.26 0.670114
0.27 0.663797
0.28 0.657304
0.29 0.650642
0.3 0.643816
0.31 0.636834
0.32 0.629701
0.33 0.622425
0.34 0.615012
0.35 0.607469
0.36 0.599804
0.37 0.592022
0.38 0.584131
0.39 0.576138
0.4 0.568051
0.41 0.559875
0.42 0.551619
0.43 0.543288
0.44 0.534891
0.45 0.526433
0.46 0.517923
0.47 0.509367
0.48 0.500771
0.49 0.492142
0.5 0.483488
0.51 0.474814
0.52 0.466127
0.53 0.457434
0.54 0.448741
0.55 0.440053
0.56 0.431377
0.57 0.42272
0.58 0.414086
0.59 0.405481
0.6 0.396911
0.61 0.388381
0.62 0.379896
0.63 0.371462
0.64 0.363083
0.65 0.354764
0.66 0.346509
0.67 0.338323
0.68 0.330211
0.69 0.322175
0.7 0.31422
0.71 0.30635
0.72 0.298568
0.73 0.290878
0.74 0.283282
0.75 0.275783
0.76 0.268385
0.77 0.261089
0.78 0.2539
0.79 0.246818
0.8 0.239841
0.81 0.232947
0.82 0.226135
0.83 0.219706
0.84 0.214636
0.85 0.212007
0.86 0.211058
0.87 0.209343
0.88 0.206836
0.89 0.205636
0.9 0.204494
0.91 0.202557
0.92 0.20185
0.93 0.200676
0.94 0.199554
0.95 0.199203
0.96 0.19806
0.97 0.198076
0.98 0.197249
0.99 0.197469
