-1 0.49841
-0.99 0.498497
-0.98 0.498379
-0.97 0.498463
-0.96 0.498286
-0.95 0.498392
-0.94 0.498132
-0.93 0.498272
-0.92 0.497921
-0.91 0.498083
-0.9 0.497663
-0.89 0.497793
-0.88 0.497375
-0.87 0.497371
-0.86 0.497057
-0.85 0.496805
-0.84 0.496669
-0.83 0.496141
-0.82 0.496111
-0.81 0.49546
-0.8 0.49528
-0.79 0.494788
-0.78 0.494201
-0.77 0.49396
-0.76 0.493085
-0.75 0.492722
-0.74 0.492041
-0.73 0.491141
-0.72 0.490726
-0.71 0.489643
-0.7 0.488803
-0.69 0.488136
-0.68 0.486784
-0.67 0.485902
-0.66 0.484968
-0.65 0.483382
-0.64 0.482329
-0.63 0.481214
-0.62 0.479372
-0.61 0.47799
-0.6 0.476808
-0.59 0.474784
-0.58 0.47282
-0.57 0.471517
-0.56 0.469691
-0.55 0.467085
-0.54 0.464962
-0.53 0.463511
-0.52 0.461449
-0.51 0.458275
-0.5 0.455143
-0.49 0.453427
-0.48 0.453431
-0.47 0.45454
-0.46 0.45603
-0.45 0.457503
-0.44 0.458854
-0.43 0.460093
-0.42 0.46124
-0.41 0.462307
-0.4 0.463295
-0.39 0.464206
-0.38 0.465043
-0.37 0.465808
-0.36 0.466504
-0.35 0.467133
-0.34 0.467699
-0.33 0.468205
-0.32 0.468653
-0.31 0.469047
-0.3 0.469388
-0.29 0.469682
-0.28 0.46993
-0.27 0.470135
-0.26 0.470301
-0.25 0.470431
-0.24 0.470527
-0.23 0.470593
-0.22 0.470631
-0.21 0.470645
-0.2 0.470638
-0.19 0.470611
-0.18 0.470568
-0.17 0.470511
-0.16 0.470444
-0.15 0.470367
-0.14 0.470284
-0.13 0.470197
-0.12 0.470108
-0.11 0.470018
-0.1 0.46993
-0.09 0.469845
-0.08 0.469765
-0.07 0.469691
-0.06 0.469624
-0.05 0.469566
-0.04 0.469517
-0.03 0.469478
-0.02 0.46945
-0.01 0.469433
0 0.469428
0.01 0.469433
0.02 0.46945
0.03 0.469478
0.04 0.469517
0.05 0.469566
0.06 0.469624
0.07 0.469691
0.08 0.469765
0.09 0.469845
0.1 0.46993
0.11 0.470018
0.12 0.470108
0.13 0.470197
0.14 0.470284
0.15 0.470367
0.16 0.470444
0.17 0.470511
0.18 0.470568
0.19 0.470611
0.2 0.470638
0.21 0.470645
0.22 0.470631
0.23 0.470593
0.24 0.470527
0.25 0.470431
0.26 0.470301
0.27 0.470135
0.28 0.46993
0.29 0.469682
0.3 0.469388
0.31 0.469047
0.32 0.468653
0.33 0.468205
0.34 0.467699
0.35 0.467133
0.36 0.466504
0.37 0.465808
0.38 0.465043
0.39 0.464206
0.4 0.463295
0.41 0.462307
0.42 0.46124
0.43 0.460093
0.44 0.458854
0.45 0.457503
0.46 0.45603
0.47 0.45454
0.48 0.453431
0.49 0.453427
0.5 0.455143
0.51 0.458275
0.52 0.461449
0.53 0.463511
0.54 0.464962
0.55 0.467085
0.56 0.469691
0.57 0.471517
0.58 0.47282
0.59 0.474784
0.6 0.476808
0.61 0.47799
0.62 0.479372
0.63 0.481214
0.64 0.482329
0.65 0.483382
0.66 0.484968
0.67 0.485902
0.68 0.486784
0.69 0.488136
0.7 0.488803
0.71 0.489643
0.72 0.490726
0.73 0.491141
0.74 0.492041
0.75 0.492722
0.76 0.493085
0.77 0.49396
0.78 0.494201
0.79 0.494788
0.8 0.49528
0.81 0.49546
0.82 0.496111
0.83 0.496141
0.84 0.496669
0.85 0.496805
0.86 0.497057
0.87 0.497371
0.88 0.497375
0.89 0.497793
0.9 0.497663
0.91 0.498083
0.92 0.497921
0.93 0.498272
0.94 0.498132
0.95 0.498392
0.96 0.498286
0.97 0.498463
0.98 0.498379
0.99 0.498497
