-1 4.4836e-11
-0.998 4.5271e-11
-0.996 4.66135e-11
-0.994 4.88707e-11
-0.992 5.20893e-11
-0.99 5.63287e-11
-0.988 6.16694e-11
-0.986 6.81912e-11
-0.984 7.60314e-11
-0.982 8.53132e-11
-0.98 9.62176e-11
-0.978 1.08926e-10
-0.976 1.23672e-10
-0.974 1.40705e-10
-0.972 1.60343e-10
-0.97 1.82895e-10
-0.968 2.08785e-10
-0.966 2.38434e-10
-0.964 2.72372e-10
-0.962 3.11152e-10
-0.96 3.55454e-10
-0.958 4.0601e-10
-0.956 4.63656e-10
-0.954 5.29373e-10
-0.952 6.04226e-10
-0.95 6.89454e-10
-0.948 7.86431e-10
-0.946 8.96753e-10
-0.944 1.02216e-09
-0.942 1.16469e-09
-0.94 1.32658e-09
-0.938 1.5104e-09
-0.936 1.71901e-09
-0.934 1.95569e-09
-0.932 2.22407e-09
-0.93 2.52828e-09
-0.928 2.87297e-09
-0.926 3.26335e-09
-0.924 3.7053e-09
-0.922 4.20543e-09
-0.92 4.77117e-09
-0.918 5.41085e-09
-0.916 6.13384e-09
-0.914 6.95068e-09
-0.912 7.87312e-09
-0.91 8.91444e-09
-0.908 1.00894e-08
-0.906 1.14148e-08
-0.904 1.2909e-08
-0.902 1.4593e-08
-0.9 1.64901e-08
-0.898 1.86264e-08
-0.896 2.1031e-08
-0.894 2.37365e-08
-0.892 2.67794e-08
-0.89 3.02003e-08
-0.888 3.40446e-08
-0.886 3.83628e-08
-0.884 4.32115e-08
-0.882 4.86536e-08
-0.88 5.47591e-08
-0.878 6.16062e-08
-0.876 6.92817e-08
-0.874 7.78823e-08
-0.872 8.75157e-08
-0.87 9.83012e-08
-0.868 1.10372e-07
-0.866 1.23875e-07
-0.864 1.38975e-07
-0.862 1.55853e-07
-0.86 1.7471e-07
-0.858 1.95771e-07
-0.856 2.19284e-07
-0.854 2.45522e-07
-0.852 2.74789e-07
-0.85 3.07423e-07
-0.848 3.43794e-07
-0.846 3.84314e-07
-0.844 4.29439e-07
-0.842 4.7967e-07
-0.84 5.35562e-07
-0.838 5.97728e-07
-0.836 6.66843e-07
-0.834 7.43653e-07
-0.832 8.28977e-07
-0.83 9.23723e-07
-0.828 1.02888e-06
-0.826 1.14556e-06
-0.824 1.27496e-06
-0.822 1.4184e-06
-0.82 1.57736e-06
-0.818 1.75342e-06
-0.816 1.94836e-06
-0.814 2.16411e-06
-0.812 2.40278e-06
-0.81 2.66671e-06
-0.808 2.95845e-06
-0.806 3.28079e-06
-0.804 3.6368e-06
-0.802 4.02983e-06
-0.8 4.46354e-06
-0.798 4.94196e-06
-0.796 5.46947e-06
-0.794 6.05086e-06
-0.792 6.69138e-06
-0.79 7.39674e-06
-0.788 8.17318e-06
-0.786 9.02752e-06
-0.784 9.96717e-06
-0.782 1.10002e-05
-0.78 1.21355e-05
-0.778 1.33826e-05
-0.776 1.47519e-05
-0.774 1.62549e-05
-0.772 1.79038e-05
-0.77 1.97121e-05
-0.768 2.16944e-05
-0.766 2.38664e-05
-0.764 2.62454e-05
-0.762 2.885e-05
-0.76 3.17004e-05
-0.758 3.48185e-05
-0.756 3.8228e-05
-0.754 4.19546e-05
-0.752 4.6026e-05
-0.75 5.04724e-05
-0.748 5.53262e-05
-0.746 6.06225e-05
-0.744 6.63992e-05
-0.742 7.26974e-05
-0.74 7.95611e-05
-0.738 8.7038e-05
-0.736 9.51794e-05
-0.734 0.000104041
-0.732 0.000113682
-0.73 0.000124166
-0.728 0.000135564
-0.726 0.000147948
-0.724 0.000161399
-0.722 0.000176003
-0.72 0.000191851
-0.718 0.000209043
-0.716 0.000227684
-0.714 0.000247889
-0.712 0.000269778
-0.71 0.000293483
-0.708 0.000319143
-0.706 0.000346908
-0.704 0.000376937
-0.702 0.000409402
-0.7 0.000444486
-0.698 0.000482382
-0.696 0.000523301
-0.694 0.000567464
-0.692 0.000615107
-0.69 0.000666484
-0.688 0.000721863
-0.686 0.000781532
-0.684 0.000845794
-0.682 0.000914974
-0.68 0.000989416
-0.678 0.00106949
-0.676 0.00115558
-0.674 0.0012481
-0.672 0.00134748
-0.67 0.0014542
-0.668 0.00156875
-0.666 0.00169164
-0.664 0.00182343
-0.662 0.0019647
-0.66 0.00211606
-0.658 0.00227818
-0.656 0.00245174
-0.654 0.00263746
-0.652 0.00283612
-0.65 0.00304852
-0.648 0.00327552
-0.646 0.00351801
-0.644 0.00377695
-0.642 0.00405332
-0.64 0.00434818
-0.638 0.00466261
-0.636 0.00499779
-0.634 0.00535492
-0.632 0.00573528
-0.63 0.00614019
-0.628 0.00657106
-0.626 0.00702936
-0.624 0.00751661
-0.622 0.00803443
-0.62 0.00858448
-0.618 0.00916851
-0.616 0.00978837
-0.614 0.010446
-0.612 0.0111433
-0.61 0.0118824
-0.608 0.0126654
-0.606 0.0134947
-0.604 0.0143725
-0.602 0.0153013
-0.6 0.0162835
-0.598 0.017322
-0.596 0.0184192
-0.594 0.0195782
-0.592 0.0208017
-0.59 0.0220929
-0.588 0.0234548
-0.586 0.0248907
-0.584 0.026404
-0.582 0.027998
-0.58 0.0296765
-0.578 0.0314429
-0.576 0.0333012
-0.574 0.0352552
-0.572 0.037309
-0.57 0.0394666
-0.568 0.0417322
-0.566 0.0441103
-0.564 0.0466053
-0.562 0.0492217
-0.56 0.0519641
-0.558 0.0548375
-0.556 0.0578466
-0.554 0.0609963
-0.552 0.0642919
-0.55 0.0677384
-0.548 0.0713412
-0.546 0.0751055
-0.544 0.0790368
-0.542 0.0831407
-0.54 0.0874226
-0.538 0.0918883
-0.536 0.0965435
-0.534 0.101394
-0.532 0.106446
-0.53 0.111704
-0.528 0.117176
-0.526 0.122866
-0.524 0.128781
-0.522 0.134927
-0.52 0.14131
-0.518 0.147935
-0.516 0.154809
-0.514 0.161938
-0.512 0.169327
-0.51 0.176983
-0.508 0.184911
-0.506 0.193117
-0.504 0.201606
-0.502 0.210384
-0.5 0.219456
-0.498 0.228829
-0.496 0.238506
-0.494 0.248493
-0.492 0.258794
-0.49 0.269415
-0.488 0.28036
-0.486 0.291632
-0.484 0.303237
-0.482 0.315177
-0.48 0.327456
-0.478 0.340078
-0.476 0.353044
-0.474 0.366359
-0.472 0.380024
-0.47 0.394041
-0.468 0.408411
-0.466 0.423136
-0.464 0.438217
-0.462 0.453654
-0.46 0.469446
-0.458 0.485595
-0.456 0.502097
-0.454 0.518953
-0.452 0.536161
-0.45 0.553717
-0.448 0.57162
-0.446 0.589865
-0.444 0.60845
-0.442 0.627369
-0.44 0.646617
-0.438 0.666189
-0.436 0.68608
-0.434 0.706282
-0.432 0.726787
-0.43 0.74759
-0.428 0.76868
-0.426 0.790048
-0.424 0.811686
-0.422 0.833584
-0.42 0.855729
-0.418 0.878112
-0.416 0.90072
-0.414 0.92354
-0.412 0.94656
-0.41 0.969765
-0.408 0.993143
-0.406 1.01668
-0.404 1.04035
-0.402 1.06415
-0.4 1.08806
-0.398 1.11207
-0.396 1.13614
-0.394 1.16028
-0.392 1.18445
-0.39 1.20864
-0.388 1.23284
-0.386 1.25701
-0.384 1.28115
-0.382 1.30523
-0.38 1.32923
-0.378 1.35313
-0.376 1.37691
-0.374 1.40054
-0.372 1.42401
-0.37 1.4473
-0.368 1.47038
-0.366 1.49323
-0.364 1.51582
-0.362 1.53815
-0.36 1.56018
-0.358 1.58189
-0.356 1.60326
-0.354 1.62427
-0.352 1.6449
-0.35 1.66512
-0.348 1.68492
-0.346 1.70427
-0.344 1.72316
-0.342 1.74156
-0.34 1.75945
-0.338 1.77681
-0.336 1.79363
-0.334 1.80988
-0.332 1.82555
-0.33 1.84061
-0.328 1.85506
-0.326 1.86888
-0.324 1.88205
-0.322 1.89455
-0.32 1.90637
-0.318 1.91749
-0.316 1.92791
-0.314 1.93762
-0.312 1.94659
-0.31 1.95482
-0.308 1.9623
-0.306 1.96903
-0.304 1.97498
-0.302 1.98016
-0.3 1.98456
-0.298 1.98818
-0.296 1.991
-0.294 1.99304
-0.292 1.99427
-0.29 1.99471
-0.288 1.99435
-0.286 1.9932
-0.284 1.99124
-0.282 1.9885
-0.28 1.98496
-0.278 1.98064
-0.276 1.97553
-0.274 1.96966
-0.272 1.96301
-0.27 1.9556
-0.268 1.94745
-0.266 1.93855
-0.264 1.92892
-0.262 1.91857
-0.26 1.90751
-0.258 1.89576
-0.256 1.88333
-0.254 1.87023
-0.252 1.85647
-0.25 1.84209
-0.248 1.82708
-0.246 1.81147
-0.244 1.79528
-0.242 1.77852
-0.24 1.76121
-0.238 1.74337
-0.236 1.72502
-0.234 1.70619
-0.232 1.68688
-0.23 1.66712
-0.228 1.64694
-0.226 1.62635
-0.224 1.60538
-0.222 1.58404
-0.22 1.56237
-0.218 1.54037
-0.216 1.51807
-0.214 1.4955
-0.212 1.47268
-0.21 1.44962
-0.208 1.42636
-0.206 1.40291
-0.204 1.37929
-0.202 1.35552
-0.2 1.33164
-0.198 1.30765
-0.196 1.28358
-0.194 1.25945
-0.192 1.23527
-0.19 1.21108
-0.188 1.18689
-0.186 1.16272
-0.184 1.13858
-0.182 1.1145
-0.18 1.09049
-0.178 1.06657
-0.176 1.04276
-0.174 1.01908
-0.172 0.995535
-0.17 0.972146
-0.168 0.948928
-0.166 0.925894
-0.164 0.903059
-0.162 0.880436
-0.16 0.858037
-0.158 0.835875
-0.156 0.813961
-0.154 0.792305
-0.152 0.770919
-0.15 0.749811
-0.148 0.728991
-0.146 0.708468
-0.144 0.688249
-0.142 0.668342
-0.14 0.648753
-0.138 0.62949
-0.136 0.610556
-0.134 0.591959
-0.132 0.573701
-0.13 0.555788
-0.128 0.538223
-0.126 0.521008
-0.124 0.504147
-0.122 0.487642
-0.12 0.471493
-0.118 0.455703
-0.116 0.440272
-0.114 0.4252
-0.112 0.410488
-0.11 0.396134
-0.108 0.382137
-0.106 0.368498
-0.104 0.355213
-0.102 0.342281
-0.1 0.3297
-0.098 0.317467
-0.096 0.30558
-0.094 0.294036
-0.092 0.28283
-0.09 0.271961
-0.088 0.261423
-0.086 0.251213
-0.084 0.241328
-0.082 0.231762
-0.08 0.222512
-0.078 0.213573
-0.076 0.20494
-0.074 0.196609
-0.072 0.188576
-0.07 0.180834
-0.068 0.17338
-0.066 0.166208
-0.064 0.159314
-0.062 0.152693
-0.06 0.14634
-0.058 0.14025
-0.056 0.134418
-0.054 0.128839
-0.052 0.123509
-0.05 0.118424
-0.048 0.113578
-0.046 0.108967
-0.044 0.104587
-0.042 0.100433
-0.04 0.0965022
-0.038 0.0927896
-0.036 0.0892918
-0.034 0.0860049
-0.032 0.0829255
-0.03 0.0800503
-0.028 0.0773759
-0.026 0.0748995
-0.024 0.0726181
-0.022 0.0705292
-0.02 0.0686303
-0.018 0.0669192
-0.016 0.0653937
-0.014 0.064052
-0.012 0.0628926
-0.01 0.061914
-0.008 0.061115
-0.006 0.0604945
-0.004 0.0600519
-0.002 0.0597866
0 0.0596982
0.002 0.0597866
0.004 0.0600519
0.006 0.0604945
0.008 0.061115
0.01 0.061914
0.012 0.0628926
0.014 0.064052
0.016 0.0653937
0.018 0.0669192
0.02 0.0686303
0.022 0.0705292
0.024 0.0726181
0.026 0.0748995
0.028 0.0773759
0.03 0.0800503
0.032 0.0829255
0.034 0.0860049
0.036 0.0892918
0.038 0.0927896
0.04 0.0965022
0.042 0.100433
0.044 0.104587
0.046 0.108967
0.048 0.113578
0.05 0.118424
0.052 0.123509
0.054 0.128839
0.056 0.134418
0.058 0.14025
0.06 0.14634
0.062 0.152693
0.064 0.159314
0.066 0.166208
0.068 0.17338
0.07 0.180834
0.072 0.188576
0.074 0.196609
0.076 0.20494
0.078 0.213573
0.08 0.222512
0.082 0.231762
0.084 0.241328
0.086 0.251213
0.088 0.261423
0.09 0.271961
0.092 0.28283
0.094 0.294036
0.096 0.30558
0.098 0.317467
0.1 0.3297
0.102 0.342281
0.104 0.355213
0.106 0.368498
0.108 0.382137
0.11 0.396134
0.112 0.410488
0.114 0.4252
0.116 0.440272
0.118 0.455703
0.12 0.471493
0.122 0.487642
0.124 0.504147
0.126 0.521008
0.128 0.538223
0.13 0.555788
0.132 0.573701
0.134 0.591959
0.136 0.610556
0.138 0.62949
0.14 0.648753
0.142 0.668342
0.144 0.688249
0.146 0.708468
0.148 0.728991
0.15 0.749811
0.152 0.770919
0.154 0.792305
0.156 0.813961
0.158 0.835875
0.16 0.858037
0.162 0.880436
0.164 0.903059
0.166 0.925894
0.168 0.948928
0.17 0.972146
0.172 0.995535
0.174 1.01908
0.176 1.04276
0.178 1.06657
0.18 1.09049
0.182 1.1145
0.184 1.13858
0.186 1.16272
0.188 1.18689
0.19 1.21108
0.192 1.23527
0.194 1.25945
0.196 1.28358
0.198 1.30765
0.2 1.33164
0.202 1.35552
0.204 1.37929
0.206 1.40291
0.208 1.42636
0.21 1.44962
0.212 1.47268
0.214 1.4955
0.216 1.51807
0.218 1.54037
0.22 1.56237
0.222 1.58404
0.224 1.60538
0.226 1.62635
0.228 1.64694
0.23 1.66712
0.232 1.68688
0.234 1.70619
0.236 1.72502
0.238 1.74337
0.24 1.76121
0.242 1.77852
0.244 1.79528
0.246 1.81147
0.248 1.82708
0.25 1.84209
0.252 1.85647
0.254 1.87023
0.256 1.88333
0.258 1.89576
0.26 1.90751
0.262 1.91857
0.264 1.92892
0.266 1.93855
0.268 1.94745
0.27 1.9556
0.272 1.96301
0.274 1.96966
0.276 1.97553
0.278 1.98064
0.28 1.98496
0.282 1.9885
0.284 1.99124
0.286 1.9932
0.288 1.99435
0.29 1.99471
0.292 1.99427
0.294 1.99304
0.296 1.991
0.298 1.98818
0.3 1.98456
0.302 1.98016
0.304 1.97498
0.306 1.96903
0.308 1.9623
0.31 1.95482
0.312 1.94659
0.314 1.93762
0.316 1.92791
0.318 1.91749
0.32 1.90637
0.322 1.89455
0.324 1.88205
0.326 1.86888
0.328 1.85506
0.33 1.84061
0.332 1.82555
0.334 1.80988
0.336 1.79363
0.338 1.77681
0.34 1.75945
0.342 1.74156
0.344 1.72316
0.346 1.70427
0.348 1.68492
0.35 1.66512
0.352 1.6449
0.354 1.62427
0.356 1.60326
0.358 1.58189
0.36 1.56018
0.362 1.53815
0.364 1.51582
0.366 1.49323
0.368 1.47038
0.37 1.4473
0.372 1.42401
0.374 1.40054
0.376 1.37691
0.378 1.35313
0.38 1.32923
0.382 1.30523
0.384 1.28115
0.386 1.25701
0.388 1.23284
0.39 1.20864
0.392 1.18445
0.394 1.16028
0.396 1.13614
0.398 1.11207
0.4 1.08806
0.402 1.06415
0.404 1.04035
0.406 1.01668
0.408 0.993143
0.41 0.969765
0.412 0.94656
0.414 0.92354
0.416 0.90072
0.418 0.878112
0.42 0.855729
0.422 0.833584
0.424 0.811686
0.426 0.790048
0.428 0.76868
0.43 0.74759
0.432 0.726787
0.434 0.706282
0.436 0.68608
0.438 0.666189
0.44 0.646617
0.442 0.627369
0.444 0.60845
0.446 0.589865
0.448 0.57162
0.45 0.553717
0.452 0.536161
0.454 0.518953
0.456 0.502097
0.458 0.485595
0.46 0.469446
0.462 0.453654
0.464 0.438217
0.466 0.423136
0.468 0.408411
0.47 0.394041
0.472 0.380024
0.474 0.366359
0.476 0.353044
0.478 0.340078
0.48 0.327456
0.482 0.315177
0.484 0.303237
0.486 0.291632
0.488 0.28036
0.49 0.269415
0.492 0.258794
0.494 0.248493
0.496 0.238506
0.498 0.228829
0.5 0.219456
0.502 0.210384
0.504 0.201606
0.506 0.193117
0.508 0.184911
0.51 0.176983
0.512 0.169327
0.514 0.161938
0.516 0.154809
0.518 0.147935
0.52 0.14131
0.522 0.134927
0.524 0.128781
0.526 0.122866
0.528 0.117176
0.53 0.111704
0.532 0.106446
0.534 0.101394
0.536 0.0965435
0.538 0.0918883
0.54 0.0874226
0.542 0.0831407
0.544 0.0790368
0.546 0.0751055
0.548 0.0713412
0.55 0.0677384
0.552 0.0642919
0.554 0.0609963
0.556 0.0578466
0.558 0.0548375
0.56 0.0519641
0.562 0.0492217
0.564 0.0466053
0.566 0.0441103
0.568 0.0417322
0.57 0.0394666
0.572 0.037309
0.574 0.0352552
0.576 0.0333012
0.578 0.0314429
0.58 0.0296765
0.582 0.027998
0.584 0.026404
0.586 0.0248907
0.588 0.0234548
0.59 0.0220929
0.592 0.0208017
0.594 0.0195782
0.596 0.0184192
0.598 0.017322
0.6 0.0162835
0.602 0.0153013
0.604 0.0143725
0.606 0.0134947
0.608 0.0126654
0.61 0.0118824
0.612 0.0111433
0.614 0.010446
0.616 0.00978837
0.618 0.00916851
0.62 0.00858448
0.622 0.00803443
0.624 0.00751661
0.626 0.00702936
0.628 0.00657106
0.63 0.00614019
0.632 0.00573528
0.634 0.00535492
0.636 0.00499779
0.638 0.00466261
0.64 0.00434818
0.642 0.00405332
0.644 0.00377695
0.646 0.00351801
0.648 0.00327552
0.65 0.00304852
0.652 0.00283612
0.654 0.00263746
0.656 0.00245174
0.658 0.00227818
0.66 0.00211606
0.662 0.0019647
0.664 0.00182343
0.666 0.00169164
0.668 0.00156875
0.67 0.0014542
0.672 0.00134748
0.674 0.0012481
0.676 0.00115558
0.678 0.00106949
0.68 0.000989416
0.682 0.000914974
0.684 0.000845794
0.686 0.000781532
0.688 0.000721863
0.69 0.000666484
0.692 0.000615107
0.694 0.000567464
0.696 0.000523301
0.698 0.000482382
0.7 0.000444486
0.702 0.000409402
0.704 0.000376937
0.706 0.000346908
0.708 0.000319143
0.71 0.000293483
0.712 0.000269778
0.714 0.000247889
0.716 0.000227684
0.718 0.000209043
0.72 0.000191851
0.722 0.000176003
0.724 0.000161399
0.726 0.000147948
0.728 0.000135564
0.73 0.000124166
0.732 0.000113682
0.734 0.000104041
0.736 9.51794e-05
0.738 8.7038e-05
0.74 7.95611e-05
0.742 7.26974e-05
0.744 6.63992e-05
0.746 6.06225e-05
0.748 5.53262e-05
0.75 5.04724e-05
0.752 4.6026e-05
0.754 4.19546e-05
0.756 3.8228e-05
0.758 3.48185e-05
0.76 3.17004e-05
0.762 2.885e-05
0.764 2.62454e-05
0.766 2.38664e-05
0.768 2.16944e-05
0.77 1.97121e-05
0.772 1.79038e-05
0.774 1.62549e-05
0.776 1.47519e-05
0.778 1.33826e-05
0.78 1.21355e-05
0.782 1.10002e-05
0.784 9.96717e-06
0.786 9.02752e-06
0.788 8.17318e-06
0.79 7.39674e-06
0.792 6.69138e-06
0.794 6.05086e-06
0.796 5.46947e-06
0.798 4.94196e-06
0.8 4.46354e-06
0.802 4.02983e-06
0.804 3.6368e-06
0.806 3.28079e-06
0.808 2.95845e-06
0.81 2.66671e-06
0.812 2.40278e-06
0.814 2.16411e-06
0.816 1.94836e-06
0.818 1.75342e-06
0.82 1.57736e-06
0.822 1.4184e-06
0.824 1.27496e-06
0.826 1.14556e-06
0.828 1.02888e-06
0.83 9.23723e-07
0.832 8.28977e-07
0.834 7.43653e-07
0.836 6.66843e-07
0.838 5.97728e-07
0.84 5.35562e-07
0.842 4.7967e-07
0.844 4.29439e-07
0.846 3.84314e-07
0.848 3.43794e-07
0.85 3.07423e-07
0.852 2.74789e-07
0.854 2.45522e-07
0.856 2.19284e-07
0.858 1.95771e-07
0.86 1.7471e-07
0.862 1.55853e-07
0.864 1.38975e-07
0.866 1.23875e-07
0.868 1.10372e-07
0.87 9.83012e-08
0.872 8.75157e-08
0.874 7.78823e-08
0.876 6.92817e-08
0.878 6.16062e-08
0.88 5.47591e-08
0.882 4.86536e-08
0.884 4.32115e-08
0.886 3.83628e-08
0.888 3.40446e-08
0.89 3.02003e-08
0.892 2.67794e-08
0.894 2.37365e-08
0.896 2.1031e-08
0.898 1.86264e-08
0.9 1.64901e-08
0.902 1.4593e-08
0.904 1.2909e-08
0.906 1.14148e-08
0.908 1.00894e-08
0.91 8.91444e-09
0.912 7.87313e-09
0.914 6.95067e-09
0.916 6.13385e-09
0.918 5.41084e-09
0.92 4.77117e-09
0.922 4.20543e-09
0.924 3.7053e-09
0.926 3.26335e-09
0.928 2.87296e-09
0.93 2.52828e-09
0.932 2.22407e-09
0.934 1.95569e-09
0.936 1.71901e-09
0.938 1.51039e-09
0.94 1.32658e-09
0.942 1.16469e-09
0.944 1.02216e-09
0.946 8.9675e-10
0.948 7.86435e-10
0.95 6.89451e-10
0.952 6.04222e-10
0.954 5.29375e-10
0.956 4.63662e-10
0.958 4.06007e-10
0.96 3.55452e-10
0.962 3.11156e-10
0.964 2.72372e-10
0.966 2.38434e-10
0.968 2.08782e-10
0.97 1.82898e-10
0.972 1.60336e-10
0.974 1.40706e-10
0.976 1.23672e-10
0.978 1.08923e-10
0.98 9.62142e-11
0.982 8.53121e-11
0.984 7.60338e-11
0.986 6.81908e-11
0.988 6.16668e-11
0.99 5.63276e-11
0.992 5.2094e-11
0.994 4.88667e-11
0.996 4.66126e-11
0.998 4.5271e-11
