-1 0.504116
-0.99 0.504385
-0.98 0.504084
-0.97 0.504316
-0.96 0.503989
-0.95 0.50417
-0.94 0.503834
-0.93 0.503935
-0.92 0.503623
-0.91 0.503596
-0.9 0.503357
-0.89 0.503144
-0.88 0.503016
-0.87 0.502587
-0.86 0.502558
-0.85 0.501962
-0.84 0.501913
-0.83 0.501309
-0.82 0.501034
-0.81 0.500608
-0.8 0.499965
-0.79 0.499723
-0.78 0.498851
-0.77 0.498479
-0.76 0.497762
-0.75 0.496912
-0.74 0.49646
-0.73 0.495338
-0.72 0.494626
-0.71 0.493815
-0.7 0.492512
-0.69 0.491785
-0.68 0.490596
-0.67 0.489174
-0.66 0.488303
-0.65 0.486818
-0.64 0.485198
-0.63 0.484138
-0.62 0.482459
-0.61 0.480506
-0.6 0.479201
-0.59 0.4775
-0.58 0.475134
-0.57 0.473326
-0.56 0.471778
-0.55 0.469337
-0.54 0.466594
-0.53 0.464658
-0.52 0.462929
-0.51 0.460175
-0.5 0.456632
-0.49 0.453763
-0.48 0.45258
-0.47 0.452931
-0.46 0.454074
-0.45 0.455397
-0.44 0.456638
-0.43 0.457757
-0.42 0.458775
-0.41 0.45971
-0.4 0.460567
-0.39 0.461349
-0.38 0.462057
-0.37 0.462695
-0.36 0.463266
-0.35 0.463771
-0.34 0.464215
-0.33 0.464601
-0.32 0.464931
-0.31 0.465208
-0.3 0.465436
-0.29 0.465618
-0.28 0.465757
-0.27 0.465856
-0.26 0.465919
-0.25 0.465948
-0.24 0.465946
-0.23 0.465918
-0.22 0.465865
-0.21 0.465791
-0.2 0.465699
-0.19 0.465591
-0.18 0.465471
-0.17 0.46534
-0.16 0.465202
-0.15 0.46506
-0.14 0.464914
-0.13 0.464769
-0.12 0.464625
-0.11 0.464486
-0.1 0.464352
-0.09 0.464225
-0.08 0.464107
-0.07 0.464
-0.06 0.463905
-0.05 0.463822
-0.04 0.463753
-0.03 0.463699
-0.02 0.463659
-0.01 0.463636
0 0.463628
0.01 0.463636
0.02 0.463659
0.03 0.463699
0.04 0.463753
0.05 0.463822
0.06 0.463905
0.07 0.464
0.08 0.464107
0.09 0.464225
0.1 0.464352
0.11 0.464486
0.12 0.464625
0.13 0.464769
0.14 0.464914
0.15 0.46506
0.16 0.465202
0.17 0.46534
0.18 0.465471
0.19 0.465591
0.2 0.465699
0.21 0.465791
0.22 0.465865
0.23 0.465918
0.24 0.465946
0.25 0.465948
0.26 0.465919
0.27 0.465856
0.28 0.465757
0.29 0.465618
0.3 0.465436
0.31 0.465208
0.32 0.464931
0.33 0.464601
0.34 0.464215
0.35 0.463771
0.36 0.463266
0.37 0.462695
0.38 0.462057
0.39 0.461349
0.4 0.460567
0.41 0.45971
0.42 0.458775
0.43 0.457757
0.44 0.456638
0.45 0.455397
0.46 0.454074
0.47 0.452931
0.48 0.45258
0.49 0.453763
0.5 0.456632
0.51 0.460175
0.52 0.462929
0.53 0.464658
0.54 0.466594
0.55 0.469337
0.56 0.471778
0.57 0.473326
0.58 0.475134
0.59 0.4775
0.6 0.479201
0.61 0.480506
0.62 0.482459
0.63 0.484138
0.64 0.485198
0.65 0.486818
0.66 0.488303
0.67 0.489174
0.68 0.490596
0.69 0.491785
0.7 0.492512
0.71 0.493815
0.72 0.494626
0.73 0.495338
0.74 0.49646
0.75 0.496912
0.76 0.497762
0.77 0.498479
0.78 0.498851
0.79 0.499723
0.8 0.499965
0.81 0.500608
0.82 0.501034
0.83 0.501309
0.84 0.501913
0.85 0.501962
0.86 0.502558
0.87 0.502587
0.88 0.503016
0.89 0.503144
0.9 0.503357
0.91 0.503596
0.92 0.503623
0.93 0.503935
0.94 0.503834
0.95 0.50417
0.96 0.503989
0.97 0.504316
0.98 0.504084
0.99 0.504385
