-1 6.34006e-05
-0.998 6.36683e-05
-0.996 6.44732e-05
-0.994 6.58208e-05
-0.992 6.77202e-05
-0.99 7.01843e-05
-0.988 7.32298e-05
-0.986 7.68772e-05
-0.984 8.1151e-05
-0.982 8.60798e-05
-0.98 9.16963e-05
-0.978 9.8038e-05
-0.976 0.000105146
-0.974 0.000113068
-0.972 0.000121855
-0.97 0.000131563
-0.968 0.000142255
-0.966 0.000153999
-0.964 0.000166868
-0.962 0.000180945
-0.96 0.000196315
-0.958 0.000213073
-0.956 0.000231321
-0.954 0.000251169
-0.952 0.000272736
-0.95 0.000296149
-0.948 0.000321545
-0.946 0.000349071
-0.944 0.000378885
-0.942 0.000411155
-0.94 0.000446062
-0.938 0.0004838
-0.936 0.000524575
-0.934 0.000568609
-0.932 0.000616135
-0.93 0.000667407
-0.928 0.000722692
-0.926 0.000782275
-0.924 0.00084646
-0.922 0.000915571
-0.92 0.000989951
-0.918 0.00106997
-0.916 0.00115601
-0.914 0.00124848
-0.912 0.00134783
-0.91 0.00145451
-0.908 0.00156902
-0.906 0.00169188
-0.904 0.00182365
-0.902 0.00196489
-0.9 0.00211624
-0.898 0.00227834
-0.896 0.00245188
-0.894 0.00263759
-0.892 0.00283623
-0.89 0.00304862
-0.888 0.00327561
-0.886 0.00351809
-0.884 0.00377702
-0.882 0.00405338
-0.88 0.00434823
-0.878 0.00466266
-0.876 0.00499783
-0.874 0.00535496
-0.872 0.00573531
-0.87 0.00614022
-0.868 0.00657109
-0.866 0.00702938
-0.864 0.00751663
-0.862 0.00803444
-0.86 0.00858449
-0.858 0.00916853
-0.856 0.00978838
-0.854 0.010446
-0.852 0.0111433
-0.85 0.0118824
-0.848 0.0126654
-0.846 0.0134947
-0.844 0.0143725
-0.842 0.0153013
-0.84 0.0162835
-0.838 0.017322
-0.836 0.0184192
-0.834 0.0195782
-0.832 0.0208017
-0.83 0.0220929
-0.828 0.0234548
-0.826 0.0248907
-0.824 0.026404
-0.822 0.027998
-0.82 0.0296765
-0.818 0.0314429
-0.816 0.0333012
-0.814 0.0352552
-0.812 0.037309
-0.81 0.0394666
-0.808 0.0417322
-0.806 0.0441103
-0.804 0.0466053
-0.802 0.0492217
-0.8 0.0519641
-0.798 0.0548375
-0.796 0.0578466
-0.794 0.0609963
-0.792 0.0642919
-0.79 0.0677384
-0.788 0.0713412
-0.786 0.0751055
-0.784 0.0790368
-0.782 0.0831407
-0.78 0.0874226
-0.778 0.0918883
-0.776 0.0965435
-0.774 0.101394
-0.772 0.106446
-0.77 0.111704
-0.768 0.117176
-0.766 0.122866
-0.764 0.128781
-0.762 0.134927
-0.76 0.14131
-0.758 0.147935
-0.756 0.154809
-0.754 0.161938
-0.752 0.169327
-0.75 0.176983
-0.748 0.184911
-0.746 0.193117
-0.744 0.201606
-0.742 0.210384
-0.74 0.219456
-0.738 0.228829
-0.736 0.238506
-0.734 0.248493
-0.732 0.258794
-0.73 0.269415
-0.728 0.28036
-0.726 0.291632
-0.724 0.303237
-0.722 0.315177
-0.72 0.327456
-0.718 0.340078
-0.716 0.353044
-0.714 0.366359
-0.712 0.380024
-0.71 0.394041
-0.708 0.408411
-0.706 0.423136
-0.704 0.438217
-0.702 0.453654
-0.7 0.469446
-0.698 0.485595
-0.696 0.502097
-0.694 0.518953
-0.692 0.536161
-0.69 0.553717
-0.688 0.57162
-0.686 0.589865
-0.684 0.60845
-0.682 0.627369
-0.68 0.646617
-0.678 0.666189
-0.676 0.68608
-0.674 0.706282
-0.672 0.726787
-0.67 0.74759
-0.668 0.76868
-0.666 0.790048
-0.664 0.811686
-0.662 0.833584
-0.66 0.855729
-0.658 0.878112
-0.656 0.90072
-0.654 0.92354
-0.652 0.94656
-0.65 0.969765
-0.648 0.993143
-0.646 1.01668
-0.644 1.04035
-0.642 1.06415
-0.64 1.08806
-0.638 1.11207
-0.636 1.13614
-0.634 1.16028
-0.632 1.18445
-0.63 1.20864
-0.628 1.23284
-0.626 1.25701
-0.624 1.28115
-0.622 1.30523
-0.62 1.32923
-0.618 1.35313
-0.616 1.37691
-0.614 1.40054
-0.612 1.42401
-0.61 1.4473
-0.608 1.47038
-0.606 1.49323
-0.604 1.51582
-0.602 1.53815
-0.6 1.56018
-0.598 1.58189
-0.596 1.60326
-0.594 1.62427
-0.592 1.6449
-0.59 1.66512
-0.588 1.68492
-0.586 1.70427
-0.584 1.72316
-0.582 1.74156
-0.58 1.75945
-0.578 1.77681
-0.576 1.79363
-0.574 1.80988
-0.572 1.82555
-0.57 1.84061
-0.568 1.85506
-0.566 1.86888
-0.564 1.88204
-0.562 1.89455
-0.56 1.90637
-0.558 1.91749
-0.556 1.92791
-0.554 1.93762
-0.552 1.94659
-0.55 1.95482
-0.548 1.9623
-0.546 1.96903
-0.544 1.97498
-0.542 1.98016
-0.54 1.98456
-0.538 1.98818
-0.536 1.991
-0.534 1.99304
-0.532 1.99427
-0.53 1.99471
-0.528 1.99435
-0.526 1.99319
-0.524 1.99124
-0.522 1.9885
-0.52 1.98496
-0.518 1.98064
-0.516 1.97553
-0.514 1.96966
-0.512 1.96301
-0.51 1.9556
-0.508 1.94745
-0.506 1.93855
-0.504 1.92892
-0.502 1.91857
-0.5 1.90751
-0.498 1.89576
-0.496 1.88332
-0.494 1.87023
-0.492 1.85647
-0.49 1.84209
-0.488 1.82708
-0.486 1.81147
-0.484 1.79528
-0.482 1.77852
-0.48 1.76121
-0.478 1.74337
-0.476 1.72502
-0.474 1.70618
-0.472 1.68688
-0.47 1.66712
-0.468 1.64694
-0.466 1.62635
-0.464 1.60538
-0.462 1.58404
-0.46 1.56236
-0.458 1.54036
-0.456 1.51807
-0.454 1.4955
-0.452 1.47267
-0.45 1.44962
-0.448 1.42635
-0.446 1.4029
-0.444 1.37928
-0.442 1.35551
-0.44 1.33162
-0.438 1.30763
-0.436 1.28356
-0.434 1.25943
-0.432 1.23526
-0.43 1.21106
-0.428 1.18687
-0.426 1.16269
-0.424 1.13855
-0.422 1.11447
-0.42 1.09046
-0.418 1.06654
-0.416 1.04273
-0.414 1.01904
-0.412 0.995489
-0.41 0.972096
-0.408 0.948872
-0.406 0.925833
-0.404 0.902992
-0.402 0.880363
-0.4 0.857957
-0.398 0.835787
-0.396 0.813865
-0.394 0.7922
-0.392 0.770804
-0.39 0.749686
-0.388 0.728855
-0.386 0.708319
-0.384 0.688086
-0.382 0.668164
-0.38 0.64856
-0.378 0.629279
-0.376 0.610327
-0.374 0.591709
-0.372 0.573429
-0.37 0.555492
-0.368 0.537901
-0.366 0.520658
-0.364 0.503767
-0.362 0.487229
-0.36 0.471045
-0.358 0.455217
-0.356 0.439745
-0.354 0.424628
-0.352 0.409868
-0.35 0.395462
-0.348 0.38141
-0.346 0.36771
-0.344 0.35436
-0.342 0.341359
-0.34 0.328703
-0.338 0.31639
-0.336 0.304416
-0.334 0.292778
-0.332 0.281472
-0.33 0.270495
-0.328 0.259842
-0.326 0.249509
-0.324 0.239491
-0.322 0.229783
-0.32 0.22038
-0.318 0.211278
-0.316 0.202471
-0.314 0.193953
-0.312 0.185719
-0.31 0.177764
-0.308 0.170081
-0.306 0.162665
-0.304 0.155511
-0.302 0.148611
-0.3 0.141961
-0.298 0.135555
-0.296 0.129385
-0.294 0.123447
-0.292 0.117735
-0.29 0.112242
-0.288 0.106962
-0.286 0.10189
-0.284 0.0970197
-0.282 0.0923453
-0.28 0.0878609
-0.278 0.0835608
-0.276 0.0794394
-0.274 0.0754911
-0.272 0.0717103
-0.27 0.0680916
-0.268 0.0646297
-0.266 0.0613193
-0.264 0.0581551
-0.262 0.0551322
-0.26 0.0522455
-0.258 0.0494902
-0.256 0.0468614
-0.254 0.0443545
-0.252 0.0419649
-0.25 0.0396882
-0.248 0.03752
-0.246 0.0354561
-0.244 0.0334923
-0.242 0.0316246
-0.24 0.0298491
-0.238 0.028162
-0.236 0.0265597
-0.234 0.0250385
-0.232 0.023595
-0.23 0.0222258
-0.228 0.0209277
-0.226 0.0196975
-0.224 0.0185323
-0.222 0.017429
-0.22 0.0163848
-0.218 0.015397
-0.216 0.014463
-0.214 0.0135802
-0.212 0.0127462
-0.21 0.0119586
-0.208 0.0112152
-0.206 0.0105138
-0.204 0.00985238
-0.202 0.00922884
-0.2 0.0086413
-0.198 0.00808793
-0.196 0.00756697
-0.194 0.00707674
-0.192 0.00661562
-0.19 0.00618207
-0.188 0.00577462
-0.186 0.00539187
-0.184 0.00503248
-0.182 0.00469516
-0.18 0.0043787
-0.178 0.00408194
-0.176 0.00380377
-0.174 0.00354313
-0.172 0.00329904
-0.17 0.00307053
-0.168 0.00285671
-0.166 0.00265672
-0.164 0.00246974
-0.162 0.002295
-0.16 0.00213177
-0.158 0.00197935
-0.156 0.0018371
-0.154 0.0017044
-0.152 0.00158064
-0.15 0.00146529
-0.148 0.00135781
-0.146 0.00125771
-0.144 0.00116452
-0.142 0.00107781
-0.14 0.000997154
-0.138 0.000922166
-0.136 0.000852476
-0.134 0.000787737
-0.132 0.000727624
-0.13 0.00067183
-0.128 0.000620065
-0.126 0.000572061
-0.124 0.000527561
-0.122 0.000486329
-0.12 0.00044814
-0.118 0.000412785
-0.116 0.000380067
-0.114 0.000349802
-0.112 0.000321819
-0.11 0.000295956
-0.108 0.000272062
-0.106 0.000249998
-0.104 0.000229632
-0.102 0.00021084
-0.1 0.000193509
-0.098 0.000177532
-0.096 0.000162809
-0.094 0.000149247
-0.092 0.000136761
-0.09 0.00012527
-0.088 0.000114698
-0.086 0.000104978
-0.084 9.60427e-05
-0.082 8.78337e-05
-0.08 8.02948e-05
-0.078 7.33742e-05
-0.076 6.70242e-05
-0.074 6.12e-05
-0.072 5.58606e-05
-0.07 5.09678e-05
-0.068 4.64862e-05
-0.066 4.23831e-05
-0.064 3.86283e-05
-0.062 3.51939e-05
-0.06 3.2054e-05
-0.058 2.91848e-05
-0.056 2.65644e-05
-0.054 2.41725e-05
-0.052 2.19904e-05
-0.05 2.00008e-05
-0.048 1.81881e-05
-0.046 1.65376e-05
-0.044 1.50359e-05
-0.042 1.36708e-05
-0.04 1.24311e-05
-0.038 1.13064e-05
-0.036 1.02874e-05
-0.034 9.36532e-06
-0.032 8.53241e-06
-0.03 7.78152e-06
-0.028 7.10613e-06
-0.026 6.50038e-06
-0.024 5.95895e-06
-0.022 5.47707e-06
-0.02 5.05046e-06
-0.018 4.6753e-06
-0.016 4.34824e-06
-0.014 4.06632e-06
-0.012 3.82699e-06
-0.01 3.62808e-06
-0.008 3.46775e-06
-0.006 3.34456e-06
-0.004 3.25736e-06
-0.002 3.20536e-06
0 3.18808e-06
0.002 3.20536e-06
0.004 3.25736e-06
0.006 3.34456e-06
0.008 3.46775e-06
0.01 3.62808e-06
0.012 3.82699e-06
0.014 4.06632e-06
0.016 4.34824e-06
0.018 4.6753e-06
0.02 5.05046e-06
0.022 5.47707e-06
0.024 5.95895e-06
0.026 6.50038e-06
0.028 7.10613e-06
0.03 7.78152e-06
0.032 8.53241e-06
0.034 9.36532e-06
0.036 1.02874e-05
0.038 1.13064e-05
0.04 1.24311e-05
0.042 1.36708e-05
0.044 1.50359e-05
0.046 1.65376e-05
0.048 1.81881e-05
0.05 2.00008e-05
0.052 2.19904e-05
0.054 2.41725e-05
0.056 2.65644e-05
0.058 2.91848e-05
0.06 3.2054e-05
0.062 3.51939e-05
0.064 3.86283e-05
0.066 4.23831e-05
0.068 4.64862e-05
0.07 5.09678e-05
0.072 5.58606e-05
0.074 6.12e-05
0.076 6.70242e-05
0.078 7.33742e-05
0.08 8.02948e-05
0.082 8.78337e-05
0.084 9.60427e-05
0.086 0.000104978
0.088 0.000114698
0.09 0.00012527
0.092 0.000136761
0.094 0.000149247
0.096 0.000162809
0.098 0.000177532
0.1 0.000193509
0.102 0.00021084
0.104 0.000229632
0.106 0.000249998
0.108 0.000272062
0.11 0.000295956
0.112 0.000321819
0.114 0.000349802
0.116 0.000380067
0.118 0.000412785
0.12 0.00044814
0.122 0.000486329
0.124 0.000527561
0.126 0.000572061
0.128 0.000620065
0.13 0.00067183
0.132 0.000727624
0.134 0.000787737
0.136 0.000852476
0.138 0.000922166
0.14 0.000997154
0.142 0.00107781
0.144 0.00116452
0.146 0.00125771
0.148 0.00135781
0.15 0.00146529
0.152 0.00158064
0.154 0.0017044
0.156 0.0018371
0.158 0.00197935
0.16 0.00213177
0.162 0.002295
0.164 0.00246974
0.166 0.00265672
0.168 0.00285671
0.17 0.00307053
0.172 0.00329904
0.174 0.00354313
0.176 0.00380377
0.178 0.00408194
0.18 0.0043787
0.182 0.00469516
0.184 0.00503248
0.186 0.00539187
0.188 0.00577462
0.19 0.00618207
0.192 0.00661562
0.194 0.00707674
0.196 0.00756697
0.198 0.00808793
0.2 0.0086413
0.202 0.00922884
0.204 0.00985238
0.206 0.0105138
0.208 0.0112152
0.21 0.0119586
0.212 0.0127462
0.214 0.0135802
0.216 0.014463
0.218 0.015397
0.22 0.0163848
0.222 0.017429
0.224 0.0185323
0.226 0.0196975
0.228 0.0209277
0.23 0.0222258
0.232 0.023595
0.234 0.0250385
0.236 0.0265597
0.238 0.028162
0.24 0.0298491
0.242 0.0316246
0.244 0.0334923
0.246 0.0354561
0.248 0.03752
0.25 0.0396882
0.252 0.0419649
0.254 0.0443545
0.256 0.0468614
0.258 0.0494902
0.26 0.0522455
0.262 0.0551322
0.264 0.0581551
0.266 0.0613193
0.268 0.0646297
0.27 0.0680916
0.272 0.0717103
0.274 0.0754911
0.276 0.0794394
0.278 0.0835608
0.28 0.0878609
0.282 0.0923453
0.284 0.0970197
0.286 0.10189
0.288 0.106962
0.29 0.112242
0.292 0.117735
0.294 0.123447
0.296 0.129385
0.298 0.135555
0.3 0.141961
0.302 0.148611
0.304 0.155511
0.306 0.162665
0.308 0.170081
0.31 0.177764
0.312 0.185719
0.314 0.193953
0.316 0.202471
0.318 0.211278
0.32 0.22038
0.322 0.229783
0.324 0.239491
0.326 0.249509
0.328 0.259842
0.33 0.270495
0.332 0.281472
0.334 0.292778
0.336 0.304416
0.338 0.31639
0.34 0.328703
0.342 0.341359
0.344 0.35436
0.346 0.36771
0.348 0.38141
0.35 0.395462
0.352 0.409868
0.354 0.424628
0.356 0.439745
0.358 0.455217
0.36 0.471045
0.362 0.487229
0.364 0.503767
0.366 0.520658
0.368 0.537901
0.37 0.555492
0.372 0.573429
0.374 0.591709
0.376 0.610327
0.378 0.629279
0.38 0.64856
0.382 0.668164
0.384 0.688086
0.386 0.708319
0.388 0.728855
0.39 0.749686
0.392 0.770804
0.394 0.7922
0.396 0.813865
0.398 0.835787
0.4 0.857957
0.402 0.880363
0.404 0.902992
0.406 0.925833
0.408 0.948872
0.41 0.972096
0.412 0.995489
0.414 1.01904
0.416 1.04273
0.418 1.06654
0.42 1.09046
0.422 1.11447
0.424 1.13855
0.426 1.16269
0.428 1.18687
0.43 1.21106
0.432 1.23526
0.434 1.25943
0.436 1.28356
0.438 1.30763
0.44 1.33162
0.442 1.35551
0.444 1.37928
0.446 1.4029
0.448 1.42635
0.45 1.44962
0.452 1.47267
0.454 1.4955
0.456 1.51807
0.458 1.54036
0.46 1.56236
0.462 1.58404
0.464 1.60538
0.466 1.62635
0.468 1.64694
0.47 1.66712
0.472 1.68688
0.474 1.70618
0.476 1.72502
0.478 1.74337
0.48 1.76121
0.482 1.77852
0.484 1.79528
0.486 1.81147
0.488 1.82708
0.49 1.84209
0.492 1.85647
0.494 1.87023
0.496 1.88332
0.498 1.89576
0.5 1.90751
0.502 1.91857
0.504 1.92892
0.506 1.93855
0.508 1.94745
0.51 1.9556
0.512 1.96301
0.514 1.96966
0.516 1.97553
0.518 1.98064
0.52 1.98496
0.522 1.9885
0.524 1.99124
0.526 1.99319
0.528 1.99435
0.53 1.99471
0.532 1.99427
0.534 1.99304
0.536 1.991
0.538 1.98818
0.54 1.98456
0.542 1.98016
0.544 1.97498
0.546 1.96903
0.548 1.9623
0.55 1.95482
0.552 1.94659
0.554 1.93762
0.556 1.92791
0.558 1.91749
0.56 1.90637
0.562 1.89455
0.564 1.88204
0.566 1.86888
0.568 1.85506
0.57 1.84061
0.572 1.82555
0.574 1.80988
0.576 1.79363
0.578 1.77681
0.58 1.75945
0.582 1.74156
0.584 1.72316
0.586 1.70427
0.588 1.68492
0.59 1.66512
0.592 1.6449
0.594 1.62427
0.596 1.60326
0.598 1.58189
0.6 1.56018
0.602 1.53815
0.604 1.51582
0.606 1.49323
0.608 1.47038
0.61 1.4473
0.612 1.42401
0.614 1.40054
0.616 1.37691
0.618 1.35313
0.62 1.32923
0.622 1.30523
0.624 1.28115
0.626 1.25701
0.628 1.23284
0.63 1.20864
0.632 1.18445
0.634 1.16028
0.636 1.13614
0.638 1.11207
0.64 1.08806
0.642 1.06415
0.644 1.04035
0.646 1.01668
0.648 0.993143
0.65 0.969765
0.652 0.94656
0.654 0.92354
0.656 0.90072
0.658 0.878112
0.66 0.855729
0.662 0.833584
0.664 0.811686
0.666 0.790048
0.668 0.76868
0.67 0.74759
0.672 0.726787
0.674 0.706282
0.676 0.68608
0.678 0.666189
0.68 0.646617
0.682 0.627369
0.684 0.60845
0.686 0.589865
0.688 0.57162
0.69 0.553717
0.692 0.536161
0.694 0.518953
0.696 0.502097
0.698 0.485595
0.7 0.469446
0.702 0.453654
0.704 0.438217
0.706 0.423136
0.708 0.408411
0.71 0.394041
0.712 0.380024
0.714 0.366359
0.716 0.353044
0.718 0.340078
0.72 0.327456
0.722 0.315177
0.724 0.303237
0.726 0.291632
0.728 0.28036
0.73 0.269415
0.732 0.258794
0.734 0.248493
0.736 0.238506
0.738 0.228829
0.74 0.219456
0.742 0.210384
0.744 0.201606
0.746 0.193117
0.748 0.184911
0.75 0.176983
0.752 0.169327
0.754 0.161938
0.756 0.154809
0.758 0.147935
0.76 0.14131
0.762 0.134927
0.764 0.128781
0.766 0.122866
0.768 0.117176
0.77 0.111704
0.772 0.106446
0.774 0.101394
0.776 0.0965435
0.778 0.0918883
0.78 0.0874226
0.782 0.0831407
0.784 0.0790368
0.786 0.0751055
0.788 0.0713412
0.79 0.0677384
0.792 0.0642919
0.794 0.0609963
0.796 0.0578466
0.798 0.0548375
0.8 0.0519641
0.802 0.0492217
0.804 0.0466053
0.806 0.0441103
0.808 0.0417322
0.81 0.0394666
0.812 0.037309
0.814 0.0352552
0.816 0.0333012
0.818 0.0314429
0.82 0.0296765
0.822 0.027998
0.824 0.026404
0.826 0.0248907
0.828 0.0234548
0.83 0.0220929
0.832 0.0208017
0.834 0.0195782
0.836 0.0184192
0.838 0.017322
0.84 0.0162835
0.842 0.0153013
0.844 0.0143725
0.846 0.0134947
0.848 0.0126654
0.85 0.0118824
0.852 0.0111433
0.854 0.010446
0.856 0.00978838
0.858 0.00916853
0.86 0.00858449
0.862 0.00803444
0.864 0.00751663
0.866 0.00702938
0.868 0.00657109
0.87 0.00614022
0.872 0.00573531
0.874 0.00535496
0.876 0.00499783
0.878 0.00466266
0.88 0.00434823
0.882 0.00405338
0.884 0.00377702
0.886 0.00351809
0.888 0.00327561
0.89 0.00304862
0.892 0.00283623
0.894 0.00263759
0.896 0.00245188
0.898 0.00227834
0.9 0.00211624
0.902 0.00196489
0.904 0.00182365
0.906 0.00169188
0.908 0.00156902
0.91 0.00145451
0.912 0.00134783
0.914 0.00124848
0.916 0.00115601
0.918 0.00106997
0.92 0.000989951
0.922 0.000915571
0.924 0.00084646
0.926 0.000782275
0.928 0.000722692
0.93 0.000667407
0.932 0.000616135
0.934 0.000568609
0.936 0.000524575
0.938 0.0004838
0.94 0.000446062
0.942 0.000411155
0.944 0.000378885
0.946 0.000349071
0.948 0.000321545
0.95 0.000296149
0.952 0.000272736
0.954 0.000251169
0.956 0.000231321
0.958 0.000213073
0.96 0.000196315
0.962 0.000180945
0.964 0.000166868
0.966 0.000153999
0.968 0.000142255
0.97 0.000131563
0.972 0.000121855
0.974 0.000113068
0.976 0.000105146
0.978 9.8038e-05
0.98 9.16963e-05
0.982 8.60798e-05
0.984 8.1151e-05
0.986 7.68772e-05
0.988 7.32298e-05
0.99 7.01843e-05
0.992 6.77202e-05
0.994 6.58208e-05
0.996 6.44732e-05
0.998 6.36683e-05
