-1 0.660878
-0.99 0.660658
-0.98 0.660553
-0.97 0.659992
-0.96 0.659577
-0.95 0.658662
-0.94 0.657951
-0.93 0.656676
-0.92 0.655672
-0.91 0.654044
-0.9 0.652738
-0.89 0.650783
-0.88 0.649145
-0.87 0.646911
-0.86 0.644889
-0.85 0.642444
-0.84 0.639982
-0.83 0.637383
-0.82 0.634455
-0.81 0.631706
-0.8 0.628364
-0.79 0.625376
-0.78 0.621771
-0.77 0.618381
-0.76 0.614687
-0.75 0.610778
-0.74 0.607044
-0.73 0.602704
-0.72 0.598739
-0.71 0.594261
-0.7 0.589785
-0.69 0.585372
-0.68 0.580397
-0.67 0.575828
-0.66 0.570767
-0.65 0.56564
-0.64 0.560726
-0.63 0.555175
-0.62 0.549966
-0.61 0.544572
-0.6 0.53874
-0.59 0.533368
-0.58 0.527534
-0.57 0.521515
-0.56 0.515924
-0.55 0.509751
-0.54 0.503547
-0.53 0.497747
-0.52 0.491336
-0.51 0.484907
-0.5 0.47894
-0.49 0.472406
-0.48 0.465696
-0.47 0.459566
-0.46 0.453079
-0.45 0.446091
-0.44 0.439652
-0.43 0.433376
-0.42 0.426372
-0.41 0.419366
-0.4 0.413075
-0.39 0.406628
-0.38 0.399385
-0.37 0.392242
-0.36 0.385962
-0.35 0.379813
-0.34 0.372759
-0.33 0.365052
-0.32 0.357977
-0.31 0.352529
-0.3 0.348722
-0.29 0.345946
-0.28 0.343589
-0.27 0.341323
-0.26 0.339061
-0.25 0.336813
-0.24 0.334603
-0.23 0.332443
-0.22 0.330339
-0.21 0.328295
-0.2 0.326315
-0.19 0.324403
-0.18 0.322564
-0.17 0.3208
-0.16 0.319116
-0.15 0.317516
-0.14 0.316003
-0.13 0.31458
-0.12 0.313249
-0.11 0.312015
-0.1 0.310879
-0.09 0.309844
-0.08 0.308912
-0.07 0.308085
-0.06 0.307364
-0.05 0.306752
-0.04 0.30625
-0.03 0.305858
-0.02 0.305577
-0.01 0.305408
0 0.305352
0.01 0.305408
0.02 0.305577
0.03 0.305858
0.04 0.30625
0.05 0.306752
0.06 0.307364
0.07 0.308085
0.08 0.308912
0.09 0.309844
0.1 0.310879
0.11 0.312015
0.12 0.313249
0.13 0.31458
0.14 0.316003
0.15 0.317516
0.16 0.319116
0.17 0.3208
0.18 0.322564
0.19 0.324403
0.2 0.326315
0.21 0.328295
0.22 0.330339
0.23 0.332443
0.24 0.334603
0.25 0.336813
0.26 0.339061
0.27 0.341323
0.28 0.343589
0.29 0.345946
0.3 0.348722
0.31 0.352529
0.32 0.357977
0.33 0.365052
0.34 0.372759
0.35 0.379813
0.36 0.385962
0.37 0.392242
0.38 0.399385
0.39 0.406628
0.4 0.413075
0.41 0.419366
0.42 0.426372
0.43 0.433376
0.44 0.439652
0.45 0.446091
0.46 0.453079
0.47 0.459566
0.48 0.465696
0.49 0.472406
0.5 0.47894
0.51 0.484907
0.52 0.491336
0.53 0.497747
0.54 0.503547
0.55 0.509751
0.56 0.515924
0.57 0.521515
0.58 0.527534
0.59 0.533368
0.6 0.53874
0.61 0.544572
0.62 0.549966
0.63 0.555175
0.64 0.560726
0.65 0.56564
0.66 0.570767
0.67 0.575828
0.68 0.580397
0.69 0.585372
0.7 0.589785
0.71 0.594261
0.72 0.598739
0.73 0.602704
0.74 0.607044
0.75 0.610778
0.76 0.614687
0.77 0.618381
0.78 0.621771
0.79 0.625376
0.8 0.628364
0.81 0.631706
0.82 0.634455
0.83 0.637383
0.84 0.639982
0.85 0.642444
0.86 0.644889
0.87 0.646911
0.88 0.649145
0.89 0.650783
0.9 0.652738
0.91 0.654044
0.92 0.655672
0.93 0.656676
0.94 0.657951
0.95 0.658662
0.96 0.659577
0.97 0.659992
0.98 0.660553
0.99 0.660658
