-1 0.242259
-0.99 0.242314
-0.98 0.242552
-0.97 0.242799
-0.96 0.24343
-0.95 0.243773
-0.94 0.244859
-0.93 0.245291
-0.92 0.246727
-0.91 0.247484
-0.9 0.248881
-0.89 0.250391
-0.88 0.251457
-0.87 0.25357
-0.86 0.255028
-0.85 0.256632
-0.84 0.259172
-0.83 0.260861
-0.82 0.262629
-0.81 0.265615
-0.8 0.268112
-0.79 0.269576
-0.78 0.271975
-0.77 0.276648
-0.76 0.283058
-0.75 0.290153
-0.74 0.297384
-0.73 0.304647
-0.72 0.311959
-0.71 0.319335
-0.7 0.326775
-0.69 0.334273
-0.68 0.341826
-0.67 0.34943
-0.66 0.357081
-0.65 0.364776
-0.64 0.372509
-0.63 0.380277
-0.62 0.388076
-0.61 0.3959
-0.6 0.403746
-0.59 0.411608
-0.58 0.419482
-0.57 0.427363
-0.56 0.435245
-0.55 0.443125
-0.54 0.450996
-0.53 0.458853
-0.52 0.466692
-0.51 0.474506
-0.5 0.482292
-0.49 0.490042
-0.48 0.497751
-0.47 0.505415
-0.46 0.513027
-0.45 0.520582
-0.44 0.528074
-0.43 0.535498
-0.42 0.542848
-0.41 0.550118
-0.4 0.557303
-0.39 0.564398
-0.38 0.571396
-0.37 0.578293
-0.36 0.585082
-0.35 0.591758
-0.34 0.598316
-0.33 0.604751
-0.32 0.611057
-0.31 0.617229
-0.3 0.623262
-0.29 0.62915
-0.28 0.63489
-0.27 0.640476
-0.26 0.645903
-0.25 0.651167
-0.24 0.656263
-0.23 0.661187
-0.22 0.665934
-0.21 0.670501
-0.2 0.674883
-0.19 0.679077
-0.18 0.683079
-0.17 0.686885
-0.16 0.690492
-0.15 0.693897
-0.14 0.697097
-0.13 0.700089
-0.12 0.70287
-0.11 0.705438
-0.1 0.707791
-0.09 0.709926
-0.08 0.711841
-0.07 0.713536
-0.06 0.715007
-0.05 0.716254
-0.04 0.717276
-0.03 0.718072
-0.02 0.718641
-0.01 0.718983
0 0.719097
0.01 0.718983
0.02 0.718641
0.03 0.718072
0.04 0.717276
0.05 0.716254
0.06 0.715007
0.07 0.713536
0.08 0.711841
0.09 0.709926
0.1 0.707791
0.11 0.705438
0.12 0.70287
0.13 0.700089
0.14 0.697097
0.15 0.693897
0.16 0.690492
0.17 0.686885
0.18 0.683079
0.19 0.679077
0.2 0.674883
0.21 0.670501
0.22 0.665934
0.23 0.661187
0.24 0.656263
0.25 0.651167
0.26 0.645903
0.27 0.640476
0.28 0.63489
0.29 0.62915
0.3 0.623262
0.31 0.617229
0.32 0.611057
0.33 0.604751
0.34 0.598316
0.35 0.591758
0.36 0.585082
0.37 0.578293
0.38 0.571396
0.39 0.564398
0.4 0.557303
0.41 0.550118
0.42 0.542848
0.43 0.535498
0.44 0.528074
0.45 0.520582
0.46 0.513027
0.47 0.505415
0.48 0.497751
0.49 0.490042
0.5 0.482292
0.51 0.474506
0.52 0.466692
0.53 0.458853
0.54 0.450996
0.55 0.443125
0.56 0.435245
0.57 0.427363
0.58 0.419482
0.59 0.411608
0.6 0.403746
0.61 0.3959
0.62 0.388076
0.63 0.380277
0.64 0.372509
0.65 0.364776
0.66 0.357081
0.67 0.34943
0.68 0.341826
0.69 0.334273
0.7 0.326775
0.71 0.319335
0.72 0.311959
0.73 0.304647
0.74 0.297384
0.75 0.290153
0.76 0.283058
0.77 0.276648
0.78 0.271975
0.79 0.269576
0.8 0.268112
0.81 0.265615
0.82 0.262629
0.83 0.260861
0.84 0.259172
0.85 0.256632
0.86 0.255028
0.87 0.25357
0.88 0.251457
0.89 0.250391
0.9 0.248881
0.91 0.247484
0.92 0.246727
0.93 0.245291
0.94 0.244859
0.95 0.243773
0.96 0.24343
0.97 0.242799
0.98 0.242552
0.99 0.242314
