-1 0.159791
-0.99 0.15952
-0.98 0.160003
-0.97 0.160247
-0.96 0.160583
-0.95 0.161719
-0.94 0.16174
-0.93 0.163248
-0.92 0.164524
-0.91 0.164638
-0.9 0.166545
-0.89 0.171116
-0.88 0.176946
-0.87 0.183052
-0.86 0.189247
-0.85 0.195558
-0.84 0.202001
-0.83 0.208577
-0.82 0.215284
-0.81 0.222122
-0.8 0.229088
-0.79 0.236183
-0.78 0.243403
-0.77 0.250747
-0.76 0.258214
-0.75 0.2658
-0.74 0.273505
-0.73 0.281324
-0.72 0.289256
-0.71 0.297297
-0.7 0.305445
-0.69 0.313695
-0.68 0.322044
-0.67 0.330488
-0.66 0.339023
-0.65 0.347646
-0.64 0.35635
-0.63 0.365132
-0.62 0.373987
-0.61 0.38291
-0.6 0.391895
-0.59 0.400937
-0.58 0.41003
-0.57 0.419168
-0.56 0.428345
-0.55 0.437555
-0.54 0.446792
-0.53 0.456049
-0.52 0.465318
-0.51 0.474594
-0.5 0.48387
-0.49 0.493137
-0.48 0.502389
-0.47 0.511618
-0.46 0.520817
-0.45 0.529978
-0.44 0.539093
-0.43 0.548155
-0.42 0.557155
-0.41 0.566086
-0.4 0.574939
-0.39 0.583707
-0.38 0.592382
-0.37 0.600955
-0.36 0.609419
-0.35 0.617764
-0.34 0.625984
-0.33 0.634071
-0.32 0.642015
-0.31 0.64981
-0.3 0.657448
-0.29 0.66492
-0.28 0.67222
-0.27 0.679339
-0.26 0.686271
-0.25 0.693008
-0.24 0.699543
-0.23 0.705868
-0.22 0.711979
-0.21 0.717867
-0.2 0.723526
-0.19 0.728951
-0.18 0.734135
-0.17 0.739073
-0.16 0.743759
-0.15 0.748188
-0.14 0.752355
-0.13 0.756256
-0.12 0.759885
-0.11 0.76324
-0.1 0.766316
-0.09 0.769109
-0.08 0.771618
-0.07 0.773837
-0.06 0.775766
-0.05 0.777402
-0.04 0.778743
-0.03 0.779788
-0.02 0.780535
-0.01 0.780984
0 0.781133
0.01 0.780984
0.02 0.780535
0.03 0.779788
0.04 0.778743
0.05 0.777402
0.06 0.775766
0.07 0.773837
0.08 0.771618
0.09 0.769109
0.1 0.766316
0.11 0.76324
0.12 0.759885
0.13 0.756256
0.14 0.752355
0.15 0.748188
0.16 0.743759
0.17 0.739073
0.18 0.734135
0.19 0.728951
0.2 0.723526
0.21 0.717867
0.22 0.711979
0.23 0.705868
0.24 0.699543
0.25 0.693008
0.26 0.686271
0.27 0.679339
0.28 0.67222
0.29 0.66492
0.3 0.657448
0.31 0.64981
0.32 0.642015
0.33 0.634071
0.34 0.625984
0.35 0.617764
0.36 0.609419
0.37 0.600955
0.38 0.592382
0.39 0.583707
0.4 0.574939
0.41 0.566086
0.42 0.557155
0.43 0.548155
0.44 0.539093
0.45 0.529978
0.46 0.520817
0.47 0.511618
0.48 0.502389
0.49 0.493137
0.5 0.48387
0.51 0.474594
0.52 0.465318
0.53 0.456049
0.54 0.446792
0.55 0.437555
0.56 0.428345
0.57 0.419168
0.58 0.41003
0.59 0.400937
0.6 0.391895
0.61 0.38291
0.62 0.373987
0.63 0.365132
0.64 0.35635
0.65 0.347646
0.66 0.339023
0.67 0.330488
0.68 0.322044
0.69 0.313695
0.7 0.305445
0.71 0.297297
0.72 0.289256
0.73 0.281324
0.74 0.273505
0.75 0.2658
0.76 0.258214
0.77 0.250747
0.78 0.243403
0.79 0.236183
0.8 0.229088
0.81 0.222122
0.82 0.215284
0.83 0.208577
0.84 0.202001
0.85 0.195558
0.86 0.189247
0.87 0.183052
0.88 0.176946
0.89 0.171116
0.9 0.166545
0.91 0.164638
0.92 0.164524
0.93 0.163248
0.94 0.16174
0.95 0.161719
0.96 0.160583
0.97 0.160247
0.98 0.160003
0.99 0.15952
