-1 0.00088897
-0.998 0.000891783
-0.996 0.000900237
-0.994 0.00091437
-0.992 0.000934249
-0.99 0.000959966
-0.988 0.00099164
-0.986 0.00102942
-0.984 0.00107348
-0.982 0.00112402
-0.98 0.00118127
-0.978 0.00124549
-0.976 0.00131697
-0.974 0.00139604
-0.972 0.00148305
-0.97 0.00157837
-0.968 0.00168243
-0.966 0.00179568
-0.964 0.00191861
-0.962 0.00205173
-0.96 0.00219562
-0.958 0.00235088
-0.956 0.00251814
-0.954 0.00269808
-0.952 0.00289145
-0.95 0.00309899
-0.948 0.00332155
-0.946 0.00355997
-0.944 0.00381518
-0.942 0.00408814
-0.94 0.00437987
-0.938 0.00469146
-0.936 0.00502404
-0.934 0.00537879
-0.932 0.00575697
-0.93 0.0061599
-0.928 0.00658897
-0.926 0.00704561
-0.924 0.00753136
-0.922 0.00804781
-0.92 0.00859661
-0.918 0.00917951
-0.916 0.00979834
-0.914 0.010455
-0.912 0.0111514
-0.91 0.0118898
-0.908 0.0126721
-0.906 0.0135007
-0.904 0.0143779
-0.902 0.0153062
-0.9 0.016288
-0.898 0.017326
-0.896 0.0184229
-0.894 0.0195814
-0.892 0.0208047
-0.89 0.0220955
-0.888 0.0234572
-0.886 0.0248929
-0.884 0.0264059
-0.882 0.0279998
-0.88 0.029678
-0.878 0.0314443
-0.876 0.0333025
-0.874 0.0352564
-0.872 0.03731
-0.87 0.0394675
-0.868 0.0417331
-0.866 0.0441111
-0.864 0.046606
-0.862 0.0492223
-0.86 0.0519647
-0.858 0.054838
-0.856 0.057847
-0.854 0.0609967
-0.852 0.0642923
-0.85 0.0677388
-0.848 0.0713415
-0.846 0.0751058
-0.844 0.079037
-0.842 0.0831409
-0.84 0.0874228
-0.838 0.0918885
-0.836 0.0965437
-0.834 0.101394
-0.832 0.106446
-0.83 0.111704
-0.828 0.117176
-0.826 0.122866
-0.824 0.128781
-0.822 0.134927
-0.82 0.14131
-0.818 0.147935
-0.816 0.154809
-0.814 0.161938
-0.812 0.169327
-0.81 0.176983
-0.808 0.184911
-0.806 0.193117
-0.804 0.201606
-0.802 0.210384
-0.8 0.219456
-0.798 0.228829
-0.796 0.238506
-0.794 0.248493
-0.792 0.258794
-0.79 0.269415
-0.788 0.28036
-0.786 0.291632
-0.784 0.303237
-0.782 0.315177
-0.78 0.327456
-0.778 0.340078
-0.776 0.353044
-0.774 0.366359
-0.772 0.380024
-0.77 0.394041
-0.768 0.408411
-0.766 0.423136
-0.764 0.438217
-0.762 0.453654
-0.76 0.469446
-0.758 0.485595
-0.756 0.502097
-0.754 0.518953
-0.752 0.536161
-0.75 0.553717
-0.748 0.57162
-0.746 0.589865
-0.744 0.60845
-0.742 0.627369
-0.74 0.646617
-0.738 0.666189
-0.736 0.68608
-0.734 0.706282
-0.732 0.726788
-0.73 0.74759
-0.728 0.76868
-0.726 0.790048
-0.724 0.811686
-0.722 0.833584
-0.72 0.855729
-0.718 0.878112
-0.716 0.90072
-0.714 0.92354
-0.712 0.94656
-0.71 0.969765
-0.708 0.993143
-0.706 1.01668
-0.704 1.04035
-0.702 1.06415
-0.7 1.08806
-0.698 1.11207
-0.696 1.13614
-0.694 1.16028
-0.692 1.18445
-0.69 1.20864
-0.688 1.23284
-0.686 1.25701
-0.684 1.28115
-0.682 1.30523
-0.68 1.32923
-0.678 1.35313
-0.676 1.37691
-0.674 1.40054
-0.672 1.42401
-0.67 1.4473
-0.668 1.47038
-0.666 1.49323
-0.664 1.51582
-0.662 1.53815
-0.66 1.56018
-0.658 1.58189
-0.656 1.60326
-0.654 1.62427
-0.652 1.6449
-0.65 1.66512
-0.648 1.68492
-0.646 1.70427
-0.644 1.72316
-0.642 1.74156
-0.64 1.75945
-0.638 1.77681
-0.636 1.79363
-0.634 1.80988
-0.632 1.82555
-0.63 1.84061
-0.628 1.85506
-0.626 1.86888
-0.624 1.88204
-0.622 1.89455
-0.62 1.90637
-0.618 1.91749
-0.616 1.92791
-0.614 1.93762
-0.612 1.94659
-0.61 1.95482
-0.608 1.9623
-0.606 1.96903
-0.604 1.97498
-0.602 1.98016
-0.6 1.98456
-0.598 1.98818
-0.596 1.991
-0.594 1.99304
-0.592 1.99427
-0.59 1.99471
-0.588 1.99435
-0.586 1.99319
-0.584 1.99124
-0.582 1.9885
-0.58 1.98496
-0.578 1.98064
-0.576 1.97553
-0.574 1.96966
-0.572 1.96301
-0.57 1.9556
-0.568 1.94745
-0.566 1.93855
-0.564 1.92892
-0.562 1.91857
-0.56 1.90751
-0.558 1.89576
-0.556 1.88332
-0.554 1.87023
-0.552 1.85647
-0.55 1.84209
-0.548 1.82708
-0.546 1.81147
-0.544 1.79528
-0.542 1.77852
-0.54 1.76121
-0.538 1.74337
-0.536 1.72502
-0.534 1.70618
-0.532 1.68688
-0.53 1.66712
-0.528 1.64694
-0.526 1.62635
-0.524 1.60538
-0.522 1.58404
-0.52 1.56236
-0.518 1.54036
-0.516 1.51807
-0.514 1.4955
-0.512 1.47267
-0.51 1.44962
-0.508 1.42635
-0.506 1.4029
-0.504 1.37928
-0.502 1.35551
-0.5 1.33162
-0.498 1.30763
-0.496 1.28356
-0.494 1.25943
-0.492 1.23526
-0.49 1.21106
-0.488 1.18687
-0.486 1.16269
-0.484 1.13855
-0.482 1.11447
-0.48 1.09046
-0.478 1.06654
-0.476 1.04273
-0.474 1.01904
-0.472 0.995489
-0.47 0.972096
-0.468 0.948872
-0.466 0.925833
-0.464 0.902992
-0.462 0.880363
-0.46 0.857957
-0.458 0.835787
-0.456 0.813865
-0.454 0.7922
-0.452 0.770804
-0.45 0.749686
-0.448 0.728855
-0.446 0.708319
-0.444 0.688086
-0.442 0.668164
-0.44 0.64856
-0.438 0.629279
-0.436 0.610327
-0.434 0.591709
-0.432 0.573429
-0.43 0.555492
-0.428 0.537901
-0.426 0.520658
-0.424 0.503767
-0.422 0.487229
-0.42 0.471045
-0.418 0.455217
-0.416 0.439745
-0.414 0.424628
-0.412 0.409868
-0.41 0.395462
-0.408 0.38141
-0.406 0.36771
-0.404 0.35436
-0.402 0.341359
-0.4 0.328703
-0.398 0.31639
-0.396 0.304416
-0.394 0.292778
-0.392 0.281472
-0.39 0.270495
-0.388 0.259842
-0.386 0.249509
-0.384 0.239491
-0.382 0.229783
-0.38 0.22038
-0.378 0.211278
-0.376 0.202471
-0.374 0.193953
-0.372 0.185719
-0.37 0.177764
-0.368 0.170081
-0.366 0.162665
-0.364 0.155511
-0.362 0.148611
-0.36 0.141961
-0.358 0.135555
-0.356 0.129385
-0.354 0.123447
-0.352 0.117735
-0.35 0.112242
-0.348 0.106962
-0.346 0.10189
-0.344 0.0970197
-0.342 0.0923453
-0.34 0.0878609
-0.338 0.0835608
-0.336 0.0794394
-0.334 0.0754911
-0.332 0.0717103
-0.33 0.0680916
-0.328 0.0646297
-0.326 0.0613193
-0.324 0.0581551
-0.322 0.0551322
-0.32 0.0522455
-0.318 0.0494902
-0.316 0.0468614
-0.314 0.0443545
-0.312 0.0419649
-0.31 0.0396882
-0.308 0.03752
-0.306 0.0354561
-0.304 0.0334923
-0.302 0.0316246
-0.3 0.0298491
-0.298 0.028162
-0.296 0.0265597
-0.294 0.0250385
-0.292 0.023595
-0.29 0.0222258
-0.288 0.0209277
-0.286 0.0196975
-0.284 0.0185323
-0.282 0.017429
-0.28 0.0163848
-0.278 0.015397
-0.276 0.014463
-0.274 0.0135802
-0.272 0.0127462
-0.27 0.0119586
-0.268 0.0112152
-0.266 0.0105138
-0.264 0.00985238
-0.262 0.00922884
-0.26 0.0086413
-0.258 0.00808793
-0.256 0.00756697
-0.254 0.00707674
-0.252 0.00661562
-0.25 0.00618207
-0.248 0.00577462
-0.246 0.00539187
-0.244 0.00503248
-0.242 0.00469516
-0.24 0.0043787
-0.238 0.00408194
-0.236 0.00380377
-0.234 0.00354314
-0.232 0.00329904
-0.23 0.00307053
-0.228 0.00285671
-0.226 0.00265672
-0.224 0.00246974
-0.222 0.002295
-0.22 0.00213177
-0.218 0.00197935
-0.216 0.0018371
-0.214 0.0017044
-0.212 0.00158064
-0.21 0.00146529
-0.208 0.00135781
-0.206 0.00125771
-0.204 0.00116452
-0.202 0.00107781
-0.2 0.000997154
-0.198 0.000922165
-0.196 0.000852476
-0.194 0.000787737
-0.192 0.000727624
-0.19 0.000671829
-0.188 0.000620065
-0.186 0.00057206
-0.184 0.00052756
-0.182 0.000486328
-0.18 0.000448139
-0.178 0.000412783
-0.176 0.000380065
-0.174 0.0003498
-0.172 0.000321817
-0.17 0.000295953
-0.168 0.00027206
-0.166 0.000249995
-0.164 0.000229628
-0.162 0.000210836
-0.16 0.000193504
-0.158 0.000177526
-0.156 0.000162803
-0.154 0.000149241
-0.152 0.000136753
-0.15 0.000125261
-0.148 0.000114688
-0.146 0.000104966
-0.144 9.60297e-05
-0.142 8.7819e-05
-0.14 8.02781e-05
-0.138 7.33554e-05
-0.136 6.70029e-05
-0.134 6.11761e-05
-0.132 5.58336e-05
-0.13 5.09373e-05
-0.128 4.64518e-05
-0.126 4.23443e-05
-0.124 3.85846e-05
-0.122 3.51447e-05
-0.12 3.19986e-05
-0.118 2.91226e-05
-0.116 2.64944e-05
-0.114 2.40938e-05
-0.112 2.19019e-05
-0.11 1.99015e-05
-0.108 1.80765e-05
-0.106 1.64123e-05
-0.104 1.48954e-05
-0.102 1.35133e-05
-0.1 1.22545e-05
-0.098 1.11086e-05
-0.096 1.00658e-05
-0.094 9.11719e-06
-0.092 8.25472e-06
-0.09 7.47086e-06
-0.088 6.75873e-06
-0.086 6.11205e-06
-0.084 5.52505e-06
-0.082 4.99244e-06
-0.08 4.50939e-06
-0.078 4.07146e-06
-0.076 3.67461e-06
-0.074 3.31515e-06
-0.072 2.98967e-06
-0.07 2.69511e-06
-0.068 2.42863e-06
-0.066 2.18766e-06
-0.064 1.96986e-06
-0.062 1.77308e-06
-0.06 1.59539e-06
-0.058 1.43499e-06
-0.056 1.29029e-06
-0.054 1.15979e-06
-0.052 1.04218e-06
-0.05 9.36233e-07
-0.048 8.40848e-07
-0.046 7.55024e-07
-0.044 6.77855e-07
-0.042 6.08517e-07
-0.04 5.46265e-07
-0.038 4.90426e-07
-0.036 4.4039e-07
-0.034 3.95609e-07
-0.032 3.55586e-07
-0.03 3.19876e-07
-0.028 2.88078e-07
-0.026 2.59833e-07
-0.024 2.34821e-07
-0.022 2.12755e-07
-0.02 1.93382e-07
-0.018 1.76478e-07
-0.016 1.61846e-07
-0.014 1.49316e-07
-0.012 1.3874e-07
-0.01 1.29995e-07
-0.008 1.22977e-07
-0.006 1.17604e-07
-0.004 1.1381e-07
-0.002 1.11552e-07
0 1.10802e-07
0.002 1.11552e-07
0.004 1.1381e-07
0.006 1.17604e-07
0.008 1.22977e-07
0.01 1.29995e-07
0.012 1.3874e-07
0.014 1.49316e-07
0.016 1.61846e-07
0.018 1.76478e-07
0.02 1.93382e-07
0.022 2.12755e-07
0.024 2.34821e-07
0.026 2.59833e-07
0.028 2.88078e-07
0.03 3.19876e-07
0.032 3.55586e-07
0.034 3.95609e-07
0.036 4.4039e-07
0.038 4.90426e-07
0.04 5.46265e-07
0.042 6.08517e-07
0.044 6.77855e-07
0.046 7.55025e-07
0.048 8.40848e-07
0.05 9.36233e-07
0.052 1.04218e-06
0.054 1.15979e-06
0.056 1.29029e-06
0.058 1.43499e-06
0.06 1.59539e-06
0.062 1.77308e-06
0.064 1.96986e-06
0.066 2.18766e-06
0.068 2.42863e-06
0.07 2.69511e-06
0.072 2.98967e-06
0.074 3.31515e-06
0.076 3.67461e-06
0.078 4.07146e-06
0.08 4.50939e-06
0.082 4.99244e-06
0.084 5.52505e-06
0.086 6.11205e-06
0.088 6.75873e-06
0.09 7.47086e-06
0.092 8.25472e-06
0.094 9.11719e-06
0.096 1.00658e-05
0.098 1.11086e-05
0.1 1.22545e-05
0.102 1.35133e-05
0.104 1.48954e-05
0.106 1.64123e-05
0.108 1.80765e-05
0.11 1.99015e-05
0.112 2.19019e-05
0.114 2.40938e-05
0.116 2.64944e-05
0.118 2.91226e-05
0.12 3.19986e-05
0.122 3.51447e-05
0.124 3.85846e-05
0.126 4.23443e-05
0.128 4.64518e-05
0.13 5.09373e-05
0.132 5.58336e-05
0.134 6.11761e-05
0.136 6.70029e-05
0.138 7.33554e-05
0.14 8.02781e-05
0.142 8.7819e-05
0.144 9.60297e-05
0.146 0.000104966
0.148 0.000114688
0.15 0.000125261
0.152 0.000136753
0.154 0.000149241
0.156 0.000162803
0.158 0.000177526
0.16 0.000193504
0.162 0.000210836
0.164 0.000229628
0.166 0.000249995
0.168 0.00027206
0.17 0.000295953
0.172 0.000321817
0.174 0.0003498
0.176 0.000380065
0.178 0.000412783
0.18 0.000448139
0.182 0.000486328
0.184 0.00052756
0.186 0.00057206
0.188 0.000620065
0.19 0.000671829
0.192 0.000727624
0.194 0.000787737
0.196 0.000852476
0.198 0.000922165
0.2 0.000997154
0.202 0.00107781
0.204 0.00116452
0.206 0.00125771
0.208 0.00135781
0.21 0.00146529
0.212 0.00158064
0.214 0.0017044
0.216 0.0018371
0.218 0.00197935
0.22 0.00213177
0.222 0.002295
0.224 0.00246974
0.226 0.00265672
0.228 0.00285671
0.23 0.00307053
0.232 0.00329904
0.234 0.00354314
0.236 0.00380377
0.238 0.00408194
0.24 0.0043787
0.242 0.00469516
0.244 0.00503248
0.246 0.00539187
0.248 0.00577462
0.25 0.00618207
0.252 0.00661562
0.254 0.00707674
0.256 0.00756697
0.258 0.00808793
0.26 0.0086413
0.262 0.00922884
0.264 0.00985238
0.266 0.0105138
0.268 0.0112152
0.27 0.0119586
0.272 0.0127462
0.274 0.0135802
0.276 0.014463
0.278 0.015397
0.28 0.0163848
0.282 0.017429
0.284 0.0185323
0.286 0.0196975
0.288 0.0209277
0.29 0.0222258
0.292 0.023595
0.294 0.0250385
0.296 0.0265597
0.298 0.028162
0.3 0.0298491
0.302 0.0316246
0.304 0.0334923
0.306 0.0354561
0.308 0.03752
0.31 0.0396882
0.312 0.0419649
0.314 0.0443545
0.316 0.0468614
0.318 0.0494902
0.32 0.0522455
0.322 0.0551322
0.324 0.0581551
0.326 0.0613193
0.328 0.0646297
0.33 0.0680916
0.332 0.0717103
0.334 0.0754911
0.336 0.0794394
0.338 0.0835608
0.34 0.0878609
0.342 0.0923453
0.344 0.0970197
0.346 0.10189
0.348 0.106962
0.35 0.112242
0.352 0.117735
0.354 0.123447
0.356 0.129385
0.358 0.135555
0.36 0.141961
0.362 0.148611
0.364 0.155511
0.366 0.162665
0.368 0.170081
0.37 0.177764
0.372 0.185719
0.374 0.193953
0.376 0.202471
0.378 0.211278
0.38 0.22038
0.382 0.229783
0.384 0.239491
0.386 0.249509
0.388 0.259842
0.39 0.270495
0.392 0.281472
0.394 0.292778
0.396 0.304416
0.398 0.31639
0.4 0.328703
0.402 0.341359
0.404 0.35436
0.406 0.36771
0.408 0.38141
0.41 0.395462
0.412 0.409868
0.414 0.424628
0.416 0.439745
0.418 0.455217
0.42 0.471045
0.422 0.487229
0.424 0.503767
0.426 0.520658
0.428 0.537901
0.43 0.555492
0.432 0.573429
0.434 0.591709
0.436 0.610327
0.438 0.629279
0.44 0.64856
0.442 0.668164
0.444 0.688086
0.446 0.708319
0.448 0.728855
0.45 0.749686
0.452 0.770804
0.454 0.7922
0.456 0.813865
0.458 0.835787
0.46 0.857957
0.462 0.880363
0.464 0.902992
0.466 0.925833
0.468 0.948872
0.47 0.972096
0.472 0.995489
0.474 1.01904
0.476 1.04273
0.478 1.06654
0.48 1.09046
0.482 1.11447
0.484 1.13855
0.486 1.16269
0.488 1.18687
0.49 1.21106
0.492 1.23526
0.494 1.25943
0.496 1.28356
0.498 1.30763
0.5 1.33162
0.502 1.35551
0.504 1.37928
0.506 1.4029
0.508 1.42635
0.51 1.44962
0.512 1.47267
0.514 1.4955
0.516 1.51807
0.518 1.54036
0.52 1.56236
0.522 1.58404
0.524 1.60538
0.526 1.62635
0.528 1.64694
0.53 1.66712
0.532 1.68688
0.534 1.70618
0.536 1.72502
0.538 1.74337
0.54 1.76121
0.542 1.77852
0.544 1.79528
0.546 1.81147
0.548 1.82708
0.55 1.84209
0.552 1.85647
0.554 1.87023
0.556 1.88332
0.558 1.89576
0.56 1.90751
0.562 1.91857
0.564 1.92892
0.566 1.93855
0.568 1.94745
0.57 1.9556
0.572 1.96301
0.574 1.96966
0.576 1.97553
0.578 1.98064
0.58 1.98496
0.582 1.9885
0.584 1.99124
0.586 1.99319
0.588 1.99435
0.59 1.99471
0.592 1.99427
0.594 1.99304
0.596 1.991
0.598 1.98818
0.6 1.98456
0.602 1.98016
0.604 1.97498
0.606 1.96903
0.608 1.9623
0.61 1.95482
0.612 1.94659
0.614 1.93762
0.616 1.92791
0.618 1.91749
0.62 1.90637
0.622 1.89455
0.624 1.88204
0.626 1.86888
0.628 1.85506
0.63 1.84061
0.632 1.82555
0.634 1.80988
0.636 1.79363
0.638 1.77681
0.64 1.75945
0.642 1.74156
0.644 1.72316
0.646 1.70427
0.648 1.68492
0.65 1.66512
0.652 1.6449
0.654 1.62427
0.656 1.60326
0.658 1.58189
0.66 1.56018
0.662 1.53815
0.664 1.51582
0.666 1.49323
0.668 1.47038
0.67 1.4473
0.672 1.42401
0.674 1.40054
0.676 1.37691
0.678 1.35313
0.68 1.32923
0.682 1.30523
0.684 1.28115
0.686 1.25701
0.688 1.23284
0.69 1.20864
0.692 1.18445
0.694 1.16028
0.696 1.13614
0.698 1.11207
0.7 1.08806
0.702 1.06415
0.704 1.04035
0.706 1.01668
0.708 0.993143
0.71 0.969765
0.712 0.94656
0.714 0.92354
0.716 0.90072
0.718 0.878112
0.72 0.855729
0.722 0.833584
0.724 0.811686
0.726 0.790048
0.728 0.76868
0.73 0.74759
0.732 0.726788
0.734 0.706282
0.736 0.68608
0.738 0.666189
0.74 0.646617
0.742 0.627369
0.744 0.60845
0.746 0.589865
0.748 0.57162
0.75 0.553717
0.752 0.536161
0.754 0.518953
0.756 0.502097
0.758 0.485595
0.76 0.469446
0.762 0.453654
0.764 0.438217
0.766 0.423136
0.768 0.408411
0.77 0.394041
0.772 0.380024
0.774 0.366359
0.776 0.353044
0.778 0.340078
0.78 0.327456
0.782 0.315177
0.784 0.303237
0.786 0.291632
0.788 0.28036
0.79 0.269415
0.792 0.258794
0.794 0.248493
0.796 0.238506
0.798 0.228829
0.8 0.219456
0.802 0.210384
0.804 0.201606
0.806 0.193117
0.808 0.184911
0.81 0.176983
0.812 0.169327
0.814 0.161938
0.816 0.154809
0.818 0.147935
0.82 0.14131
0.822 0.134927
0.824 0.128781
0.826 0.122866
0.828 0.117176
0.83 0.111704
0.832 0.106446
0.834 0.101394
0.836 0.0965437
0.838 0.0918885
0.84 0.0874228
0.842 0.0831409
0.844 0.079037
0.846 0.0751058
0.848 0.0713415
0.85 0.0677388
0.852 0.0642923
0.854 0.0609967
0.856 0.057847
0.858 0.054838
0.86 0.0519647
0.862 0.0492223
0.864 0.046606
0.866 0.0441111
0.868 0.0417331
0.87 0.0394675
0.872 0.03731
0.874 0.0352564
0.876 0.0333025
0.878 0.0314443
0.88 0.029678
0.882 0.0279998
0.884 0.0264059
0.886 0.0248929
0.888 0.0234572
0.89 0.0220955
0.892 0.0208047
0.894 0.0195814
0.896 0.0184229
0.898 0.017326
0.9 0.016288
0.902 0.0153062
0.904 0.0143779
0.906 0.0135007
0.908 0.0126721
0.91 0.0118898
0.912 0.0111514
0.914 0.010455
0.916 0.00979834
0.918 0.00917951
0.92 0.00859661
0.922 0.00804781
0.924 0.00753136
0.926 0.00704561
0.928 0.00658897
0.93 0.0061599
0.932 0.00575697
0.934 0.00537879
0.936 0.00502404
0.938 0.00469146
0.94 0.00437987
0.942 0.00408814
0.944 0.00381518
0.946 0.00355997
0.948 0.00332155
0.95 0.00309899
0.952 0.00289145
0.954 0.00269808
0.956 0.00251814
0.958 0.00235088
0.96 0.00219562
0.962 0.00205173
0.964 0.00191861
0.966 0.00179568
0.968 0.00168243
0.97 0.00157837
0.972 0.00148305
0.974 0.00139604
0.976 0.00131697
0.978 0.00124549
0.98 0.00118127
0.982 0.00112402
0.984 0.00107348
0.986 0.00102942
0.988 0.00099164
0.99 0.000959966
0.992 0.000934249
0.994 0.00091437
0.996 0.000900237
0.998 0.000891783
