-1 0.152133
-0.99 0.152488
-0.98 0.152509
-0.97 0.152843
-0.96 0.153683
-0.95 0.153605
-0.94 0.155186
-0.93 0.1559
-0.92 0.155996
-0.91 0.158556
-0.9 0.163513
-0.89 0.169313
-0.88 0.175265
-0.87 0.181315
-0.86 0.187494
-0.85 0.193808
-0.84 0.200258
-0.83 0.206842
-0.82 0.21356
-0.81 0.22041
-0.8 0.227392
-0.79 0.234504
-0.78 0.241744
-0.77 0.249112
-0.76 0.256604
-0.75 0.264219
-0.74 0.271955
-0.73 0.279809
-0.72 0.287777
-0.71 0.295858
-0.7 0.304048
-0.69 0.312343
-0.68 0.320741
-0.67 0.329236
-0.66 0.337825
-0.65 0.346504
-0.64 0.355269
-0.63 0.364113
-0.62 0.373034
-0.61 0.382024
-0.6 0.39108
-0.59 0.400196
-0.58 0.409365
-0.57 0.418581
-0.56 0.42784
-0.55 0.437134
-0.54 0.446456
-0.53 0.455801
-0.52 0.465161
-0.51 0.47453
-0.5 0.483899
-0.49 0.493263
-0.48 0.502613
-0.47 0.511942
-0.46 0.521241
-0.45 0.530505
-0.44 0.539724
-0.43 0.54889
-0.42 0.557996
-0.41 0.567033
-0.4 0.575993
-0.39 0.584869
-0.38 0.593651
-0.37 0.602332
-0.36 0.610903
-0.35 0.619356
-0.34 0.627684
-0.33 0.635876
-0.32 0.643927
-0.31 0.651826
-0.3 0.659568
-0.29 0.667143
-0.28 0.674543
-0.27 0.681762
-0.26 0.688791
-0.25 0.695623
-0.24 0.702252
-0.23 0.708669
-0.22 0.714867
-0.21 0.720841
-0.2 0.726584
-0.19 0.732088
-0.18 0.737349
-0.17 0.742361
-0.16 0.747117
-0.15 0.751613
-0.14 0.755843
-0.13 0.759803
-0.12 0.763488
-0.11 0.766893
-0.1 0.770016
-0.09 0.772853
-0.08 0.7754
-0.07 0.777654
-0.06 0.779613
-0.05 0.781274
-0.04 0.782636
-0.03 0.783697
-0.02 0.784455
-0.01 0.784911
0 0.785063
0.01 0.784911
0.02 0.784455
0.03 0.783697
0.04 0.782636
0.05 0.781274
0.06 0.779613
0.07 0.777654
0.08 0.7754
0.09 0.772853
0.1 0.770016
0.11 0.766893
0.12 0.763488
0.13 0.759803
0.14 0.755843
0.15 0.751613
0.16 0.747117
0.17 0.742361
0.18 0.737349
0.19 0.732088
0.2 0.726584
0.21 0.720841
0.22 0.714867
0.23 0.708669
0.24 0.702252
0.25 0.695623
0.26 0.688791
0.27 0.681762
0.28 0.674543
0.29 0.667143
0.3 0.659568
0.31 0.651826
0.32 0.643927
0.33 0.635876
0.34 0.627684
0.35 0.619356
0.36 0.610903
0.37 0.602332
0.38 0.593651
0.39 0.584869
0.4 0.575993
0.41 0.567033
0.42 0.557996
0.43 0.54889
0.44 0.539724
0.45 0.530505
0.46 0.521241
0.47 0.511942
0.48 0.502613
0.49 0.493263
0.5 0.483899
0.51 0.47453
0.52 0.465161
0.53 0.455801
0.54 0.446456
0.55 0.437134
0.56 0.42784
0.57 0.418581
0.58 0.409365
0.59 0.400196
0.6 0.39108
0.61 0.382024
0.62 0.373034
0.63 0.364113
0.64 0.355269
0.65 0.346504
0.66 0.337825
0.67 0.329236
0.68 0.320741
0.69 0.312343
0.7 0.304048
0.71 0.295858
0.72 0.287777
0.73 0.279809
0.74 0.271955
0.75 0.264219
0.76 0.256604
0.77 0.249112
0.78 0.241744
0.79 0.234504
0.8 0.227392
0.81 0.22041
0.82 0.21356
0.83 0.206842
0.84 0.200258
0.85 0.193808
0.86 0.187494
0.87 0.181315
0.88 0.175265
0.89 0.169313
0.9 0.163513
0.91 0.158556
0.92 0.155996
0.93 0.1559
0.94 0.155186
0.95 0.153605
0.96 0.153683
0.97 0.152843
0.98 0.152509
0.99 0.152488
