-1 0.00197883
-0.998 0.00198446
-0.996 0.00200137
-0.994 0.00202963
-0.992 0.00206935
-0.99 0.00212069
-0.988 0.00218385
-0.986 0.0022591
-0.984 0.00234673
-0.982 0.00244708
-0.98 0.00256055
-0.978 0.00268758
-0.976 0.00282867
-0.974 0.00298437
-0.972 0.00315526
-0.97 0.003342
-0.968 0.0035453
-0.966 0.0037659
-0.964 0.00400463
-0.962 0.00426236
-0.96 0.00454002
-0.958 0.00483862
-0.956 0.00515919
-0.954 0.00550287
-0.952 0.00587084
-0.95 0.00626436
-0.948 0.00668474
-0.946 0.0071334
-0.944 0.00761179
-0.942 0.00812146
-0.94 0.00866403
-0.938 0.00924121
-0.936 0.00985477
-0.934 0.0105066
-0.932 0.0111986
-0.93 0.0119328
-0.928 0.0127114
-0.926 0.0135366
-0.924 0.0144107
-0.922 0.0153361
-0.92 0.0163152
-0.918 0.0173508
-0.916 0.0184455
-0.914 0.019602
-0.912 0.0208234
-0.91 0.0221126
-0.908 0.0234727
-0.906 0.024907
-0.904 0.0264187
-0.902 0.0280114
-0.9 0.0296886
-0.898 0.0314539
-0.896 0.0333112
-0.894 0.0352643
-0.892 0.0373172
-0.89 0.039474
-0.888 0.0417389
-0.886 0.0441164
-0.884 0.0466108
-0.882 0.0492266
-0.88 0.0519686
-0.878 0.0548415
-0.876 0.0578502
-0.874 0.0609996
-0.872 0.0642949
-0.87 0.0677411
-0.868 0.0713436
-0.866 0.0751077
-0.864 0.0790388
-0.862 0.0831424
-0.86 0.0874242
-0.858 0.0918897
-0.856 0.0965448
-0.854 0.101395
-0.852 0.106447
-0.85 0.111705
-0.848 0.117176
-0.846 0.122867
-0.844 0.128782
-0.842 0.134928
-0.84 0.14131
-0.838 0.147936
-0.836 0.15481
-0.834 0.161938
-0.832 0.169328
-0.83 0.176983
-0.828 0.184911
-0.826 0.193117
-0.824 0.201606
-0.822 0.210384
-0.82 0.219457
-0.818 0.228829
-0.816 0.238506
-0.814 0.248493
-0.812 0.258795
-0.81 0.269415
-0.808 0.28036
-0.806 0.291632
-0.804 0.303237
-0.802 0.315177
-0.8 0.327456
-0.798 0.340078
-0.796 0.353044
-0.794 0.366359
-0.792 0.380024
-0.79 0.394041
-0.788 0.408411
-0.786 0.423136
-0.784 0.438217
-0.782 0.453654
-0.78 0.469446
-0.778 0.485595
-0.776 0.502097
-0.774 0.518953
-0.772 0.536161
-0.77 0.553717
-0.768 0.57162
-0.766 0.589865
-0.764 0.60845
-0.762 0.627369
-0.76 0.646617
-0.758 0.666189
-0.756 0.68608
-0.754 0.706282
-0.752 0.726788
-0.75 0.74759
-0.748 0.76868
-0.746 0.790048
-0.744 0.811686
-0.742 0.833584
-0.74 0.855729
-0.738 0.878112
-0.736 0.90072
-0.734 0.92354
-0.732 0.94656
-0.73 0.969765
-0.728 0.993143
-0.726 1.01668
-0.724 1.04035
-0.722 1.06415
-0.72 1.08806
-0.718 1.11207
-0.716 1.13614
-0.714 1.16028
-0.712 1.18445
-0.71 1.20864
-0.708 1.23284
-0.706 1.25701
-0.704 1.28115
-0.702 1.30523
-0.7 1.32923
-0.698 1.35313
-0.696 1.37691
-0.694 1.40054
-0.692 1.42401
-0.69 1.4473
-0.688 1.47038
-0.686 1.49323
-0.684 1.51582
-0.682 1.53815
-0.68 1.56018
-0.678 1.58189
-0.676 1.60326
-0.674 1.62427
-0.672 1.6449
-0.67 1.66512
-0.668 1.68492
-0.666 1.70427
-0.664 1.72316
-0.662 1.74156
-0.66 1.75945
-0.658 1.77681
-0.656 1.79363
-0.654 1.80988
-0.652 1.82555
-0.65 1.84061
-0.648 1.85506
-0.646 1.86888
-0.644 1.88204
-0.642 1.89455
-0.64 1.90637
-0.638 1.91749
-0.636 1.92791
-0.634 1.93762
-0.632 1.94659
-0.63 1.95482
-0.628 1.9623
-0.626 1.96903
-0.624 1.97498
-0.622 1.98016
-0.62 1.98456
-0.618 1.98818
-0.616 1.991
-0.614 1.99304
-0.612 1.99427
-0.61 1.99471
-0.608 1.99435
-0.606 1.99319
-0.604 1.99124
-0.602 1.9885
-0.6 1.98496
-0.598 1.98064
-0.596 1.97553
-0.594 1.96966
-0.592 1.96301
-0.59 1.9556
-0.588 1.94745
-0.586 1.93855
-0.584 1.92892
-0.582 1.91857
-0.58 1.90751
-0.578 1.89576
-0.576 1.88332
-0.574 1.87023
-0.572 1.85647
-0.57 1.84209
-0.568 1.82708
-0.566 1.81147
-0.564 1.79528
-0.562 1.77852
-0.56 1.76121
-0.558 1.74337
-0.556 1.72502
-0.554 1.70618
-0.552 1.68688
-0.55 1.66712
-0.548 1.64694
-0.546 1.62635
-0.544 1.60538
-0.542 1.58404
-0.54 1.56236
-0.538 1.54036
-0.536 1.51807
-0.534 1.4955
-0.532 1.47267
-0.53 1.44962
-0.528 1.42635
-0.526 1.4029
-0.524 1.37928
-0.522 1.35551
-0.52 1.33162
-0.518 1.30763
-0.516 1.28356
-0.514 1.25943
-0.512 1.23526
-0.51 1.21106
-0.508 1.18687
-0.506 1.16269
-0.504 1.13855
-0.502 1.11447
-0.5 1.09046
-0.498 1.06654
-0.496 1.04273
-0.494 1.01904
-0.492 0.995489
-0.49 0.972096
-0.488 0.948872
-0.486 0.925833
-0.484 0.902992
-0.482 0.880363
-0.48 0.857957
-0.478 0.835787
-0.476 0.813865
-0.474 0.7922
-0.472 0.770804
-0.47 0.749686
-0.468 0.728855
-0.466 0.708319
-0.464 0.688086
-0.462 0.668164
-0.46 0.64856
-0.458 0.629279
-0.456 0.610327
-0.454 0.591709
-0.452 0.573429
-0.45 0.555492
-0.448 0.537901
-0.446 0.520658
-0.444 0.503767
-0.442 0.487229
-0.44 0.471045
-0.438 0.455217
-0.436 0.439745
-0.434 0.424628
-0.432 0.409868
-0.43 0.395462
-0.428 0.38141
-0.426 0.36771
-0.424 0.35436
-0.422 0.341359
-0.42 0.328703
-0.418 0.31639
-0.416 0.304416
-0.414 0.292778
-0.412 0.281472
-0.41 0.270495
-0.408 0.259842
-0.406 0.249509
-0.404 0.239491
-0.402 0.229783
-0.4 0.22038
-0.398 0.211278
-0.396 0.202471
-0.394 0.193953
-0.392 0.185719
-0.39 0.177764
-0.388 0.170081
-0.386 0.162665
-0.384 0.155511
-0.382 0.148611
-0.38 0.141961
-0.378 0.135555
-0.376 0.129385
-0.374 0.123447
-0.372 0.117735
-0.37 0.112242
-0.368 0.106962
-0.366 0.10189
-0.364 0.0970197
-0.362 0.0923453
-0.36 0.0878609
-0.358 0.0835608
-0.356 0.0794394
-0.354 0.0754911
-0.352 0.0717103
-0.35 0.0680916
-0.348 0.0646297
-0.346 0.0613193
-0.344 0.0581551
-0.342 0.0551322
-0.34 0.0522455
-0.338 0.0494902
-0.336 0.0468614
-0.334 0.0443545
-0.332 0.0419649
-0.33 0.0396882
-0.328 0.03752
-0.326 0.0354561
-0.324 0.0334923
-0.322 0.0316246
-0.32 0.0298491
-0.318 0.028162
-0.316 0.0265597
-0.314 0.0250385
-0.312 0.023595
-0.31 0.0222258
-0.308 0.0209277
-0.306 0.0196975
-0.304 0.0185323
-0.302 0.017429
-0.3 0.0163848
-0.298 0.015397
-0.296 0.014463
-0.294 0.0135802
-0.292 0.0127462
-0.29 0.0119586
-0.288 0.0112152
-0.286 0.0105138
-0.284 0.00985238
-0.282 0.00922884
-0.28 0.0086413
-0.278 0.00808793
-0.276 0.00756697
-0.274 0.00707674
-0.272 0.00661562
-0.27 0.00618207
-0.268 0.00577462
-0.266 0.00539187
-0.264 0.00503248
-0.262 0.00469516
-0.26 0.0043787
-0.258 0.00408194
-0.256 0.00380377
-0.254 0.00354314
-0.252 0.00329904
-0.25 0.00307053
-0.248 0.00285671
-0.246 0.00265672
-0.244 0.00246974
-0.242 0.002295
-0.24 0.00213177
-0.238 0.00197935
-0.236 0.0018371
-0.234 0.0017044
-0.232 0.00158064
-0.23 0.00146529
-0.228 0.00135781
-0.226 0.00125771
-0.224 0.00116452
-0.222 0.00107781
-0.22 0.000997154
-0.218 0.000922166
-0.216 0.000852476
-0.214 0.000787737
-0.212 0.000727624
-0.21 0.000671829
-0.208 0.000620065
-0.206 0.00057206
-0.204 0.00052756
-0.202 0.000486328
-0.2 0.000448139
-0.198 0.000412783
-0.196 0.000380065
-0.194 0.0003498
-0.192 0.000321817
-0.19 0.000295953
-0.188 0.00027206
-0.186 0.000249995
-0.184 0.000229628
-0.182 0.000210836
-0.18 0.000193504
-0.178 0.000177527
-0.176 0.000162803
-0.174 0.000149241
-0.172 0.000136753
-0.17 0.000125261
-0.168 0.000114688
-0.166 0.000104966
-0.164 9.60297e-05
-0.162 8.7819e-05
-0.16 8.02781e-05
-0.158 7.33554e-05
-0.156 6.70029e-05
-0.154 6.11761e-05
-0.152 5.58336e-05
-0.15 5.09373e-05
-0.148 4.64518e-05
-0.146 4.23443e-05
-0.144 3.85846e-05
-0.142 3.51447e-05
-0.14 3.19986e-05
-0.138 2.91225e-05
-0.136 2.64944e-05
-0.134 2.40937e-05
-0.132 2.19019e-05
-0.13 1.99014e-05
-0.128 1.80765e-05
-0.126 1.64123e-05
-0.124 1.48954e-05
-0.122 1.35132e-05
-0.12 1.22544e-05
-0.118 1.11085e-05
-0.116 1.00656e-05
-0.114 9.11706e-06
-0.112 8.25457e-06
-0.11 7.47069e-06
-0.108 6.75854e-06
-0.106 6.11183e-06
-0.104 5.5248e-06
-0.102 4.99215e-06
-0.1 4.50905e-06
-0.098 4.07108e-06
-0.096 3.67418e-06
-0.094 3.31465e-06
-0.092 2.9891e-06
-0.09 2.69445e-06
-0.088 2.42788e-06
-0.086 2.18681e-06
-0.084 1.96889e-06
-0.082 1.77199e-06
-0.08 1.59414e-06
-0.078 1.43357e-06
-0.076 1.28867e-06
-0.074 1.15795e-06
-0.072 1.04009e-06
-0.07 9.33856e-07
-0.068 8.38149e-07
-0.066 7.5196e-07
-0.064 6.74378e-07
-0.062 6.04573e-07
-0.06 5.41793e-07
-0.058 4.85358e-07
-0.056 4.34649e-07
-0.054 3.89108e-07
-0.052 3.48227e-07
-0.05 3.1155e-07
-0.048 2.78661e-07
-0.046 2.49187e-07
-0.044 2.2279e-07
-0.042 1.99165e-07
-0.04 1.78036e-07
-0.038 1.59156e-07
-0.036 1.42303e-07
-0.034 1.27275e-07
-0.032 1.13893e-07
-0.03 1.01995e-07
-0.028 9.14377e-08
-0.026 8.2091e-08
-0.024 7.38405e-08
-0.022 6.65842e-08
-0.02 6.02318e-08
-0.018 5.4704e-08
-0.016 4.99313e-08
-0.014 4.58535e-08
-0.012 4.2419e-08
-0.01 3.9584e-08
-0.008 3.73124e-08
-0.006 3.55752e-08
-0.004 3.435e-08
-0.002 3.36212e-08
0 3.33793e-08
0.002 3.36212e-08
0.004 3.435e-08
0.006 3.55752e-08
0.008 3.73124e-08
0.01 3.9584e-08
0.012 4.2419e-08
0.014 4.58535e-08
0.016 4.99313e-08
0.018 5.47039e-08
0.02 6.02318e-08
0.022 6.65842e-08
0.024 7.38405e-08
0.026 8.2091e-08
0.028 9.14377e-08
0.03 1.01995e-07
0.032 1.13893e-07
0.034 1.27275e-07
0.036 1.42303e-07
0.038 1.59156e-07
0.04 1.78036e-07
0.042 1.99165e-07
0.044 2.2279e-07
0.046 2.49187e-07
0.048 2.78661e-07
0.05 3.1155e-07
0.052 3.48227e-07
0.054 3.89108e-07
0.056 4.34649e-07
0.058 4.85358e-07
0.06 5.41793e-07
0.062 6.04573e-07
0.064 6.74378e-07
0.066 7.5196e-07
0.068 8.38149e-07
0.07 9.33856e-07
0.072 1.04009e-06
0.074 1.15795e-06
0.076 1.28867e-06
0.078 1.43357e-06
0.08 1.59414e-06
0.082 1.77199e-06
0.084 1.96889e-06
0.086 2.18681e-06
0.088 2.42788e-06
0.09 2.69445e-06
0.092 2.9891e-06
0.094 3.31465e-06
0.096 3.67418e-06
0.098 4.07108e-06
0.1 4.50905e-06
0.102 4.99215e-06
0.104 5.5248e-06
0.106 6.11183e-06
0.108 6.75854e-06
0.11 7.47069e-06
0.112 8.25457e-06
0.114 9.11706e-06
0.116 1.00656e-05
0.118 1.11085e-05
0.12 1.22544e-05
0.122 1.35132e-05
0.124 1.48954e-05
0.126 1.64123e-05
0.128 1.80765e-05
0.13 1.99014e-05
0.132 2.19019e-05
0.134 2.40937e-05
0.136 2.64944e-05
0.138 2.91225e-05
0.14 3.19986e-05
0.142 3.51447e-05
0.144 3.85846e-05
0.146 4.23443e-05
0.148 4.64518e-05
0.15 5.09373e-05
0.152 5.58336e-05
0.154 6.11761e-05
0.156 6.70029e-05
0.158 7.33554e-05
0.16 8.02781e-05
0.162 8.7819e-05
0.164 9.60297e-05
0.166 0.000104966
0.168 0.000114688
0.17 0.000125261
0.172 0.000136753
0.174 0.000149241
0.176 0.000162803
0.178 0.000177527
0.18 0.000193504
0.182 0.000210836
0.184 0.000229628
0.186 0.000249995
0.188 0.00027206
0.19 0.000295953
0.192 0.000321817
0.194 0.0003498
0.196 0.000380065
0.198 0.000412783
0.2 0.000448139
0.202 0.000486328
0.204 0.00052756
0.206 0.00057206
0.208 0.000620065
0.21 0.000671829
0.212 0.000727624
0.214 0.000787737
0.216 0.000852476
0.218 0.000922166
0.22 0.000997154
0.222 0.00107781
0.224 0.00116452
0.226 0.00125771
0.228 0.00135781
0.23 0.00146529
0.232 0.00158064
0.234 0.0017044
0.236 0.0018371
0.238 0.00197935
0.24 0.00213177
0.242 0.002295
0.244 0.00246974
0.246 0.00265672
0.248 0.00285671
0.25 0.00307053
0.252 0.00329904
0.254 0.00354314
0.256 0.00380377
0.258 0.00408194
0.26 0.0043787
0.262 0.00469516
0.264 0.00503248
0.266 0.00539187
0.268 0.00577462
0.27 0.00618207
0.272 0.00661562
0.274 0.00707674
0.276 0.00756697
0.278 0.00808793
0.28 0.0086413
0.282 0.00922884
0.284 0.00985238
0.286 0.0105138
0.288 0.0112152
0.29 0.0119586
0.292 0.0127462
0.294 0.0135802
0.296 0.014463
0.298 0.015397
0.3 0.0163848
0.302 0.017429
0.304 0.0185323
0.306 0.0196975
0.308 0.0209277
0.31 0.0222258
0.312 0.023595
0.314 0.0250385
0.316 0.0265597
0.318 0.028162
0.32 0.0298491
0.322 0.0316246
0.324 0.0334923
0.326 0.0354561
0.328 0.03752
0.33 0.0396882
0.332 0.0419649
0.334 0.0443545
0.336 0.0468614
0.338 0.0494902
0.34 0.0522455
0.342 0.0551322
0.344 0.0581551
0.346 0.0613193
0.348 0.0646297
0.35 0.0680916
0.352 0.0717103
0.354 0.0754911
0.356 0.0794394
0.358 0.0835608
0.36 0.0878609
0.362 0.0923453
0.364 0.0970197
0.366 0.10189
0.368 0.106962
0.37 0.112242
0.372 0.117735
0.374 0.123447
0.376 0.129385
0.378 0.135555
0.38 0.141961
0.382 0.148611
0.384 0.155511
0.386 0.162665
0.388 0.170081
0.39 0.177764
0.392 0.185719
0.394 0.193953
0.396 0.202471
0.398 0.211278
0.4 0.22038
0.402 0.229783
0.404 0.239491
0.406 0.249509
0.408 0.259842
0.41 0.270495
0.412 0.281472
0.414 0.292778
0.416 0.304416
0.418 0.31639
0.42 0.328703
0.422 0.341359
0.424 0.35436
0.426 0.36771
0.428 0.38141
0.43 0.395462
0.432 0.409868
0.434 0.424628
0.436 0.439745
0.438 0.455217
0.44 0.471045
0.442 0.487229
0.444 0.503767
0.446 0.520658
0.448 0.537901
0.45 0.555492
0.452 0.573429
0.454 0.591709
0.456 0.610327
0.458 0.629279
0.46 0.64856
0.462 0.668164
0.464 0.688086
0.466 0.708319
0.468 0.728855
0.47 0.749686
0.472 0.770804
0.474 0.7922
0.476 0.813865
0.478 0.835787
0.48 0.857957
0.482 0.880363
0.484 0.902992
0.486 0.925833
0.488 0.948872
0.49 0.972096
0.492 0.995489
0.494 1.01904
0.496 1.04273
0.498 1.06654
0.5 1.09046
0.502 1.11447
0.504 1.13855
0.506 1.16269
0.508 1.18687
0.51 1.21106
0.512 1.23526
0.514 1.25943
0.516 1.28356
0.518 1.30763
0.52 1.33162
0.522 1.35551
0.524 1.37928
0.526 1.4029
0.528 1.42635
0.53 1.44962
0.532 1.47267
0.534 1.4955
0.536 1.51807
0.538 1.54036
0.54 1.56236
0.542 1.58404
0.544 1.60538
0.546 1.62635
0.548 1.64694
0.55 1.66712
0.552 1.68688
0.554 1.70618
0.556 1.72502
0.558 1.74337
0.56 1.76121
0.562 1.77852
0.564 1.79528
0.566 1.81147
0.568 1.82708
0.57 1.84209
0.572 1.85647
0.574 1.87023
0.576 1.88332
0.578 1.89576
0.58 1.90751
0.582 1.91857
0.584 1.92892
0.586 1.93855
0.588 1.94745
0.59 1.9556
0.592 1.96301
0.594 1.96966
0.596 1.97553
0.598 1.98064
0.6 1.98496
0.602 1.9885
0.604 1.99124
0.606 1.99319
0.608 1.99435
0.61 1.99471
0.612 1.99427
0.614 1.99304
0.616 1.991
0.618 1.98818
0.62 1.98456
0.622 1.98016
0.624 1.97498
0.626 1.96903
0.628 1.9623
0.63 1.95482
0.632 1.94659
0.634 1.93762
0.636 1.92791
0.638 1.91749
0.64 1.90637
0.642 1.89455
0.644 1.88204
0.646 1.86888
0.648 1.85506
0.65 1.84061
0.652 1.82555
0.654 1.80988
0.656 1.79363
0.658 1.77681
0.66 1.75945
0.662 1.74156
0.664 1.72316
0.666 1.70427
0.668 1.68492
0.67 1.66512
0.672 1.6449
0.674 1.62427
0.676 1.60326
0.678 1.58189
0.68 1.56018
0.682 1.53815
0.684 1.51582
0.686 1.49323
0.688 1.47038
0.69 1.4473
0.692 1.42401
0.694 1.40054
0.696 1.37691
0.698 1.35313
0.7 1.32923
0.702 1.30523
0.704 1.28115
0.706 1.25701
0.708 1.23284
0.71 1.20864
0.712 1.18445
0.714 1.16028
0.716 1.13614
0.718 1.11207
0.72 1.08806
0.722 1.06415
0.724 1.04035
0.726 1.01668
0.728 0.993143
0.73 0.969765
0.732 0.94656
0.734 0.92354
0.736 0.90072
0.738 0.878112
0.74 0.855729
0.742 0.833584
0.744 0.811686
0.746 0.790048
0.748 0.76868
0.75 0.74759
0.752 0.726788
0.754 0.706282
0.756 0.68608
0.758 0.666189
0.76 0.646617
0.762 0.627369
0.764 0.60845
0.766 0.589865
0.768 0.57162
0.77 0.553717
0.772 0.536161
0.774 0.518953
0.776 0.502097
0.778 0.485595
0.78 0.469446
0.782 0.453654
0.784 0.438217
0.786 0.423136
0.788 0.408411
0.79 0.394041
0.792 0.380024
0.794 0.366359
0.796 0.353044
0.798 0.340078
0.8 0.327456
0.802 0.315177
0.804 0.303237
0.806 0.291632
0.808 0.28036
0.81 0.269415
0.812 0.258795
0.814 0.248493
0.816 0.238506
0.818 0.228829
0.82 0.219457
0.822 0.210384
0.824 0.201606
0.826 0.193117
0.828 0.184911
0.83 0.176983
0.832 0.169328
0.834 0.161938
0.836 0.15481
0.838 0.147936
0.84 0.14131
0.842 0.134928
0.844 0.128782
0.846 0.122867
0.848 0.117176
0.85 0.111705
0.852 0.106447
0.854 0.101395
0.856 0.0965448
0.858 0.0918897
0.86 0.0874242
0.862 0.0831424
0.864 0.0790388
0.866 0.0751077
0.868 0.0713436
0.87 0.0677411
0.872 0.0642949
0.874 0.0609996
0.876 0.0578502
0.878 0.0548415
0.88 0.0519686
0.882 0.0492266
0.884 0.0466108
0.886 0.0441164
0.888 0.0417389
0.89 0.039474
0.892 0.0373172
0.894 0.0352643
0.896 0.0333112
0.898 0.0314539
0.9 0.0296886
0.902 0.0280114
0.904 0.0264187
0.906 0.024907
0.908 0.0234727
0.91 0.0221126
0.912 0.0208234
0.914 0.019602
0.916 0.0184455
0.918 0.0173508
0.92 0.0163152
0.922 0.0153361
0.924 0.0144107
0.926 0.0135366
0.928 0.0127114
0.93 0.0119328
0.932 0.0111986
0.934 0.0105066
0.936 0.00985477
0.938 0.00924121
0.94 0.00866403
0.942 0.00812146
0.944 0.00761179
0.946 0.0071334
0.948 0.00668474
0.95 0.00626436
0.952 0.00587084
0.954 0.00550287
0.956 0.00515919
0.958 0.00483862
0.96 0.00454002
0.962 0.00426236
0.964 0.00400463
0.966 0.0037659
0.968 0.0035453
0.97 0.003342
0.972 0.00315526
0.974 0.00298437
0.976 0.00282867
0.978 0.00268758
0.98 0.00256055
0.982 0.00244708
0.984 0.00234673
0.986 0.0022591
0.988 0.00218385
0.99 0.00212069
0.992 0.00206935
0.994 0.00202963
0.996 0.00200137
0.998 0.00198446
