-1 0.262101
-0.99 0.262266
-0.98 0.262379
-0.97 0.262736
-0.96 0.263215
-0.95 0.263671
-0.94 0.264595
-0.93 0.265093
-0.92 0.266447
-0.91 0.267093
-0.9 0.268626
-0.89 0.269783
-0.88 0.271077
-0.87 0.272999
-0.86 0.274164
-0.85 0.276197
-0.84 0.278202
-0.83 0.279638
-0.82 0.282124
-0.81 0.284432
-0.8 0.286011
-0.79 0.288595
-0.78 0.291687
-0.77 0.293652
-0.76 0.295324
-0.75 0.298689
-0.74 0.304213
-0.73 0.310999
-0.72 0.318171
-0.71 0.325392
-0.7 0.332625
-0.69 0.339894
-0.68 0.347206
-0.67 0.354557
-0.66 0.361943
-0.65 0.369361
-0.64 0.376806
-0.63 0.384274
-0.62 0.391761
-0.61 0.399262
-0.6 0.406773
-0.59 0.41429
-0.58 0.421808
-0.57 0.429323
-0.56 0.43683
-0.55 0.444324
-0.54 0.4518
-0.53 0.459254
-0.52 0.466681
-0.51 0.474076
-0.5 0.481434
-0.49 0.48875
-0.48 0.496018
-0.47 0.503235
-0.46 0.510396
-0.45 0.517494
-0.44 0.524525
-0.43 0.531485
-0.42 0.538367
-0.41 0.545168
-0.4 0.551882
-0.39 0.558505
-0.38 0.56503
-0.37 0.571455
-0.36 0.577773
-0.35 0.583981
-0.34 0.590073
-0.33 0.596045
-0.32 0.601892
-0.31 0.60761
-0.3 0.613194
-0.29 0.618641
-0.28 0.623945
-0.27 0.629103
-0.26 0.634111
-0.25 0.638965
-0.24 0.64366
-0.23 0.648194
-0.22 0.652563
-0.21 0.656763
-0.2 0.66079
-0.19 0.664643
-0.18 0.668317
-0.17 0.671809
-0.16 0.675118
-0.15 0.678239
-0.14 0.681171
-0.13 0.683912
-0.12 0.686459
-0.11 0.688809
-0.1 0.690962
-0.09 0.692915
-0.08 0.694666
-0.07 0.696215
-0.06 0.69756
-0.05 0.6987
-0.04 0.699634
-0.03 0.700361
-0.02 0.700881
-0.01 0.701193
0 0.701297
0.01 0.701193
0.02 0.700881
0.03 0.700361
0.04 0.699634
0.05 0.6987
0.06 0.69756
0.07 0.696215
0.08 0.694666
0.09 0.692915
0.1 0.690962
0.11 0.688809
0.12 0.686459
0.13 0.683912
0.14 0.681171
0.15 0.678239
0.16 0.675118
0.17 0.671809
0.18 0.668317
0.19 0.664643
0.2 0.66079
0.21 0.656763
0.22 0.652563
0.23 0.648194
0.24 0.64366
0.25 0.638965
0.26 0.634111
0.27 0.629103
0.28 0.623945
0.29 0.618641
0.3 0.613194
0.31 0.60761
0.32 0.601892
0.33 0.596045
0.34 0.590073
0.35 0.583981
0.36 0.577773
0.37 0.571455
0.38 0.56503
0.39 0.558505
0.4 0.551882
0.41 0.545168
0.42 0.538367
0.43 0.531485
0.44 0.524525
0.45 0.517494
0.46 0.510396
0.47 0.503235
0.48 0.496018
0.49 0.48875
0.5 0.481434
0.51 0.474076
0.52 0.466681
0.53 0.459254
0.54 0.4518
0.55 0.444324
0.56 0.43683
0.57 0.429323
0.58 0.421808
0.59 0.41429
0.6 0.406773
0.61 0.399262
0.62 0.391761
0.63 0.384274
0.64 0.376806
0.65 0.369361
0.66 0.361943
0.67 0.354557
0.68 0.347206
0.69 0.339894
0.7 0.332625
0.71 0.325392
0.72 0.318171
0.73 0.310999
0.74 0.304213
0.75 0.298689
0.76 0.295324
0.77 0.293652
0.78 0.291687
0.79 0.288595
0.8 0.286011
0.81 0.284432
0.82 0.282124
0.83 0.279638
0.84 0.278202
0.85 0.276197
0.86 0.274164
0.87 0.272999
0.88 0.271077
0.89 0.269783
0.9 0.268626
0.91 0.267093
0.92 0.266447
0.93 0.265093
0.94 0.264595
0.95 0.263671
0.96 0.263215
0.97 0.262736
0.98 0.262379
0.99 0.262266
