-1 0.000387011
-0.998 0.000388365
-0.996 0.000392433
-0.994 0.000399238
-0.992 0.000408815
-0.99 0.000421216
-0.988 0.000436507
-0.986 0.000454769
-0.984 0.000476097
-0.982 0.000500604
-0.98 0.000528419
-0.978 0.000559686
-0.976 0.000594566
-0.974 0.000633238
-0.972 0.000675901
-0.97 0.000722769
-0.968 0.000774078
-0.966 0.000830084
-0.964 0.000891063
-0.962 0.000957313
-0.96 0.00102916
-0.958 0.00110693
-0.956 0.00119102
-0.954 0.0012818
-0.952 0.00137971
-0.95 0.00148519
-0.948 0.00159872
-0.946 0.00172081
-0.944 0.001852
-0.942 0.00199287
-0.94 0.00214403
-0.938 0.00230611
-0.936 0.00247981
-0.934 0.00266584
-0.932 0.00286497
-0.93 0.00307801
-0.928 0.0033058
-0.926 0.00354925
-0.924 0.0038093
-0.922 0.00408694
-0.92 0.00438322
-0.918 0.00469924
-0.916 0.00503616
-0.914 0.00539519
-0.912 0.00577762
-0.91 0.00618477
-0.908 0.00661805
-0.906 0.00707893
-0.904 0.00756895
-0.902 0.00808971
-0.9 0.0086429
-0.898 0.00923028
-0.896 0.00985368
-0.894 0.010515
-0.892 0.0112163
-0.89 0.0119596
-0.888 0.012747
-0.886 0.013581
-0.884 0.0144637
-0.882 0.0153976
-0.88 0.0163853
-0.878 0.0174295
-0.876 0.0185327
-0.874 0.0196979
-0.872 0.0209281
-0.87 0.0222261
-0.868 0.0235953
-0.866 0.0250387
-0.864 0.0265599
-0.862 0.0281622
-0.86 0.0298493
-0.858 0.0316247
-0.856 0.0334924
-0.854 0.0354562
-0.852 0.0375201
-0.85 0.0396883
-0.848 0.041965
-0.846 0.0443546
-0.844 0.0468615
-0.842 0.0494902
-0.84 0.0522456
-0.838 0.0551323
-0.836 0.0581552
-0.834 0.0613193
-0.832 0.0646297
-0.83 0.0680917
-0.828 0.0717103
-0.826 0.0754911
-0.824 0.0794394
-0.822 0.0835608
-0.82 0.0878609
-0.818 0.0923453
-0.816 0.0970197
-0.814 0.10189
-0.812 0.106962
-0.81 0.112242
-0.808 0.117735
-0.806 0.123447
-0.804 0.129385
-0.802 0.135555
-0.8 0.141961
-0.798 0.148611
-0.796 0.155511
-0.794 0.162665
-0.792 0.170081
-0.79 0.177764
-0.788 0.185719
-0.786 0.193953
-0.784 0.202471
-0.782 0.211278
-0.78 0.22038
-0.778 0.229783
-0.776 0.239491
-0.774 0.249509
-0.772 0.259842
-0.77 0.270495
-0.768 0.281472
-0.766 0.292778
-0.764 0.304416
-0.762 0.31639
-0.76 0.328703
-0.758 0.341359
-0.756 0.35436
-0.754 0.36771
-0.752 0.38141
-0.75 0.395462
-0.748 0.409868
-0.746 0.424628
-0.744 0.439745
-0.742 0.455217
-0.74 0.471045
-0.738 0.487229
-0.736 0.503767
-0.734 0.520658
-0.732 0.537901
-0.73 0.555492
-0.728 0.573429
-0.726 0.591709
-0.724 0.610327
-0.722 0.629279
-0.72 0.64856
-0.718 0.668164
-0.716 0.688086
-0.714 0.708319
-0.712 0.728855
-0.71 0.749686
-0.708 0.770804
-0.706 0.7922
-0.704 0.813865
-0.702 0.835787
-0.7 0.857957
-0.698 0.880363
-0.696 0.902992
-0.694 0.925833
-0.692 0.948872
-0.69 0.972096
-0.688 0.995489
-0.686 1.01904
-0.684 1.04273
-0.682 1.06654
-0.68 1.09046
-0.678 1.11447
-0.676 1.13855
-0.674 1.16269
-0.672 1.18687
-0.67 1.21106
-0.668 1.23526
-0.666 1.25943
-0.664 1.28356
-0.662 1.30763
-0.66 1.33162
-0.658 1.35551
-0.656 1.37928
-0.654 1.4029
-0.652 1.42635
-0.65 1.44962
-0.648 1.47267
-0.646 1.4955
-0.644 1.51807
-0.642 1.54036
-0.64 1.56236
-0.638 1.58404
-0.636 1.60538
-0.634 1.62635
-0.632 1.64694
-0.63 1.66712
-0.628 1.68688
-0.626 1.70618
-0.624 1.72502
-0.622 1.74337
-0.62 1.76121
-0.618 1.77852
-0.616 1.79528
-0.614 1.81147
-0.612 1.82708
-0.61 1.84209
-0.608 1.85647
-0.606 1.87023
-0.604 1.88333
-0.602 1.89576
-0.6 1.90751
-0.598 1.91857
-0.596 1.92892
-0.594 1.93855
-0.592 1.94745
-0.59 1.9556
-0.588 1.96301
-0.586 1.96966
-0.584 1.97553
-0.582 1.98064
-0.58 1.98496
-0.578 1.9885
-0.576 1.99124
-0.574 1.99319
-0.572 1.99435
-0.57 1.99471
-0.568 1.99427
-0.566 1.99304
-0.564 1.991
-0.562 1.98818
-0.56 1.98456
-0.558 1.98016
-0.556 1.97498
-0.554 1.96903
-0.552 1.9623
-0.55 1.95482
-0.548 1.94659
-0.546 1.93762
-0.544 1.92791
-0.542 1.91749
-0.54 1.90637
-0.538 1.89455
-0.536 1.88204
-0.534 1.86888
-0.532 1.85506
-0.53 1.84061
-0.528 1.82555
-0.526 1.80988
-0.524 1.79363
-0.522 1.77681
-0.52 1.75945
-0.518 1.74156
-0.516 1.72316
-0.514 1.70427
-0.512 1.68492
-0.51 1.66512
-0.508 1.6449
-0.506 1.62427
-0.504 1.60326
-0.502 1.58189
-0.5 1.56018
-0.498 1.53815
-0.496 1.51582
-0.494 1.49323
-0.492 1.47038
-0.49 1.4473
-0.488 1.42401
-0.486 1.40054
-0.484 1.37691
-0.482 1.35313
-0.48 1.32923
-0.478 1.30523
-0.476 1.28115
-0.474 1.25701
-0.472 1.23284
-0.47 1.20864
-0.468 1.18445
-0.466 1.16028
-0.464 1.13614
-0.462 1.11207
-0.46 1.08806
-0.458 1.06415
-0.456 1.04035
-0.454 1.01668
-0.452 0.993143
-0.45 0.969765
-0.448 0.94656
-0.446 0.92354
-0.444 0.90072
-0.442 0.878112
-0.44 0.855729
-0.438 0.833584
-0.436 0.811686
-0.434 0.790048
-0.432 0.76868
-0.43 0.74759
-0.428 0.726788
-0.426 0.706282
-0.424 0.68608
-0.422 0.666189
-0.42 0.646617
-0.418 0.627369
-0.416 0.60845
-0.414 0.589865
-0.412 0.57162
-0.41 0.553717
-0.408 0.536161
-0.406 0.518953
-0.404 0.502097
-0.402 0.485595
-0.4 0.469446
-0.398 0.453654
-0.396 0.438217
-0.394 0.423136
-0.392 0.408411
-0.39 0.394041
-0.388 0.380024
-0.386 0.366359
-0.384 0.353044
-0.382 0.340078
-0.38 0.327456
-0.378 0.315177
-0.376 0.303237
-0.374 0.291632
-0.372 0.28036
-0.37 0.269415
-0.368 0.258794
-0.366 0.248493
-0.364 0.238506
-0.362 0.228829
-0.36 0.219457
-0.358 0.210384
-0.356 0.201606
-0.354 0.193117
-0.352 0.184911
-0.35 0.176983
-0.348 0.169327
-0.346 0.161938
-0.344 0.154809
-0.342 0.147935
-0.34 0.14131
-0.338 0.134927
-0.336 0.128781
-0.334 0.122866
-0.332 0.117176
-0.33 0.111704
-0.328 0.106446
-0.326 0.101394
-0.324 0.0965435
-0.322 0.0918883
-0.32 0.0874226
-0.318 0.0831407
-0.316 0.0790368
-0.314 0.0751055
-0.312 0.0713412
-0.31 0.0677385
-0.308 0.0642919
-0.306 0.0609964
-0.304 0.0578466
-0.302 0.0548375
-0.3 0.0519642
-0.298 0.0492217
-0.296 0.0466053
-0.294 0.0441103
-0.292 0.0417322
-0.29 0.0394666
-0.288 0.037309
-0.286 0.0352552
-0.284 0.0333012
-0.282 0.0314429
-0.28 0.0296765
-0.278 0.027998
-0.276 0.026404
-0.274 0.0248907
-0.272 0.0234548
-0.27 0.0220929
-0.268 0.0208017
-0.266 0.0195782
-0.264 0.0184192
-0.262 0.0173219
-0.26 0.0162835
-0.258 0.0153012
-0.256 0.0143725
-0.254 0.0134947
-0.252 0.0126654
-0.25 0.0118824
-0.248 0.0111433
-0.246 0.010446
-0.244 0.00978837
-0.242 0.00916851
-0.24 0.00858447
-0.238 0.00803442
-0.236 0.00751661
-0.234 0.00702935
-0.232 0.00657106
-0.23 0.00614018
-0.228 0.00573527
-0.226 0.00535491
-0.224 0.00499779
-0.222 0.00466261
-0.22 0.00434817
-0.218 0.00405331
-0.216 0.00377694
-0.214 0.00351801
-0.212 0.00327551
-0.21 0.00304852
-0.208 0.00283612
-0.206 0.00263746
-0.204 0.00245173
-0.202 0.00227818
-0.2 0.00211606
-0.198 0.00196469
-0.196 0.00182342
-0.194 0.00169164
-0.192 0.00156874
-0.19 0.0014542
-0.188 0.00134748
-0.186 0.00124809
-0.184 0.00115557
-0.182 0.00106948
-0.18 0.000989412
-0.178 0.00091497
-0.176 0.00084579
-0.174 0.000781528
-0.172 0.00072186
-0.17 0.000666481
-0.168 0.000615104
-0.166 0.000567461
-0.164 0.000523298
-0.162 0.00048238
-0.16 0.000444483
-0.158 0.0004094
-0.156 0.000376935
-0.154 0.000346906
-0.152 0.000319141
-0.15 0.000293481
-0.148 0.000269776
-0.146 0.000247887
-0.144 0.000227683
-0.142 0.000209042
-0.14 0.00019185
-0.138 0.000176002
-0.136 0.000161398
-0.134 0.000147947
-0.132 0.000135563
-0.13 0.000124165
-0.128 0.000113681
-0.126 0.00010404
-0.124 9.51786e-05
-0.122 8.70372e-05
-0.12 7.95603e-05
-0.118 7.26967e-05
-0.116 6.63986e-05
-0.114 6.0622e-05
-0.112 5.53257e-05
-0.11 5.0472e-05
-0.108 4.60257e-05
-0.106 4.19543e-05
-0.104 3.82278e-05
-0.102 3.48184e-05
-0.1 3.17003e-05
-0.098 2.885e-05
-0.096 2.62455e-05
-0.094 2.38666e-05
-0.092 2.16946e-05
-0.09 1.97125e-05
-0.088 1.79043e-05
-0.086 1.62555e-05
-0.084 1.47527e-05
-0.082 1.33835e-05
-0.08 1.21366e-05
-0.078 1.10015e-05
-0.076 9.96871e-06
-0.074 9.02931e-06
-0.072 8.17525e-06
-0.07 7.39912e-06
-0.068 6.69412e-06
-0.066 6.054e-06
-0.064 5.47306e-06
-0.062 4.94606e-06
-0.06 4.46821e-06
-0.058 4.03515e-06
-0.056 3.64285e-06
-0.054 3.28767e-06
-0.052 2.96625e-06
-0.05 2.67556e-06
-0.048 2.41281e-06
-0.046 2.17547e-06
-0.044 1.96122e-06
-0.042 1.76797e-06
-0.04 1.5938e-06
-0.038 1.43699e-06
-0.036 1.29595e-06
-0.034 1.16926e-06
-0.032 1.05563e-06
-0.03 9.53892e-07
-0.028 8.62993e-07
-0.026 7.81989e-07
-0.024 7.1003e-07
-0.022 6.46359e-07
-0.02 5.903e-07
-0.018 5.41256e-07
-0.016 4.98701e-07
-0.014 4.62178e-07
-0.012 4.31292e-07
-0.01 4.05707e-07
-0.008 3.85145e-07
-0.006 3.69381e-07
-0.004 3.58243e-07
-0.002 3.51609e-07
0 3.49406e-07
0.002 3.51609e-07
0.004 3.58243e-07
0.006 3.69381e-07
0.008 3.85145e-07
0.01 4.05707e-07
0.012 4.31292e-07
0.014 4.62178e-07
0.016 4.98701e-07
0.018 5.41256e-07
0.02 5.903e-07
0.022 6.46359e-07
0.024 7.1003e-07
0.026 7.81989e-07
0.028 8.62993e-07
0.03 9.53892e-07
0.032 1.05563e-06
0.034 1.16926e-06
0.036 1.29595e-06
0.038 1.43699e-06
0.04 1.5938e-06
0.042 1.76797e-06
0.044 1.96122e-06
0.046 2.17547e-06
0.048 2.41281e-06
0.05 2.67556e-06
0.052 2.96625e-06
0.054 3.28767e-06
0.056 3.64285e-06
0.058 4.03515e-06
0.06 4.46821e-06
0.062 4.94606e-06
0.064 5.47306e-06
0.066 6.054e-06
0.068 6.69412e-06
0.07 7.39912e-06
0.072 8.17525e-06
0.074 9.02931e-06
0.076 9.96871e-06
0.078 1.10015e-05
0.08 1.21366e-05
0.082 1.33835e-05
0.084 1.47527e-05
0.086 1.62555e-05
0.088 1.79043e-05
0.09 1.97125e-05
0.092 2.16946e-05
0.094 2.38666e-05
0.096 2.62455e-05
0.098 2.885e-05
0.1 3.17003e-05
0.102 3.48184e-05
0.104 3.82278e-05
0.106 4.19543e-05
0.108 4.60257e-05
0.11 5.0472e-05
0.112 5.53257e-05
0.114 6.0622e-05
0.116 6.63986e-05
0.118 7.26967e-05
0.12 7.95603e-05
0.122 8.70372e-05
0.124 9.51786e-05
0.126 0.00010404
0.128 0.000113681
0.13 0.000124165
0.132 0.000135563
0.134 0.000147947
0.136 0.000161398
0.138 0.000176002
0.14 0.00019185
0.142 0.000209042
0.144 0.000227683
0.146 0.000247887
0.148 0.000269776
0.15 0.000293481
0.152 0.000319141
0.154 0.000346906
0.156 0.000376935
0.158 0.0004094
0.16 0.000444483
0.162 0.00048238
0.164 0.000523298
0.166 0.000567461
0.168 0.000615104
0.17 0.000666481
0.172 0.00072186
0.174 0.000781528
0.176 0.00084579
0.178 0.00091497
0.18 0.000989412
0.182 0.00106948
0.184 0.00115557
0.186 0.00124809
0.188 0.00134748
0.19 0.0014542
0.192 0.00156874
0.194 0.00169164
0.196 0.00182342
0.198 0.00196469
0.2 0.00211606
0.202 0.00227818
0.204 0.00245173
0.206 0.00263746
0.208 0.00283612
0.21 0.00304852
0.212 0.00327551
0.214 0.00351801
0.216 0.00377694
0.218 0.00405331
0.22 0.00434817
0.222 0.00466261
0.224 0.00499779
0.226 0.00535491
0.228 0.00573527
0.23 0.00614018
0.232 0.00657106
0.234 0.00702935
0.236 0.00751661
0.238 0.00803442
0.24 0.00858447
0.242 0.00916851
0.244 0.00978837
0.246 0.010446
0.248 0.0111433
0.25 0.0118824
0.252 0.0126654
0.254 0.0134947
0.256 0.0143725
0.258 0.0153012
0.26 0.0162835
0.262 0.0173219
0.264 0.0184192
0.266 0.0195782
0.268 0.0208017
0.27 0.0220929
0.272 0.0234548
0.274 0.0248907
0.276 0.026404
0.278 0.027998
0.28 0.0296765
0.282 0.0314429
0.284 0.0333012
0.286 0.0352552
0.288 0.037309
0.29 0.0394666
0.292 0.0417322
0.294 0.0441103
0.296 0.0466053
0.298 0.0492217
0.3 0.0519642
0.302 0.0548375
0.304 0.0578466
0.306 0.0609964
0.308 0.0642919
0.31 0.0677385
0.312 0.0713412
0.314 0.0751055
0.316 0.0790368
0.318 0.0831407
0.32 0.0874226
0.322 0.0918883
0.324 0.0965435
0.326 0.101394
0.328 0.106446
0.33 0.111704
0.332 0.117176
0.334 0.122866
0.336 0.128781
0.338 0.134927
0.34 0.14131
0.342 0.147935
0.344 0.154809
0.346 0.161938
0.348 0.169327
0.35 0.176983
0.352 0.184911
0.354 0.193117
0.356 0.201606
0.358 0.210384
0.36 0.219457
0.362 0.228829
0.364 0.238506
0.366 0.248493
0.368 0.258794
0.37 0.269415
0.372 0.28036
0.374 0.291632
0.376 0.303237
0.378 0.315177
0.38 0.327456
0.382 0.340078
0.384 0.353044
0.386 0.366359
0.388 0.380024
0.39 0.394041
0.392 0.408411
0.394 0.423136
0.396 0.438217
0.398 0.453654
0.4 0.469446
0.402 0.485595
0.404 0.502097
0.406 0.518953
0.408 0.536161
0.41 0.553717
0.412 0.57162
0.414 0.589865
0.416 0.60845
0.418 0.627369
0.42 0.646617
0.422 0.666189
0.424 0.68608
0.426 0.706282
0.428 0.726788
0.43 0.74759
0.432 0.76868
0.434 0.790048
0.436 0.811686
0.438 0.833584
0.44 0.855729
0.442 0.878112
0.444 0.90072
0.446 0.92354
0.448 0.94656
0.45 0.969765
0.452 0.993143
0.454 1.01668
0.456 1.04035
0.458 1.06415
0.46 1.08806
0.462 1.11207
0.464 1.13614
0.466 1.16028
0.468 1.18445
0.47 1.20864
0.472 1.23284
0.474 1.25701
0.476 1.28115
0.478 1.30523
0.48 1.32923
0.482 1.35313
0.484 1.37691
0.486 1.40054
0.488 1.42401
0.49 1.4473
0.492 1.47038
0.494 1.49323
0.496 1.51582
0.498 1.53815
0.5 1.56018
0.502 1.58189
0.504 1.60326
0.506 1.62427
0.508 1.6449
0.51 1.66512
0.512 1.68492
0.514 1.70427
0.516 1.72316
0.518 1.74156
0.52 1.75945
0.522 1.77681
0.524 1.79363
0.526 1.80988
0.528 1.82555
0.53 1.84061
0.532 1.85506
0.534 1.86888
0.536 1.88204
0.538 1.89455
0.54 1.90637
0.542 1.91749
0.544 1.92791
0.546 1.93762
0.548 1.94659
0.55 1.95482
0.552 1.9623
0.554 1.96903
0.556 1.97498
0.558 1.98016
0.56 1.98456
0.562 1.98818
0.564 1.991
0.566 1.99304
0.568 1.99427
0.57 1.99471
0.572 1.99435
0.574 1.99319
0.576 1.99124
0.578 1.9885
0.58 1.98496
0.582 1.98064
0.584 1.97553
0.586 1.96966
0.588 1.96301
0.59 1.9556
0.592 1.94745
0.594 1.93855
0.596 1.92892
0.598 1.91857
0.6 1.90751
0.602 1.89576
0.604 1.88333
0.606 1.87023
0.608 1.85647
0.61 1.84209
0.612 1.82708
0.614 1.81147
0.616 1.79528
0.618 1.77852
0.62 1.76121
0.622 1.74337
0.624 1.72502
0.626 1.70618
0.628 1.68688
0.63 1.66712
0.632 1.64694
0.634 1.62635
0.636 1.60538
0.638 1.58404
0.64 1.56236
0.642 1.54036
0.644 1.51807
0.646 1.4955
0.648 1.47267
0.65 1.44962
0.652 1.42635
0.654 1.4029
0.656 1.37928
0.658 1.35551
0.66 1.33162
0.662 1.30763
0.664 1.28356
0.666 1.25943
0.668 1.23526
0.67 1.21106
0.672 1.18687
0.674 1.16269
0.676 1.13855
0.678 1.11447
0.68 1.09046
0.682 1.06654
0.684 1.04273
0.686 1.01904
0.688 0.995489
0.69 0.972096
0.692 0.948872
0.694 0.925833
0.696 0.902992
0.698 0.880363
0.7 0.857957
0.702 0.835787
0.704 0.813865
0.706 0.7922
0.708 0.770804
0.71 0.749686
0.712 0.728855
0.714 0.708319
0.716 0.688086
0.718 0.668164
0.72 0.64856
0.722 0.629279
0.724 0.610327
0.726 0.591709
0.728 0.573429
0.73 0.555492
0.732 0.537901
0.734 0.520658
0.736 0.503767
0.738 0.487229
0.74 0.471045
0.742 0.455217
0.744 0.439745
0.746 0.424628
0.748 0.409868
0.75 0.395462
0.752 0.38141
0.754 0.36771
0.756 0.35436
0.758 0.341359
0.76 0.328703
0.762 0.31639
0.764 0.304416
0.766 0.292778
0.768 0.281472
0.77 0.270495
0.772 0.259842
0.774 0.249509
0.776 0.239491
0.778 0.229783
0.78 0.22038
0.782 0.211278
0.784 0.202471
0.786 0.193953
0.788 0.185719
0.79 0.177764
0.792 0.170081
0.794 0.162665
0.796 0.155511
0.798 0.148611
0.8 0.141961
0.802 0.135555
0.804 0.129385
0.806 0.123447
0.808 0.117735
0.81 0.112242
0.812 0.106962
0.814 0.10189
0.816 0.0970197
0.818 0.0923453
0.82 0.0878609
0.822 0.0835608
0.824 0.0794394
0.826 0.0754911
0.828 0.0717103
0.83 0.0680917
0.832 0.0646297
0.834 0.0613193
0.836 0.0581552
0.838 0.0551323
0.84 0.0522456
0.842 0.0494902
0.844 0.0468615
0.846 0.0443546
0.848 0.041965
0.85 0.0396883
0.852 0.0375201
0.854 0.0354562
0.856 0.0334924
0.858 0.0316247
0.86 0.0298493
0.862 0.0281622
0.864 0.0265599
0.866 0.0250387
0.868 0.0235953
0.87 0.0222261
0.872 0.0209281
0.874 0.0196979
0.876 0.0185327
0.878 0.0174295
0.88 0.0163853
0.882 0.0153976
0.884 0.0144637
0.886 0.013581
0.888 0.012747
0.89 0.0119596
0.892 0.0112163
0.894 0.010515
0.896 0.00985368
0.898 0.00923028
0.9 0.0086429
0.902 0.00808971
0.904 0.00756895
0.906 0.00707893
0.908 0.00661805
0.91 0.00618477
0.912 0.00577762
0.914 0.00539519
0.916 0.00503616
0.918 0.00469924
0.92 0.00438322
0.922 0.00408694
0.924 0.0038093
0.926 0.00354925
0.928 0.0033058
0.93 0.00307801
0.932 0.00286497
0.934 0.00266584
0.936 0.00247981
0.938 0.00230611
0.94 0.00214403
0.942 0.00199287
0.944 0.001852
0.946 0.00172081
0.948 0.00159872
0.95 0.00148519
0.952 0.00137971
0.954 0.0012818
0.956 0.00119102
0.958 0.00110693
0.96 0.00102916
0.962 0.000957313
0.964 0.000891063
0.966 0.000830084
0.968 0.000774078
0.97 0.000722769
0.972 0.000675901
0.974 0.000633238
0.976 0.000594566
0.978 0.000559686
0.98 0.000528419
0.982 0.000500604
0.984 0.000476097
0.986 0.000454769
0.988 0.000436507
0.99 0.000421216
0.992 0.000408815
0.994 0.000399238
0.996 0.000392433
0.998 0.000388365
