-1 0.433869
-0.99 0.433724
-0.98 0.433952
-0.97 0.43386
-0.96 0.4342
-0.95 0.434133
-0.94 0.434599
-0.93 0.434549
-0.92 0.435125
-0.91 0.435121
-0.9 0.43574
-0.89 0.435864
-0.88 0.436408
-0.87 0.436775
-0.86 0.437124
-0.85 0.437788
-0.84 0.437957
-0.83 0.438768
-0.82 0.439003
-0.81 0.439616
-0.8 0.440222
-0.79 0.440456
-0.78 0.441318
-0.77 0.441567
-0.76 0.442084
-0.75 0.442821
-0.74 0.442916
-0.73 0.443614
-0.72 0.444133
-0.71 0.444163
-0.7 0.444879
-0.69 0.445254
-0.68 0.445149
-0.67 0.445753
-0.66 0.446134
-0.65 0.445801
-0.64 0.446054
-0.63 0.446609
-0.62 0.446251
-0.61 0.445713
-0.6 0.44607
-0.59 0.446464
-0.58 0.445718
-0.57 0.444441
-0.56 0.44423
-0.55 0.445842
-0.54 0.448836
-0.53 0.452402
-0.52 0.45602
-0.51 0.459524
-0.5 0.462909
-0.49 0.466196
-0.48 0.469394
-0.47 0.472505
-0.46 0.475526
-0.45 0.478459
-0.44 0.481303
-0.43 0.484058
-0.42 0.486726
-0.41 0.489306
-0.4 0.491798
-0.39 0.494205
-0.38 0.496526
-0.37 0.498762
-0.36 0.500915
-0.35 0.502985
-0.34 0.504973
-0.33 0.506882
-0.32 0.508711
-0.31 0.510463
-0.3 0.512139
-0.29 0.513739
-0.28 0.515267
-0.27 0.516722
-0.26 0.518108
-0.25 0.519424
-0.24 0.520673
-0.23 0.521857
-0.22 0.522976
-0.21 0.524032
-0.2 0.525028
-0.19 0.525964
-0.18 0.526842
-0.17 0.527663
-0.16 0.528429
-0.15 0.529141
-0.14 0.529801
-0.13 0.530409
-0.12 0.530968
-0.11 0.531477
-0.1 0.531938
-0.09 0.532352
-0.08 0.532721
-0.07 0.533043
-0.06 0.533322
-0.05 0.533556
-0.04 0.533747
-0.03 0.533896
-0.02 0.534001
-0.01 0.534064
0 0.534085
0.01 0.534064
0.02 0.534001
0.03 0.533896
0.04 0.533747
0.05 0.533556
0.06 0.533322
0.07 0.533043
0.08 0.532721
0.09 0.532352
0.1 0.531938
0.11 0.531477
0.12 0.530968
0.13 0.530409
0.14 0.529801
0.15 0.529141
0.16 0.528429
0.17 0.527663
0.18 0.526842
0.19 0.525964
0.2 0.525028
0.21 0.524032
0.22 0.522976
0.23 0.521857
0.24 0.520673
0.25 0.519424
0.26 0.518108
0.27 0.516722
0.28 0.515267
0.29 0.513739
0.3 0.512139
0.31 0.510463
0.32 0.508711
0.33 0.506882
0.34 0.504973
0.35 0.502985
0.36 0.500915
0.37 0.498762
0.38 0.496526
0.39 0.494205
0.4 0.491798
0.41 0.489306
0.42 0.486726
0.43 0.484058
0.44 0.481303
0.45 0.478459
0.46 0.475526
0.47 0.472505
0.48 0.469394
0.49 0.466196
0.5 0.462909
0.51 0.459524
0.52 0.45602
0.53 0.452402
0.54 0.448836
0.55 0.445842
0.56 0.44423
0.57 0.444441
0.58 0.445718
0.59 0.446464
0.6 0.44607
0.61 0.445713
0.62 0.446251
0.63 0.446609
0.64 0.446054
0.65 0.445801
0.66 0.446134
0.67 0.445753
0.68 0.445149
0.69 0.445254
0.7 0.444879
0.71 0.444163
0.72 0.444133
0.73 0.443614
0.74 0.442916
0.75 0.442821
0.76 0.442084
0.77 0.441567
0.78 0.441318
0.79 0.440456
0.8 0.440222
0.81 0.439616
0.82 0.439003
0.83 0.438768
0.84 0.437957
0.85 0.437788
0.86 0.437124
0.87 0.436775
0.88 0.436408
0.89 0.435864
0.9 0.43574
0.91 0.435121
0.92 0.435125
0.93 0.434549
0.94 0.434599
0.95 0.434133
0.96 0.4342
0.97 0.43386
0.98 0.433952
0.99 0.433724
