-1 5.33758e-15
-0.998 9.6162e-15
-0.996 5.93772e-15
-0.994 9.31764e-15
-0.992 -1.49502e-16
-0.99 8.35841e-15
-0.988 -1.56488e-15
-0.986 9.62483e-15
-0.984 2.61968e-15
-0.982 7.3203e-15
-0.98 2.62788e-15
-0.978 9.06238e-15
-0.976 3.77355e-15
-0.974 1.00665e-14
-0.972 5.50383e-15
-0.97 8.23903e-15
-0.968 7.01997e-16
-0.966 8.05544e-15
-0.964 1.48388e-15
-0.962 5.39617e-15
-0.96 6.38789e-15
-0.958 4.1017e-15
-0.956 5.0136e-15
-0.954 3.29481e-15
-0.952 5.43394e-15
-0.95 6.2327e-15
-0.948 8.23771e-15
-0.946 4.6025e-15
-0.944 4.71567e-15
-0.942 2.36782e-15
-0.94 9.50156e-15
-0.938 3.67728e-15
-0.936 6.14672e-15
-0.934 6.41373e-15
-0.932 4.38805e-15
-0.93 3.54981e-16
-0.928 6.50415e-15
-0.926 4.03028e-15
-0.924 4.66941e-15
-0.922 2.11655e-15
-0.92 6.4379e-15
-0.918 5.35478e-15
-0.916 5.89413e-15
-0.914 1.69015e-16
-0.912 4.00047e-15
-0.91 2.41668e-15
-0.908 4.20512e-15
-0.906 5.42901e-15
-0.904 7.43435e-15
-0.902 5.623e-15
-0.9 3.58176e-15
-0.898 4.02262e-15
-0.896 6.59686e-15
-0.894 1.38264e-15
-0.892 6.4061e-15
-0.89 -6.63946e-16
-0.888 7.18196e-15
-0.886 1.21894e-15
-0.884 1.19228e-14
-0.882 2.97396e-15
-0.88 6.6996e-15
-0.878 7.11579e-15
-0.876 2.94126e-15
-0.874 9.25713e-15
-0.872 6.73882e-15
-0.87 8.54635e-15
-0.868 5.919e-15
-0.866 6.27534e-15
-0.864 4.60697e-15
-0.862 6.1837e-15
-0.86 7.44606e-15
-0.858 1.52441e-15
-0.856 1.32872e-14
-0.854 7.86341e-15
-0.852 1.07194e-14
-0.85 7.39373e-15
-0.848 8.52181e-15
-0.846 7.59982e-15
-0.844 8.02466e-15
-0.842 1.55733e-14
-0.84 1.43274e-14
-0.838 2.30615e-14
-0.836 1.48045e-14
-0.834 2.5245e-14
-0.832 2.03801e-14
-0.83 3.12528e-14
-0.828 2.97926e-14
-0.826 3.7575e-14
-0.824 4.3023e-14
-0.822 4.89425e-14
-0.82 6.16058e-14
-0.818 6.52859e-14
-0.816 8.53026e-14
-0.814 9.57129e-14
-0.812 1.05173e-13
-0.81 1.30482e-13
-0.808 1.50955e-13
-0.806 1.69088e-13
-0.804 1.99958e-13
-0.802 2.3322e-13
-0.8 2.71889e-13
-0.798 3.14301e-13
-0.796 3.66653e-13
-0.794 4.27187e-13
-0.792 4.94349e-13
-0.79 5.7887e-13
-0.788 6.70477e-13
-0.786 7.75035e-13
-0.784 9.08013e-13
-0.782 1.05239e-12
-0.78 1.22447e-12
-0.778 1.42346e-12
-0.776 1.65056e-12
-0.774 1.91802e-12
-0.772 2.22268e-12
-0.77 2.57635e-12
-0.768 2.98654e-12
-0.766 3.46238e-12
-0.764 4.00346e-12
-0.762 4.63885e-12
-0.76 5.36523e-12
-0.758 6.21721e-12
-0.756 7.18645e-12
-0.754 8.31149e-12
-0.752 9.60131e-12
-0.75 1.10922e-11
-0.748 1.28034e-11
-0.746 1.47824e-11
-0.744 1.70585e-11
-0.742 1.96766e-11
-0.74 2.2693e-11
-0.738 2.61418e-11
-0.736 3.01247e-11
-0.734 3.46906e-11
-0.732 3.9927e-11
-0.73 4.59462e-11
-0.728 5.28507e-11
-0.726 6.07584e-11
-0.724 6.9835e-11
-0.722 8.02325e-11
-0.72 9.21316e-11
-0.718 1.0577e-10
-0.716 1.21368e-10
-0.714 1.39215e-10
-0.712 1.5962e-10
-0.71 1.82938e-10
-0.708 2.09591e-10
-0.706 2.40018e-10
-0.704 2.74761e-10
-0.702 3.14416e-10
-0.7 3.59634e-10
-0.698 4.11211e-10
-0.696 4.6998e-10
-0.694 5.36949e-10
-0.692 6.13203e-10
-0.69 7.00022e-10
-0.688 7.988e-10
-0.686 9.11167e-10
-0.684 1.03891e-09
-0.682 1.18412e-09
-0.68 1.34907e-09
-0.678 1.53638e-09
-0.676 1.74902e-09
-0.674 1.99029e-09
-0.672 2.26394e-09
-0.67 2.57419e-09
-0.668 2.9258e-09
-0.666 3.32411e-09
-0.664 3.77514e-09
-0.662 4.28568e-09
-0.66 4.86333e-09
-0.658 5.51664e-09
-0.656 6.25522e-09
-0.654 7.08988e-09
-0.652 8.03271e-09
-0.65 9.0973e-09
-0.648 1.02989e-08
-0.646 1.16546e-08
-0.644 1.31835e-08
-0.642 1.49071e-08
-0.64 1.68492e-08
-0.638 1.90369e-08
-0.636 2.15001e-08
-0.634 2.42723e-08
-0.632 2.73912e-08
-0.63 3.08985e-08
-0.628 3.48411e-08
-0.626 3.92712e-08
-0.624 4.4247e-08
-0.622 4.98335e-08
-0.62 5.6103e-08
-0.618 6.31363e-08
-0.616 7.10232e-08
-0.614 7.98635e-08
-0.612 8.97687e-08
-0.61 1.00862e-07
-0.608 1.13282e-07
-0.606 1.27181e-07
-0.604 1.42728e-07
-0.602 1.60112e-07
-0.6 1.79542e-07
-0.598 2.01251e-07
-0.596 2.25495e-07
-0.594 2.5256e-07
-0.592 2.82762e-07
-0.59 3.16449e-07
-0.588 3.54009e-07
-0.586 3.95871e-07
-0.584 4.42508e-07
-0.582 4.94444e-07
-0.58 5.52256e-07
-0.578 6.16583e-07
-0.576 6.88132e-07
-0.574 7.67679e-07
-0.572 8.56082e-07
-0.57 9.54288e-07
-0.568 1.06334e-06
-0.566 1.18438e-06
-0.564 1.31869e-06
-0.562 1.46764e-06
-0.56 1.63277e-06
-0.558 1.81576e-06
-0.556 2.01846e-06
-0.554 2.24291e-06
-0.552 2.49132e-06
-0.55 2.76616e-06
-0.548 3.07011e-06
-0.546 3.4061e-06
-0.544 3.77738e-06
-0.542 4.18747e-06
-0.54 4.64026e-06
-0.538 5.13997e-06
-0.536 5.69125e-06
-0.534 6.29916e-06
-0.532 6.96927e-06
-0.53 7.70762e-06
-0.528 8.52083e-06
-0.526 9.41612e-06
-0.524 1.04014e-05
-0.522 1.14852e-05
-0.52 1.2677e-05
-0.518 1.39869e-05
-0.516 1.54261e-05
-0.514 1.70067e-05
-0.512 1.87418e-05
-0.51 2.06458e-05
-0.508 2.27343e-05
-0.506 2.50243e-05
-0.504 2.7534e-05
-0.502 3.02835e-05
-0.5 3.32945e-05
-0.498 3.65905e-05
-0.496 4.01969e-05
-0.494 4.41414e-05
-0.492 4.8454e-05
-0.49 5.31669e-05
-0.488 5.83154e-05
-0.486 6.39372e-05
-0.484 7.00735e-05
-0.482 7.67685e-05
-0.48 8.40702e-05
-0.478 9.20302e-05
-0.476 0.000100704
-0.474 0.000110153
-0.472 0.00012044
-0.47 0.000131637
-0.468 0.000143819
-0.466 0.000157065
-0.464 0.000171465
-0.462 0.000187112
-0.46 0.000204106
-0.458 0.000222557
-0.456 0.00024258
-0.454 0.000264301
-0.452 0.000287855
-0.45 0.000313384
-0.448 0.000341045
-0.446 0.000371002
-0.444 0.000403432
-0.442 0.000438525
-0.44 0.000476484
-0.438 0.000517527
-0.436 0.000561886
-0.434 0.000609808
-0.432 0.000661559
-0.43 0.000717422
-0.428 0.000777697
-0.426 0.000842708
-0.424 0.000912797
-0.422 0.00098833
-0.42 0.00106969
-0.418 0.00115731
-0.416 0.00125161
-0.414 0.00135306
-0.412 0.00146217
-0.41 0.00157947
-0.408 0.0017055
-0.406 0.00184088
-0.404 0.00198623
-0.402 0.00214222
-0.4 0.00230957
-0.398 0.00248902
-0.396 0.00268137
-0.394 0.00288746
-0.392 0.00310818
-0.39 0.00334448
-0.388 0.00359734
-0.386 0.00386782
-0.384 0.00415701
-0.382 0.0044661
-0.38 0.00479631
-0.378 0.00514894
-0.376 0.00552535
-0.374 0.00592698
-0.372 0.00635534
-0.37 0.00681202
-0.368 0.00729869
-0.366 0.0078171
-0.364 0.00836909
-0.362 0.00895659
-0.36 0.00958163
-0.358 0.0102463
-0.356 0.0109529
-0.354 0.0117037
-0.352 0.0125011
-0.35 0.0133476
-0.348 0.0142461
-0.346 0.0151991
-0.344 0.0162096
-0.342 0.0172806
-0.34 0.0184153
-0.338 0.0196169
-0.336 0.020889
-0.334 0.0222349
-0.332 0.0236584
-0.33 0.0251634
-0.328 0.0267538
-0.326 0.0284338
-0.324 0.0302077
-0.322 0.03208
-0.32 0.0340552
-0.318 0.0361381
-0.316 0.0383337
-0.314 0.0406471
-0.312 0.0430836
-0.31 0.0456486
-0.308 0.0483479
-0.306 0.0511871
-0.304 0.0541723
-0.302 0.0573096
-0.3 0.0606054
-0.298 0.0640663
-0.296 0.0676989
-0.294 0.0715102
-0.292 0.0755071
-0.29 0.0796971
-0.288 0.0840874
-0.286 0.0886857
-0.284 0.0934998
-0.282 0.0985377
-0.28 0.103807
-0.278 0.109317
-0.276 0.115076
-0.274 0.121092
-0.272 0.127373
-0.27 0.13393
-0.268 0.140771
-0.266 0.147904
-0.264 0.155341
-0.262 0.163089
-0.26 0.171159
-0.258 0.17956
-0.256 0.188302
-0.254 0.197394
-0.252 0.206847
-0.25 0.216671
-0.248 0.226876
-0.246 0.237471
-0.244 0.248467
-0.242 0.259874
-0.24 0.271702
-0.238 0.283961
-0.236 0.296661
-0.234 0.309812
-0.232 0.323424
-0.23 0.337507
-0.228 0.35207
-0.226 0.367123
-0.224 0.382676
-0.222 0.398738
-0.22 0.415317
-0.218 0.432423
-0.216 0.450064
-0.214 0.468249
-0.212 0.486986
-0.21 0.506282
-0.208 0.526146
-0.206 0.546583
-0.204 0.567602
-0.202 0.589208
-0.2 0.611408
-0.198 0.634206
-0.196 0.657608
-0.194 0.681619
-0.192 0.706242
-0.19 0.731481
-0.188 0.757339
-0.186 0.783818
-0.184 0.81092
-0.182 0.838646
-0.18 0.866997
-0.178 0.895972
-0.176 0.925571
-0.174 0.955791
-0.172 0.98663
-0.17 1.01808
-0.168 1.05015
-0.166 1.08283
-0.164 1.1161
-0.162 1.14997
-0.16 1.18443
-0.158 1.21947
-0.156 1.25508
-0.154 1.29125
-0.152 1.32797
-0.15 1.36523
-0.148 1.40301
-0.146 1.4413
-0.144 1.4801
-0.142 1.51937
-0.14 1.55911
-0.138 1.59929
-0.136 1.63991
-0.134 1.68094
-0.132 1.72235
-0.13 1.76414
-0.128 1.80627
-0.126 1.84872
-0.124 1.89148
-0.122 1.93451
-0.12 1.97779
-0.118 2.02129
-0.116 2.06499
-0.114 2.10886
-0.112 2.15287
-0.11 2.19698
-0.108 2.24118
-0.106 2.28543
-0.104 2.32969
-0.102 2.37394
-0.1 2.41813
-0.098 2.46225
-0.096 2.50625
-0.094 2.5501
-0.092 2.59377
-0.09 2.63722
-0.088 2.68041
-0.086 2.72331
-0.084 2.76588
-0.082 2.8081
-0.08 2.84991
-0.078 2.89128
-0.076 2.93218
-0.074 2.97257
-0.072 3.01241
-0.07 3.05168
-0.068 3.09032
-0.066 3.12831
-0.064 3.16561
-0.062 3.20218
-0.06 3.23799
-0.058 3.27301
-0.056 3.30719
-0.054 3.34051
-0.052 3.37294
-0.05 3.40444
-0.048 3.43498
-0.046 3.46452
-0.044 3.49305
-0.042 3.52053
-0.04 3.54693
-0.038 3.57222
-0.036 3.59638
-0.034 3.61939
-0.032 3.64121
-0.03 3.66183
-0.028 3.68123
-0.026 3.69938
-0.024 3.71626
-0.022 3.73186
-0.02 3.74617
-0.018 3.75915
-0.016 3.77081
-0.014 3.78113
-0.012 3.79009
-0.01 3.79769
-0.008 3.80392
-0.006 3.80877
-0.004 3.81224
-0.002 3.81433
0 3.81502
0.002 3.81433
0.004 3.81224
0.006 3.80877
0.008 3.80392
0.01 3.79769
0.012 3.79009
0.014 3.78113
0.016 3.77081
0.018 3.75915
0.02 3.74617
0.022 3.73186
0.024 3.71626
0.026 3.69938
0.028 3.68123
0.03 3.66183
0.032 3.64121
0.034 3.61939
0.036 3.59638
0.038 3.57222
0.04 3.54693
0.042 3.52053
0.044 3.49305
0.046 3.46452
0.048 3.43498
0.05 3.40444
0.052 3.37294
0.054 3.34051
0.056 3.30719
0.058 3.27301
0.06 3.23799
0.062 3.20218
0.064 3.16561
0.066 3.12831
0.068 3.09032
0.07 3.05168
0.072 3.01241
0.074 2.97257
0.076 2.93218
0.078 2.89128
0.08 2.84991
0.082 2.8081
0.084 2.76588
0.086 2.72331
0.088 2.68041
0.09 2.63722
0.092 2.59377
0.094 2.5501
0.096 2.50625
0.098 2.46225
0.1 2.41813
0.102 2.37394
0.104 2.32969
0.106 2.28543
0.108 2.24118
0.11 2.19698
0.112 2.15287
0.114 2.10886
0.116 2.06499
0.118 2.02129
0.12 1.97779
0.122 1.93451
0.124 1.89148
0.126 1.84872
0.128 1.80627
0.13 1.76414
0.132 1.72235
0.134 1.68094
0.136 1.63991
0.138 1.59929
0.14 1.55911
0.142 1.51937
0.144 1.4801
0.146 1.4413
0.148 1.40301
0.15 1.36523
0.152 1.32797
0.154 1.29125
0.156 1.25508
0.158 1.21947
0.16 1.18443
0.162 1.14997
0.164 1.1161
0.166 1.08283
0.168 1.05015
0.17 1.01808
0.172 0.98663
0.174 0.955791
0.176 0.925571
0.178 0.895972
0.18 0.866997
0.182 0.838646
0.184 0.81092
0.186 0.783818
0.188 0.757339
0.19 0.731481
0.192 0.706242
0.194 0.681619
0.196 0.657608
0.198 0.634206
0.2 0.611408
0.202 0.589208
0.204 0.567602
0.206 0.546583
0.208 0.526146
0.21 0.506282
0.212 0.486986
0.214 0.468249
0.216 0.450064
0.218 0.432423
0.22 0.415317
0.222 0.398738
0.224 0.382676
0.226 0.367123
0.228 0.35207
0.23 0.337507
0.232 0.323424
0.234 0.309812
0.236 0.296661
0.238 0.283961
0.24 0.271702
0.242 0.259874
0.244 0.248467
0.246 0.237471
0.248 0.226876
0.25 0.216671
0.252 0.206847
0.254 0.197394
0.256 0.188302
0.258 0.17956
0.26 0.171159
0.262 0.163089
0.264 0.155341
0.266 0.147904
0.268 0.140771
0.27 0.13393
0.272 0.127373
0.274 0.121092
0.276 0.115076
0.278 0.109317
0.28 0.103807
0.282 0.0985377
0.284 0.0934998
0.286 0.0886857
0.288 0.0840874
0.29 0.0796971
0.292 0.0755071
0.294 0.0715102
0.296 0.0676989
0.298 0.0640663
0.3 0.0606054
0.302 0.0573096
0.304 0.0541723
0.306 0.0511871
0.308 0.0483479
0.31 0.0456486
0.312 0.0430836
0.314 0.0406471
0.316 0.0383337
0.318 0.0361381
0.32 0.0340552
0.322 0.03208
0.324 0.0302077
0.326 0.0284338
0.328 0.0267538
0.33 0.0251634
0.332 0.0236584
0.334 0.0222349
0.336 0.020889
0.338 0.0196169
0.34 0.0184153
0.342 0.0172806
0.344 0.0162096
0.346 0.0151991
0.348 0.0142461
0.35 0.0133476
0.352 0.0125011
0.354 0.0117037
0.356 0.0109529
0.358 0.0102463
0.36 0.00958163
0.362 0.00895659
0.364 0.00836909
0.366 0.0078171
0.368 0.00729869
0.37 0.00681202
0.372 0.00635534
0.374 0.00592698
0.376 0.00552535
0.378 0.00514894
0.38 0.00479631
0.382 0.0044661
0.384 0.00415701
0.386 0.00386782
0.388 0.00359734
0.39 0.00334448
0.392 0.00310818
0.394 0.00288746
0.396 0.00268137
0.398 0.00248902
0.4 0.00230957
0.402 0.00214222
0.404 0.00198623
0.406 0.00184088
0.408 0.0017055
0.41 0.00157947
0.412 0.00146217
0.414 0.00135306
0.416 0.00125161
0.418 0.00115731
0.42 0.00106969
0.422 0.00098833
0.424 0.000912797
0.426 0.000842708
0.428 0.000777697
0.43 0.000717422
0.432 0.000661559
0.434 0.000609808
0.436 0.000561886
0.438 0.000517527
0.44 0.000476484
0.442 0.000438525
0.444 0.000403432
0.446 0.000371002
0.448 0.000341045
0.45 0.000313384
0.452 0.000287855
0.454 0.000264301
0.456 0.00024258
0.458 0.000222557
0.46 0.000204106
0.462 0.000187112
0.464 0.000171465
0.466 0.000157065
0.468 0.000143819
0.47 0.000131637
0.472 0.00012044
0.474 0.000110153
0.476 0.000100704
0.478 9.20302e-05
0.48 8.40702e-05
0.482 7.67685e-05
0.484 7.00735e-05
0.486 6.39372e-05
0.488 5.83154e-05
0.49 5.31669e-05
0.492 4.8454e-05
0.494 4.41414e-05
0.496 4.01969e-05
0.498 3.65905e-05
0.5 3.32945e-05
0.502 3.02835e-05
0.504 2.7534e-05
0.506 2.50243e-05
0.508 2.27343e-05
0.51 2.06458e-05
0.512 1.87418e-05
0.514 1.70067e-05
0.516 1.54261e-05
0.518 1.39869e-05
0.52 1.2677e-05
0.522 1.14852e-05
0.524 1.04014e-05
0.526 9.41612e-06
0.528 8.52083e-06
0.53 7.70762e-06
0.532 6.96927e-06
0.534 6.29916e-06
0.536 5.69125e-06
0.538 5.13997e-06
0.54 4.64026e-06
0.542 4.18747e-06
0.544 3.77738e-06
0.546 3.4061e-06
0.548 3.07011e-06
0.55 2.76616e-06
0.552 2.49132e-06
0.554 2.24291e-06
0.556 2.01846e-06
0.558 1.81576e-06
0.56 1.63277e-06
0.562 1.46764e-06
0.564 1.31869e-06
0.566 1.18438e-06
0.568 1.06334e-06
0.57 9.54288e-07
0.572 8.56082e-07
0.574 7.67679e-07
0.576 6.88132e-07
0.578 6.16583e-07
0.58 5.52256e-07
0.582 4.94444e-07
0.584 4.42508e-07
0.586 3.95871e-07
0.588 3.54009e-07
0.59 3.16449e-07
0.592 2.82762e-07
0.594 2.5256e-07
0.596 2.25495e-07
0.598 2.01251e-07
0.6 1.79542e-07
0.602 1.60112e-07
0.604 1.42728e-07
0.606 1.27181e-07
0.608 1.13282e-07
0.61 1.00862e-07
0.612 8.97687e-08
0.614 7.98635e-08
0.616 7.10232e-08
0.618 6.31363e-08
0.62 5.6103e-08
0.622 4.98335e-08
0.624 4.4247e-08
0.626 3.92712e-08
0.628 3.48411e-08
0.63 3.08985e-08
0.632 2.73912e-08
0.634 2.42723e-08
0.636 2.15001e-08
0.638 1.90369e-08
0.64 1.68492e-08
0.642 1.4907e-08
0.644 1.31835e-08
0.646 1.16546e-08
0.648 1.02989e-08
0.65 9.09731e-09
0.652 8.03271e-09
0.654 7.08988e-09
0.656 6.25523e-09
0.658 5.51664e-09
0.66 4.86333e-09
0.662 4.28569e-09
0.664 3.77515e-09
0.666 3.32411e-09
0.668 2.9258e-09
0.67 2.57419e-09
0.672 2.26394e-09
0.674 1.99029e-09
0.676 1.74902e-09
0.678 1.53638e-09
0.68 1.34907e-09
0.682 1.18411e-09
0.684 1.03891e-09
0.686 9.11169e-10
0.688 7.98803e-10
0.69 7.0002e-10
0.692 6.13208e-10
0.694 5.36941e-10
0.696 4.69986e-10
0.698 4.11212e-10
0.7 3.59638e-10
0.702 3.14414e-10
0.704 2.74764e-10
0.706 2.40023e-10
0.708 2.09585e-10
0.71 1.82943e-10
0.712 1.59619e-10
0.714 1.39214e-10
0.716 1.21366e-10
0.718 1.05769e-10
0.72 9.21419e-11
0.722 8.02309e-11
0.724 6.98367e-11
0.726 6.07626e-11
0.728 5.28511e-11
0.73 4.59456e-11
0.732 3.99291e-11
0.734 3.46881e-11
0.736 3.0126e-11
0.738 2.61461e-11
0.74 2.2688e-11
0.742 1.96834e-11
0.744 1.70586e-11
0.746 1.47889e-11
0.748 1.28102e-11
0.75 1.10912e-11
0.752 9.6018e-12
0.754 8.30936e-12
0.756 7.1914e-12
0.758 6.21613e-12
0.76 5.36991e-12
0.762 4.63942e-12
0.764 4.01332e-12
0.766 3.45624e-12
0.768 2.98298e-12
0.77 2.57967e-12
0.772 2.2202e-12
0.774 1.91809e-12
0.776 1.65132e-12
0.778 1.41986e-12
0.78 1.2281e-12
0.782 1.05406e-12
0.784 9.08282e-13
0.786 7.7859e-13
0.788 6.71942e-13
0.79 5.78344e-13
0.792 4.95002e-13
0.794 4.29473e-13
0.796 3.66061e-13
0.798 3.21523e-13
0.8 2.68626e-13
0.802 2.39847e-13
0.804 1.98873e-13
0.806 1.72535e-13
0.808 1.5149e-13
0.81 1.26107e-13
0.812 1.15723e-13
0.814 8.85467e-14
0.816 8.44738e-14
0.818 6.95693e-14
0.82 6.23011e-14
0.822 5.6446e-14
0.824 4.61556e-14
0.826 4.109e-14
0.828 3.4016e-14
0.83 3.19221e-14
0.832 2.67391e-14
0.834 2.49011e-14
0.836 2.07666e-14
0.838 1.97003e-14
0.84 1.7573e-14
0.842 1.41896e-14
0.844 1.42949e-14
0.846 1.3199e-14
0.848 1.03144e-14
0.85 1.15691e-14
0.852 1.06365e-14
0.854 8.86901e-15
0.856 1.03842e-14
0.858 7.33376e-15
0.86 6.20267e-15
0.862 6.15804e-15
0.864 7.50807e-15
0.866 6.20393e-15
0.868 9.53991e-15
0.87 8.78492e-15
0.872 5.99786e-16
0.874 7.53337e-15
0.876 5.24233e-15
0.878 7.99866e-15
0.88 7.67891e-15
0.882 3.24675e-15
0.884 5.75914e-15
0.886 6.26172e-15
0.888 5.56008e-15
0.89 7.57103e-15
0.892 5.57206e-15
0.894 6.37477e-15
0.896 6.62628e-15
0.898 1.65408e-15
0.9 6.89808e-15
0.902 5.09277e-15
0.904 1.12093e-14
0.906 3.44134e-15
0.908 2.42893e-15
0.91 1.98449e-15
0.912 -1.17086e-16
0.914 4.11642e-15
0.916 1.37857e-15
0.918 1.11035e-14
0.92 1.24132e-15
0.922 9.24084e-15
0.924 7.17836e-15
0.926 9.16077e-15
0.928 8.02611e-15
0.93 3.01245e-15
0.932 7.2944e-15
0.934 1.00228e-14
0.936 6.19292e-15
0.938 7.95828e-15
0.94 5.82953e-15
0.942 -1.44725e-15
0.944 9.10217e-15
0.946 3.65052e-15
0.948 1.01301e-14
0.95 1.87338e-15
0.952 4.15581e-15
0.954 -1.58433e-15
0.956 1.23813e-14
0.958 5.33046e-15
0.96 7.38386e-15
0.962 9.33931e-15
0.964 2.01888e-15
0.966 8.84783e-15
0.968 -7.10644e-16
0.97 5.47415e-15
0.972 1.47044e-15
0.974 7.66207e-15
0.976 1.42291e-15
0.978 9.54744e-15
0.98 5.31589e-15
0.982 5.04455e-15
0.984 2.41766e-15
0.986 1.31179e-15
0.988 9.06108e-15
0.99 4.06123e-15
0.992 6.73112e-15
0.994 4.01034e-15
0.996 4.4249e-15
0.998 4.91122e-15
