-1 0.338457
-0.99 0.33818
-0.98 0.338646
-0.97 0.338578
-0.96 0.339205
-0.95 0.339381
-0.94 0.340112
-0.93 0.3406
-0.92 0.341345
-0.91 0.342225
-0.9 0.34291
-0.89 0.34419
-0.88 0.344879
-0.87 0.346362
-0.86 0.347345
-0.85 0.34866
-0.84 0.350226
-0.83 0.351277
-0.82 0.353147
-0.81 0.354531
-0.8 0.355973
-0.79 0.358057
-0.78 0.359401
-0.77 0.361141
-0.76 0.363367
-0.75 0.364775
-0.74 0.366542
-0.73 0.368992
-0.72 0.370641
-0.71 0.372048
-0.7 0.37449
-0.69 0.37699
-0.68 0.378324
-0.67 0.379425
-0.66 0.382024
-0.65 0.386597
-0.64 0.392414
-0.63 0.39864
-0.62 0.404877
-0.61 0.411046
-0.6 0.417165
-0.59 0.423246
-0.58 0.42929
-0.57 0.435293
-0.56 0.441251
-0.55 0.447162
-0.54 0.453021
-0.53 0.458826
-0.52 0.464573
-0.51 0.47026
-0.5 0.475883
-0.49 0.48144
-0.48 0.486928
-0.47 0.492343
-0.46 0.497683
-0.45 0.502946
-0.44 0.508128
-0.43 0.513228
-0.42 0.518242
-0.41 0.523168
-0.4 0.528004
-0.39 0.532748
-0.38 0.537397
-0.37 0.541948
-0.36 0.546401
-0.35 0.550753
-0.34 0.555002
-0.33 0.559146
-0.32 0.563184
-0.31 0.567113
-0.3 0.570932
-0.29 0.57464
-0.28 0.578235
-0.27 0.581715
-0.26 0.585079
-0.25 0.588326
-0.24 0.591455
-0.23 0.594465
-0.22 0.597354
-0.21 0.600121
-0.2 0.602765
-0.19 0.605286
-0.18 0.607683
-0.17 0.609954
-0.16 0.612099
-0.15 0.614118
-0.14 0.616009
-0.13 0.617773
-0.12 0.619408
-0.11 0.620913
-0.1 0.62229
-0.09 0.623536
-0.08 0.624653
-0.07 0.625638
-0.06 0.626493
-0.05 0.627217
-0.04 0.627809
-0.03 0.62827
-0.02 0.6286
-0.01 0.628797
0 0.628863
0.01 0.628797
0.02 0.6286
0.03 0.62827
0.04 0.627809
0.05 0.627217
0.06 0.626493
0.07 0.625638
0.08 0.624653
0.09 0.623536
0.1 0.62229
0.11 0.620913
0.12 0.619408
0.13 0.617773
0.14 0.616009
0.15 0.614118
0.16 0.612099
0.17 0.609954
0.18 0.607683
0.19 0.605286
0.2 0.602765
0.21 0.600121
0.22 0.597354
0.23 0.594465
0.24 0.591455
0.25 0.588326
0.26 0.585079
0.27 0.581715
0.28 0.578235
0.29 0.57464
0.3 0.570932
0.31 0.567113
0.32 0.563184
0.33 0.559146
0.34 0.555002
0.35 0.550753
0.36 0.546401
0.37 0.541948
0.38 0.537397
0.39 0.532748
0.4 0.528004
0.41 0.523168
0.42 0.518242
0.43 0.513228
0.44 0.508128
0.45 0.502946
0.46 0.497683
0.47 0.492343
0.48 0.486928
0.49 0.48144
0.5 0.475883
0.51 0.47026
0.52 0.464573
0.53 0.458826
0.54 0.453021
0.55 0.447162
0.56 0.441251
0.57 0.435293
0.58 0.42929
0.59 0.423246
0.6 0.417165
0.61 0.411046
0.62 0.404877
0.63 0.39864
0.64 0.392414
0.65 0.386597
0.66 0.382024
0.67 0.379425
0.68 0.378324
0.69 0.37699
0.7 0.37449
0.71 0.372048
0.72 0.370641
0.73 0.368992
0.74 0.366542
0.75 0.364775
0.76 0.363367
0.77 0.361141
0.78 0.359401
0.79 0.358057
0.8 0.355973
0.81 0.354531
0.82 0.353147
0.83 0.351277
0.84 0.350226
0.85 0.34866
0.86 0.347345
0.87 0.346362
0.88 0.344879
0.89 0.34419
0.9 0.34291
0.91 0.342225
0.92 0.341345
0.93 0.3406
0.94 0.340112
0.95 0.339381
0.96 0.339205
0.97 0.338578
0.98 0.338646
0.99 0.33818
