-1 0.000160557
-0.998 0.000161176
-0.996 0.000163034
-0.994 0.000166143
-0.992 0.000170523
-0.99 0.000176199
-0.988 0.000183206
-0.986 0.000191586
-0.984 0.000201389
-0.982 0.000212673
-0.98 0.000225504
-0.978 0.00023996
-0.976 0.000256124
-0.974 0.00027409
-0.972 0.000293963
-0.97 0.000315856
-0.968 0.000339895
-0.966 0.000366214
-0.964 0.000394962
-0.962 0.000426298
-0.96 0.000460395
-0.958 0.000497438
-0.956 0.000537628
-0.954 0.000581179
-0.952 0.000628321
-0.95 0.000679302
-0.948 0.000734385
-0.946 0.000793851
-0.944 0.000858003
-0.942 0.00092716
-0.94 0.00100167
-0.938 0.00108188
-0.936 0.0011682
-0.934 0.00126102
-0.932 0.0013608
-0.93 0.00146798
-0.928 0.00158307
-0.926 0.00170659
-0.924 0.00183908
-0.922 0.00198113
-0.92 0.00213336
-0.918 0.00229643
-0.916 0.00247103
-0.914 0.00265788
-0.912 0.00285776
-0.91 0.00307147
-0.908 0.00329988
-0.906 0.00354389
-0.904 0.00380445
-0.902 0.00408255
-0.9 0.00437925
-0.898 0.00469565
-0.896 0.00503292
-0.894 0.00539227
-0.892 0.00577497
-0.89 0.00618238
-0.888 0.0066159
-0.886 0.00707699
-0.884 0.0075672
-0.882 0.00808814
-0.88 0.00864148
-0.878 0.009229
-0.876 0.00985253
-0.874 0.010514
-0.872 0.0112154
-0.87 0.0119587
-0.868 0.0127463
-0.866 0.0135803
-0.864 0.0144631
-0.862 0.0153971
-0.86 0.0163849
-0.858 0.017429
-0.856 0.0185323
-0.854 0.0196976
-0.852 0.0209277
-0.85 0.0222258
-0.848 0.023595
-0.846 0.0250385
-0.844 0.0265597
-0.842 0.028162
-0.84 0.0298491
-0.838 0.0316246
-0.836 0.0334923
-0.834 0.0354561
-0.832 0.03752
-0.83 0.0396882
-0.828 0.0419649
-0.826 0.0443545
-0.824 0.0468614
-0.822 0.0494902
-0.82 0.0522455
-0.818 0.0551322
-0.816 0.0581551
-0.814 0.0613193
-0.812 0.0646297
-0.81 0.0680916
-0.808 0.0717103
-0.806 0.0754911
-0.804 0.0794394
-0.802 0.0835608
-0.8 0.0878608
-0.798 0.0923453
-0.796 0.0970197
-0.794 0.10189
-0.792 0.106962
-0.79 0.112242
-0.788 0.117735
-0.786 0.123447
-0.784 0.129385
-0.782 0.135555
-0.78 0.141961
-0.778 0.148611
-0.776 0.155511
-0.774 0.162665
-0.772 0.170081
-0.77 0.177764
-0.768 0.185719
-0.766 0.193953
-0.764 0.202471
-0.762 0.211278
-0.76 0.22038
-0.758 0.229783
-0.756 0.239491
-0.754 0.249509
-0.752 0.259842
-0.75 0.270495
-0.748 0.281472
-0.746 0.292778
-0.744 0.304416
-0.742 0.31639
-0.74 0.328703
-0.738 0.341359
-0.736 0.35436
-0.734 0.36771
-0.732 0.38141
-0.73 0.395462
-0.728 0.409868
-0.726 0.424628
-0.724 0.439745
-0.722 0.455217
-0.72 0.471045
-0.718 0.487229
-0.716 0.503767
-0.714 0.520658
-0.712 0.537901
-0.71 0.555492
-0.708 0.573429
-0.706 0.591709
-0.704 0.610327
-0.702 0.629279
-0.7 0.64856
-0.698 0.668164
-0.696 0.688086
-0.694 0.708319
-0.692 0.728855
-0.69 0.749686
-0.688 0.770804
-0.686 0.7922
-0.684 0.813865
-0.682 0.835787
-0.68 0.857957
-0.678 0.880363
-0.676 0.902992
-0.674 0.925833
-0.672 0.948872
-0.67 0.972096
-0.668 0.995489
-0.666 1.01904
-0.664 1.04273
-0.662 1.06654
-0.66 1.09046
-0.658 1.11447
-0.656 1.13855
-0.654 1.16269
-0.652 1.18687
-0.65 1.21106
-0.648 1.23526
-0.646 1.25943
-0.644 1.28356
-0.642 1.30763
-0.64 1.33162
-0.638 1.35551
-0.636 1.37928
-0.634 1.4029
-0.632 1.42635
-0.63 1.44962
-0.628 1.47267
-0.626 1.4955
-0.624 1.51807
-0.622 1.54036
-0.62 1.56236
-0.618 1.58404
-0.616 1.60538
-0.614 1.62635
-0.612 1.64694
-0.61 1.66712
-0.608 1.68688
-0.606 1.70618
-0.604 1.72502
-0.602 1.74337
-0.6 1.76121
-0.598 1.77852
-0.596 1.79528
-0.594 1.81147
-0.592 1.82708
-0.59 1.84209
-0.588 1.85647
-0.586 1.87023
-0.584 1.88333
-0.582 1.89576
-0.58 1.90751
-0.578 1.91857
-0.576 1.92892
-0.574 1.93855
-0.572 1.94745
-0.57 1.9556
-0.568 1.96301
-0.566 1.96966
-0.564 1.97553
-0.562 1.98064
-0.56 1.98496
-0.558 1.9885
-0.556 1.99124
-0.554 1.99319
-0.552 1.99435
-0.55 1.99471
-0.548 1.99427
-0.546 1.99304
-0.544 1.991
-0.542 1.98818
-0.54 1.98456
-0.538 1.98016
-0.536 1.97498
-0.534 1.96903
-0.532 1.9623
-0.53 1.95482
-0.528 1.94659
-0.526 1.93762
-0.524 1.92791
-0.522 1.91749
-0.52 1.90637
-0.518 1.89455
-0.516 1.88204
-0.514 1.86888
-0.512 1.85506
-0.51 1.84061
-0.508 1.82555
-0.506 1.80988
-0.504 1.79363
-0.502 1.77681
-0.5 1.75945
-0.498 1.74156
-0.496 1.72316
-0.494 1.70427
-0.492 1.68492
-0.49 1.66512
-0.488 1.6449
-0.486 1.62427
-0.484 1.60326
-0.482 1.58189
-0.48 1.56018
-0.478 1.53815
-0.476 1.51582
-0.474 1.49323
-0.472 1.47038
-0.47 1.4473
-0.468 1.42401
-0.466 1.40054
-0.464 1.37691
-0.462 1.35313
-0.46 1.32923
-0.458 1.30523
-0.456 1.28115
-0.454 1.25701
-0.452 1.23284
-0.45 1.20864
-0.448 1.18445
-0.446 1.16028
-0.444 1.13614
-0.442 1.11207
-0.44 1.08806
-0.438 1.06415
-0.436 1.04035
-0.434 1.01668
-0.432 0.993143
-0.43 0.969765
-0.428 0.94656
-0.426 0.92354
-0.424 0.90072
-0.422 0.878112
-0.42 0.855729
-0.418 0.833584
-0.416 0.811686
-0.414 0.790048
-0.412 0.76868
-0.41 0.74759
-0.408 0.726788
-0.406 0.706282
-0.404 0.68608
-0.402 0.666189
-0.4 0.646617
-0.398 0.627369
-0.396 0.60845
-0.394 0.589865
-0.392 0.57162
-0.39 0.553717
-0.388 0.536161
-0.386 0.518953
-0.384 0.502097
-0.382 0.485595
-0.38 0.469446
-0.378 0.453654
-0.376 0.438217
-0.374 0.423136
-0.372 0.408411
-0.37 0.394041
-0.368 0.380024
-0.366 0.366359
-0.364 0.353044
-0.362 0.340078
-0.36 0.327456
-0.358 0.315177
-0.356 0.303237
-0.354 0.291632
-0.352 0.28036
-0.35 0.269415
-0.348 0.258794
-0.346 0.248493
-0.344 0.238506
-0.342 0.228829
-0.34 0.219457
-0.338 0.210384
-0.336 0.201606
-0.334 0.193117
-0.332 0.184911
-0.33 0.176983
-0.328 0.169327
-0.326 0.161938
-0.324 0.154809
-0.322 0.147935
-0.32 0.14131
-0.318 0.134927
-0.316 0.128781
-0.314 0.122866
-0.312 0.117176
-0.31 0.111704
-0.308 0.106446
-0.306 0.101394
-0.304 0.0965435
-0.302 0.0918883
-0.3 0.0874226
-0.298 0.0831407
-0.296 0.0790368
-0.294 0.0751055
-0.292 0.0713412
-0.29 0.0677385
-0.288 0.0642919
-0.286 0.0609964
-0.284 0.0578466
-0.282 0.0548375
-0.28 0.0519642
-0.278 0.0492217
-0.276 0.0466053
-0.274 0.0441103
-0.272 0.0417322
-0.27 0.0394666
-0.268 0.037309
-0.266 0.0352552
-0.264 0.0333012
-0.262 0.0314429
-0.26 0.0296765
-0.258 0.027998
-0.256 0.026404
-0.254 0.0248907
-0.252 0.0234548
-0.25 0.0220929
-0.248 0.0208017
-0.246 0.0195782
-0.244 0.0184192
-0.242 0.0173219
-0.24 0.0162835
-0.238 0.0153012
-0.236 0.0143725
-0.234 0.0134947
-0.232 0.0126654
-0.23 0.0118824
-0.228 0.0111433
-0.226 0.010446
-0.224 0.00978837
-0.222 0.00916851
-0.22 0.00858447
-0.218 0.00803442
-0.216 0.00751661
-0.214 0.00702935
-0.212 0.00657106
-0.21 0.00614018
-0.208 0.00573527
-0.206 0.00535491
-0.204 0.00499778
-0.202 0.00466261
-0.2 0.00434817
-0.198 0.00405331
-0.196 0.00377694
-0.194 0.00351801
-0.192 0.00327551
-0.19 0.00304852
-0.188 0.00283611
-0.186 0.00263746
-0.184 0.00245173
-0.182 0.00227818
-0.18 0.00211606
-0.178 0.00196469
-0.176 0.00182342
-0.174 0.00169164
-0.172 0.00156874
-0.17 0.0014542
-0.168 0.00134748
-0.166 0.00124809
-0.164 0.00115557
-0.162 0.00106948
-0.16 0.000989412
-0.158 0.00091497
-0.156 0.00084579
-0.154 0.000781528
-0.152 0.00072186
-0.15 0.000666481
-0.148 0.000615104
-0.146 0.000567461
-0.144 0.000523298
-0.142 0.00048238
-0.14 0.000444483
-0.138 0.0004094
-0.136 0.000376935
-0.134 0.000346906
-0.132 0.000319141
-0.13 0.000293481
-0.128 0.000269776
-0.126 0.000247887
-0.124 0.000227683
-0.122 0.000209042
-0.12 0.00019185
-0.118 0.000176002
-0.116 0.000161398
-0.114 0.000147947
-0.112 0.000135563
-0.11 0.000124166
-0.108 0.000113682
-0.106 0.000104041
-0.104 9.51795e-05
-0.102 8.70382e-05
-0.1 7.95616e-05
-0.098 7.26981e-05
-0.096 6.64002e-05
-0.094 6.06238e-05
-0.092 5.53278e-05
-0.09 5.04743e-05
-0.088 4.60284e-05
-0.086 4.19573e-05
-0.084 3.82312e-05
-0.082 3.48222e-05
-0.08 3.17047e-05
-0.078 2.8855e-05
-0.076 2.62512e-05
-0.074 2.3873e-05
-0.072 2.17019e-05
-0.07 1.97207e-05
-0.068 1.79136e-05
-0.066 1.6266e-05
-0.064 1.47646e-05
-0.062 1.3397e-05
-0.06 1.21518e-05
-0.058 1.10187e-05
-0.056 9.98802e-06
-0.054 9.05108e-06
-0.052 8.1998e-06
-0.05 7.42679e-06
-0.048 6.72528e-06
-0.046 6.08909e-06
-0.044 5.51256e-06
-0.042 4.9905e-06
-0.04 4.5182e-06
-0.038 4.09134e-06
-0.036 3.70599e-06
-0.034 3.35859e-06
-0.032 3.04589e-06
-0.03 2.76494e-06
-0.028 2.51309e-06
-0.026 2.28792e-06
-0.024 2.08728e-06
-0.022 1.90922e-06
-0.02 1.75202e-06
-0.018 1.61413e-06
-0.016 1.49419e-06
-0.014 1.39104e-06
-0.012 1.30363e-06
-0.01 1.2311e-06
-0.008 1.17273e-06
-0.006 1.12793e-06
-0.004 1.09624e-06
-0.002 1.07736e-06
0 1.07109e-06
0.002 1.07736e-06
0.004 1.09624e-06
0.006 1.12793e-06
0.008 1.17273e-06
0.01 1.2311e-06
0.012 1.30363e-06
0.014 1.39104e-06
0.016 1.49419e-06
0.018 1.61413e-06
0.02 1.75202e-06
0.022 1.90922e-06
0.024 2.08728e-06
0.026 2.28792e-06
0.028 2.51309e-06
0.03 2.76494e-06
0.032 3.04589e-06
0.034 3.35859e-06
0.036 3.70599e-06
0.038 4.09134e-06
0.04 4.5182e-06
0.042 4.9905e-06
0.044 5.51256e-06
0.046 6.08909e-06
0.048 6.72528e-06
0.05 7.42679e-06
0.052 8.1998e-06
0.054 9.05108e-06
0.056 9.98802e-06
0.058 1.10187e-05
0.06 1.21518e-05
0.062 1.3397e-05
0.064 1.47646e-05
0.066 1.6266e-05
0.068 1.79136e-05
0.07 1.97207e-05
0.072 2.17019e-05
0.074 2.3873e-05
0.076 2.62512e-05
0.078 2.8855e-05
0.08 3.17047e-05
0.082 3.48222e-05
0.084 3.82312e-05
0.086 4.19573e-05
0.088 4.60284e-05
0.09 5.04743e-05
0.092 5.53278e-05
0.094 6.06238e-05
0.096 6.64002e-05
0.098 7.26981e-05
0.1 7.95616e-05
0.102 8.70382e-05
0.104 9.51795e-05
0.106 0.000104041
0.108 0.000113682
0.11 0.000124166
0.112 0.000135563
0.114 0.000147947
0.116 0.000161398
0.118 0.000176002
0.12 0.00019185
0.122 0.000209042
0.124 0.000227683
0.126 0.000247887
0.128 0.000269776
0.13 0.000293481
0.132 0.000319141
0.134 0.000346906
0.136 0.000376935
0.138 0.0004094
0.14 0.000444483
0.142 0.00048238
0.144 0.000523298
0.146 0.000567461
0.148 0.000615104
0.15 0.000666481
0.152 0.00072186
0.154 0.000781528
0.156 0.00084579
0.158 0.00091497
0.16 0.000989412
0.162 0.00106948
0.164 0.00115557
0.166 0.00124809
0.168 0.00134748
0.17 0.0014542
0.172 0.00156874
0.174 0.00169164
0.176 0.00182342
0.178 0.00196469
0.18 0.00211606
0.182 0.00227818
0.184 0.00245173
0.186 0.00263746
0.188 0.00283611
0.19 0.00304852
0.192 0.00327551
0.194 0.00351801
0.196 0.00377694
0.198 0.00405331
0.2 0.00434817
0.202 0.00466261
0.204 0.00499778
0.206 0.00535491
0.208 0.00573527
0.21 0.00614018
0.212 0.00657106
0.214 0.00702935
0.216 0.00751661
0.218 0.00803442
0.22 0.00858447
0.222 0.00916851
0.224 0.00978837
0.226 0.010446
0.228 0.0111433
0.23 0.0118824
0.232 0.0126654
0.234 0.0134947
0.236 0.0143725
0.238 0.0153012
0.24 0.0162835
0.242 0.0173219
0.244 0.0184192
0.246 0.0195782
0.248 0.0208017
0.25 0.0220929
0.252 0.0234548
0.254 0.0248907
0.256 0.026404
0.258 0.027998
0.26 0.0296765
0.262 0.0314429
0.264 0.0333012
0.266 0.0352552
0.268 0.037309
0.27 0.0394666
0.272 0.0417322
0.274 0.0441103
0.276 0.0466053
0.278 0.0492217
0.28 0.0519642
0.282 0.0548375
0.284 0.0578466
0.286 0.0609964
0.288 0.0642919
0.29 0.0677385
0.292 0.0713412
0.294 0.0751055
0.296 0.0790368
0.298 0.0831407
0.3 0.0874226
0.302 0.0918883
0.304 0.0965435
0.306 0.101394
0.308 0.106446
0.31 0.111704
0.312 0.117176
0.314 0.122866
0.316 0.128781
0.318 0.134927
0.32 0.14131
0.322 0.147935
0.324 0.154809
0.326 0.161938
0.328 0.169327
0.33 0.176983
0.332 0.184911
0.334 0.193117
0.336 0.201606
0.338 0.210384
0.34 0.219457
0.342 0.228829
0.344 0.238506
0.346 0.248493
0.348 0.258794
0.35 0.269415
0.352 0.28036
0.354 0.291632
0.356 0.303237
0.358 0.315177
0.36 0.327456
0.362 0.340078
0.364 0.353044
0.366 0.366359
0.368 0.380024
0.37 0.394041
0.372 0.408411
0.374 0.423136
0.376 0.438217
0.378 0.453654
0.38 0.469446
0.382 0.485595
0.384 0.502097
0.386 0.518953
0.388 0.536161
0.39 0.553717
0.392 0.57162
0.394 0.589865
0.396 0.60845
0.398 0.627369
0.4 0.646617
0.402 0.666189
0.404 0.68608
0.406 0.706282
0.408 0.726788
0.41 0.74759
0.412 0.76868
0.414 0.790048
0.416 0.811686
0.418 0.833584
0.42 0.855729
0.422 0.878112
0.424 0.90072
0.426 0.92354
0.428 0.94656
0.43 0.969765
0.432 0.993143
0.434 1.01668
0.436 1.04035
0.438 1.06415
0.44 1.08806
0.442 1.11207
0.444 1.13614
0.446 1.16028
0.448 1.18445
0.45 1.20864
0.452 1.23284
0.454 1.25701
0.456 1.28115
0.458 1.30523
0.46 1.32923
0.462 1.35313
0.464 1.37691
0.466 1.40054
0.468 1.42401
0.47 1.4473
0.472 1.47038
0.474 1.49323
0.476 1.51582
0.478 1.53815
0.48 1.56018
0.482 1.58189
0.484 1.60326
0.486 1.62427
0.488 1.6449
0.49 1.66512
0.492 1.68492
0.494 1.70427
0.496 1.72316
0.498 1.74156
0.5 1.75945
0.502 1.77681
0.504 1.79363
0.506 1.80988
0.508 1.82555
0.51 1.84061
0.512 1.85506
0.514 1.86888
0.516 1.88204
0.518 1.89455
0.52 1.90637
0.522 1.91749
0.524 1.92791
0.526 1.93762
0.528 1.94659
0.53 1.95482
0.532 1.9623
0.534 1.96903
0.536 1.97498
0.538 1.98016
0.54 1.98456
0.542 1.98818
0.544 1.991
0.546 1.99304
0.548 1.99427
0.55 1.99471
0.552 1.99435
0.554 1.99319
0.556 1.99124
0.558 1.9885
0.56 1.98496
0.562 1.98064
0.564 1.97553
0.566 1.96966
0.568 1.96301
0.57 1.9556
0.572 1.94745
0.574 1.93855
0.576 1.92892
0.578 1.91857
0.58 1.90751
0.582 1.89576
0.584 1.88333
0.586 1.87023
0.588 1.85647
0.59 1.84209
0.592 1.82708
0.594 1.81147
0.596 1.79528
0.598 1.77852
0.6 1.76121
0.602 1.74337
0.604 1.72502
0.606 1.70618
0.608 1.68688
0.61 1.66712
0.612 1.64694
0.614 1.62635
0.616 1.60538
0.618 1.58404
0.62 1.56236
0.622 1.54036
0.624 1.51807
0.626 1.4955
0.628 1.47267
0.63 1.44962
0.632 1.42635
0.634 1.4029
0.636 1.37928
0.638 1.35551
0.64 1.33162
0.642 1.30763
0.644 1.28356
0.646 1.25943
0.648 1.23526
0.65 1.21106
0.652 1.18687
0.654 1.16269
0.656 1.13855
0.658 1.11447
0.66 1.09046
0.662 1.06654
0.664 1.04273
0.666 1.01904
0.668 0.995489
0.67 0.972096
0.672 0.948872
0.674 0.925833
0.676 0.902992
0.678 0.880363
0.68 0.857957
0.682 0.835787
0.684 0.813865
0.686 0.7922
0.688 0.770804
0.69 0.749686
0.692 0.728855
0.694 0.708319
0.696 0.688086
0.698 0.668164
0.7 0.64856
0.702 0.629279
0.704 0.610327
0.706 0.591709
0.708 0.573429
0.71 0.555492
0.712 0.537901
0.714 0.520658
0.716 0.503767
0.718 0.487229
0.72 0.471045
0.722 0.455217
0.724 0.439745
0.726 0.424628
0.728 0.409868
0.73 0.395462
0.732 0.38141
0.734 0.36771
0.736 0.35436
0.738 0.341359
0.74 0.328703
0.742 0.31639
0.744 0.304416
0.746 0.292778
0.748 0.281472
0.75 0.270495
0.752 0.259842
0.754 0.249509
0.756 0.239491
0.758 0.229783
0.76 0.22038
0.762 0.211278
0.764 0.202471
0.766 0.193953
0.768 0.185719
0.77 0.177764
0.772 0.170081
0.774 0.162665
0.776 0.155511
0.778 0.148611
0.78 0.141961
0.782 0.135555
0.784 0.129385
0.786 0.123447
0.788 0.117735
0.79 0.112242
0.792 0.106962
0.794 0.10189
0.796 0.0970197
0.798 0.0923453
0.8 0.0878608
0.802 0.0835608
0.804 0.0794394
0.806 0.0754911
0.808 0.0717103
0.81 0.0680916
0.812 0.0646297
0.814 0.0613193
0.816 0.0581551
0.818 0.0551322
0.82 0.0522455
0.822 0.0494902
0.824 0.0468614
0.826 0.0443545
0.828 0.0419649
0.83 0.0396882
0.832 0.03752
0.834 0.0354561
0.836 0.0334923
0.838 0.0316246
0.84 0.0298491
0.842 0.028162
0.844 0.0265597
0.846 0.0250385
0.848 0.023595
0.85 0.0222258
0.852 0.0209277
0.854 0.0196976
0.856 0.0185323
0.858 0.017429
0.86 0.0163849
0.862 0.0153971
0.864 0.0144631
0.866 0.0135803
0.868 0.0127463
0.87 0.0119587
0.872 0.0112154
0.874 0.010514
0.876 0.00985253
0.878 0.009229
0.88 0.00864148
0.882 0.00808814
0.884 0.0075672
0.886 0.00707699
0.888 0.0066159
0.89 0.00618238
0.892 0.00577497
0.894 0.00539227
0.896 0.00503292
0.898 0.00469565
0.9 0.00437925
0.902 0.00408255
0.904 0.00380445
0.906 0.00354389
0.908 0.00329988
0.91 0.00307147
0.912 0.00285776
0.914 0.00265788
0.916 0.00247103
0.918 0.00229643
0.92 0.00213336
0.922 0.00198113
0.924 0.00183908
0.926 0.00170659
0.928 0.00158307
0.93 0.00146798
0.932 0.0013608
0.934 0.00126102
0.936 0.0011682
0.938 0.00108188
0.94 0.00100167
0.942 0.00092716
0.944 0.000858003
0.946 0.000793851
0.948 0.000734385
0.95 0.000679302
0.952 0.000628321
0.954 0.000581179
0.956 0.000537628
0.958 0.000497438
0.96 0.000460395
0.962 0.000426298
0.964 0.000394962
0.966 0.000366214
0.968 0.000339895
0.97 0.000315856
0.972 0.000293963
0.974 0.00027409
0.976 0.000256124
0.978 0.00023996
0.98 0.000225504
0.982 0.000212673
0.984 0.000201389
0.986 0.000191586
0.988 0.000183206
0.99 0.000176199
0.992 0.000170523
0.994 0.000166143
0.996 0.000163034
0.998 0.000161176
