-1 0.188967
-0.99 0.188575
-0.98 0.189273
-0.97 0.18911
-0.96 0.190142
-0.95 0.190283
-0.94 0.191406
-0.93 0.192268
-0.92 0.192989
-0.91 0.194807
-0.9 0.195596
-0.89 0.196964
-0.88 0.199352
-0.87 0.200553
-0.86 0.201578
-0.85 0.204811
-0.84 0.210301
-0.83 0.216788
-0.82 0.223503
-0.81 0.230293
-0.8 0.237182
-0.79 0.244186
-0.78 0.251303
-0.77 0.258533
-0.76 0.265872
-0.75 0.273319
-0.74 0.280869
-0.73 0.288522
-0.72 0.296274
-0.71 0.304121
-0.7 0.312061
-0.69 0.32009
-0.68 0.328205
-0.67 0.336401
-0.66 0.344674
-0.65 0.353021
-0.64 0.361437
-0.63 0.369916
-0.62 0.378456
-0.61 0.38705
-0.6 0.395693
-0.59 0.404381
-0.58 0.413108
-0.57 0.421867
-0.56 0.430655
-0.55 0.439463
-0.54 0.448288
-0.53 0.457121
-0.52 0.465958
-0.51 0.474791
-0.5 0.483614
-0.49 0.492421
-0.48 0.501204
-0.47 0.509957
-0.46 0.518673
-0.45 0.527344
-0.44 0.535965
-0.43 0.544527
-0.42 0.553023
-0.41 0.561446
-0.4 0.56979
-0.39 0.578046
-0.38 0.586207
-0.37 0.594267
-0.36 0.602217
-0.35 0.610051
-0.34 0.617761
-0.33 0.62534
-0.32 0.632782
-0.31 0.640078
-0.3 0.647222
-0.29 0.654208
-0.28 0.661027
-0.27 0.667675
-0.26 0.674143
-0.25 0.680426
-0.24 0.686518
-0.23 0.692411
-0.22 0.698102
-0.21 0.703582
-0.2 0.708848
-0.19 0.713893
-0.18 0.718712
-0.17 0.7233
-0.16 0.727653
-0.15 0.731766
-0.14 0.735634
-0.13 0.739254
-0.12 0.742621
-0.11 0.745733
-0.1 0.748585
-0.09 0.751175
-0.08 0.7535
-0.07 0.755557
-0.06 0.757345
-0.05 0.75886
-0.04 0.760103
-0.03 0.761071
-0.02 0.761763
-0.01 0.762178
0 0.762317
0.01 0.762178
0.02 0.761763
0.03 0.761071
0.04 0.760103
0.05 0.75886
0.06 0.757345
0.07 0.755557
0.08 0.7535
0.09 0.751175
0.1 0.748585
0.11 0.745733
0.12 0.742621
0.13 0.739254
0.14 0.735634
0.15 0.731766
0.16 0.727653
0.17 0.7233
0.18 0.718712
0.19 0.713893
0.2 0.708848
0.21 0.703582
0.22 0.698102
0.23 0.692411
0.24 0.686518
0.25 0.680426
0.26 0.674143
0.27 0.667675
0.28 0.661027
0.29 0.654208
0.3 0.647222
0.31 0.640078
0.32 0.632782
0.33 0.62534
0.34 0.617761
0.35 0.610051
0.36 0.602217
0.37 0.594267
0.38 0.586207
0.39 0.578046
0.4 0.56979
0.41 0.561446
0.42 0.553023
0.43 0.544527
0.44 0.535965
0.45 0.527344
0.46 0.518673
0.47 0.509957
0.48 0.501204
0.49 0.492421
0.5 0.483614
0.51 0.474791
0.52 0.465958
0.53 0.457121
0.54 0.448288
0.55 0.439463
0.56 0.430655
0.57 0.421867
0.58 0.413108
0.59 0.404381
0.6 0.395693
0.61 0.38705
0.62 0.378456
0.63 0.369916
0.64 0.361437
0.65 0.353021
0.66 0.344674
0.67 0.336401
0.68 0.328205
0.69 0.32009
0.7 0.312061
0.71 0.304121
0.72 0.296274
0.73 0.288522
0.74 0.280869
0.75 0.273319
0.76 0.265872
0.77 0.258533
0.78 0.251303
0.79 0.244186
0.8 0.237182
0.81 0.230293
0.82 0.223503
0.83 0.216788
0.84 0.210301
0.85 0.204811
0.86 0.201578
0.87 0.200553
0.88 0.199352
0.89 0.196964
0.9 0.195596
0.91 0.194807
0.92 0.192989
0.93 0.192268
0.94 0.191406
0.95 0.190283
0.96 0.190142
0.97 0.18911
0.98 0.189273
0.99 0.188575
