-1 3.81273
-0.998 3.81204
-0.996 3.80996
-0.994 3.8065
-0.992 3.80165
-0.99 3.79544
-0.988 3.78785
-0.986 3.7789
-0.984 3.76861
-0.982 3.75697
-0.98 3.74401
-0.978 3.72973
-0.976 3.71416
-0.974 3.69731
-0.972 3.67919
-0.97 3.65983
-0.968 3.63925
-0.966 3.61747
-0.964 3.5945
-0.962 3.57038
-0.96 3.54514
-0.958 3.51879
-0.956 3.49136
-0.954 3.46288
-0.952 3.43339
-0.95 3.4029
-0.948 3.37146
-0.946 3.33909
-0.944 3.30582
-0.942 3.2717
-0.94 3.23674
-0.938 3.20099
-0.936 3.16448
-0.934 3.12724
-0.932 3.08931
-0.93 3.05073
-0.928 3.01153
-0.926 2.97175
-0.924 2.93142
-0.922 2.89058
-0.92 2.84927
-0.918 2.80752
-0.916 2.76537
-0.914 2.72286
-0.912 2.68002
-0.91 2.63689
-0.908 2.5935
-0.906 2.54989
-0.904 2.5061
-0.902 2.46215
-0.9 2.41809
-0.898 2.37395
-0.896 2.32975
-0.894 2.28555
-0.892 2.24135
-0.89 2.19721
-0.888 2.15314
-0.886 2.10918
-0.884 2.06536
-0.882 2.0217
-0.88 1.97824
-0.878 1.935
-0.876 1.89201
-0.874 1.84929
-0.872 1.80688
-0.87 1.76478
-0.868 1.72303
-0.866 1.68165
-0.864 1.64065
-0.862 1.60006
-0.86 1.55991
-0.858 1.52019
-0.856 1.48094
-0.854 1.44217
-0.852 1.4039
-0.85 1.36614
-0.848 1.3289
-0.846 1.29219
-0.844 1.25604
-0.842 1.22044
-0.84 1.18541
-0.838 1.15096
-0.836 1.1171
-0.834 1.08383
-0.832 1.05116
-0.83 1.0191
-0.828 0.987649
-0.826 0.956812
-0.824 0.926592
-0.822 0.896993
-0.82 0.868016
-0.818 0.839663
-0.816 0.811932
-0.814 0.784825
-0.812 0.75834
-0.81 0.732475
-0.808 0.707228
-0.806 0.682596
-0.804 0.658576
-0.802 0.635164
-0.8 0.612355
-0.798 0.590144
-0.796 0.568526
-0.794 0.547494
-0.792 0.527043
-0.79 0.507166
-0.788 0.487855
-0.786 0.469104
-0.784 0.450904
-0.782 0.433247
-0.78 0.416126
-0.778 0.39953
-0.776 0.383453
-0.774 0.367883
-0.772 0.352814
-0.77 0.338234
-0.768 0.324134
-0.766 0.310505
-0.764 0.297337
-0.762 0.28462
-0.76 0.272344
-0.758 0.2605
-0.756 0.249076
-0.754 0.238063
-0.752 0.227451
-0.75 0.21723
-0.748 0.20739
-0.746 0.19792
-0.744 0.188812
-0.742 0.180054
-0.74 0.171638
-0.738 0.163553
-0.736 0.155789
-0.734 0.148338
-0.732 0.14119
-0.73 0.134335
-0.728 0.127764
-0.726 0.121468
-0.724 0.115439
-0.722 0.109667
-0.72 0.104144
-0.718 0.098862
-0.716 0.0938119
-0.714 0.0889857
-0.712 0.0843757
-0.71 0.079974
-0.708 0.075773
-0.706 0.0717652
-0.704 0.0679435
-0.702 0.0643007
-0.7 0.06083
-0.698 0.0575246
-0.696 0.054378
-0.694 0.0513839
-0.692 0.048536
-0.69 0.0458284
-0.688 0.0432553
-0.686 0.040811
-0.684 0.03849
-0.682 0.0362872
-0.68 0.0341973
-0.678 0.0322153
-0.676 0.0303366
-0.674 0.0285565
-0.672 0.0268705
-0.67 0.0252743
-0.668 0.0237638
-0.666 0.022335
-0.664 0.020984
-0.662 0.0197072
-0.66 0.0185009
-0.658 0.0173617
-0.656 0.0162864
-0.654 0.0152718
-0.652 0.014315
-0.65 0.0134128
-0.648 0.0125627
-0.646 0.0117619
-0.644 0.011008
-0.642 0.0102983
-0.64 0.00963072
-0.638 0.00900291
-0.636 0.00841277
-0.634 0.00785827
-0.632 0.00733748
-0.63 0.00684855
-0.628 0.00638973
-0.626 0.00595934
-0.624 0.00555578
-0.622 0.00517754
-0.62 0.00482319
-0.618 0.00449134
-0.616 0.00418071
-0.614 0.00389004
-0.612 0.00361818
-0.61 0.00336402
-0.608 0.00312649
-0.606 0.00290461
-0.604 0.00269742
-0.602 0.00250404
-0.6 0.00232362
-0.598 0.00215536
-0.596 0.0019985
-0.594 0.00185234
-0.592 0.00171621
-0.59 0.00158945
-0.588 0.00147149
-0.586 0.00136175
-0.584 0.0012597
-0.582 0.00116485
-0.58 0.00107672
-0.578 0.000994864
-0.576 0.000918875
-0.574 0.00084836
-0.572 0.000782951
-0.57 0.000722302
-0.568 0.000666091
-0.566 0.000614015
-0.564 0.000565789
-0.562 0.000521147
-0.56 0.00047984
-0.558 0.000441634
-0.556 0.000406311
-0.554 0.000373667
-0.552 0.000343511
-0.55 0.000315666
-0.548 0.000289964
-0.546 0.00026625
-0.544 0.00024438
-0.542 0.000224219
-0.54 0.00020564
-0.538 0.000188527
-0.536 0.00017277
-0.534 0.000158268
-0.532 0.000144927
-0.53 0.000132658
-0.528 0.00012138
-0.526 0.000111017
-0.524 0.000101499
-0.522 9.27611e-05
-0.52 8.47419e-05
-0.518 7.73855e-05
-0.516 7.06399e-05
-0.514 6.4457e-05
-0.512 5.87922e-05
-0.51 5.36041e-05
-0.508 4.88547e-05
-0.506 4.45086e-05
-0.504 4.05331e-05
-0.502 3.68982e-05
-0.5 3.35761e-05
-0.498 3.05411e-05
-0.496 2.77694e-05
-0.494 2.52394e-05
-0.492 2.29308e-05
-0.49 2.08252e-05
-0.488 1.89055e-05
-0.486 1.7156e-05
-0.484 1.55623e-05
-0.482 1.4111e-05
-0.48 1.27901e-05
-0.478 1.15882e-05
-0.476 1.04951e-05
-0.474 9.50141e-06
-0.472 8.5984e-06
-0.47 7.77814e-06
-0.468 7.03335e-06
-0.466 6.35737e-06
-0.464 5.7441e-06
-0.462 5.18793e-06
-0.46 4.68377e-06
-0.458 4.22693e-06
-0.456 3.81314e-06
-0.454 3.43851e-06
-0.452 3.09945e-06
-0.45 2.79273e-06
-0.448 2.51536e-06
-0.446 2.26465e-06
-0.444 2.03812e-06
-0.442 1.83353e-06
-0.44 1.64882e-06
-0.438 1.48213e-06
-0.436 1.33177e-06
-0.434 1.19619e-06
-0.432 1.07398e-06
-0.43 9.63882e-07
-0.428 8.64726e-07
-0.426 7.75464e-07
-0.424 6.95141e-07
-0.422 6.22891e-07
-0.42 5.5793e-07
-0.418 4.99546e-07
-0.416 4.47094e-07
-0.414 3.99991e-07
-0.412 3.57709e-07
-0.41 3.1977e-07
-0.408 2.85742e-07
-0.406 2.55233e-07
-0.404 2.27892e-07
-0.402 2.03399e-07
-0.4 1.81466e-07
-0.398 1.61834e-07
-0.396 1.44269e-07
-0.394 1.2856e-07
-0.392 1.14515e-07
-0.39 1.01965e-07
-0.388 9.07538e-08
-0.386 8.07434e-08
-0.384 7.18087e-08
-0.382 6.38373e-08
-0.38 5.67283e-08
-0.378 5.0391e-08
-0.376 4.47439e-08
-0.374 3.97139e-08
-0.372 3.52354e-08
-0.37 3.12495e-08
-0.368 2.77035e-08
-0.366 2.45501e-08
-0.364 2.1747e-08
-0.362 1.92564e-08
-0.36 1.70442e-08
-0.358 1.50802e-08
-0.356 1.33371e-08
-0.354 1.17909e-08
-0.352 1.04198e-08
-0.35 9.20446e-09
-0.348 8.12766e-09
-0.346 7.17398e-09
-0.344 6.32968e-09
-0.342 5.58253e-09
-0.34 4.92162e-09
-0.338 4.33723e-09
-0.336 3.82071e-09
-0.334 3.36436e-09
-0.332 2.96135e-09
-0.33 2.60557e-09
-0.328 2.29163e-09
-0.326 2.01471e-09
-0.324 1.77055e-09
-0.322 1.55536e-09
-0.32 1.36578e-09
-0.318 1.19884e-09
-0.316 1.05188e-09
-0.314 9.22568e-10
-0.312 8.0883e-10
-0.31 7.08832e-10
-0.308 6.20951e-10
-0.306 5.43749e-10
-0.304 4.75959e-10
-0.302 4.16451e-10
-0.3 3.64242e-10
-0.298 3.18445e-10
-0.296 2.78302e-10
-0.294 2.43119e-10
-0.292 2.12298e-10
-0.29 1.85315e-10
-0.288 1.61696e-10
-0.286 1.41031e-10
-0.284 1.22957e-10
-0.282 1.07161e-10
-0.28 9.33477e-11
-0.278 8.12895e-11
-0.276 7.0758e-11
-0.274 6.15698e-11
-0.272 5.35486e-11
-0.27 4.65587e-11
-0.268 4.04627e-11
-0.266 3.51509e-11
-0.264 3.05231e-11
-0.262 2.64952e-11
-0.26 2.29933e-11
-0.258 1.99422e-11
-0.256 1.72892e-11
-0.254 1.49837e-11
-0.252 1.29783e-11
-0.25 1.12439e-11
-0.248 9.73168e-12
-0.246 8.42251e-12
-0.244 7.28228e-12
-0.242 6.29738e-12
-0.24 5.44247e-12
-0.238 4.70188e-12
-0.236 4.06064e-12
-0.234 3.50656e-12
-0.232 3.02391e-12
-0.23 2.61094e-12
-0.228 2.24645e-12
-0.226 1.94016e-12
-0.224 1.67072e-12
-0.222 1.43869e-12
-0.22 1.23881e-12
-0.218 1.066e-12
-0.216 9.15708e-13
-0.214 7.90285e-13
-0.212 6.7852e-13
-0.21 5.85146e-13
-0.208 5.01983e-13
-0.206 4.27178e-13
-0.204 3.68814e-13
-0.202 3.17114e-13
-0.2 2.70587e-13
-0.198 2.33557e-13
-0.196 1.98209e-13
-0.194 1.71645e-13
-0.192 1.46721e-13
-0.19 1.23114e-13
-0.188 1.09877e-13
-0.186 9.31879e-14
-0.184 8.22057e-14
-0.182 6.75481e-14
-0.18 5.80883e-14
-0.178 4.99019e-14
-0.176 4.53192e-14
-0.174 3.52151e-14
-0.172 3.39919e-14
-0.17 2.6129e-14
-0.168 2.44492e-14
-0.166 1.73597e-14
-0.164 1.68385e-14
-0.162 1.90005e-14
-0.16 1.14035e-14
-0.158 1.14112e-14
-0.156 1.11606e-14
-0.154 1.06618e-14
-0.152 3.38598e-15
-0.15 5.11618e-15
-0.148 4.57537e-15
-0.146 5.1418e-15
-0.144 2.02975e-15
-0.142 7.67309e-15
-0.14 1.47877e-15
-0.138 6.46108e-15
-0.136 1.76827e-15
-0.134 8.51403e-16
-0.132 7.55519e-15
-0.13 2.14889e-15
-0.128 5.37824e-15
-0.126 2.95144e-15
-0.124 3.74904e-15
-0.122 2.35042e-15
-0.12 -9.69932e-18
-0.118 1.27701e-15
-0.116 2.64911e-15
-0.114 1.43129e-15
-0.112 1.85494e-15
-0.11 3.27643e-15
-0.108 7.57708e-16
-0.106 2.51997e-15
-0.104 1.48017e-15
-0.102 9.63833e-16
-0.1 3.22467e-15
-0.098 3.63589e-15
-0.096 2.49055e-15
-0.094 -6.69308e-16
-0.092 2.48748e-15
-0.09 -1.29957e-15
-0.088 3.05689e-15
-0.086 1.86605e-15
-0.084 2.1476e-15
-0.082 8.06477e-16
-0.08 2.33338e-16
-0.078 4.23775e-15
-0.076 2.39046e-15
-0.074 2.77005e-15
-0.072 1.81514e-16
-0.07 3.29523e-16
-0.068 1.70081e-15
-0.066 2.41144e-15
-0.064 -1.74788e-15
-0.062 1.24285e-15
-0.06 4.82032e-15
-0.058 -1.80942e-16
-0.056 -1.12254e-15
-0.054 2.46321e-15
-0.052 -8.55784e-16
-0.05 2.7085e-15
-0.048 -1.59748e-15
-0.046 1.76358e-16
-0.044 1.71622e-15
-0.042 1.19079e-15
-0.04 -1.32606e-15
-0.038 2.08456e-15
-0.036 -1.01899e-15
-0.034 3.52824e-16
-0.032 1.22597e-15
-0.03 4.47758e-15
-0.028 -1.84497e-15
-0.026 1.81019e-15
-0.024 -1.67206e-15
-0.022 3.003e-15
-0.02 2.50577e-15
-0.018 2.17774e-15
-0.016 8.15453e-17
-0.014 -2.02376e-15
-0.012 3.25554e-16
-0.01 -7.47064e-16
-0.008 1.99074e-15
-0.006 -5.95334e-16
-0.004 4.44793e-15
-0.002 -1.1349e-15
0 3.0156e-15
0.002 3.13451e-15
0.004 1.06322e-15
0.006 1.21377e-15
0.008 1.69306e-15
0.01 3.90946e-16
0.012 3.09344e-15
0.014 -2.28327e-15
0.016 9.4868e-16
0.018 8.18894e-16
0.02 3.57742e-15
0.022 1.94743e-15
0.024 -1.02353e-16
0.026 1.63146e-17
0.028 1.05048e-15
0.03 -4.64859e-16
0.032 -2.41965e-15
0.034 2.08416e-15
0.036 -8.04067e-16
0.038 -2.23171e-15
0.04 2.46768e-15
0.042 -3.4464e-15
0.044 -2.39447e-16
0.046 -1.57736e-15
0.048 -3.90602e-16
0.05 -1.72721e-15
0.052 1.07397e-15
0.054 -6.52368e-16
0.056 9.63095e-16
0.058 1.87572e-15
0.06 1.18856e-15
0.062 -1.65342e-15
0.064 4.00319e-16
0.066 1.46662e-16
0.068 3.04665e-15
0.07 -8.77437e-16
0.072 1.90147e-15
0.074 3.63676e-17
0.076 -2.32538e-15
0.078 5.61148e-16
0.08 -7.31149e-17
0.082 2.18087e-15
0.084 -5.37806e-16
0.086 4.68867e-16
0.088 -2.19097e-15
0.09 1.74314e-15
0.092 1.16698e-15
0.094 1.12829e-15
0.096 -1.1899e-15
0.098 8.51733e-16
0.1 -1.66116e-15
0.102 -2.71116e-17
0.104 -3.46173e-15
0.106 -3.21462e-15
0.108 -1.34229e-16
0.11 1.22584e-16
0.112 -1.06383e-15
0.114 -1.56348e-16
0.116 -1.50999e-15
0.118 6.50339e-16
0.12 8.90077e-16
0.122 5.14956e-16
0.124 2.74802e-15
0.126 1.38626e-15
0.128 1.9736e-15
0.13 -2.29324e-16
0.132 4.64317e-15
0.134 8.55846e-16
0.136 -1.11307e-15
0.138 1.63002e-15
0.14 1.37653e-15
0.142 2.07124e-15
0.144 4.36203e-15
0.146 4.36282e-15
0.148 3.50523e-15
0.15 3.00258e-15
0.152 5.2529e-15
0.154 9.53739e-15
0.156 8.86976e-15
0.158 1.0115e-14
0.16 1.10508e-14
0.162 1.49326e-14
0.164 1.75239e-14
0.166 1.48763e-14
0.168 2.27758e-14
0.17 2.78188e-14
0.172 2.93322e-14
0.174 3.42861e-14
0.176 4.05991e-14
0.178 4.82362e-14
0.18 5.87636e-14
0.182 6.40371e-14
0.184 7.69896e-14
0.186 8.98274e-14
0.188 1.04403e-13
0.19 1.25682e-13
0.192 1.39579e-13
0.194 1.71587e-13
0.196 1.98798e-13
0.198 2.34565e-13
0.2 2.71206e-13
0.202 3.12967e-13
0.204 3.67024e-13
0.206 4.31184e-13
0.208 5.00653e-13
0.21 5.83113e-13
0.212 6.73374e-13
0.214 7.86268e-13
0.216 9.14661e-13
0.218 1.06459e-12
0.22 1.23523e-12
0.222 1.43801e-12
0.224 1.66904e-12
0.226 1.93906e-12
0.228 2.24694e-12
0.23 2.60784e-12
0.232 3.01953e-12
0.234 3.50465e-12
0.236 4.05625e-12
0.238 4.69752e-12
0.24 5.43828e-12
0.242 6.29652e-12
0.244 7.27824e-12
0.246 8.41784e-12
0.248 9.72736e-12
0.25 1.12422e-11
0.252 1.29801e-11
0.254 1.49821e-11
0.256 1.72876e-11
0.258 1.99354e-11
0.26 2.29924e-11
0.262 2.64906e-11
0.264 3.05285e-11
0.266 3.51485e-11
0.268 4.04614e-11
0.27 4.65567e-11
0.272 5.35475e-11
0.274 6.15669e-11
0.276 7.07511e-11
0.278 8.12861e-11
0.28 9.33433e-11
0.282 1.07159e-10
0.284 1.22953e-10
0.286 1.41028e-10
0.288 1.61694e-10
0.29 1.85315e-10
0.292 2.12298e-10
0.294 2.43118e-10
0.296 2.78299e-10
0.298 3.18442e-10
0.3 3.64237e-10
0.302 4.16445e-10
0.304 4.75955e-10
0.306 5.43746e-10
0.308 6.20951e-10
0.31 7.08835e-10
0.312 8.08823e-10
0.314 9.22561e-10
0.316 1.05187e-09
0.318 1.19883e-09
0.32 1.36578e-09
0.322 1.55536e-09
0.324 1.77055e-09
0.326 2.01471e-09
0.328 2.29162e-09
0.33 2.60557e-09
0.332 2.96135e-09
0.334 3.36436e-09
0.336 3.82071e-09
0.338 4.33722e-09
0.34 4.92162e-09
0.342 5.58253e-09
0.344 6.32968e-09
0.346 7.17397e-09
0.348 8.12766e-09
0.35 9.20446e-09
0.352 1.04198e-08
0.354 1.17909e-08
0.356 1.33371e-08
0.358 1.50801e-08
0.36 1.70442e-08
0.362 1.92564e-08
0.364 2.1747e-08
0.366 2.45501e-08
0.368 2.77035e-08
0.37 3.12495e-08
0.372 3.52354e-08
0.374 3.97139e-08
0.376 4.47439e-08
0.378 5.0391e-08
0.38 5.67283e-08
0.382 6.38373e-08
0.384 7.18086e-08
0.386 8.07434e-08
0.388 9.07538e-08
0.39 1.01965e-07
0.392 1.14515e-07
0.394 1.2856e-07
0.396 1.44269e-07
0.398 1.61834e-07
0.4 1.81466e-07
0.402 2.03399e-07
0.404 2.27892e-07
0.406 2.55233e-07
0.408 2.85742e-07
0.41 3.1977e-07
0.412 3.57709e-07
0.414 3.99991e-07
0.416 4.47094e-07
0.418 4.99546e-07
0.42 5.5793e-07
0.422 6.22891e-07
0.424 6.95141e-07
0.426 7.75464e-07
0.428 8.64726e-07
0.43 9.63882e-07
0.432 1.07398e-06
0.434 1.19619e-06
0.436 1.33177e-06
0.438 1.48213e-06
0.44 1.64882e-06
0.442 1.83353e-06
0.444 2.03812e-06
0.446 2.26465e-06
0.448 2.51536e-06
0.45 2.79273e-06
0.452 3.09945e-06
0.454 3.43851e-06
0.456 3.81314e-06
0.458 4.22693e-06
0.46 4.68377e-06
0.462 5.18793e-06
0.464 5.7441e-06
0.466 6.35737e-06
0.468 7.03335e-06
0.47 7.77814e-06
0.472 8.5984e-06
0.474 9.50141e-06
0.476 1.04951e-05
0.478 1.15882e-05
0.48 1.27901e-05
0.482 1.4111e-05
0.484 1.55623e-05
0.486 1.7156e-05
0.488 1.89055e-05
0.49 2.08252e-05
0.492 2.29308e-05
0.494 2.52394e-05
0.496 2.77694e-05
0.498 3.05411e-05
0.5 3.35761e-05
0.502 3.68982e-05
0.504 4.05331e-05
0.506 4.45086e-05
0.508 4.88547e-05
0.51 5.36041e-05
0.512 5.87922e-05
0.514 6.4457e-05
0.516 7.06399e-05
0.518 7.73855e-05
0.52 8.47419e-05
0.522 9.27611e-05
0.524 0.000101499
0.526 0.000111017
0.528 0.00012138
0.53 0.000132658
0.532 0.000144927
0.534 0.000158268
0.536 0.00017277
0.538 0.000188527
0.54 0.00020564
0.542 0.000224219
0.544 0.00024438
0.546 0.00026625
0.548 0.000289964
0.55 0.000315666
0.552 0.000343511
0.554 0.000373667
0.556 0.000406311
0.558 0.000441634
0.56 0.00047984
0.562 0.000521147
0.564 0.000565789
0.566 0.000614015
0.568 0.000666091
0.57 0.000722302
0.572 0.000782951
0.574 0.00084836
0.576 0.000918875
0.578 0.000994864
0.58 0.00107672
0.582 0.00116485
0.584 0.0012597
0.586 0.00136175
0.588 0.00147149
0.59 0.00158945
0.592 0.00171621
0.594 0.00185234
0.596 0.0019985
0.598 0.00215536
0.6 0.00232362
0.602 0.00250404
0.604 0.00269742
0.606 0.00290461
0.608 0.00312649
0.61 0.00336402
0.612 0.00361818
0.614 0.00389004
0.616 0.00418071
0.618 0.00449134
0.62 0.00482319
0.622 0.00517754
0.624 0.00555578
0.626 0.00595934
0.628 0.00638973
0.63 0.00684855
0.632 0.00733748
0.634 0.00785827
0.636 0.00841277
0.638 0.00900291
0.64 0.00963072
0.642 0.0102983
0.644 0.011008
0.646 0.0117619
0.648 0.0125627
0.65 0.0134128
0.652 0.014315
0.654 0.0152718
0.656 0.0162864
0.658 0.0173617
0.66 0.0185009
0.662 0.0197072
0.664 0.020984
0.666 0.022335
0.668 0.0237638
0.67 0.0252743
0.672 0.0268705
0.674 0.0285565
0.676 0.0303366
0.678 0.0322153
0.68 0.0341973
0.682 0.0362872
0.684 0.03849
0.686 0.040811
0.688 0.0432553
0.69 0.0458284
0.692 0.048536
0.694 0.0513839
0.696 0.054378
0.698 0.0575246
0.7 0.06083
0.702 0.0643007
0.704 0.0679435
0.706 0.0717652
0.708 0.075773
0.71 0.079974
0.712 0.0843757
0.714 0.0889857
0.716 0.0938119
0.718 0.098862
0.72 0.104144
0.722 0.109667
0.724 0.115439
0.726 0.121468
0.728 0.127764
0.73 0.134335
0.732 0.14119
0.734 0.148338
0.736 0.155789
0.738 0.163553
0.74 0.171638
0.742 0.180054
0.744 0.188812
0.746 0.19792
0.748 0.20739
0.75 0.21723
0.752 0.227451
0.754 0.238063
0.756 0.249076
0.758 0.2605
0.76 0.272344
0.762 0.28462
0.764 0.297337
0.766 0.310505
0.768 0.324134
0.77 0.338234
0.772 0.352814
0.774 0.367883
0.776 0.383453
0.778 0.39953
0.78 0.416126
0.782 0.433247
0.784 0.450904
0.786 0.469104
0.788 0.487855
0.79 0.507166
0.792 0.527043
0.794 0.547494
0.796 0.568526
0.798 0.590144
0.8 0.612355
0.802 0.635164
0.804 0.658576
0.806 0.682596
0.808 0.707228
0.81 0.732475
0.812 0.75834
0.814 0.784825
0.816 0.811932
0.818 0.839663
0.82 0.868016
0.822 0.896993
0.824 0.926592
0.826 0.956812
0.828 0.987649
0.83 1.0191
0.832 1.05116
0.834 1.08383
0.836 1.1171
0.838 1.15096
0.84 1.18541
0.842 1.22044
0.844 1.25604
0.846 1.29219
0.848 1.3289
0.85 1.36614
0.852 1.4039
0.854 1.44217
0.856 1.48094
0.858 1.52019
0.86 1.55991
0.862 1.60006
0.864 1.64065
0.866 1.68165
0.868 1.72303
0.87 1.76478
0.872 1.80688
0.874 1.84929
0.876 1.89201
0.878 1.935
0.88 1.97824
0.882 2.0217
0.884 2.06536
0.886 2.10918
0.888 2.15314
0.89 2.19721
0.892 2.24135
0.894 2.28555
0.896 2.32975
0.898 2.37395
0.9 2.41809
0.902 2.46215
0.904 2.5061
0.906 2.54989
0.908 2.5935
0.91 2.63689
0.912 2.68002
0.914 2.72286
0.916 2.76537
0.918 2.80752
0.92 2.84927
0.922 2.89058
0.924 2.93142
0.926 2.97175
0.928 3.01153
0.93 3.05073
0.932 3.08931
0.934 3.12724
0.936 3.16448
0.938 3.20099
0.94 3.23674
0.942 3.2717
0.944 3.30582
0.946 3.33909
0.948 3.37146
0.95 3.4029
0.952 3.43339
0.954 3.46288
0.956 3.49136
0.958 3.51879
0.96 3.54514
0.962 3.57038
0.964 3.5945
0.966 3.61747
0.968 3.63925
0.97 3.65983
0.972 3.67919
0.974 3.69731
0.976 3.71416
0.978 3.72973
0.98 3.74401
0.982 3.75697
0.984 3.76861
0.986 3.7789
0.988 3.78785
0.99 3.79544
0.992 3.80165
0.994 3.8065
0.996 3.80996
0.998 3.81204
