0 -1.40464e-16
0.01 0.0622447
0.02 0.124244
0.03 0.185753
0.04 0.246528
0.05 0.306331
0.06 0.364925
0.07 0.422078
0.08 0.477566
0.09 0.531169
0.1 0.582676
0.11 0.631883
0.12 0.678597
0.13 0.722632
0.14 0.763816
0.15 0.801985
0.16 0.836989
0.17 0.86869
0.18 0.896962
0.19 0.921695
0.2 0.94279
0.21 0.960164
0.22 0.973749
0.23 0.983491
0.24 0.989352
0.25 0.991308
0.26 0.989352
0.27 0.983491
0.28 0.973749
0.29 0.960164
0.3 0.94279
0.31 0.921695
0.32 0.896962
0.33 0.86869
0.34 0.836989
0.35 0.801985
0.36 0.763816
0.37 0.722632
0.38 0.678597
0.39 0.631883
0.4 0.582676
0.41 0.531169
0.42 0.477566
0.43 0.422078
0.44 0.364925
0.45 0.306331
0.46 0.246528
0.47 0.185753
0.48 0.124244
0.49 0.0622447
0.5 8.17642e-17
0.51 -0.0622447
0.52 -0.124244
0.53 -0.185753
0.54 -0.246528
0.55 -0.306331
0.56 -0.364925
0.57 -0.422078
0.58 -0.477566
0.59 -0.531169
0.6 -0.582676
0.61 -0.631883
0.62 -0.678597
0.63 -0.722632
0.64 -0.763816
0.65 -0.801985
0.66 -0.836989
0.67 -0.86869
0.68 -0.896962
0.69 -0.921695
0.7 -0.94279
0.71 -0.960164
0.72 -0.973749
0.73 -0.983491
0.74 -0.989352
0.75 -0.991308
0.76 -0.989352
0.77 -0.983491
0.78 -0.973749
0.79 -0.960164
0.8 -0.94279
0.81 -0.921695
0.82 -0.896962
0.83 -0.86869
0.84 -0.836989
0.85 -0.801985
0.86 -0.763816
0.87 -0.722632
0.88 -0.678597
0.89 -0.631883
0.9 -0.582676
0.91 -0.531169
0.92 -0.477566
0.93 -0.422078
0.94 -0.364925
0.95 -0.306331
0.96 -0.246528
0.97 -0.185753
0.98 -0.124244
0.99 -0.0622447
