-1 7.66238e-15
-0.998 1.12027e-15
-0.996 6.51998e-15
-0.994 3.83012e-15
-0.992 5.04376e-15
-0.99 5.6809e-15
-0.988 8.41268e-15
-0.986 9.92568e-15
-0.984 6.11302e-15
-0.982 6.70965e-15
-0.98 3.45984e-15
-0.978 4.29321e-15
-0.976 4.86159e-15
-0.974 3.64826e-15
-0.972 3.41842e-15
-0.97 6.62472e-15
-0.968 4.7888e-15
-0.966 3.52182e-15
-0.964 4.69583e-15
-0.962 9.86013e-15
-0.96 3.54365e-15
-0.958 7.34617e-15
-0.956 5.7224e-15
-0.954 4.70504e-15
-0.952 3.4944e-15
-0.95 5.69816e-15
-0.948 4.77327e-15
-0.946 5.11538e-15
-0.944 4.47807e-15
-0.942 5.52553e-15
-0.94 5.36655e-15
-0.938 1.78649e-15
-0.936 7.67936e-15
-0.934 4.92571e-15
-0.932 5.75328e-15
-0.93 6.30346e-15
-0.928 3.29771e-15
-0.926 9.68005e-15
-0.924 1.78288e-15
-0.922 8.65383e-16
-0.92 1.85144e-15
-0.918 8.27709e-15
-0.916 7.06308e-15
-0.914 4.89795e-15
-0.912 8.51365e-15
-0.91 4.82672e-15
-0.908 5.57074e-15
-0.906 5.30432e-15
-0.904 4.81224e-15
-0.902 6.38353e-15
-0.9 2.24502e-15
-0.898 3.02469e-15
-0.896 3.46805e-15
-0.894 6.23733e-15
-0.892 5.01977e-15
-0.89 3.74804e-15
-0.888 8.57158e-15
-0.886 -1.55919e-15
-0.884 8.09939e-15
-0.882 4.59058e-15
-0.88 6.17793e-15
-0.878 5.06905e-15
-0.876 6.84809e-15
-0.874 7.41035e-15
-0.872 2.99512e-15
-0.87 1.02739e-14
-0.868 8.8141e-15
-0.866 1.02898e-14
-0.864 1.02817e-14
-0.862 1.16374e-14
-0.86 1.01361e-14
-0.858 9.67008e-15
-0.856 4.9806e-15
-0.854 1.00712e-14
-0.852 1.64579e-14
-0.85 1.32418e-14
-0.848 1.68063e-14
-0.846 2.19233e-14
-0.844 2.15246e-14
-0.842 2.93902e-14
-0.84 2.43745e-14
-0.838 3.46588e-14
-0.836 3.66687e-14
-0.834 4.31749e-14
-0.832 4.83012e-14
-0.83 5.97125e-14
-0.828 6.80141e-14
-0.826 7.68919e-14
-0.824 9.39679e-14
-0.822 1.01044e-13
-0.82 1.27461e-13
-0.818 1.4824e-13
-0.816 1.68517e-13
-0.814 1.99544e-13
-0.812 2.30144e-13
-0.81 2.74164e-13
-0.808 3.08865e-13
-0.806 3.71131e-13
-0.804 4.24192e-13
-0.802 4.89953e-13
-0.8 5.79944e-13
-0.798 6.60979e-13
-0.796 7.78574e-13
-0.794 8.93084e-13
-0.792 1.04836e-12
-0.79 1.21705e-12
-0.788 1.40758e-12
-0.786 1.64233e-12
-0.784 1.89422e-12
-0.782 2.21164e-12
-0.78 2.55443e-12
-0.778 2.96106e-12
-0.776 3.43281e-12
-0.774 3.97247e-12
-0.772 4.59632e-12
-0.77 5.3239e-12
-0.768 6.1592e-12
-0.766 7.13067e-12
-0.764 8.2342e-12
-0.762 9.52255e-12
-0.76 1.09914e-11
-0.758 1.26911e-11
-0.756 1.46497e-11
-0.754 1.69044e-11
-0.752 1.94927e-11
-0.75 2.2476e-11
-0.748 2.58999e-11
-0.746 2.98355e-11
-0.744 3.4352e-11
-0.742 3.95383e-11
-0.74 4.54932e-11
-0.738 5.23237e-11
-0.736 6.0148e-11
-0.734 6.91212e-11
-0.732 7.94118e-11
-0.73 9.11746e-11
-0.728 1.04658e-10
-0.726 1.20081e-10
-0.724 1.37721e-10
-0.722 1.57889e-10
-0.72 1.80931e-10
-0.718 2.07268e-10
-0.716 2.37327e-10
-0.714 2.71654e-10
-0.712 3.10816e-10
-0.71 3.55481e-10
-0.708 4.064e-10
-0.706 4.64433e-10
-0.704 5.30537e-10
-0.702 6.0581e-10
-0.7 6.91483e-10
-0.698 7.88959e-10
-0.696 8.99816e-10
-0.694 1.02584e-09
-0.692 1.16906e-09
-0.69 1.33172e-09
-0.688 1.51643e-09
-0.686 1.72606e-09
-0.684 1.96389e-09
-0.682 2.23359e-09
-0.68 2.53932e-09
-0.678 2.88576e-09
-0.676 3.27813e-09
-0.674 3.72238e-09
-0.672 4.22515e-09
-0.67 4.79391e-09
-0.668 5.43708e-09
-0.666 6.16406e-09
-0.664 6.98548e-09
-0.662 7.91319e-09
-0.66 8.96053e-09
-0.658 1.01425e-08
-0.656 1.14757e-08
-0.654 1.2979e-08
-0.652 1.46735e-08
-0.65 1.65825e-08
-0.648 1.87324e-08
-0.646 2.11526e-08
-0.644 2.3876e-08
-0.642 2.69392e-08
-0.64 3.03834e-08
-0.638 3.42543e-08
-0.636 3.86029e-08
-0.634 4.34863e-08
-0.632 4.8968e-08
-0.63 5.51186e-08
-0.628 6.20171e-08
-0.626 6.97513e-08
-0.624 7.84187e-08
-0.622 8.8128e-08
-0.62 9.9e-08
-0.618 1.11169e-07
-0.616 1.24784e-07
-0.614 1.40011e-07
-0.612 1.57033e-07
-0.61 1.76055e-07
-0.608 1.97303e-07
-0.606 2.21026e-07
-0.604 2.47504e-07
-0.602 2.77044e-07
-0.6 3.09985e-07
-0.598 3.46706e-07
-0.596 3.87622e-07
-0.594 4.33194e-07
-0.592 4.83932e-07
-0.59 5.40397e-07
-0.588 6.03211e-07
-0.586 6.73058e-07
-0.584 7.50694e-07
-0.582 8.36953e-07
-0.58 9.32753e-07
-0.578 1.0391e-06
-0.576 1.15712e-06
-0.574 1.28803e-06
-0.572 1.43318e-06
-0.57 1.59406e-06
-0.568 1.77229e-06
-0.566 1.96966e-06
-0.564 2.18814e-06
-0.562 2.4299e-06
-0.56 2.69729e-06
-0.558 2.99292e-06
-0.556 3.31963e-06
-0.554 3.68054e-06
-0.552 4.07907e-06
-0.55 4.51896e-06
-0.548 5.00431e-06
-0.546 5.53958e-06
-0.544 6.12967e-06
-0.542 6.77993e-06
-0.54 7.4962e-06
-0.538 8.28486e-06
-0.536 9.15285e-06
-0.534 1.01078e-05
-0.532 1.11579e-05
-0.53 1.23122e-05
-0.528 1.35806e-05
-0.526 1.49737e-05
-0.524 1.65032e-05
-0.522 1.81817e-05
-0.52 2.0023e-05
-0.518 2.2042e-05
-0.516 2.4255e-05
-0.514 2.66797e-05
-0.512 2.9335e-05
-0.51 3.22419e-05
-0.508 3.54229e-05
-0.506 3.89022e-05
-0.504 4.27064e-05
-0.502 4.68641e-05
-0.5 5.14062e-05
-0.498 5.63662e-05
-0.496 6.17804e-05
-0.494 6.76879e-05
-0.492 7.4131e-05
-0.49 8.11553e-05
-0.488 8.881e-05
-0.486 9.71484e-05
-0.484 0.000106228
-0.482 0.00011611
-0.48 0.000126861
-0.478 0.000138553
-0.476 0.000151263
-0.474 0.000165074
-0.472 0.000180074
-0.47 0.000196361
-0.468 0.000214035
-0.466 0.000233209
-0.464 0.000254001
-0.462 0.000276537
-0.46 0.000300954
-0.458 0.000327398
-0.456 0.000356025
-0.454 0.000387003
-0.452 0.000420511
-0.45 0.00045674
-0.448 0.000495896
-0.446 0.000538197
-0.444 0.000583876
-0.442 0.000633184
-0.44 0.000686386
-0.438 0.000743766
-0.436 0.000805626
-0.434 0.000872289
-0.432 0.000944097
-0.43 0.00102142
-0.428 0.00110463
-0.426 0.00119416
-0.424 0.00129044
-0.422 0.00139394
-0.42 0.00150514
-0.418 0.00162458
-0.416 0.00175282
-0.414 0.00189043
-0.412 0.00203805
-0.41 0.00219634
-0.408 0.002366
-0.406 0.00254777
-0.404 0.00274243
-0.402 0.00295081
-0.4 0.00317378
-0.398 0.00341228
-0.396 0.00366726
-0.394 0.00393975
-0.392 0.00423085
-0.39 0.00454168
-0.388 0.00487345
-0.386 0.00522742
-0.384 0.00560492
-0.382 0.00600734
-0.38 0.00643615
-0.378 0.00689288
-0.376 0.00737916
-0.374 0.00789668
-0.372 0.00844721
-0.37 0.00903261
-0.368 0.00965484
-0.366 0.0103159
-0.364 0.011018
-0.362 0.0117633
-0.36 0.0125542
-0.358 0.013393
-0.356 0.0142824
-0.354 0.0152249
-0.352 0.0162234
-0.35 0.0172807
-0.348 0.0183998
-0.346 0.0195837
-0.344 0.0208359
-0.342 0.0221595
-0.34 0.0235581
-0.338 0.0250354
-0.336 0.0265951
-0.334 0.0282411
-0.332 0.0299774
-0.33 0.0318082
-0.328 0.0337379
-0.326 0.035771
-0.324 0.037912
-0.322 0.0401657
-0.32 0.0425371
-0.318 0.0450313
-0.316 0.0476535
-0.314 0.0504091
-0.312 0.0533036
-0.31 0.0563428
-0.308 0.0595326
-0.306 0.062879
-0.304 0.0663882
-0.302 0.0700665
-0.3 0.0739205
-0.298 0.0779568
-0.296 0.0821822
-0.294 0.0866038
-0.292 0.0912286
-0.29 0.0960639
-0.288 0.101117
-0.286 0.106396
-0.284 0.111908
-0.282 0.117661
-0.28 0.123663
-0.278 0.129922
-0.276 0.136446
-0.274 0.143244
-0.272 0.150324
-0.27 0.157694
-0.268 0.165364
-0.266 0.173342
-0.264 0.181636
-0.262 0.190255
-0.26 0.199209
-0.258 0.208506
-0.256 0.218155
-0.254 0.228165
-0.252 0.238546
-0.25 0.249306
-0.248 0.260453
-0.246 0.271998
-0.244 0.283949
-0.242 0.296314
-0.24 0.309103
-0.238 0.322325
-0.236 0.335987
-0.234 0.350098
-0.232 0.364667
-0.23 0.379702
-0.228 0.39521
-0.226 0.4112
-0.224 0.427678
-0.222 0.444654
-0.22 0.462132
-0.218 0.480121
-0.216 0.498627
-0.214 0.517656
-0.212 0.537214
-0.21 0.557307
-0.208 0.57794
-0.206 0.599117
-0.204 0.620843
-0.202 0.643123
-0.2 0.665959
-0.198 0.689355
-0.196 0.713313
-0.194 0.737835
-0.192 0.762923
-0.19 0.788578
-0.188 0.814801
-0.186 0.841591
-0.184 0.868947
-0.182 0.896868
-0.18 0.925353
-0.178 0.954398
-0.176 0.984001
-0.174 1.01416
-0.172 1.04486
-0.17 1.07611
-0.168 1.10789
-0.166 1.14021
-0.164 1.17305
-0.162 1.2064
-0.16 1.24026
-0.158 1.27461
-0.156 1.30945
-0.154 1.34477
-0.152 1.38054
-0.15 1.41677
-0.148 1.45342
-0.146 1.4905
-0.144 1.52799
-0.142 1.56586
-0.14 1.60411
-0.138 1.64271
-0.136 1.68164
-0.134 1.7209
-0.132 1.76045
-0.13 1.80027
-0.128 1.84036
-0.126 1.88067
-0.124 1.9212
-0.122 1.96191
-0.12 2.00279
-0.118 2.04381
-0.116 2.08493
-0.114 2.12615
-0.112 2.16743
-0.11 2.20874
-0.108 2.25005
-0.106 2.29135
-0.104 2.33259
-0.102 2.37375
-0.1 2.41481
-0.098 2.45573
-0.096 2.49647
-0.094 2.53702
-0.092 2.57734
-0.09 2.6174
-0.088 2.65717
-0.086 2.69662
-0.084 2.73571
-0.082 2.77442
-0.08 2.81271
-0.078 2.85055
-0.076 2.88792
-0.074 2.92477
-0.072 2.96108
-0.07 2.99683
-0.068 3.03196
-0.066 3.06647
-0.064 3.10031
-0.062 3.13346
-0.06 3.16588
-0.058 3.19756
-0.056 3.22846
-0.054 3.25854
-0.052 3.2878
-0.05 3.31619
-0.048 3.34369
-0.046 3.37028
-0.044 3.39593
-0.042 3.42062
-0.04 3.44433
-0.038 3.46702
-0.036 3.48869
-0.034 3.50931
-0.032 3.52886
-0.03 3.54732
-0.028 3.56468
-0.026 3.58091
-0.024 3.59601
-0.022 3.60995
-0.02 3.62273
-0.018 3.63432
-0.016 3.64473
-0.014 3.65394
-0.012 3.66194
-0.01 3.66872
-0.008 3.67427
-0.006 3.6786
-0.004 3.6817
-0.002 3.68355
0 3.68417
0.002 3.68355
0.004 3.6817
0.006 3.6786
0.008 3.67427
0.01 3.66872
0.012 3.66194
0.014 3.65394
0.016 3.64473
0.018 3.63432
0.02 3.62273
0.022 3.60995
0.024 3.59601
0.026 3.58091
0.028 3.56468
0.03 3.54732
0.032 3.52886
0.034 3.50931
0.036 3.48869
0.038 3.46702
0.04 3.44433
0.042 3.42062
0.044 3.39593
0.046 3.37028
0.048 3.34369
0.05 3.31619
0.052 3.2878
0.054 3.25854
0.056 3.22846
0.058 3.19756
0.06 3.16588
0.062 3.13346
0.064 3.10031
0.066 3.06647
0.068 3.03196
0.07 2.99683
0.072 2.96108
0.074 2.92477
0.076 2.88792
0.078 2.85055
0.08 2.81271
0.082 2.77442
0.084 2.73571
0.086 2.69662
0.088 2.65717
0.09 2.6174
0.092 2.57734
0.094 2.53702
0.096 2.49647
0.098 2.45573
0.1 2.41481
0.102 2.37375
0.104 2.33259
0.106 2.29135
0.108 2.25005
0.11 2.20874
0.112 2.16743
0.114 2.12615
0.116 2.08493
0.118 2.04381
0.12 2.00279
0.122 1.96191
0.124 1.9212
0.126 1.88067
0.128 1.84036
0.13 1.80027
0.132 1.76045
0.134 1.7209
0.136 1.68164
0.138 1.64271
0.14 1.60411
0.142 1.56586
0.144 1.52799
0.146 1.4905
0.148 1.45342
0.15 1.41677
0.152 1.38054
0.154 1.34477
0.156 1.30945
0.158 1.27461
0.16 1.24026
0.162 1.2064
0.164 1.17305
0.166 1.14021
0.168 1.10789
0.17 1.07611
0.172 1.04486
0.174 1.01416
0.176 0.984001
0.178 0.954398
0.18 0.925353
0.182 0.896868
0.184 0.868947
0.186 0.841591
0.188 0.814801
0.19 0.788578
0.192 0.762923
0.194 0.737835
0.196 0.713313
0.198 0.689355
0.2 0.665959
0.202 0.643123
0.204 0.620843
0.206 0.599117
0.208 0.57794
0.21 0.557307
0.212 0.537214
0.214 0.517656
0.216 0.498627
0.218 0.480121
0.22 0.462132
0.222 0.444654
0.224 0.427678
0.226 0.4112
0.228 0.39521
0.23 0.379702
0.232 0.364667
0.234 0.350098
0.236 0.335987
0.238 0.322325
0.24 0.309103
0.242 0.296314
0.244 0.283949
0.246 0.271998
0.248 0.260453
0.25 0.249306
0.252 0.238546
0.254 0.228165
0.256 0.218155
0.258 0.208506
0.26 0.199209
0.262 0.190255
0.264 0.181636
0.266 0.173342
0.268 0.165364
0.27 0.157694
0.272 0.150324
0.274 0.143244
0.276 0.136446
0.278 0.129922
0.28 0.123663
0.282 0.117661
0.284 0.111908
0.286 0.106396
0.288 0.101117
0.29 0.0960639
0.292 0.0912286
0.294 0.0866038
0.296 0.0821822
0.298 0.0779568
0.3 0.0739205
0.302 0.0700665
0.304 0.0663882
0.306 0.062879
0.308 0.0595326
0.31 0.0563428
0.312 0.0533036
0.314 0.0504091
0.316 0.0476535
0.318 0.0450313
0.32 0.0425371
0.322 0.0401657
0.324 0.037912
0.326 0.035771
0.328 0.0337379
0.33 0.0318082
0.332 0.0299774
0.334 0.0282411
0.336 0.0265951
0.338 0.0250354
0.34 0.0235581
0.342 0.0221595
0.344 0.0208359
0.346 0.0195837
0.348 0.0183998
0.35 0.0172807
0.352 0.0162234
0.354 0.0152249
0.356 0.0142824
0.358 0.013393
0.36 0.0125542
0.362 0.0117633
0.364 0.011018
0.366 0.0103159
0.368 0.00965484
0.37 0.00903261
0.372 0.00844721
0.374 0.00789668
0.376 0.00737916
0.378 0.00689288
0.38 0.00643615
0.382 0.00600734
0.384 0.00560492
0.386 0.00522742
0.388 0.00487345
0.39 0.00454168
0.392 0.00423085
0.394 0.00393975
0.396 0.00366726
0.398 0.00341228
0.4 0.00317378
0.402 0.00295081
0.404 0.00274243
0.406 0.00254777
0.408 0.002366
0.41 0.00219634
0.412 0.00203805
0.414 0.00189043
0.416 0.00175282
0.418 0.00162458
0.42 0.00150514
0.422 0.00139394
0.424 0.00129044
0.426 0.00119416
0.428 0.00110463
0.43 0.00102142
0.432 0.000944097
0.434 0.000872289
0.436 0.000805626
0.438 0.000743766
0.44 0.000686386
0.442 0.000633184
0.444 0.000583876
0.446 0.000538197
0.448 0.000495896
0.45 0.00045674
0.452 0.000420511
0.454 0.000387003
0.456 0.000356025
0.458 0.000327398
0.46 0.000300954
0.462 0.000276537
0.464 0.000254001
0.466 0.000233209
0.468 0.000214035
0.47 0.000196361
0.472 0.000180074
0.474 0.000165074
0.476 0.000151263
0.478 0.000138553
0.48 0.000126861
0.482 0.00011611
0.484 0.000106228
0.486 9.71484e-05
0.488 8.881e-05
0.49 8.11553e-05
0.492 7.4131e-05
0.494 6.76879e-05
0.496 6.17804e-05
0.498 5.63662e-05
0.5 5.14062e-05
0.502 4.68641e-05
0.504 4.27064e-05
0.506 3.89022e-05
0.508 3.54229e-05
0.51 3.22419e-05
0.512 2.9335e-05
0.514 2.66797e-05
0.516 2.4255e-05
0.518 2.2042e-05
0.52 2.0023e-05
0.522 1.81817e-05
0.524 1.65032e-05
0.526 1.49737e-05
0.528 1.35806e-05
0.53 1.23122e-05
0.532 1.11579e-05
0.534 1.01078e-05
0.536 9.15285e-06
0.538 8.28486e-06
0.54 7.4962e-06
0.542 6.77993e-06
0.544 6.12967e-06
0.546 5.53958e-06
0.548 5.00431e-06
0.55 4.51896e-06
0.552 4.07907e-06
0.554 3.68054e-06
0.556 3.31963e-06
0.558 2.99292e-06
0.56 2.69729e-06
0.562 2.4299e-06
0.564 2.18814e-06
0.566 1.96966e-06
0.568 1.77229e-06
0.57 1.59406e-06
0.572 1.43318e-06
0.574 1.28803e-06
0.576 1.15712e-06
0.578 1.0391e-06
0.58 9.32753e-07
0.582 8.36953e-07
0.584 7.50694e-07
0.586 6.73058e-07
0.588 6.03211e-07
0.59 5.40397e-07
0.592 4.83932e-07
0.594 4.33194e-07
0.596 3.87622e-07
0.598 3.46706e-07
0.6 3.09985e-07
0.602 2.77044e-07
0.604 2.47504e-07
0.606 2.21026e-07
0.608 1.97303e-07
0.61 1.76055e-07
0.612 1.57033e-07
0.614 1.40011e-07
0.616 1.24784e-07
0.618 1.11169e-07
0.62 9.9e-08
0.622 8.8128e-08
0.624 7.84187e-08
0.626 6.97513e-08
0.628 6.20172e-08
0.63 5.51186e-08
0.632 4.8968e-08
0.634 4.34863e-08
0.636 3.8603e-08
0.638 3.42543e-08
0.64 3.03834e-08
0.642 2.69392e-08
0.644 2.3876e-08
0.646 2.11526e-08
0.648 1.87324e-08
0.65 1.65825e-08
0.652 1.46735e-08
0.654 1.2979e-08
0.656 1.14757e-08
0.658 1.01425e-08
0.66 8.96053e-09
0.662 7.91319e-09
0.664 6.98548e-09
0.666 6.16407e-09
0.668 5.43708e-09
0.67 4.79391e-09
0.672 4.22515e-09
0.674 3.72238e-09
0.676 3.27813e-09
0.678 2.88575e-09
0.68 2.53932e-09
0.682 2.23359e-09
0.684 1.96389e-09
0.686 1.72606e-09
0.688 1.51643e-09
0.69 1.33173e-09
0.692 1.16905e-09
0.694 1.02584e-09
0.696 8.99822e-10
0.698 7.88958e-10
0.7 6.91487e-10
0.702 6.05811e-10
0.704 5.30533e-10
0.706 4.64439e-10
0.708 4.06401e-10
0.71 3.55484e-10
0.712 3.10818e-10
0.714 2.71651e-10
0.716 2.37336e-10
0.718 2.07262e-10
0.72 1.80934e-10
0.722 1.57886e-10
0.724 1.37718e-10
0.726 1.20075e-10
0.728 1.04662e-10
0.73 9.11766e-11
0.732 7.94122e-11
0.734 6.91234e-11
0.736 6.01522e-11
0.738 5.23274e-11
0.74 4.54894e-11
0.742 3.95404e-11
0.744 3.43549e-11
0.746 2.98395e-11
0.748 2.58973e-11
0.75 2.24806e-11
0.752 1.94935e-11
0.754 1.69064e-11
0.756 1.46494e-11
0.758 1.26958e-11
0.76 1.09926e-11
0.762 9.5186e-12
0.764 8.2391e-12
0.766 7.12631e-12
0.768 6.16544e-12
0.77 5.32114e-12
0.772 4.61009e-12
0.774 3.975e-12
0.776 3.42973e-12
0.778 2.96331e-12
0.78 2.55842e-12
0.782 2.20106e-12
0.784 1.90231e-12
0.786 1.6388e-12
0.788 1.41182e-12
0.79 1.21857e-12
0.792 1.04473e-12
0.794 9.04514e-13
0.796 7.72585e-13
0.798 6.67334e-13
0.8 5.74401e-13
0.802 4.9196e-13
0.804 4.25291e-13
0.806 3.64992e-13
0.808 3.11534e-13
0.81 2.72825e-13
0.812 2.30147e-13
0.814 2.01532e-13
0.816 1.72901e-13
0.818 1.43816e-13
0.82 1.34047e-13
0.822 1.0483e-13
0.824 9.78584e-14
0.826 7.97581e-14
0.828 7.14714e-14
0.83 6.63999e-14
0.832 5.24606e-14
0.834 4.8677e-14
0.836 3.72228e-14
0.838 3.59851e-14
0.84 3.08973e-14
0.842 3.01623e-14
0.844 2.41641e-14
0.846 1.964e-14
0.848 2.07864e-14
0.85 1.69367e-14
0.852 1.20726e-14
0.854 1.49828e-14
0.856 1.16747e-14
0.858 1.0172e-14
0.86 1.114e-14
0.862 6.09447e-15
0.864 9.64862e-15
0.866 7.81186e-15
0.868 4.87992e-15
0.87 8.33535e-15
0.872 2.0496e-15
0.874 4.77575e-15
0.876 9.67089e-15
0.878 9.39946e-15
0.88 6.6862e-15
0.882 3.3609e-15
0.884 6.88429e-15
0.886 6.91392e-15
0.888 5.41235e-15
0.89 6.16292e-15
0.892 6.57904e-15
0.894 3.55134e-15
0.896 9.54491e-15
0.898 -1.98089e-15
0.9 6.38511e-15
0.902 2.60545e-15
0.904 6.60721e-15
0.906 5.691e-15
0.908 2.93728e-15
0.91 7.62142e-15
0.912 5.39045e-15
0.914 1.03537e-14
0.916 2.78602e-15
0.918 6.038e-15
0.92 -3.72316e-17
0.922 2.80487e-15
0.924 2.72159e-15
0.926 5.14363e-15
0.928 4.65331e-15
0.93 4.21198e-15
0.932 5.92784e-15
0.934 7.51197e-15
0.936 1.21303e-14
0.938 8.25667e-15
0.94 4.11928e-15
0.942 6.37869e-15
0.944 3.49613e-15
0.946 1.02716e-14
0.948 1.04817e-14
0.95 4.85853e-15
0.952 5.32286e-15
0.954 5.46247e-15
0.956 4.03776e-15
0.958 3.78146e-15
0.96 4.06368e-15
0.962 2.58739e-15
0.964 1.91782e-15
0.966 6.19417e-15
0.968 4.10567e-15
0.97 8.26968e-15
0.972 5.39452e-15
0.974 -1.10601e-15
0.976 7.0231e-15
0.978 8.68948e-16
0.98 6.01694e-15
0.982 5.34932e-15
0.984 4.87896e-15
0.986 6.26656e-15
0.988 5.12401e-15
0.99 4.99784e-15
0.992 8.47571e-15
0.994 8.16409e-16
0.996 8.83212e-15
0.998 2.11259e-15
