-1 9.01822e-06
-0.998 9.06334e-06
-0.996 9.19909e-06
-0.994 9.42659e-06
-0.992 9.74775e-06
-0.99 1.01653e-05
-0.988 1.06826e-05
-0.986 1.1304e-05
-0.984 1.20346e-05
-0.982 1.28806e-05
-0.98 1.38487e-05
-0.978 1.49469e-05
-0.976 1.61841e-05
-0.974 1.75703e-05
-0.972 1.91166e-05
-0.97 2.08354e-05
-0.968 2.27401e-05
-0.966 2.48457e-05
-0.964 2.71688e-05
-0.962 2.97271e-05
-0.96 3.25404e-05
-0.958 3.563e-05
-0.956 3.90192e-05
-0.954 4.27333e-05
-0.952 4.67998e-05
-0.95 5.12486e-05
-0.948 5.6112e-05
-0.946 6.14249e-05
-0.944 6.72253e-05
-0.942 7.3554e-05
-0.94 8.04555e-05
-0.938 8.79773e-05
-0.936 9.6171e-05
-0.934 0.000105092
-0.932 0.000114801
-0.93 0.000125361
-0.928 0.000136843
-0.926 0.00014932
-0.924 0.000162874
-0.922 0.00017759
-0.92 0.000193561
-0.918 0.000210886
-0.916 0.000229673
-0.914 0.000250035
-0.912 0.000272096
-0.91 0.000295985
-0.908 0.000321845
-0.906 0.000349826
-0.904 0.000380088
-0.902 0.000412804
-0.9 0.000448157
-0.898 0.000486345
-0.896 0.000527576
-0.894 0.000572074
-0.892 0.000620077
-0.89 0.00067184
-0.888 0.000727634
-0.886 0.000787747
-0.884 0.000852484
-0.882 0.000922174
-0.88 0.000997161
-0.878 0.00107782
-0.876 0.00116453
-0.874 0.00125771
-0.872 0.00135781
-0.87 0.00146529
-0.868 0.00158065
-0.866 0.0017044
-0.864 0.00183711
-0.862 0.00197936
-0.86 0.00213177
-0.858 0.002295
-0.856 0.00246974
-0.854 0.00265672
-0.852 0.00285672
-0.85 0.00307054
-0.848 0.00329905
-0.846 0.00354314
-0.844 0.00380377
-0.842 0.00408194
-0.84 0.00437871
-0.838 0.00469517
-0.836 0.00503248
-0.834 0.00539188
-0.832 0.00577463
-0.83 0.00618207
-0.828 0.00661562
-0.826 0.00707674
-0.824 0.00756698
-0.822 0.00808794
-0.82 0.00864131
-0.818 0.00922884
-0.816 0.00985239
-0.814 0.0105139
-0.812 0.0112152
-0.81 0.0119586
-0.808 0.0127462
-0.806 0.0135802
-0.804 0.014463
-0.802 0.015397
-0.8 0.0163848
-0.798 0.017429
-0.796 0.0185323
-0.794 0.0196975
-0.792 0.0209277
-0.79 0.0222258
-0.788 0.023595
-0.786 0.0250385
-0.784 0.0265597
-0.782 0.028162
-0.78 0.0298491
-0.778 0.0316246
-0.776 0.0334923
-0.774 0.0354561
-0.772 0.03752
-0.77 0.0396882
-0.768 0.0419649
-0.766 0.0443545
-0.764 0.0468614
-0.762 0.0494902
-0.76 0.0522455
-0.758 0.0551322
-0.756 0.0581551
-0.754 0.0613193
-0.752 0.0646297
-0.75 0.0680916
-0.748 0.0717103
-0.746 0.0754911
-0.744 0.0794394
-0.742 0.0835608
-0.74 0.0878608
-0.738 0.0923452
-0.736 0.0970197
-0.734 0.10189
-0.732 0.106962
-0.73 0.112242
-0.728 0.117735
-0.726 0.123447
-0.724 0.129385
-0.722 0.135555
-0.72 0.141961
-0.718 0.148611
-0.716 0.155511
-0.714 0.162665
-0.712 0.170081
-0.71 0.177764
-0.708 0.185719
-0.706 0.193953
-0.704 0.202471
-0.702 0.211278
-0.7 0.22038
-0.698 0.229783
-0.696 0.239491
-0.694 0.249509
-0.692 0.259842
-0.69 0.270495
-0.688 0.281472
-0.686 0.292778
-0.684 0.304416
-0.682 0.31639
-0.68 0.328703
-0.678 0.341359
-0.676 0.35436
-0.674 0.36771
-0.672 0.38141
-0.67 0.395462
-0.668 0.409868
-0.666 0.424628
-0.664 0.439745
-0.662 0.455217
-0.66 0.471045
-0.658 0.487229
-0.656 0.503767
-0.654 0.520658
-0.652 0.537901
-0.65 0.555492
-0.648 0.573429
-0.646 0.591709
-0.644 0.610327
-0.642 0.629279
-0.64 0.64856
-0.638 0.668164
-0.636 0.688086
-0.634 0.708319
-0.632 0.728855
-0.63 0.749686
-0.628 0.770804
-0.626 0.7922
-0.624 0.813865
-0.622 0.835787
-0.62 0.857957
-0.618 0.880363
-0.616 0.902992
-0.614 0.925833
-0.612 0.948872
-0.61 0.972096
-0.608 0.995489
-0.606 1.01904
-0.604 1.04273
-0.602 1.06654
-0.6 1.09046
-0.598 1.11447
-0.596 1.13855
-0.594 1.16269
-0.592 1.18687
-0.59 1.21106
-0.588 1.23526
-0.586 1.25943
-0.584 1.28356
-0.582 1.30763
-0.58 1.33162
-0.578 1.35551
-0.576 1.37928
-0.574 1.4029
-0.572 1.42635
-0.57 1.44962
-0.568 1.47267
-0.566 1.4955
-0.564 1.51807
-0.562 1.54036
-0.56 1.56236
-0.558 1.58404
-0.556 1.60538
-0.554 1.62635
-0.552 1.64694
-0.55 1.66712
-0.548 1.68688
-0.546 1.70618
-0.544 1.72502
-0.542 1.74337
-0.54 1.76121
-0.538 1.77852
-0.536 1.79528
-0.534 1.81147
-0.532 1.82708
-0.53 1.84209
-0.528 1.85647
-0.526 1.87023
-0.524 1.88333
-0.522 1.89576
-0.52 1.90751
-0.518 1.91857
-0.516 1.92892
-0.514 1.93855
-0.512 1.94745
-0.51 1.9556
-0.508 1.96301
-0.506 1.96966
-0.504 1.97553
-0.502 1.98064
-0.5 1.98496
-0.498 1.9885
-0.496 1.99124
-0.494 1.99319
-0.492 1.99435
-0.49 1.99471
-0.488 1.99427
-0.486 1.99304
-0.484 1.991
-0.482 1.98818
-0.48 1.98456
-0.478 1.98016
-0.476 1.97498
-0.474 1.96903
-0.472 1.9623
-0.47 1.95482
-0.468 1.94659
-0.466 1.93762
-0.464 1.92791
-0.462 1.91749
-0.46 1.90637
-0.458 1.89455
-0.456 1.88204
-0.454 1.86888
-0.452 1.85506
-0.45 1.84061
-0.448 1.82555
-0.446 1.80988
-0.444 1.79363
-0.442 1.77681
-0.44 1.75945
-0.438 1.74156
-0.436 1.72316
-0.434 1.70427
-0.432 1.68492
-0.43 1.66512
-0.428 1.6449
-0.426 1.62427
-0.424 1.60326
-0.422 1.58189
-0.42 1.56018
-0.418 1.53815
-0.416 1.51582
-0.414 1.49323
-0.412 1.47038
-0.41 1.4473
-0.408 1.42401
-0.406 1.40054
-0.404 1.37691
-0.402 1.35313
-0.4 1.32923
-0.398 1.30523
-0.396 1.28115
-0.394 1.25701
-0.392 1.23284
-0.39 1.20864
-0.388 1.18445
-0.386 1.16028
-0.384 1.13614
-0.382 1.11207
-0.38 1.08806
-0.378 1.06415
-0.376 1.04035
-0.374 1.01668
-0.372 0.993143
-0.37 0.969765
-0.368 0.94656
-0.366 0.92354
-0.364 0.90072
-0.362 0.878112
-0.36 0.855729
-0.358 0.833584
-0.356 0.811686
-0.354 0.790048
-0.352 0.76868
-0.35 0.74759
-0.348 0.726788
-0.346 0.706282
-0.344 0.68608
-0.342 0.666189
-0.34 0.646617
-0.338 0.627369
-0.336 0.60845
-0.334 0.589865
-0.332 0.57162
-0.33 0.553717
-0.328 0.536161
-0.326 0.518953
-0.324 0.502097
-0.322 0.485595
-0.32 0.469446
-0.318 0.453654
-0.316 0.438217
-0.314 0.423136
-0.312 0.408411
-0.31 0.394041
-0.308 0.380024
-0.306 0.366359
-0.304 0.353044
-0.302 0.340078
-0.3 0.327456
-0.298 0.315177
-0.296 0.303237
-0.294 0.291632
-0.292 0.28036
-0.29 0.269415
-0.288 0.258794
-0.286 0.248493
-0.284 0.238506
-0.282 0.228829
-0.28 0.219457
-0.278 0.210384
-0.276 0.201606
-0.274 0.193117
-0.272 0.184911
-0.27 0.176983
-0.268 0.169327
-0.266 0.161938
-0.264 0.154809
-0.262 0.147935
-0.26 0.14131
-0.258 0.134927
-0.256 0.128781
-0.254 0.122866
-0.252 0.117176
-0.25 0.111704
-0.248 0.106446
-0.246 0.101394
-0.244 0.0965435
-0.242 0.0918883
-0.24 0.0874226
-0.238 0.0831407
-0.236 0.0790368
-0.234 0.0751055
-0.232 0.0713412
-0.23 0.0677385
-0.228 0.0642919
-0.226 0.0609964
-0.224 0.0578466
-0.222 0.0548375
-0.22 0.0519642
-0.218 0.0492217
-0.216 0.0466053
-0.214 0.0441103
-0.212 0.0417322
-0.21 0.0394666
-0.208 0.037309
-0.206 0.0352552
-0.204 0.0333012
-0.202 0.0314429
-0.2 0.0296765
-0.198 0.027998
-0.196 0.026404
-0.194 0.0248907
-0.192 0.0234548
-0.19 0.0220929
-0.188 0.0208017
-0.186 0.0195782
-0.184 0.0184192
-0.182 0.0173219
-0.18 0.0162835
-0.178 0.0153012
-0.176 0.0143725
-0.174 0.0134947
-0.172 0.0126654
-0.17 0.0118824
-0.168 0.0111433
-0.166 0.010446
-0.164 0.00978837
-0.162 0.00916851
-0.16 0.00858447
-0.158 0.00803442
-0.156 0.00751661
-0.154 0.00702935
-0.152 0.00657106
-0.15 0.00614019
-0.148 0.00573527
-0.146 0.00535492
-0.144 0.00499779
-0.142 0.00466261
-0.14 0.00434817
-0.138 0.00405332
-0.136 0.00377695
-0.134 0.00351801
-0.132 0.00327552
-0.13 0.00304853
-0.128 0.00283612
-0.126 0.00263747
-0.124 0.00245175
-0.122 0.00227819
-0.12 0.00211608
-0.118 0.00196471
-0.116 0.00182344
-0.114 0.00169166
-0.112 0.00156877
-0.11 0.00145423
-0.108 0.00134751
-0.106 0.00124813
-0.104 0.00115562
-0.102 0.00106953
-0.1 0.000989467
-0.098 0.000915031
-0.096 0.000845859
-0.094 0.000781606
-0.092 0.000721948
-0.09 0.000666579
-0.088 0.000615214
-0.086 0.000567585
-0.084 0.000523437
-0.082 0.000482536
-0.08 0.000444658
-0.078 0.000409595
-0.076 0.000377154
-0.074 0.000347151
-0.072 0.000319415
-0.07 0.000293788
-0.068 0.00027012
-0.066 0.000248271
-0.064 0.000228112
-0.062 0.000209521
-0.06 0.000192385
-0.058 0.000176599
-0.056 0.000162065
-0.054 0.00014869
-0.052 0.000136391
-0.05 0.000125089
-0.048 0.00011471
-0.046 0.000105185
-0.044 9.64534e-05
-0.042 8.84554e-05
-0.04 8.11375e-05
-0.038 7.44499e-05
-0.036 6.83468e-05
-0.034 6.27858e-05
-0.032 5.77282e-05
-0.03 5.31384e-05
-0.028 4.89838e-05
-0.026 4.52348e-05
-0.024 4.18642e-05
-0.022 3.88477e-05
-0.02 3.61634e-05
-0.018 3.37914e-05
-0.016 3.17143e-05
-0.014 2.99167e-05
-0.012 2.83852e-05
-0.01 2.71084e-05
-0.008 2.60765e-05
-0.006 2.52819e-05
-0.004 2.47187e-05
-0.002 2.43824e-05
0 2.42706e-05
0.002 2.43824e-05
0.004 2.47187e-05
0.006 2.52819e-05
0.008 2.60765e-05
0.01 2.71084e-05
0.012 2.83852e-05
0.014 2.99167e-05
0.016 3.17143e-05
0.018 3.37914e-05
0.02 3.61634e-05
0.022 3.88477e-05
0.024 4.18642e-05
0.026 4.52348e-05
0.028 4.89838e-05
0.03 5.31384e-05
0.032 5.77282e-05
0.034 6.27858e-05
0.036 6.83468e-05
0.038 7.44499e-05
0.04 8.11375e-05
0.042 8.84554e-05
0.044 9.64534e-05
0.046 0.000105185
0.048 0.00011471
0.05 0.000125089
0.052 0.000136391
0.054 0.00014869
0.056 0.000162065
0.058 0.000176599
0.06 0.000192385
0.062 0.000209521
0.064 0.000228112
0.066 0.000248271
0.068 0.00027012
0.07 0.000293788
0.072 0.000319415
0.074 0.000347151
0.076 0.000377154
0.078 0.000409595
0.08 0.000444658
0.082 0.000482536
0.084 0.000523437
0.086 0.000567585
0.088 0.000615214
0.09 0.000666579
0.092 0.000721948
0.094 0.000781606
0.096 0.000845859
0.098 0.000915031
0.1 0.000989467
0.102 0.00106953
0.104 0.00115562
0.106 0.00124813
0.108 0.00134751
0.11 0.00145423
0.112 0.00156877
0.114 0.00169166
0.116 0.00182344
0.118 0.00196471
0.12 0.00211608
0.122 0.00227819
0.124 0.00245175
0.126 0.00263747
0.128 0.00283612
0.13 0.00304853
0.132 0.00327552
0.134 0.00351801
0.136 0.00377695
0.138 0.00405332
0.14 0.00434817
0.142 0.00466261
0.144 0.00499779
0.146 0.00535492
0.148 0.00573527
0.15 0.00614019
0.152 0.00657106
0.154 0.00702935
0.156 0.00751661
0.158 0.00803442
0.16 0.00858447
0.162 0.00916851
0.164 0.00978837
0.166 0.010446
0.168 0.0111433
0.17 0.0118824
0.172 0.0126654
0.174 0.0134947
0.176 0.0143725
0.178 0.0153012
0.18 0.0162835
0.182 0.0173219
0.184 0.0184192
0.186 0.0195782
0.188 0.0208017
0.19 0.0220929
0.192 0.0234548
0.194 0.0248907
0.196 0.026404
0.198 0.027998
0.2 0.0296765
0.202 0.0314429
0.204 0.0333012
0.206 0.0352552
0.208 0.037309
0.21 0.0394666
0.212 0.0417322
0.214 0.0441103
0.216 0.0466053
0.218 0.0492217
0.22 0.0519642
0.222 0.0548375
0.224 0.0578466
0.226 0.0609964
0.228 0.0642919
0.23 0.0677385
0.232 0.0713412
0.234 0.0751055
0.236 0.0790368
0.238 0.0831407
0.24 0.0874226
0.242 0.0918883
0.244 0.0965435
0.246 0.101394
0.248 0.106446
0.25 0.111704
0.252 0.117176
0.254 0.122866
0.256 0.128781
0.258 0.134927
0.26 0.14131
0.262 0.147935
0.264 0.154809
0.266 0.161938
0.268 0.169327
0.27 0.176983
0.272 0.184911
0.274 0.193117
0.276 0.201606
0.278 0.210384
0.28 0.219457
0.282 0.228829
0.284 0.238506
0.286 0.248493
0.288 0.258794
0.29 0.269415
0.292 0.28036
0.294 0.291632
0.296 0.303237
0.298 0.315177
0.3 0.327456
0.302 0.340078
0.304 0.353044
0.306 0.366359
0.308 0.380024
0.31 0.394041
0.312 0.408411
0.314 0.423136
0.316 0.438217
0.318 0.453654
0.32 0.469446
0.322 0.485595
0.324 0.502097
0.326 0.518953
0.328 0.536161
0.33 0.553717
0.332 0.57162
0.334 0.589865
0.336 0.60845
0.338 0.627369
0.34 0.646617
0.342 0.666189
0.344 0.68608
0.346 0.706282
0.348 0.726788
0.35 0.74759
0.352 0.76868
0.354 0.790048
0.356 0.811686
0.358 0.833584
0.36 0.855729
0.362 0.878112
0.364 0.90072
0.366 0.92354
0.368 0.94656
0.37 0.969765
0.372 0.993143
0.374 1.01668
0.376 1.04035
0.378 1.06415
0.38 1.08806
0.382 1.11207
0.384 1.13614
0.386 1.16028
0.388 1.18445
0.39 1.20864
0.392 1.23284
0.394 1.25701
0.396 1.28115
0.398 1.30523
0.4 1.32923
0.402 1.35313
0.404 1.37691
0.406 1.40054
0.408 1.42401
0.41 1.4473
0.412 1.47038
0.414 1.49323
0.416 1.51582
0.418 1.53815
0.42 1.56018
0.422 1.58189
0.424 1.60326
0.426 1.62427
0.428 1.6449
0.43 1.66512
0.432 1.68492
0.434 1.70427
0.436 1.72316
0.438 1.74156
0.44 1.75945
0.442 1.77681
0.444 1.79363
0.446 1.80988
0.448 1.82555
0.45 1.84061
0.452 1.85506
0.454 1.86888
0.456 1.88204
0.458 1.89455
0.46 1.90637
0.462 1.91749
0.464 1.92791
0.466 1.93762
0.468 1.94659
0.47 1.95482
0.472 1.9623
0.474 1.96903
0.476 1.97498
0.478 1.98016
0.48 1.98456
0.482 1.98818
0.484 1.991
0.486 1.99304
0.488 1.99427
0.49 1.99471
0.492 1.99435
0.494 1.99319
0.496 1.99124
0.498 1.9885
0.5 1.98496
0.502 1.98064
0.504 1.97553
0.506 1.96966
0.508 1.96301
0.51 1.9556
0.512 1.94745
0.514 1.93855
0.516 1.92892
0.518 1.91857
0.52 1.90751
0.522 1.89576
0.524 1.88333
0.526 1.87023
0.528 1.85647
0.53 1.84209
0.532 1.82708
0.534 1.81147
0.536 1.79528
0.538 1.77852
0.54 1.76121
0.542 1.74337
0.544 1.72502
0.546 1.70618
0.548 1.68688
0.55 1.66712
0.552 1.64694
0.554 1.62635
0.556 1.60538
0.558 1.58404
0.56 1.56236
0.562 1.54036
0.564 1.51807
0.566 1.4955
0.568 1.47267
0.57 1.44962
0.572 1.42635
0.574 1.4029
0.576 1.37928
0.578 1.35551
0.58 1.33162
0.582 1.30763
0.584 1.28356
0.586 1.25943
0.588 1.23526
0.59 1.21106
0.592 1.18687
0.594 1.16269
0.596 1.13855
0.598 1.11447
0.6 1.09046
0.602 1.06654
0.604 1.04273
0.606 1.01904
0.608 0.995489
0.61 0.972096
0.612 0.948872
0.614 0.925833
0.616 0.902992
0.618 0.880363
0.62 0.857957
0.622 0.835787
0.624 0.813865
0.626 0.7922
0.628 0.770804
0.63 0.749686
0.632 0.728855
0.634 0.708319
0.636 0.688086
0.638 0.668164
0.64 0.64856
0.642 0.629279
0.644 0.610327
0.646 0.591709
0.648 0.573429
0.65 0.555492
0.652 0.537901
0.654 0.520658
0.656 0.503767
0.658 0.487229
0.66 0.471045
0.662 0.455217
0.664 0.439745
0.666 0.424628
0.668 0.409868
0.67 0.395462
0.672 0.38141
0.674 0.36771
0.676 0.35436
0.678 0.341359
0.68 0.328703
0.682 0.31639
0.684 0.304416
0.686 0.292778
0.688 0.281472
0.69 0.270495
0.692 0.259842
0.694 0.249509
0.696 0.239491
0.698 0.229783
0.7 0.22038
0.702 0.211278
0.704 0.202471
0.706 0.193953
0.708 0.185719
0.71 0.177764
0.712 0.170081
0.714 0.162665
0.716 0.155511
0.718 0.148611
0.72 0.141961
0.722 0.135555
0.724 0.129385
0.726 0.123447
0.728 0.117735
0.73 0.112242
0.732 0.106962
0.734 0.10189
0.736 0.0970197
0.738 0.0923452
0.74 0.0878608
0.742 0.0835608
0.744 0.0794394
0.746 0.0754911
0.748 0.0717103
0.75 0.0680916
0.752 0.0646297
0.754 0.0613193
0.756 0.0581551
0.758 0.0551322
0.76 0.0522455
0.762 0.0494902
0.764 0.0468614
0.766 0.0443545
0.768 0.0419649
0.77 0.0396882
0.772 0.03752
0.774 0.0354561
0.776 0.0334923
0.778 0.0316246
0.78 0.0298491
0.782 0.028162
0.784 0.0265597
0.786 0.0250385
0.788 0.023595
0.79 0.0222258
0.792 0.0209277
0.794 0.0196975
0.796 0.0185323
0.798 0.017429
0.8 0.0163848
0.802 0.015397
0.804 0.014463
0.806 0.0135802
0.808 0.0127462
0.81 0.0119586
0.812 0.0112152
0.814 0.0105139
0.816 0.00985239
0.818 0.00922884
0.82 0.00864131
0.822 0.00808794
0.824 0.00756698
0.826 0.00707674
0.828 0.00661562
0.83 0.00618207
0.832 0.00577463
0.834 0.00539188
0.836 0.00503248
0.838 0.00469517
0.84 0.00437871
0.842 0.00408194
0.844 0.00380377
0.846 0.00354314
0.848 0.00329905
0.85 0.00307054
0.852 0.00285672
0.854 0.00265672
0.856 0.00246974
0.858 0.002295
0.86 0.00213177
0.862 0.00197936
0.864 0.00183711
0.866 0.0017044
0.868 0.00158065
0.87 0.00146529
0.872 0.00135781
0.874 0.00125771
0.876 0.00116453
0.878 0.00107782
0.88 0.000997161
0.882 0.000922174
0.884 0.000852484
0.886 0.000787747
0.888 0.000727634
0.89 0.00067184
0.892 0.000620077
0.894 0.000572074
0.896 0.000527576
0.898 0.000486345
0.9 0.000448157
0.902 0.000412804
0.904 0.000380088
0.906 0.000349826
0.908 0.000321845
0.91 0.000295985
0.912 0.000272096
0.914 0.000250035
0.916 0.000229673
0.918 0.000210886
0.92 0.000193561
0.922 0.00017759
0.924 0.000162874
0.926 0.00014932
0.928 0.000136843
0.93 0.000125361
0.932 0.000114801
0.934 0.000105092
0.936 9.6171e-05
0.938 8.79773e-05
0.94 8.04555e-05
0.942 7.3554e-05
0.944 6.72253e-05
0.946 6.14249e-05
0.948 5.6112e-05
0.95 5.12486e-05
0.952 4.67998e-05
0.954 4.27333e-05
0.956 3.90192e-05
0.958 3.563e-05
0.96 3.25404e-05
0.962 2.97271e-05
0.964 2.71688e-05
0.966 2.48457e-05
0.968 2.27401e-05
0.97 2.08354e-05
0.972 1.91166e-05
0.974 1.75703e-05
0.976 1.61841e-05
0.978 1.49469e-05
0.98 1.38487e-05
0.982 1.28806e-05
0.984 1.20346e-05
0.986 1.1304e-05
0.988 1.06826e-05
0.99 1.01653e-05
0.992 9.74775e-06
0.994 9.42659e-06
0.996 9.19909e-06
0.998 9.06334e-06
