-1 0.446208
-0.99 0.446347
-0.98 0.446257
-0.97 0.446478
-0.96 0.446406
-0.95 0.446734
-0.94 0.446655
-0.93 0.447099
-0.92 0.447013
-0.91 0.447544
-0.9 0.447493
-0.89 0.448028
-0.88 0.448111
-0.87 0.44852
-0.86 0.448851
-0.85 0.449032
-0.84 0.449626
-0.83 0.449649
-0.82 0.450297
-0.81 0.450451
-0.8 0.450806
-0.79 0.451336
-0.78 0.451341
-0.77 0.451984
-0.76 0.452134
-0.75 0.45231
-0.74 0.452906
-0.73 0.452802
-0.72 0.453125
-0.71 0.453536
-0.7 0.45328
-0.69 0.453599
-0.68 0.453869
-0.67 0.453448
-0.66 0.453595
-0.65 0.453845
-0.64 0.453259
-0.63 0.452968
-0.62 0.453254
-0.61 0.4528
-0.6 0.451803
-0.59 0.451565
-0.58 0.451739
-0.57 0.450961
-0.56 0.449298
-0.55 0.448254
-0.54 0.448937
-0.53 0.451203
-0.52 0.454267
-0.51 0.457495
-0.5 0.460631
-0.49 0.46364
-0.48 0.466544
-0.47 0.469356
-0.46 0.472078
-0.45 0.474712
-0.44 0.477257
-0.43 0.479713
-0.42 0.482082
-0.41 0.484363
-0.4 0.486559
-0.39 0.48867
-0.38 0.490697
-0.37 0.492642
-0.36 0.494506
-0.35 0.49629
-0.34 0.497996
-0.33 0.499625
-0.32 0.50118
-0.31 0.502661
-0.3 0.50407
-0.29 0.50541
-0.28 0.506681
-0.27 0.507887
-0.26 0.509028
-0.25 0.510106
-0.24 0.511124
-0.23 0.512083
-0.22 0.512985
-0.21 0.513832
-0.2 0.514626
-0.19 0.515368
-0.18 0.516061
-0.17 0.516705
-0.16 0.517303
-0.15 0.517856
-0.14 0.518366
-0.13 0.518834
-0.12 0.519261
-0.11 0.519649
-0.1 0.52
-0.09 0.520313
-0.08 0.520591
-0.07 0.520833
-0.06 0.521042
-0.05 0.521217
-0.04 0.521359
-0.03 0.52147
-0.02 0.521548
-0.01 0.521595
0 0.521611
0.01 0.521595
0.02 0.521548
0.03 0.52147
0.04 0.521359
0.05 0.521217
0.06 0.521042
0.07 0.520833
0.08 0.520591
0.09 0.520313
0.1 0.52
0.11 0.519649
0.12 0.519261
0.13 0.518834
0.14 0.518366
0.15 0.517856
0.16 0.517303
0.17 0.516705
0.18 0.516061
0.19 0.515368
0.2 0.514626
0.21 0.513832
0.22 0.512985
0.23 0.512083
0.24 0.511124
0.25 0.510106
0.26 0.509028
0.27 0.507887
0.28 0.506681
0.29 0.50541
0.3 0.50407
0.31 0.502661
0.32 0.50118
0.33 0.499625
0.34 0.497996
0.35 0.49629
0.36 0.494506
0.37 0.492642
0.38 0.490697
0.39 0.48867
0.4 0.486559
0.41 0.484363
0.42 0.482082
0.43 0.479713
0.44 0.477257
0.45 0.474712
0.46 0.472078
0.47 0.469356
0.48 0.466544
0.49 0.46364
0.5 0.460631
0.51 0.457495
0.52 0.454267
0.53 0.451203
0.54 0.448937
0.55 0.448254
0.56 0.449298
0.57 0.450961
0.58 0.451739
0.59 0.451565
0.6 0.451803
0.61 0.4528
0.62 0.453254
0.63 0.452968
0.64 0.453259
0.65 0.453845
0.66 0.453595
0.67 0.453448
0.68 0.453869
0.69 0.453599
0.7 0.45328
0.71 0.453536
0.72 0.453125
0.73 0.452802
0.74 0.452906
0.75 0.45231
0.76 0.452134
0.77 0.451984
0.78 0.451341
0.79 0.451336
0.8 0.450806
0.81 0.450451
0.82 0.450297
0.83 0.449649
0.84 0.449626
0.85 0.449032
0.86 0.448851
0.87 0.44852
0.88 0.448111
0.89 0.448028
0.9 0.447493
0.91 0.447544
0.92 0.447013
0.93 0.447099
0.94 0.446655
0.95 0.446734
0.96 0.446406
0.97 0.446478
0.98 0.446257
0.99 0.446347
