-1 0.777872
-0.99 0.777512
-0.98 0.777283
-0.97 0.776332
-0.96 0.775516
-0.95 0.773977
-0.94 0.772577
-0.93 0.770462
-0.92 0.768478
-0.91 0.765805
-0.9 0.763232
-0.89 0.760032
-0.88 0.756859
-0.87 0.753173
-0.86 0.749386
-0.85 0.745256
-0.84 0.740849
-0.83 0.736311
-0.82 0.731298
-0.81 0.726361
-0.8 0.720794
-0.79 0.715427
-0.78 0.709402
-0.77 0.70354
-0.76 0.697181
-0.75 0.690757
-0.74 0.684159
-0.73 0.67717
-0.72 0.670338
-0.71 0.662896
-0.7 0.655719
-0.69 0.648031
-0.68 0.64036
-0.67 0.632589
-0.66 0.624411
-0.65 0.616517
-0.64 0.608048
-0.63 0.599801
-0.62 0.591333
-0.61 0.5826
-0.6 0.574159
-0.59 0.565171
-0.58 0.55645
-0.57 0.547587
-0.56 0.538418
-0.55 0.529644
-0.54 0.520394
-0.53 0.511282
-0.52 0.502322
-0.51 0.492891
-0.5 0.483883
-0.49 0.47472
-0.48 0.465298
-0.47 0.456368
-0.46 0.447086
-0.45 0.437775
-0.44 0.42892
-0.43 0.419634
-0.42 0.410471
-0.41 0.401732
-0.4 0.392543
-0.39 0.383532
-0.38 0.374973
-0.37 0.365978
-0.36 0.357106
-0.35 0.348781
-0.34 0.340094
-0.33 0.331345
-0.32 0.323249
-0.31 0.315017
-0.3 0.306438
-0.29 0.298449
-0.28 0.290774
-0.27 0.282601
-0.26 0.274555
-0.25 0.267248
-0.24 0.259877
-0.23 0.252
-0.22 0.244503
-0.21 0.237778
-0.2 0.230929
-0.19 0.223481
-0.18 0.216261
-0.17 0.209984
-0.16 0.204086
-0.15 0.197563
-0.14 0.190379
-0.13 0.183573
-0.12 0.178225
-0.11 0.174649
-0.1 0.17244
-0.09 0.170985
-0.08 0.169851
-0.07 0.168852
-0.06 0.167958
-0.05 0.167184
-0.04 0.166546
-0.03 0.166049
-0.02 0.165694
-0.01 0.165481
0 0.16541
0.01 0.165481
0.02 0.165694
0.03 0.166049
0.04 0.166546
0.05 0.167184
0.06 0.167958
0.07 0.168852
0.08 0.169851
0.09 0.170985
0.1 0.17244
0.11 0.174649
0.12 0.178225
0.13 0.183573
0.14 0.190379
0.15 0.197563
0.16 0.204086
0.17 0.209984
0.18 0.216261
0.19 0.223481
0.2 0.230929
0.21 0.237778
0.22 0.244503
0.23 0.252
0.24 0.259877
0.25 0.267248
0.26 0.274555
0.27 0.282601
0.28 0.290774
0.29 0.298449
0.3 0.306438
0.31 0.315017
0.32 0.323249
0.33 0.331345
0.34 0.340094
0.35 0.348781
0.36 0.357106
0.37 0.365978
0.38 0.374973
0.39 0.383532
0.4 0.392543
0.41 0.401732
0.42 0.410471
0.43 0.419634
0.44 0.42892
0.45 0.437775
0.46 0.447086
0.47 0.456368
0.48 0.465298
0.49 0.47472
0.5 0.483883
0.51 0.492891
0.52 0.502322
0.53 0.511282
0.54 0.520394
0.55 0.529644
0.56 0.538418
0.57 0.547587
0.58 0.55645
0.59 0.565171
0.6 0.574159
0.61 0.5826
0.62 0.591333
0.63 0.599801
0.64 0.608048
0.65 0.616517
0.66 0.624411
0.67 0.632589
0.68 0.64036
0.69 0.648031
0.7 0.655719
0.71 0.662896
0.72 0.670338
0.73 0.67717
0.74 0.684159
0.75 0.690757
0.76 0.697181
0.77 0.70354
0.78 0.709402
0.79 0.715427
0.8 0.720794
0.81 0.726361
0.82 0.731298
0.83 0.736311
0.84 0.740849
0.85 0.745256
0.86 0.749386
0.87 0.753173
0.88 0.756859
0.89 0.760032
0.9 0.763232
0.91 0.765805
0.92 0.768478
0.93 0.770462
0.94 0.772577
0.95 0.773977
0.96 0.775516
0.97 0.776332
0.98 0.777283
0.99 0.777512
