-1 0.25212
-0.99 0.252139
-0.98 0.252359
-0.97 0.252712
-0.96 0.253075
-0.95 0.253852
-0.94 0.254278
-0.93 0.255507
-0.92 0.256041
-0.91 0.257544
-0.9 0.258496
-0.89 0.259848
-0.88 0.261586
-0.87 0.262678
-0.86 0.264787
-0.85 0.266524
-0.84 0.268014
-0.83 0.270584
-0.82 0.272587
-0.81 0.27421
-0.8 0.277047
-0.79 0.279904
-0.78 0.281566
-0.77 0.283529
-0.76 0.287557
-0.75 0.293582
-0.74 0.300567
-0.73 0.307789
-0.72 0.31504
-0.71 0.322322
-0.7 0.329655
-0.69 0.337042
-0.68 0.344478
-0.67 0.351959
-0.66 0.359481
-0.65 0.36704
-0.64 0.374633
-0.63 0.382255
-0.62 0.389901
-0.61 0.397568
-0.6 0.40525
-0.59 0.412944
-0.58 0.420644
-0.57 0.428345
-0.56 0.436044
-0.55 0.443735
-0.54 0.451413
-0.53 0.459073
-0.52 0.46671
-0.51 0.474319
-0.5 0.481895
-0.49 0.489432
-0.48 0.496926
-0.47 0.504371
-0.46 0.511761
-0.45 0.519093
-0.44 0.526359
-0.43 0.533555
-0.42 0.540676
-0.41 0.547716
-0.4 0.55467
-0.39 0.561533
-0.38 0.568299
-0.37 0.574964
-0.36 0.581522
-0.35 0.587968
-0.34 0.594298
-0.33 0.600505
-0.32 0.606586
-0.31 0.612535
-0.3 0.618347
-0.29 0.624019
-0.28 0.629544
-0.27 0.63492
-0.26 0.640141
-0.25 0.645203
-0.24 0.650103
-0.23 0.654835
-0.22 0.659396
-0.21 0.663782
-0.2 0.66799
-0.19 0.672016
-0.18 0.675857
-0.17 0.679509
-0.16 0.682969
-0.15 0.686235
-0.14 0.689303
-0.13 0.692172
-0.12 0.694837
-0.11 0.697299
-0.1 0.699553
-0.09 0.701598
-0.08 0.703433
-0.07 0.705056
-0.06 0.706465
-0.05 0.70766
-0.04 0.708638
-0.03 0.7094
-0.02 0.709945
-0.01 0.710272
0 0.710381
0.01 0.710272
0.02 0.709945
0.03 0.7094
0.04 0.708638
0.05 0.70766
0.06 0.706465
0.07 0.705056
0.08 0.703433
0.09 0.701598
0.1 0.699553
0.11 0.697299
0.12 0.694837
0.13 0.692172
0.14 0.689303
0.15 0.686235
0.16 0.682969
0.17 0.679509
0.18 0.675857
0.19 0.672016
0.2 0.66799
0.21 0.663782
0.22 0.659396
0.23 0.654835
0.24 0.650103
0.25 0.645203
0.26 0.640141
0.27 0.63492
0.28 0.629544
0.29 0.624019
0.3 0.618347
0.31 0.612535
0.32 0.606586
0.33 0.600505
0.34 0.594298
0.35 0.587968
0.36 0.581522
0.37 0.574964
0.38 0.568299
0.39 0.561533
0.4 0.55467
0.41 0.547716
0.42 0.540676
0.43 0.533555
0.44 0.526359
0.45 0.519093
0.46 0.511761
0.47 0.504371
0.48 0.496926
0.49 0.489432
0.5 0.481895
0.51 0.474319
0.52 0.46671
0.53 0.459073
0.54 0.451413
0.55 0.443735
0.56 0.436044
0.57 0.428345
0.58 0.420644
0.59 0.412944
0.6 0.40525
0.61 0.397568
0.62 0.389901
0.63 0.382255
0.64 0.374633
0.65 0.36704
0.66 0.359481
0.67 0.351959
0.68 0.344478
0.69 0.337042
0.7 0.329655
0.71 0.322322
0.72 0.31504
0.73 0.307789
0.74 0.300567
0.75 0.293582
0.76 0.287557
0.77 0.283529
0.78 0.281566
0.79 0.279904
0.8 0.277047
0.81 0.27421
0.82 0.272587
0.83 0.270584
0.84 0.268014
0.85 0.266524
0.86 0.264787
0.87 0.262678
0.88 0.261586
0.89 0.259848
0.9 0.258496
0.91 0.257544
0.92 0.256041
0.93 0.255507
0.94 0.254278
0.95 0.253852
0.96 0.253075
0.97 0.252712
0.98 0.252359
0.99 0.252139
