-1 0.538942
-0.99 0.538764
-0.98 0.538855
-0.97 0.538567
-0.96 0.538592
-0.95 0.538176
-0.94 0.538145
-0.93 0.537592
-0.92 0.537503
-0.91 0.536824
-0.9 0.536644
-0.89 0.535885
-0.88 0.535544
-0.87 0.534781
-0.86 0.534189
-0.85 0.533499
-0.84 0.532595
-0.83 0.531984
-0.82 0.530816
-0.81 0.53015
-0.8 0.528912
-0.79 0.527946
-0.78 0.526857
-0.77 0.525453
-0.76 0.524477
-0.75 0.522853
-0.74 0.521604
-0.73 0.520168
-0.72 0.518377
-0.71 0.517072
-0.7 0.51514
-0.69 0.513356
-0.68 0.511752
-0.67 0.509476
-0.66 0.507638
-0.65 0.505677
-0.64 0.50314
-0.63 0.50114
-0.62 0.498884
-0.61 0.496071
-0.6 0.493816
-0.59 0.49138
-0.58 0.488257
-0.57 0.485607
-0.56 0.483117
-0.55 0.479793
-0.54 0.4765
-0.53 0.473864
-0.52 0.470776
-0.51 0.46687
-0.5 0.463334
-0.49 0.460533
-0.48 0.457294
-0.47 0.452926
-0.46 0.448366
-0.45 0.445031
-0.44 0.443429
-0.43 0.443083
-0.42 0.443259
-0.41 0.443493
-0.4 0.443631
-0.39 0.443668
-0.38 0.443629
-0.37 0.443528
-0.36 0.443369
-0.35 0.443156
-0.34 0.442892
-0.33 0.442581
-0.32 0.442226
-0.31 0.441833
-0.3 0.441403
-0.29 0.440942
-0.28 0.440454
-0.27 0.439941
-0.26 0.439408
-0.25 0.438858
-0.24 0.438296
-0.23 0.437725
-0.22 0.437148
-0.21 0.436569
-0.2 0.435992
-0.19 0.43542
-0.18 0.434856
-0.17 0.434303
-0.16 0.433765
-0.15 0.433244
-0.14 0.432743
-0.13 0.432265
-0.12 0.431811
-0.11 0.431385
-0.1 0.430989
-0.09 0.430625
-0.08 0.430293
-0.07 0.429997
-0.06 0.429738
-0.05 0.429516
-0.04 0.429333
-0.03 0.429189
-0.02 0.429086
-0.01 0.429025
0 0.429004
0.01 0.429025
0.02 0.429086
0.03 0.429189
0.04 0.429333
0.05 0.429516
0.06 0.429738
0.07 0.429997
0.08 0.430293
0.09 0.430625
0.1 0.430989
0.11 0.431385
0.12 0.431811
0.13 0.432265
0.14 0.432743
0.15 0.433244
0.16 0.433765
0.17 0.434303
0.18 0.434856
0.19 0.43542
0.2 0.435992
0.21 0.436569
0.22 0.437148
0.23 0.437725
0.24 0.438296
0.25 0.438858
0.26 0.439408
0.27 0.439941
0.28 0.440454
0.29 0.440942
0.3 0.441403
0.31 0.441833
0.32 0.442226
0.33 0.442581
0.34 0.442892
0.35 0.443156
0.36 0.443369
0.37 0.443528
0.38 0.443629
0.39 0.443668
0.4 0.443631
0.41 0.443493
0.42 0.443259
0.43 0.443083
0.44 0.443429
0.45 0.445031
0.46 0.448366
0.47 0.452926
0.48 0.457294
0.49 0.460533
0.5 0.463334
0.51 0.46687
0.52 0.470776
0.53 0.473864
0.54 0.4765
0.55 0.479793
0.56 0.483117
0.57 0.485607
0.58 0.488257
0.59 0.49138
0.6 0.493816
0.61 0.496071
0.62 0.498884
0.63 0.50114
0.64 0.50314
0.65 0.505677
0.66 0.507638
0.67 0.509476
0.68 0.511752
0.69 0.513356
0.7 0.51514
0.71 0.517072
0.72 0.518377
0.73 0.520168
0.74 0.521604
0.75 0.522853
0.76 0.524477
0.77 0.525453
0.78 0.526857
0.79 0.527946
0.8 0.528912
0.81 0.53015
0.82 0.530816
0.83 0.531984
0.84 0.532595
0.85 0.533499
0.86 0.534189
0.87 0.534781
0.88 0.535544
0.89 0.535885
0.9 0.536644
0.91 0.536824
0.92 0.537503
0.93 0.537592
0.94 0.538145
0.95 0.538176
0.96 0.538592
0.97 0.538567
0.98 0.538855
0.99 0.538764
