-1 0.00426354
-0.998 0.00427436
-0.996 0.00430685
-0.994 0.00436112
-0.992 0.00443736
-0.99 0.00453583
-0.988 0.00465685
-0.986 0.00480085
-0.984 0.0049683
-0.982 0.00515975
-0.98 0.00537586
-0.978 0.00561733
-0.976 0.00588496
-0.974 0.00617962
-0.972 0.00650225
-0.97 0.0068539
-0.968 0.00723569
-0.966 0.0076488
-0.964 0.00809454
-0.962 0.00857427
-0.96 0.00908945
-0.958 0.00964163
-0.956 0.0102325
-0.954 0.0108637
-0.952 0.0115371
-0.95 0.0122546
-0.948 0.0130183
-0.946 0.0138302
-0.944 0.0146926
-0.942 0.0156079
-0.94 0.0165783
-0.938 0.0176065
-0.936 0.0186951
-0.934 0.0198468
-0.932 0.0210645
-0.93 0.0223511
-0.928 0.0237097
-0.926 0.0251435
-0.924 0.0266557
-0.922 0.0282498
-0.92 0.0299294
-0.918 0.0316979
-0.916 0.0335593
-0.914 0.0355172
-0.912 0.0375758
-0.91 0.0397391
-0.908 0.0420114
-0.906 0.0443968
-0.904 0.0469
-0.902 0.0495253
-0.9 0.0522775
-0.898 0.0551613
-0.896 0.0581816
-0.894 0.0613434
-0.892 0.0646516
-0.89 0.0681115
-0.888 0.0717284
-0.886 0.0755075
-0.884 0.0794543
-0.882 0.0835743
-0.88 0.0878731
-0.878 0.0923564
-0.876 0.0970298
-0.874 0.101899
-0.872 0.10697
-0.87 0.112249
-0.868 0.117742
-0.866 0.123453
-0.864 0.129391
-0.862 0.13556
-0.86 0.141966
-0.858 0.148615
-0.856 0.155514
-0.854 0.162669
-0.852 0.170084
-0.85 0.177766
-0.848 0.185721
-0.846 0.193955
-0.844 0.202472
-0.842 0.21128
-0.84 0.220382
-0.838 0.229784
-0.836 0.239492
-0.834 0.24951
-0.832 0.259843
-0.83 0.270496
-0.828 0.281473
-0.826 0.292779
-0.824 0.304416
-0.822 0.31639
-0.82 0.328703
-0.818 0.341359
-0.816 0.354361
-0.814 0.36771
-0.812 0.38141
-0.81 0.395462
-0.808 0.409868
-0.806 0.424629
-0.804 0.439745
-0.802 0.455217
-0.8 0.471045
-0.798 0.487229
-0.796 0.503767
-0.794 0.520659
-0.792 0.537901
-0.79 0.555492
-0.788 0.573429
-0.786 0.591709
-0.784 0.610327
-0.782 0.629279
-0.78 0.64856
-0.778 0.668164
-0.776 0.688086
-0.774 0.708319
-0.772 0.728855
-0.77 0.749686
-0.768 0.770804
-0.766 0.7922
-0.764 0.813865
-0.762 0.835787
-0.76 0.857957
-0.758 0.880363
-0.756 0.902992
-0.754 0.925833
-0.752 0.948872
-0.75 0.972096
-0.748 0.995489
-0.746 1.01904
-0.744 1.04273
-0.742 1.06654
-0.74 1.09046
-0.738 1.11447
-0.736 1.13855
-0.734 1.16269
-0.732 1.18687
-0.73 1.21106
-0.728 1.23526
-0.726 1.25943
-0.724 1.28356
-0.722 1.30763
-0.72 1.33162
-0.718 1.35551
-0.716 1.37928
-0.714 1.4029
-0.712 1.42635
-0.71 1.44962
-0.708 1.47267
-0.706 1.4955
-0.704 1.51807
-0.702 1.54036
-0.7 1.56236
-0.698 1.58404
-0.696 1.60538
-0.694 1.62635
-0.692 1.64694
-0.69 1.66712
-0.688 1.68688
-0.686 1.70618
-0.684 1.72502
-0.682 1.74337
-0.68 1.76121
-0.678 1.77852
-0.676 1.79528
-0.674 1.81147
-0.672 1.82708
-0.67 1.84209
-0.668 1.85647
-0.666 1.87023
-0.664 1.88333
-0.662 1.89576
-0.66 1.90751
-0.658 1.91857
-0.656 1.92892
-0.654 1.93855
-0.652 1.94745
-0.65 1.9556
-0.648 1.96301
-0.646 1.96966
-0.644 1.97553
-0.642 1.98064
-0.64 1.98496
-0.638 1.9885
-0.636 1.99124
-0.634 1.99319
-0.632 1.99435
-0.63 1.99471
-0.628 1.99427
-0.626 1.99304
-0.624 1.991
-0.622 1.98818
-0.62 1.98456
-0.618 1.98016
-0.616 1.97498
-0.614 1.96903
-0.612 1.9623
-0.61 1.95482
-0.608 1.94659
-0.606 1.93762
-0.604 1.92791
-0.602 1.91749
-0.6 1.90637
-0.598 1.89455
-0.596 1.88204
-0.594 1.86888
-0.592 1.85506
-0.59 1.84061
-0.588 1.82555
-0.586 1.80988
-0.584 1.79363
-0.582 1.77681
-0.58 1.75945
-0.578 1.74156
-0.576 1.72316
-0.574 1.70427
-0.572 1.68492
-0.57 1.66512
-0.568 1.6449
-0.566 1.62427
-0.564 1.60326
-0.562 1.58189
-0.56 1.56018
-0.558 1.53815
-0.556 1.51582
-0.554 1.49323
-0.552 1.47038
-0.55 1.4473
-0.548 1.42401
-0.546 1.40054
-0.544 1.37691
-0.542 1.35313
-0.54 1.32923
-0.538 1.30523
-0.536 1.28115
-0.534 1.25701
-0.532 1.23284
-0.53 1.20864
-0.528 1.18445
-0.526 1.16028
-0.524 1.13614
-0.522 1.11207
-0.52 1.08806
-0.518 1.06415
-0.516 1.04035
-0.514 1.01668
-0.512 0.993143
-0.51 0.969765
-0.508 0.94656
-0.506 0.92354
-0.504 0.90072
-0.502 0.878112
-0.5 0.855729
-0.498 0.833584
-0.496 0.811686
-0.494 0.790048
-0.492 0.76868
-0.49 0.74759
-0.488 0.726788
-0.486 0.706282
-0.484 0.68608
-0.482 0.666189
-0.48 0.646617
-0.478 0.627369
-0.476 0.60845
-0.474 0.589865
-0.472 0.57162
-0.47 0.553717
-0.468 0.536161
-0.466 0.518953
-0.464 0.502097
-0.462 0.485595
-0.46 0.469446
-0.458 0.453654
-0.456 0.438217
-0.454 0.423136
-0.452 0.408411
-0.45 0.394041
-0.448 0.380024
-0.446 0.366359
-0.444 0.353044
-0.442 0.340078
-0.44 0.327456
-0.438 0.315177
-0.436 0.303237
-0.434 0.291632
-0.432 0.28036
-0.43 0.269415
-0.428 0.258794
-0.426 0.248493
-0.424 0.238506
-0.422 0.228829
-0.42 0.219457
-0.418 0.210384
-0.416 0.201606
-0.414 0.193117
-0.412 0.184911
-0.41 0.176983
-0.408 0.169327
-0.406 0.161938
-0.404 0.154809
-0.402 0.147935
-0.4 0.14131
-0.398 0.134927
-0.396 0.128781
-0.394 0.122866
-0.392 0.117176
-0.39 0.111704
-0.388 0.106446
-0.386 0.101394
-0.384 0.0965435
-0.382 0.0918883
-0.38 0.0874226
-0.378 0.0831407
-0.376 0.0790368
-0.374 0.0751055
-0.372 0.0713412
-0.37 0.0677385
-0.368 0.0642919
-0.366 0.0609964
-0.364 0.0578466
-0.362 0.0548375
-0.36 0.0519642
-0.358 0.0492217
-0.356 0.0466053
-0.354 0.0441103
-0.352 0.0417322
-0.35 0.0394666
-0.348 0.037309
-0.346 0.0352552
-0.344 0.0333012
-0.342 0.0314429
-0.34 0.0296765
-0.338 0.027998
-0.336 0.026404
-0.334 0.0248907
-0.332 0.0234548
-0.33 0.0220929
-0.328 0.0208017
-0.326 0.0195782
-0.324 0.0184192
-0.322 0.0173219
-0.32 0.0162835
-0.318 0.0153012
-0.316 0.0143725
-0.314 0.0134947
-0.312 0.0126654
-0.31 0.0118824
-0.308 0.0111433
-0.306 0.010446
-0.304 0.00978837
-0.302 0.00916851
-0.3 0.00858447
-0.298 0.00803442
-0.296 0.00751661
-0.294 0.00702935
-0.292 0.00657106
-0.29 0.00614018
-0.288 0.00573527
-0.286 0.00535492
-0.284 0.00499779
-0.282 0.00466261
-0.28 0.00434817
-0.278 0.00405331
-0.276 0.00377694
-0.274 0.00351801
-0.272 0.00327552
-0.27 0.00304852
-0.268 0.00283612
-0.266 0.00263746
-0.264 0.00245173
-0.262 0.00227818
-0.26 0.00211606
-0.258 0.00196469
-0.256 0.00182342
-0.254 0.00169164
-0.252 0.00156874
-0.25 0.0014542
-0.248 0.00134748
-0.246 0.00124809
-0.244 0.00115557
-0.242 0.00106948
-0.24 0.000989413
-0.238 0.00091497
-0.236 0.00084579
-0.234 0.000781529
-0.232 0.00072186
-0.23 0.000666481
-0.228 0.000615104
-0.226 0.000567461
-0.224 0.000523299
-0.222 0.00048238
-0.22 0.000444483
-0.218 0.0004094
-0.216 0.000376935
-0.214 0.000346906
-0.212 0.000319141
-0.21 0.000293481
-0.208 0.000269776
-0.206 0.000247887
-0.204 0.000227683
-0.202 0.000209042
-0.2 0.00019185
-0.198 0.000176002
-0.196 0.000161398
-0.194 0.000147947
-0.192 0.000135563
-0.19 0.000124165
-0.188 0.000113681
-0.186 0.00010404
-0.184 9.51786e-05
-0.182 8.70371e-05
-0.18 7.95603e-05
-0.178 7.26966e-05
-0.176 6.63986e-05
-0.174 6.06219e-05
-0.172 5.53256e-05
-0.17 5.04719e-05
-0.168 4.60255e-05
-0.166 4.19541e-05
-0.164 3.82276e-05
-0.162 3.48181e-05
-0.16 3.17e-05
-0.158 2.88496e-05
-0.156 2.6245e-05
-0.154 2.38661e-05
-0.152 2.1694e-05
-0.15 1.97118e-05
-0.148 1.79035e-05
-0.146 1.62546e-05
-0.144 1.47517e-05
-0.142 1.33824e-05
-0.14 1.21353e-05
-0.138 1.1e-05
-0.136 9.967e-06
-0.134 9.02736e-06
-0.132 8.17303e-06
-0.13 7.3966e-06
-0.128 6.69125e-06
-0.126 6.05074e-06
-0.124 5.46936e-06
-0.122 4.94186e-06
-0.12 4.46345e-06
-0.118 4.02974e-06
-0.116 3.63672e-06
-0.114 3.28072e-06
-0.112 2.95839e-06
-0.11 2.66665e-06
-0.108 2.40273e-06
-0.106 2.16406e-06
-0.104 1.94832e-06
-0.102 1.75338e-06
-0.1 1.57732e-06
-0.098 1.41837e-06
-0.096 1.27493e-06
-0.094 1.14554e-06
-0.092 1.02886e-06
-0.09 9.23706e-07
-0.088 8.28965e-07
-0.086 7.43644e-07
-0.084 6.66839e-07
-0.082 5.97728e-07
-0.08 5.35567e-07
-0.078 4.7968e-07
-0.076 4.29454e-07
-0.074 3.84335e-07
-0.072 3.43821e-07
-0.07 3.07457e-07
-0.068 2.74831e-07
-0.066 2.45572e-07
-0.064 2.19344e-07
-0.062 1.95843e-07
-0.06 1.74794e-07
-0.058 1.5595e-07
-0.056 1.39089e-07
-0.054 1.24007e-07
-0.052 1.10524e-07
-0.05 9.84771e-08
-0.048 8.77182e-08
-0.046 7.81152e-08
-0.044 6.95491e-08
-0.042 6.19129e-08
-0.04 5.51106e-08
-0.038 4.9056e-08
-0.036 4.3672e-08
-0.034 3.88893e-08
-0.032 3.46462e-08
-0.03 3.08875e-08
-0.028 2.75638e-08
-0.026 2.46314e-08
-0.024 2.20515e-08
-0.022 1.97895e-08
-0.02 1.78153e-08
-0.018 1.61021e-08
-0.016 1.46269e-08
-0.014 1.33694e-08
-0.012 1.23125e-08
-0.01 1.14418e-08
-0.008 1.07452e-08
-0.006 1.02132e-08
-0.004 9.83832e-09
-0.002 9.61547e-09
0 9.54153e-09
0.002 9.61547e-09
0.004 9.83832e-09
0.006 1.02132e-08
0.008 1.07452e-08
0.01 1.14418e-08
0.012 1.23125e-08
0.014 1.33694e-08
0.016 1.46269e-08
0.018 1.61021e-08
0.02 1.78153e-08
0.022 1.97895e-08
0.024 2.20515e-08
0.026 2.46314e-08
0.028 2.75638e-08
0.03 3.08875e-08
0.032 3.46462e-08
0.034 3.88893e-08
0.036 4.3672e-08
0.038 4.9056e-08
0.04 5.51106e-08
0.042 6.19129e-08
0.044 6.95491e-08
0.046 7.81152e-08
0.048 8.77182e-08
0.05 9.84771e-08
0.052 1.10524e-07
0.054 1.24007e-07
0.056 1.39089e-07
0.058 1.5595e-07
0.06 1.74794e-07
0.062 1.95843e-07
0.064 2.19344e-07
0.066 2.45572e-07
0.068 2.74831e-07
0.07 3.07457e-07
0.072 3.43821e-07
0.074 3.84335e-07
0.076 4.29454e-07
0.078 4.7968e-07
0.08 5.35567e-07
0.082 5.97728e-07
0.084 6.66839e-07
0.086 7.43644e-07
0.088 8.28965e-07
0.09 9.23706e-07
0.092 1.02886e-06
0.094 1.14554e-06
0.096 1.27493e-06
0.098 1.41837e-06
0.1 1.57732e-06
0.102 1.75338e-06
0.104 1.94832e-06
0.106 2.16406e-06
0.108 2.40273e-06
0.11 2.66665e-06
0.112 2.95839e-06
0.114 3.28072e-06
0.116 3.63672e-06
0.118 4.02974e-06
0.12 4.46345e-06
0.122 4.94186e-06
0.124 5.46936e-06
0.126 6.05074e-06
0.128 6.69125e-06
0.13 7.3966e-06
0.132 8.17303e-06
0.134 9.02736e-06
0.136 9.967e-06
0.138 1.1e-05
0.14 1.21353e-05
0.142 1.33824e-05
0.144 1.47517e-05
0.146 1.62546e-05
0.148 1.79035e-05
0.15 1.97118e-05
0.152 2.1694e-05
0.154 2.38661e-05
0.156 2.6245e-05
0.158 2.88496e-05
0.16 3.17e-05
0.162 3.48181e-05
0.164 3.82276e-05
0.166 4.19541e-05
0.168 4.60255e-05
0.17 5.04719e-05
0.172 5.53256e-05
0.174 6.06219e-05
0.176 6.63986e-05
0.178 7.26966e-05
0.18 7.95603e-05
0.182 8.70371e-05
0.184 9.51786e-05
0.186 0.00010404
0.188 0.000113681
0.19 0.000124165
0.192 0.000135563
0.194 0.000147947
0.196 0.000161398
0.198 0.000176002
0.2 0.00019185
0.202 0.000209042
0.204 0.000227683
0.206 0.000247887
0.208 0.000269776
0.21 0.000293481
0.212 0.000319141
0.214 0.000346906
0.216 0.000376935
0.218 0.0004094
0.22 0.000444483
0.222 0.00048238
0.224 0.000523299
0.226 0.000567461
0.228 0.000615104
0.23 0.000666481
0.232 0.00072186
0.234 0.000781529
0.236 0.00084579
0.238 0.00091497
0.24 0.000989413
0.242 0.00106948
0.244 0.00115557
0.246 0.00124809
0.248 0.00134748
0.25 0.0014542
0.252 0.00156874
0.254 0.00169164
0.256 0.00182342
0.258 0.00196469
0.26 0.00211606
0.262 0.00227818
0.264 0.00245173
0.266 0.00263746
0.268 0.00283612
0.27 0.00304852
0.272 0.00327552
0.274 0.00351801
0.276 0.00377694
0.278 0.00405331
0.28 0.00434817
0.282 0.00466261
0.284 0.00499779
0.286 0.00535492
0.288 0.00573527
0.29 0.00614018
0.292 0.00657106
0.294 0.00702935
0.296 0.00751661
0.298 0.00803442
0.3 0.00858447
0.302 0.00916851
0.304 0.00978837
0.306 0.010446
0.308 0.0111433
0.31 0.0118824
0.312 0.0126654
0.314 0.0134947
0.316 0.0143725
0.318 0.0153012
0.32 0.0162835
0.322 0.0173219
0.324 0.0184192
0.326 0.0195782
0.328 0.0208017
0.33 0.0220929
0.332 0.0234548
0.334 0.0248907
0.336 0.026404
0.338 0.027998
0.34 0.0296765
0.342 0.0314429
0.344 0.0333012
0.346 0.0352552
0.348 0.037309
0.35 0.0394666
0.352 0.0417322
0.354 0.0441103
0.356 0.0466053
0.358 0.0492217
0.36 0.0519642
0.362 0.0548375
0.364 0.0578466
0.366 0.0609964
0.368 0.0642919
0.37 0.0677385
0.372 0.0713412
0.374 0.0751055
0.376 0.0790368
0.378 0.0831407
0.38 0.0874226
0.382 0.0918883
0.384 0.0965435
0.386 0.101394
0.388 0.106446
0.39 0.111704
0.392 0.117176
0.394 0.122866
0.396 0.128781
0.398 0.134927
0.4 0.14131
0.402 0.147935
0.404 0.154809
0.406 0.161938
0.408 0.169327
0.41 0.176983
0.412 0.184911
0.414 0.193117
0.416 0.201606
0.418 0.210384
0.42 0.219457
0.422 0.228829
0.424 0.238506
0.426 0.248493
0.428 0.258794
0.43 0.269415
0.432 0.28036
0.434 0.291632
0.436 0.303237
0.438 0.315177
0.44 0.327456
0.442 0.340078
0.444 0.353044
0.446 0.366359
0.448 0.380024
0.45 0.394041
0.452 0.408411
0.454 0.423136
0.456 0.438217
0.458 0.453654
0.46 0.469446
0.462 0.485595
0.464 0.502097
0.466 0.518953
0.468 0.536161
0.47 0.553717
0.472 0.57162
0.474 0.589865
0.476 0.60845
0.478 0.627369
0.48 0.646617
0.482 0.666189
0.484 0.68608
0.486 0.706282
0.488 0.726788
0.49 0.74759
0.492 0.76868
0.494 0.790048
0.496 0.811686
0.498 0.833584
0.5 0.855729
0.502 0.878112
0.504 0.90072
0.506 0.92354
0.508 0.94656
0.51 0.969765
0.512 0.993143
0.514 1.01668
0.516 1.04035
0.518 1.06415
0.52 1.08806
0.522 1.11207
0.524 1.13614
0.526 1.16028
0.528 1.18445
0.53 1.20864
0.532 1.23284
0.534 1.25701
0.536 1.28115
0.538 1.30523
0.54 1.32923
0.542 1.35313
0.544 1.37691
0.546 1.40054
0.548 1.42401
0.55 1.4473
0.552 1.47038
0.554 1.49323
0.556 1.51582
0.558 1.53815
0.56 1.56018
0.562 1.58189
0.564 1.60326
0.566 1.62427
0.568 1.6449
0.57 1.66512
0.572 1.68492
0.574 1.70427
0.576 1.72316
0.578 1.74156
0.58 1.75945
0.582 1.77681
0.584 1.79363
0.586 1.80988
0.588 1.82555
0.59 1.84061
0.592 1.85506
0.594 1.86888
0.596 1.88204
0.598 1.89455
0.6 1.90637
0.602 1.91749
0.604 1.92791
0.606 1.93762
0.608 1.94659
0.61 1.95482
0.612 1.9623
0.614 1.96903
0.616 1.97498
0.618 1.98016
0.62 1.98456
0.622 1.98818
0.624 1.991
0.626 1.99304
0.628 1.99427
0.63 1.99471
0.632 1.99435
0.634 1.99319
0.636 1.99124
0.638 1.9885
0.64 1.98496
0.642 1.98064
0.644 1.97553
0.646 1.96966
0.648 1.96301
0.65 1.9556
0.652 1.94745
0.654 1.93855
0.656 1.92892
0.658 1.91857
0.66 1.90751
0.662 1.89576
0.664 1.88333
0.666 1.87023
0.668 1.85647
0.67 1.84209
0.672 1.82708
0.674 1.81147
0.676 1.79528
0.678 1.77852
0.68 1.76121
0.682 1.74337
0.684 1.72502
0.686 1.70618
0.688 1.68688
0.69 1.66712
0.692 1.64694
0.694 1.62635
0.696 1.60538
0.698 1.58404
0.7 1.56236
0.702 1.54036
0.704 1.51807
0.706 1.4955
0.708 1.47267
0.71 1.44962
0.712 1.42635
0.714 1.4029
0.716 1.37928
0.718 1.35551
0.72 1.33162
0.722 1.30763
0.724 1.28356
0.726 1.25943
0.728 1.23526
0.73 1.21106
0.732 1.18687
0.734 1.16269
0.736 1.13855
0.738 1.11447
0.74 1.09046
0.742 1.06654
0.744 1.04273
0.746 1.01904
0.748 0.995489
0.75 0.972096
0.752 0.948872
0.754 0.925833
0.756 0.902992
0.758 0.880363
0.76 0.857957
0.762 0.835787
0.764 0.813865
0.766 0.7922
0.768 0.770804
0.77 0.749686
0.772 0.728855
0.774 0.708319
0.776 0.688086
0.778 0.668164
0.78 0.64856
0.782 0.629279
0.784 0.610327
0.786 0.591709
0.788 0.573429
0.79 0.555492
0.792 0.537901
0.794 0.520659
0.796 0.503767
0.798 0.487229
0.8 0.471045
0.802 0.455217
0.804 0.439745
0.806 0.424629
0.808 0.409868
0.81 0.395462
0.812 0.38141
0.814 0.36771
0.816 0.354361
0.818 0.341359
0.82 0.328703
0.822 0.31639
0.824 0.304416
0.826 0.292779
0.828 0.281473
0.83 0.270496
0.832 0.259843
0.834 0.24951
0.836 0.239492
0.838 0.229784
0.84 0.220382
0.842 0.21128
0.844 0.202472
0.846 0.193955
0.848 0.185721
0.85 0.177766
0.852 0.170084
0.854 0.162669
0.856 0.155514
0.858 0.148615
0.86 0.141966
0.862 0.13556
0.864 0.129391
0.866 0.123453
0.868 0.117742
0.87 0.112249
0.872 0.10697
0.874 0.101899
0.876 0.0970298
0.878 0.0923564
0.88 0.0878731
0.882 0.0835743
0.884 0.0794543
0.886 0.0755075
0.888 0.0717284
0.89 0.0681115
0.892 0.0646516
0.894 0.0613434
0.896 0.0581816
0.898 0.0551613
0.9 0.0522775
0.902 0.0495253
0.904 0.0469
0.906 0.0443968
0.908 0.0420114
0.91 0.0397391
0.912 0.0375758
0.914 0.0355172
0.916 0.0335593
0.918 0.0316979
0.92 0.0299294
0.922 0.0282498
0.924 0.0266557
0.926 0.0251435
0.928 0.0237097
0.93 0.0223511
0.932 0.0210645
0.934 0.0198468
0.936 0.0186951
0.938 0.0176065
0.94 0.0165783
0.942 0.0156079
0.944 0.0146926
0.946 0.0138302
0.948 0.0130183
0.95 0.0122546
0.952 0.0115371
0.954 0.0108637
0.956 0.0102325
0.958 0.00964163
0.96 0.00908945
0.962 0.00857427
0.964 0.00809454
0.966 0.0076488
0.968 0.00723569
0.97 0.0068539
0.972 0.00650225
0.974 0.00617962
0.976 0.00588496
0.978 0.00561733
0.98 0.00537586
0.982 0.00515975
0.984 0.0049683
0.986 0.00480085
0.988 0.00465685
0.99 0.00453583
0.992 0.00443736
0.994 0.00436112
0.996 0.00430685
0.998 0.00427436
