-1 5.33341e-06
-0.998 5.36121e-06
-0.996 5.44488e-06
-0.994 5.58514e-06
-0.992 5.78323e-06
-0.99 6.04088e-06
-0.988 6.36034e-06
-0.986 6.7444e-06
-0.984 7.1964e-06
-0.982 7.72024e-06
-0.98 8.32043e-06
-0.978 9.00213e-06
-0.976 9.77114e-06
-0.974 1.0634e-05
-0.972 1.15979e-05
-0.97 1.2671e-05
-0.968 1.38622e-05
-0.966 1.51813e-05
-0.964 1.66392e-05
-0.962 1.82475e-05
-0.96 2.00195e-05
-0.958 2.19691e-05
-0.956 2.41119e-05
-0.954 2.64646e-05
-0.952 2.90457e-05
-0.95 3.1875e-05
-0.948 3.49743e-05
-0.946 3.83669e-05
-0.944 4.20784e-05
-0.942 4.61363e-05
-0.94 5.05706e-05
-0.938 5.54136e-05
-0.936 6.07003e-05
-0.934 6.64684e-05
-0.932 7.27588e-05
-0.93 7.96157e-05
-0.928 8.70865e-05
-0.926 9.52225e-05
-0.924 0.000104079
-0.922 0.000113716
-0.92 0.000124196
-0.918 0.00013559
-0.916 0.000147972
-0.914 0.00016142
-0.912 0.000176021
-0.91 0.000191868
-0.908 0.000209057
-0.906 0.000227697
-0.904 0.0002479
-0.902 0.000269788
-0.9 0.000293491
-0.898 0.00031915
-0.896 0.000346914
-0.894 0.000376943
-0.892 0.000409407
-0.89 0.00044449
-0.888 0.000482386
-0.886 0.000523304
-0.884 0.000567466
-0.882 0.00061511
-0.88 0.000666486
-0.878 0.000721865
-0.876 0.000781533
-0.874 0.000845795
-0.872 0.000914975
-0.87 0.000989417
-0.868 0.00106949
-0.866 0.00115558
-0.864 0.0012481
-0.862 0.00134748
-0.86 0.0014542
-0.858 0.00156875
-0.856 0.00169164
-0.854 0.00182343
-0.852 0.0019647
-0.85 0.00211606
-0.848 0.00227818
-0.846 0.00245174
-0.844 0.00263746
-0.842 0.00283612
-0.84 0.00304852
-0.838 0.00327552
-0.836 0.00351801
-0.834 0.00377695
-0.832 0.00405332
-0.83 0.00434817
-0.828 0.00466261
-0.826 0.00499779
-0.824 0.00535492
-0.822 0.00573528
-0.82 0.00614019
-0.818 0.00657106
-0.816 0.00702936
-0.814 0.00751661
-0.812 0.00803442
-0.81 0.00858447
-0.808 0.00916851
-0.806 0.00978837
-0.804 0.010446
-0.802 0.0111433
-0.8 0.0118824
-0.798 0.0126654
-0.796 0.0134947
-0.794 0.0143725
-0.792 0.0153013
-0.79 0.0162835
-0.788 0.017322
-0.786 0.0184192
-0.784 0.0195782
-0.782 0.0208017
-0.78 0.0220929
-0.778 0.0234548
-0.776 0.0248907
-0.774 0.026404
-0.772 0.027998
-0.77 0.0296765
-0.768 0.0314429
-0.766 0.0333012
-0.764 0.0352552
-0.762 0.037309
-0.76 0.0394666
-0.758 0.0417322
-0.756 0.0441103
-0.754 0.0466053
-0.752 0.0492217
-0.75 0.0519641
-0.748 0.0548375
-0.746 0.0578466
-0.744 0.0609963
-0.742 0.0642919
-0.74 0.0677384
-0.738 0.0713412
-0.736 0.0751055
-0.734 0.0790368
-0.732 0.0831407
-0.73 0.0874226
-0.728 0.0918883
-0.726 0.0965435
-0.724 0.101394
-0.722 0.106446
-0.72 0.111704
-0.718 0.117176
-0.716 0.122866
-0.714 0.128781
-0.712 0.134927
-0.71 0.14131
-0.708 0.147935
-0.706 0.154809
-0.704 0.161938
-0.702 0.169327
-0.7 0.176983
-0.698 0.184911
-0.696 0.193117
-0.694 0.201606
-0.692 0.210384
-0.69 0.219456
-0.688 0.228829
-0.686 0.238506
-0.684 0.248493
-0.682 0.258794
-0.68 0.269415
-0.678 0.28036
-0.676 0.291632
-0.674 0.303237
-0.672 0.315177
-0.67 0.327456
-0.668 0.340078
-0.666 0.353044
-0.664 0.366359
-0.662 0.380024
-0.66 0.394041
-0.658 0.408411
-0.656 0.423136
-0.654 0.438217
-0.652 0.453654
-0.65 0.469446
-0.648 0.485595
-0.646 0.502097
-0.644 0.518953
-0.642 0.536161
-0.64 0.553717
-0.638 0.57162
-0.636 0.589865
-0.634 0.60845
-0.632 0.627369
-0.63 0.646617
-0.628 0.666189
-0.626 0.68608
-0.624 0.706282
-0.622 0.726787
-0.62 0.74759
-0.618 0.76868
-0.616 0.790048
-0.614 0.811686
-0.612 0.833584
-0.61 0.855729
-0.608 0.878112
-0.606 0.90072
-0.604 0.92354
-0.602 0.94656
-0.6 0.969765
-0.598 0.993143
-0.596 1.01668
-0.594 1.04035
-0.592 1.06415
-0.59 1.08806
-0.588 1.11207
-0.586 1.13614
-0.584 1.16028
-0.582 1.18445
-0.58 1.20864
-0.578 1.23284
-0.576 1.25701
-0.574 1.28115
-0.572 1.30523
-0.57 1.32923
-0.568 1.35313
-0.566 1.37691
-0.564 1.40054
-0.562 1.42401
-0.56 1.4473
-0.558 1.47038
-0.556 1.49323
-0.554 1.51582
-0.552 1.53815
-0.55 1.56018
-0.548 1.58189
-0.546 1.60326
-0.544 1.62427
-0.542 1.6449
-0.54 1.66512
-0.538 1.68492
-0.536 1.70427
-0.534 1.72316
-0.532 1.74156
-0.53 1.75945
-0.528 1.77681
-0.526 1.79363
-0.524 1.80988
-0.522 1.82555
-0.52 1.84061
-0.518 1.85506
-0.516 1.86888
-0.514 1.88204
-0.512 1.89455
-0.51 1.90637
-0.508 1.91749
-0.506 1.92791
-0.504 1.93762
-0.502 1.94659
-0.5 1.95482
-0.498 1.9623
-0.496 1.96903
-0.494 1.97498
-0.492 1.98016
-0.49 1.98456
-0.488 1.98818
-0.486 1.991
-0.484 1.99304
-0.482 1.99427
-0.48 1.99471
-0.478 1.99435
-0.476 1.99319
-0.474 1.99124
-0.472 1.9885
-0.47 1.98496
-0.468 1.98064
-0.466 1.97553
-0.464 1.96966
-0.462 1.96301
-0.46 1.9556
-0.458 1.94745
-0.456 1.93855
-0.454 1.92892
-0.452 1.91857
-0.45 1.90751
-0.448 1.89576
-0.446 1.88332
-0.444 1.87023
-0.442 1.85647
-0.44 1.84209
-0.438 1.82708
-0.436 1.81147
-0.434 1.79528
-0.432 1.77852
-0.43 1.76121
-0.428 1.74337
-0.426 1.72502
-0.424 1.70618
-0.422 1.68688
-0.42 1.66712
-0.418 1.64694
-0.416 1.62635
-0.414 1.60538
-0.412 1.58404
-0.41 1.56236
-0.408 1.54036
-0.406 1.51807
-0.404 1.4955
-0.402 1.47267
-0.4 1.44962
-0.398 1.42635
-0.396 1.4029
-0.394 1.37928
-0.392 1.35551
-0.39 1.33162
-0.388 1.30763
-0.386 1.28356
-0.384 1.25943
-0.382 1.23526
-0.38 1.21106
-0.378 1.18687
-0.376 1.16269
-0.374 1.13855
-0.372 1.11447
-0.37 1.09046
-0.368 1.06654
-0.366 1.04273
-0.364 1.01904
-0.362 0.995489
-0.36 0.972096
-0.358 0.948872
-0.356 0.925833
-0.354 0.902992
-0.352 0.880363
-0.35 0.857957
-0.348 0.835787
-0.346 0.813865
-0.344 0.7922
-0.342 0.770804
-0.34 0.749686
-0.338 0.728855
-0.336 0.708319
-0.334 0.688086
-0.332 0.668164
-0.33 0.64856
-0.328 0.629279
-0.326 0.610327
-0.324 0.591709
-0.322 0.573429
-0.32 0.555492
-0.318 0.537901
-0.316 0.520658
-0.314 0.503767
-0.312 0.487229
-0.31 0.471045
-0.308 0.455217
-0.306 0.439745
-0.304 0.424628
-0.302 0.409868
-0.3 0.395462
-0.298 0.38141
-0.296 0.36771
-0.294 0.35436
-0.292 0.341359
-0.29 0.328703
-0.288 0.31639
-0.286 0.304416
-0.284 0.292778
-0.282 0.281472
-0.28 0.270495
-0.278 0.259842
-0.276 0.249509
-0.274 0.239491
-0.272 0.229783
-0.27 0.22038
-0.268 0.211278
-0.266 0.202471
-0.264 0.193953
-0.262 0.185719
-0.26 0.177764
-0.258 0.170081
-0.256 0.162665
-0.254 0.155511
-0.252 0.148611
-0.25 0.141961
-0.248 0.135555
-0.246 0.129385
-0.244 0.123447
-0.242 0.117735
-0.24 0.112242
-0.238 0.106962
-0.236 0.10189
-0.234 0.0970197
-0.232 0.0923453
-0.23 0.0878609
-0.228 0.0835608
-0.226 0.0794394
-0.224 0.0754911
-0.222 0.0717103
-0.22 0.0680916
-0.218 0.0646297
-0.216 0.0613193
-0.214 0.0581551
-0.212 0.0551322
-0.21 0.0522455
-0.208 0.0494902
-0.206 0.0468614
-0.204 0.0443545
-0.202 0.0419649
-0.2 0.0396882
-0.198 0.03752
-0.196 0.0354561
-0.194 0.0334923
-0.192 0.0316246
-0.19 0.0298491
-0.188 0.028162
-0.186 0.0265597
-0.184 0.0250385
-0.182 0.023595
-0.18 0.0222258
-0.178 0.0209277
-0.176 0.0196975
-0.174 0.0185323
-0.172 0.017429
-0.17 0.0163848
-0.168 0.015397
-0.166 0.014463
-0.164 0.0135802
-0.162 0.0127462
-0.16 0.0119586
-0.158 0.0112152
-0.156 0.0105139
-0.154 0.00985239
-0.152 0.00922884
-0.15 0.00864131
-0.148 0.00808794
-0.146 0.00756698
-0.144 0.00707674
-0.142 0.00661562
-0.14 0.00618208
-0.138 0.00577463
-0.136 0.00539188
-0.134 0.00503249
-0.132 0.00469518
-0.13 0.00437872
-0.128 0.00408196
-0.126 0.00380379
-0.124 0.00354316
-0.122 0.00329907
-0.12 0.00307056
-0.118 0.00285675
-0.116 0.00265676
-0.114 0.00246978
-0.112 0.00229505
-0.11 0.00213182
-0.108 0.00197942
-0.106 0.00183717
-0.104 0.00170447
-0.102 0.00158073
-0.1 0.00146538
-0.098 0.00135792
-0.096 0.00125783
-0.094 0.00116466
-0.092 0.00107797
-0.09 0.00099733
-0.088 0.000922363
-0.086 0.000852697
-0.084 0.000787985
-0.082 0.000727901
-0.08 0.00067214
-0.078 0.000620412
-0.076 0.000572448
-0.074 0.000527994
-0.072 0.000486813
-0.07 0.00044868
-0.068 0.000413387
-0.066 0.000380739
-0.064 0.000350552
-0.062 0.000322654
-0.06 0.000296887
-0.058 0.000273099
-0.056 0.000251153
-0.054 0.000230916
-0.052 0.000212269
-0.05 0.000195098
-0.048 0.000179298
-0.046 0.000164771
-0.044 0.000151427
-0.042 0.000139181
-0.04 0.000127955
-0.038 0.000117677
-0.036 0.000108281
-0.034 9.97038e-05
-0.032 9.18899e-05
-0.03 8.4787e-05
-0.028 7.83475e-05
-0.026 7.25276e-05
-0.024 6.72878e-05
-0.022 6.2592e-05
-0.02 5.84079e-05
-0.018 5.47063e-05
-0.016 5.14613e-05
-0.014 4.86502e-05
-0.012 4.62531e-05
-0.01 4.4253e-05
-0.008 4.26357e-05
-0.006 4.13896e-05
-0.004 4.05059e-05
-0.002 3.99782e-05
0 3.98028e-05
0.002 3.99782e-05
0.004 4.05059e-05
0.006 4.13896e-05
0.008 4.26357e-05
0.01 4.4253e-05
0.012 4.62531e-05
0.014 4.86502e-05
0.016 5.14613e-05
0.018 5.47063e-05
0.02 5.84079e-05
0.022 6.2592e-05
0.024 6.72878e-05
0.026 7.25276e-05
0.028 7.83475e-05
0.03 8.4787e-05
0.032 9.18899e-05
0.034 9.97038e-05
0.036 0.000108281
0.038 0.000117677
0.04 0.000127955
0.042 0.000139181
0.044 0.000151427
0.046 0.000164771
0.048 0.000179298
0.05 0.000195098
0.052 0.000212269
0.054 0.000230916
0.056 0.000251153
0.058 0.000273099
0.06 0.000296887
0.062 0.000322654
0.064 0.000350552
0.066 0.000380739
0.068 0.000413387
0.07 0.00044868
0.072 0.000486813
0.074 0.000527994
0.076 0.000572448
0.078 0.000620412
0.08 0.00067214
0.082 0.000727901
0.084 0.000787985
0.086 0.000852697
0.088 0.000922363
0.09 0.00099733
0.092 0.00107797
0.094 0.00116466
0.096 0.00125783
0.098 0.00135792
0.1 0.00146538
0.102 0.00158073
0.104 0.00170447
0.106 0.00183717
0.108 0.00197942
0.11 0.00213182
0.112 0.00229505
0.114 0.00246978
0.116 0.00265676
0.118 0.00285675
0.12 0.00307056
0.122 0.00329907
0.124 0.00354316
0.126 0.00380379
0.128 0.00408196
0.13 0.00437872
0.132 0.00469518
0.134 0.00503249
0.136 0.00539188
0.138 0.00577463
0.14 0.00618208
0.142 0.00661562
0.144 0.00707674
0.146 0.00756698
0.148 0.00808794
0.15 0.00864131
0.152 0.00922884
0.154 0.00985239
0.156 0.0105139
0.158 0.0112152
0.16 0.0119586
0.162 0.0127462
0.164 0.0135802
0.166 0.014463
0.168 0.015397
0.17 0.0163848
0.172 0.017429
0.174 0.0185323
0.176 0.0196975
0.178 0.0209277
0.18 0.0222258
0.182 0.023595
0.184 0.0250385
0.186 0.0265597
0.188 0.028162
0.19 0.0298491
0.192 0.0316246
0.194 0.0334923
0.196 0.0354561
0.198 0.03752
0.2 0.0396882
0.202 0.0419649
0.204 0.0443545
0.206 0.0468614
0.208 0.0494902
0.21 0.0522455
0.212 0.0551322
0.214 0.0581551
0.216 0.0613193
0.218 0.0646297
0.22 0.0680916
0.222 0.0717103
0.224 0.0754911
0.226 0.0794394
0.228 0.0835608
0.23 0.0878609
0.232 0.0923453
0.234 0.0970197
0.236 0.10189
0.238 0.106962
0.24 0.112242
0.242 0.117735
0.244 0.123447
0.246 0.129385
0.248 0.135555
0.25 0.141961
0.252 0.148611
0.254 0.155511
0.256 0.162665
0.258 0.170081
0.26 0.177764
0.262 0.185719
0.264 0.193953
0.266 0.202471
0.268 0.211278
0.27 0.22038
0.272 0.229783
0.274 0.239491
0.276 0.249509
0.278 0.259842
0.28 0.270495
0.282 0.281472
0.284 0.292778
0.286 0.304416
0.288 0.31639
0.29 0.328703
0.292 0.341359
0.294 0.35436
0.296 0.36771
0.298 0.38141
0.3 0.395462
0.302 0.409868
0.304 0.424628
0.306 0.439745
0.308 0.455217
0.31 0.471045
0.312 0.487229
0.314 0.503767
0.316 0.520658
0.318 0.537901
0.32 0.555492
0.322 0.573429
0.324 0.591709
0.326 0.610327
0.328 0.629279
0.33 0.64856
0.332 0.668164
0.334 0.688086
0.336 0.708319
0.338 0.728855
0.34 0.749686
0.342 0.770804
0.344 0.7922
0.346 0.813865
0.348 0.835787
0.35 0.857957
0.352 0.880363
0.354 0.902992
0.356 0.925833
0.358 0.948872
0.36 0.972096
0.362 0.995489
0.364 1.01904
0.366 1.04273
0.368 1.06654
0.37 1.09046
0.372 1.11447
0.374 1.13855
0.376 1.16269
0.378 1.18687
0.38 1.21106
0.382 1.23526
0.384 1.25943
0.386 1.28356
0.388 1.30763
0.39 1.33162
0.392 1.35551
0.394 1.37928
0.396 1.4029
0.398 1.42635
0.4 1.44962
0.402 1.47267
0.404 1.4955
0.406 1.51807
0.408 1.54036
0.41 1.56236
0.412 1.58404
0.414 1.60538
0.416 1.62635
0.418 1.64694
0.42 1.66712
0.422 1.68688
0.424 1.70618
0.426 1.72502
0.428 1.74337
0.43 1.76121
0.432 1.77852
0.434 1.79528
0.436 1.81147
0.438 1.82708
0.44 1.84209
0.442 1.85647
0.444 1.87023
0.446 1.88332
0.448 1.89576
0.45 1.90751
0.452 1.91857
0.454 1.92892
0.456 1.93855
0.458 1.94745
0.46 1.9556
0.462 1.96301
0.464 1.96966
0.466 1.97553
0.468 1.98064
0.47 1.98496
0.472 1.9885
0.474 1.99124
0.476 1.99319
0.478 1.99435
0.48 1.99471
0.482 1.99427
0.484 1.99304
0.486 1.991
0.488 1.98818
0.49 1.98456
0.492 1.98016
0.494 1.97498
0.496 1.96903
0.498 1.9623
0.5 1.95482
0.502 1.94659
0.504 1.93762
0.506 1.92791
0.508 1.91749
0.51 1.90637
0.512 1.89455
0.514 1.88204
0.516 1.86888
0.518 1.85506
0.52 1.84061
0.522 1.82555
0.524 1.80988
0.526 1.79363
0.528 1.77681
0.53 1.75945
0.532 1.74156
0.534 1.72316
0.536 1.70427
0.538 1.68492
0.54 1.66512
0.542 1.6449
0.544 1.62427
0.546 1.60326
0.548 1.58189
0.55 1.56018
0.552 1.53815
0.554 1.51582
0.556 1.49323
0.558 1.47038
0.56 1.4473
0.562 1.42401
0.564 1.40054
0.566 1.37691
0.568 1.35313
0.57 1.32923
0.572 1.30523
0.574 1.28115
0.576 1.25701
0.578 1.23284
0.58 1.20864
0.582 1.18445
0.584 1.16028
0.586 1.13614
0.588 1.11207
0.59 1.08806
0.592 1.06415
0.594 1.04035
0.596 1.01668
0.598 0.993143
0.6 0.969765
0.602 0.94656
0.604 0.92354
0.606 0.90072
0.608 0.878112
0.61 0.855729
0.612 0.833584
0.614 0.811686
0.616 0.790048
0.618 0.76868
0.62 0.74759
0.622 0.726787
0.624 0.706282
0.626 0.68608
0.628 0.666189
0.63 0.646617
0.632 0.627369
0.634 0.60845
0.636 0.589865
0.638 0.57162
0.64 0.553717
0.642 0.536161
0.644 0.518953
0.646 0.502097
0.648 0.485595
0.65 0.469446
0.652 0.453654
0.654 0.438217
0.656 0.423136
0.658 0.408411
0.66 0.394041
0.662 0.380024
0.664 0.366359
0.666 0.353044
0.668 0.340078
0.67 0.327456
0.672 0.315177
0.674 0.303237
0.676 0.291632
0.678 0.28036
0.68 0.269415
0.682 0.258794
0.684 0.248493
0.686 0.238506
0.688 0.228829
0.69 0.219456
0.692 0.210384
0.694 0.201606
0.696 0.193117
0.698 0.184911
0.7 0.176983
0.702 0.169327
0.704 0.161938
0.706 0.154809
0.708 0.147935
0.71 0.14131
0.712 0.134927
0.714 0.128781
0.716 0.122866
0.718 0.117176
0.72 0.111704
0.722 0.106446
0.724 0.101394
0.726 0.0965435
0.728 0.0918883
0.73 0.0874226
0.732 0.0831407
0.734 0.0790368
0.736 0.0751055
0.738 0.0713412
0.74 0.0677384
0.742 0.0642919
0.744 0.0609963
0.746 0.0578466
0.748 0.0548375
0.75 0.0519641
0.752 0.0492217
0.754 0.0466053
0.756 0.0441103
0.758 0.0417322
0.76 0.0394666
0.762 0.037309
0.764 0.0352552
0.766 0.0333012
0.768 0.0314429
0.77 0.0296765
0.772 0.027998
0.774 0.026404
0.776 0.0248907
0.778 0.0234548
0.78 0.0220929
0.782 0.0208017
0.784 0.0195782
0.786 0.0184192
0.788 0.017322
0.79 0.0162835
0.792 0.0153013
0.794 0.0143725
0.796 0.0134947
0.798 0.0126654
0.8 0.0118824
0.802 0.0111433
0.804 0.010446
0.806 0.00978837
0.808 0.00916851
0.81 0.00858447
0.812 0.00803442
0.814 0.00751661
0.816 0.00702936
0.818 0.00657106
0.82 0.00614019
0.822 0.00573528
0.824 0.00535492
0.826 0.00499779
0.828 0.00466261
0.83 0.00434817
0.832 0.00405332
0.834 0.00377695
0.836 0.00351801
0.838 0.00327552
0.84 0.00304852
0.842 0.00283612
0.844 0.00263746
0.846 0.00245174
0.848 0.00227818
0.85 0.00211606
0.852 0.0019647
0.854 0.00182343
0.856 0.00169164
0.858 0.00156875
0.86 0.0014542
0.862 0.00134748
0.864 0.0012481
0.866 0.00115558
0.868 0.00106949
0.87 0.000989417
0.872 0.000914975
0.874 0.000845795
0.876 0.000781533
0.878 0.000721865
0.88 0.000666486
0.882 0.00061511
0.884 0.000567466
0.886 0.000523304
0.888 0.000482386
0.89 0.00044449
0.892 0.000409407
0.894 0.000376943
0.896 0.000346914
0.898 0.00031915
0.9 0.000293491
0.902 0.000269788
0.904 0.0002479
0.906 0.000227697
0.908 0.000209057
0.91 0.000191868
0.912 0.000176021
0.914 0.00016142
0.916 0.000147972
0.918 0.00013559
0.92 0.000124196
0.922 0.000113716
0.924 0.000104079
0.926 9.52225e-05
0.928 8.70865e-05
0.93 7.96157e-05
0.932 7.27588e-05
0.934 6.64684e-05
0.936 6.07003e-05
0.938 5.54136e-05
0.94 5.05706e-05
0.942 4.61363e-05
0.944 4.20784e-05
0.946 3.83669e-05
0.948 3.49743e-05
0.95 3.1875e-05
0.952 2.90457e-05
0.954 2.64646e-05
0.956 2.41119e-05
0.958 2.19691e-05
0.96 2.00195e-05
0.962 1.82475e-05
0.964 1.66392e-05
0.966 1.51813e-05
0.968 1.38622e-05
0.97 1.2671e-05
0.972 1.15979e-05
0.974 1.0634e-05
0.976 9.77114e-06
0.978 9.00213e-06
0.98 8.32043e-06
0.982 7.72024e-06
0.984 7.1964e-06
0.986 6.7444e-06
0.988 6.36034e-06
0.99 6.04088e-06
0.992 5.78323e-06
0.994 5.58514e-06
0.996 5.44488e-06
0.998 5.36121e-06
