-1 5.13966e-15
-0.998 4.67321e-15
-0.996 7.27787e-15
-0.994 4.75591e-15
-0.992 1.24636e-14
-0.99 -8.90439e-16
-0.988 2.99941e-15
-0.986 3.47343e-15
-0.984 3.36036e-15
-0.982 4.31003e-15
-0.98 -8.2245e-16
-0.978 5.39758e-15
-0.976 6.60107e-15
-0.974 9.65549e-15
-0.972 6.9547e-15
-0.97 6.71261e-15
-0.968 2.59771e-15
-0.966 5.66999e-15
-0.964 4.61532e-15
-0.962 5.28233e-15
-0.96 2.48627e-15
-0.958 4.20737e-15
-0.956 4.36572e-15
-0.954 1.04046e-14
-0.952 6.82143e-15
-0.95 7.16934e-15
-0.948 3.47998e-15
-0.946 3.56786e-15
-0.944 7.47815e-15
-0.942 7.62621e-15
-0.94 7.49838e-15
-0.938 7.19018e-15
-0.936 5.88055e-15
-0.934 4.81061e-15
-0.932 8.30912e-15
-0.93 8.17074e-15
-0.928 8.62285e-15
-0.926 1.47518e-14
-0.924 1.07906e-14
-0.922 7.0769e-15
-0.92 1.22617e-14
-0.918 8.22986e-15
-0.916 5.40851e-15
-0.914 1.50548e-14
-0.912 1.20272e-14
-0.91 1.78074e-14
-0.908 2.05843e-14
-0.906 1.98256e-14
-0.904 2.72194e-14
-0.902 2.55622e-14
-0.9 3.28391e-14
-0.898 3.03818e-14
-0.896 3.9753e-14
-0.894 4.47496e-14
-0.892 5.0117e-14
-0.89 6.07439e-14
-0.888 6.79484e-14
-0.886 7.98532e-14
-0.884 9.24174e-14
-0.882 1.09553e-13
-0.88 1.27936e-13
-0.878 1.45122e-13
-0.876 1.75703e-13
-0.874 1.98732e-13
-0.872 2.33758e-13
-0.87 2.67823e-13
-0.868 3.20587e-13
-0.866 3.63981e-13
-0.864 4.19322e-13
-0.862 4.94881e-13
-0.86 5.71945e-13
-0.858 6.67099e-13
-0.856 7.68388e-13
-0.854 9.01174e-13
-0.852 1.0412e-12
-0.85 1.21884e-12
-0.848 1.40756e-12
-0.846 1.63689e-12
-0.844 1.89592e-12
-0.842 2.20191e-12
-0.84 2.55293e-12
-0.838 2.95462e-12
-0.836 3.4265e-12
-0.834 3.95912e-12
-0.832 4.59387e-12
-0.83 5.3102e-12
-0.828 6.14443e-12
-0.826 7.1129e-12
-0.824 8.2165e-12
-0.822 9.49664e-12
-0.82 1.09644e-11
-0.818 1.26674e-11
-0.816 1.46104e-11
-0.814 1.68621e-11
-0.812 1.94493e-11
-0.81 2.2419e-11
-0.808 2.58354e-11
-0.806 2.97543e-11
-0.804 3.42661e-11
-0.802 3.94335e-11
-0.8 4.53702e-11
-0.798 5.2179e-11
-0.796 5.99818e-11
-0.794 6.89294e-11
-0.792 7.91729e-11
-0.79 9.09037e-11
-0.788 1.04346e-10
-0.786 1.19712e-10
-0.784 1.37292e-10
-0.782 1.57393e-10
-0.78 1.80355e-10
-0.778 2.06595e-10
-0.776 2.36547e-10
-0.774 2.7075e-10
-0.772 3.0975e-10
-0.77 3.54261e-10
-0.768 4.04973e-10
-0.766 4.62772e-10
-0.764 5.28616e-10
-0.762 6.03574e-10
-0.76 6.88899e-10
-0.758 7.85962e-10
-0.756 8.9634e-10
-0.754 1.02182e-09
-0.752 1.16439e-09
-0.75 1.32634e-09
-0.748 1.51019e-09
-0.746 1.71885e-09
-0.744 1.95555e-09
-0.742 2.22396e-09
-0.74 2.5282e-09
-0.738 2.87291e-09
-0.736 3.2633e-09
-0.734 3.70528e-09
-0.732 4.20542e-09
-0.73 4.77118e-09
-0.728 5.41088e-09
-0.726 6.13388e-09
-0.724 6.95073e-09
-0.722 7.8732e-09
-0.72 8.91452e-09
-0.718 1.00895e-08
-0.716 1.14149e-08
-0.714 1.29091e-08
-0.712 1.45932e-08
-0.71 1.64903e-08
-0.708 1.86266e-08
-0.706 2.10312e-08
-0.704 2.37368e-08
-0.702 2.67797e-08
-0.7 3.02006e-08
-0.698 3.40449e-08
-0.696 3.83632e-08
-0.694 4.32119e-08
-0.692 4.86541e-08
-0.69 5.47596e-08
-0.688 6.16068e-08
-0.686 6.92824e-08
-0.684 7.78831e-08
-0.682 8.75165e-08
-0.68 9.83021e-08
-0.678 1.10373e-07
-0.676 1.23876e-07
-0.674 1.38976e-07
-0.672 1.55854e-07
-0.67 1.74712e-07
-0.668 1.95773e-07
-0.666 2.19286e-07
-0.664 2.45524e-07
-0.662 2.74792e-07
-0.66 3.07425e-07
-0.658 3.43797e-07
-0.656 3.84317e-07
-0.654 4.29442e-07
-0.652 4.79674e-07
-0.65 5.35567e-07
-0.648 5.97733e-07
-0.646 6.66849e-07
-0.644 7.43659e-07
-0.642 8.28984e-07
-0.64 9.2373e-07
-0.638 1.02889e-06
-0.636 1.14557e-06
-0.634 1.27497e-06
-0.632 1.41842e-06
-0.63 1.57737e-06
-0.628 1.75344e-06
-0.626 1.94838e-06
-0.624 2.16413e-06
-0.622 2.4028e-06
-0.62 2.66674e-06
-0.618 2.95848e-06
-0.616 3.28082e-06
-0.614 3.63683e-06
-0.612 4.02986e-06
-0.61 4.46358e-06
-0.608 4.942e-06
-0.606 5.46952e-06
-0.604 6.05092e-06
-0.602 6.69144e-06
-0.6 7.39681e-06
-0.598 8.17326e-06
-0.596 9.02761e-06
-0.594 9.96727e-06
-0.592 1.10003e-05
-0.59 1.21356e-05
-0.588 1.33827e-05
-0.586 1.47521e-05
-0.584 1.62551e-05
-0.582 1.7904e-05
-0.58 1.97123e-05
-0.578 2.16946e-05
-0.576 2.38667e-05
-0.574 2.62457e-05
-0.572 2.88504e-05
-0.57 3.17008e-05
-0.568 3.4819e-05
-0.566 3.82286e-05
-0.564 4.19552e-05
-0.562 4.60268e-05
-0.56 5.04732e-05
-0.558 5.53271e-05
-0.556 6.06235e-05
-0.554 6.64004e-05
-0.552 7.26987e-05
-0.55 7.95625e-05
-0.548 8.70396e-05
-0.546 9.51813e-05
-0.544 0.000104043
-0.542 0.000113684
-0.54 0.000124169
-0.538 0.000135567
-0.536 0.000147952
-0.534 0.000161403
-0.532 0.000176007
-0.53 0.000191856
-0.528 0.000209049
-0.526 0.000227691
-0.524 0.000247896
-0.522 0.000269786
-0.52 0.000293492
-0.518 0.000319153
-0.516 0.000346919
-0.514 0.00037695
-0.512 0.000409417
-0.51 0.000444503
-0.508 0.000482402
-0.506 0.000523323
-0.504 0.000567488
-0.502 0.000615135
-0.5 0.000666515
-0.498 0.000721898
-0.496 0.000781571
-0.494 0.000845838
-0.492 0.000915023
-0.49 0.000989472
-0.488 0.00106955
-0.486 0.00115565
-0.484 0.00124818
-0.482 0.00134757
-0.48 0.0014543
-0.478 0.00156886
-0.476 0.00169177
-0.474 0.00182357
-0.472 0.00196486
-0.47 0.00211624
-0.468 0.00227838
-0.466 0.00245196
-0.464 0.00263771
-0.462 0.0028364
-0.46 0.00304883
-0.458 0.00327587
-0.456 0.0035184
-0.454 0.00377738
-0.452 0.00405381
-0.45 0.00434872
-0.448 0.00466322
-0.446 0.00499847
-0.444 0.00535567
-0.442 0.00573612
-0.44 0.00614113
-0.438 0.00657211
-0.436 0.00703052
-0.434 0.0075179
-0.432 0.00803586
-0.43 0.00858607
-0.428 0.00917029
-0.426 0.00979034
-0.424 0.0104481
-0.422 0.0111457
-0.42 0.0118851
-0.418 0.0126684
-0.416 0.013498
-0.414 0.0143761
-0.412 0.0153053
-0.41 0.016288
-0.408 0.0173269
-0.406 0.0184247
-0.404 0.0195843
-0.402 0.0208085
-0.4 0.0221003
-0.398 0.023463
-0.396 0.0248998
-0.394 0.026414
-0.392 0.0280091
-0.39 0.0296887
-0.388 0.0314564
-0.386 0.0333161
-0.384 0.0352717
-0.382 0.0373271
-0.38 0.0394865
-0.378 0.0417541
-0.376 0.0441344
-0.374 0.0466318
-0.372 0.0492508
-0.37 0.0519961
-0.368 0.0548726
-0.366 0.0578851
-0.364 0.0610387
-0.362 0.0643384
-0.36 0.0677894
-0.358 0.071397
-0.356 0.0751667
-0.354 0.0791038
-0.352 0.083214
-0.35 0.0875029
-0.348 0.0919761
-0.346 0.0966395
-0.344 0.101499
-0.342 0.10656
-0.34 0.111829
-0.338 0.117312
-0.336 0.123015
-0.334 0.128944
-0.332 0.135105
-0.33 0.141503
-0.328 0.148146
-0.326 0.155039
-0.324 0.162188
-0.322 0.169599
-0.32 0.177279
-0.318 0.185233
-0.316 0.193466
-0.314 0.201986
-0.312 0.210797
-0.31 0.219905
-0.308 0.229315
-0.306 0.239033
-0.304 0.249065
-0.302 0.259414
-0.3 0.270087
-0.298 0.281087
-0.296 0.29242
-0.294 0.304089
-0.292 0.316099
-0.29 0.328453
-0.288 0.341155
-0.286 0.354209
-0.284 0.367617
-0.282 0.381382
-0.28 0.395506
-0.278 0.409992
-0.276 0.424841
-0.274 0.440054
-0.272 0.455633
-0.27 0.471578
-0.268 0.48789
-0.266 0.504567
-0.264 0.52161
-0.262 0.539017
-0.26 0.556788
-0.258 0.574919
-0.256 0.593408
-0.254 0.612253
-0.252 0.63145
-0.25 0.650996
-0.248 0.670885
-0.246 0.691112
-0.244 0.711674
-0.242 0.732562
-0.24 0.753772
-0.238 0.775295
-0.236 0.797125
-0.234 0.819253
-0.232 0.841672
-0.23 0.864371
-0.228 0.887341
-0.226 0.910572
-0.224 0.934054
-0.222 0.957775
-0.22 0.981724
-0.218 1.00589
-0.216 1.03026
-0.214 1.05481
-0.212 1.07955
-0.21 1.10445
-0.208 1.12949
-0.206 1.15468
-0.204 1.17997
-0.202 1.20538
-0.2 1.23087
-0.198 1.25643
-0.196 1.28205
-0.194 1.30771
-0.192 1.33339
-0.19 1.35908
-0.188 1.38475
-0.186 1.4104
-0.184 1.436
-0.182 1.46153
-0.18 1.48699
-0.178 1.51234
-0.176 1.53758
-0.174 1.56269
-0.172 1.58764
-0.17 1.61242
-0.168 1.63702
-0.166 1.66142
-0.164 1.68559
-0.162 1.70953
-0.16 1.73321
-0.158 1.75663
-0.156 1.77976
-0.154 1.8026
-0.152 1.82512
-0.15 1.84731
-0.148 1.86915
-0.146 1.89065
-0.144 1.91177
-0.142 1.93251
-0.14 1.95286
-0.138 1.9728
-0.136 1.99233
-0.134 2.01143
-0.132 2.0301
-0.13 2.04833
-0.128 2.06611
-0.126 2.08343
-0.124 2.10028
-0.122 2.11667
-0.12 2.13259
-0.118 2.14802
-0.116 2.16298
-0.114 2.17745
-0.112 2.19144
-0.11 2.20494
-0.108 2.21796
-0.106 2.23049
-0.104 2.24254
-0.102 2.25411
-0.1 2.26521
-0.098 2.27582
-0.096 2.28597
-0.094 2.29566
-0.092 2.30489
-0.09 2.31366
-0.088 2.322
-0.086 2.32989
-0.084 2.33737
-0.082 2.34442
-0.08 2.35107
-0.078 2.35731
-0.076 2.36318
-0.074 2.36866
-0.072 2.37378
-0.07 2.37856
-0.068 2.38299
-0.066 2.38709
-0.064 2.39088
-0.062 2.39437
-0.06 2.39758
-0.058 2.40051
-0.056 2.40318
-0.054 2.4056
-0.052 2.40779
-0.05 2.40977
-0.048 2.41153
-0.046 2.41311
-0.044 2.4145
-0.042 2.41573
-0.04 2.41681
-0.038 2.41774
-0.036 2.41855
-0.034 2.41924
-0.032 2.41983
-0.03 2.42032
-0.028 2.42073
-0.026 2.42106
-0.024 2.42133
-0.022 2.42154
-0.02 2.42171
-0.018 2.42184
-0.016 2.42193
-0.014 2.422
-0.012 2.42205
-0.01 2.42208
-0.008 2.4221
-0.006 2.42212
-0.004 2.42212
-0.002 2.42213
0 2.42213
0.002 2.42213
0.004 2.42212
0.006 2.42212
0.008 2.4221
0.01 2.42208
0.012 2.42205
0.014 2.422
0.016 2.42193
0.018 2.42184
0.02 2.42171
0.022 2.42154
0.024 2.42133
0.026 2.42106
0.028 2.42073
0.03 2.42032
0.032 2.41983
0.034 2.41924
0.036 2.41855
0.038 2.41774
0.04 2.41681
0.042 2.41573
0.044 2.4145
0.046 2.41311
0.048 2.41153
0.05 2.40977
0.052 2.40779
0.054 2.4056
0.056 2.40318
0.058 2.40051
0.06 2.39758
0.062 2.39437
0.064 2.39088
0.066 2.38709
0.068 2.38299
0.07 2.37856
0.072 2.37378
0.074 2.36866
0.076 2.36318
0.078 2.35731
0.08 2.35107
0.082 2.34442
0.084 2.33737
0.086 2.32989
0.088 2.322
0.09 2.31366
0.092 2.30489
0.094 2.29566
0.096 2.28597
0.098 2.27582
0.1 2.26521
0.102 2.25411
0.104 2.24254
0.106 2.23049
0.108 2.21796
0.11 2.20494
0.112 2.19144
0.114 2.17745
0.116 2.16298
0.118 2.14802
0.12 2.13259
0.122 2.11667
0.124 2.10028
0.126 2.08343
0.128 2.06611
0.13 2.04833
0.132 2.0301
0.134 2.01143
0.136 1.99233
0.138 1.9728
0.14 1.95286
0.142 1.93251
0.144 1.91177
0.146 1.89065
0.148 1.86915
0.15 1.84731
0.152 1.82512
0.154 1.8026
0.156 1.77976
0.158 1.75663
0.16 1.73321
0.162 1.70953
0.164 1.68559
0.166 1.66142
0.168 1.63702
0.17 1.61242
0.172 1.58764
0.174 1.56269
0.176 1.53758
0.178 1.51234
0.18 1.48699
0.182 1.46153
0.184 1.436
0.186 1.4104
0.188 1.38475
0.19 1.35908
0.192 1.33339
0.194 1.30771
0.196 1.28205
0.198 1.25643
0.2 1.23087
0.202 1.20538
0.204 1.17997
0.206 1.15468
0.208 1.12949
0.21 1.10445
0.212 1.07955
0.214 1.05481
0.216 1.03026
0.218 1.00589
0.22 0.981724
0.222 0.957775
0.224 0.934054
0.226 0.910572
0.228 0.887341
0.23 0.864371
0.232 0.841672
0.234 0.819253
0.236 0.797125
0.238 0.775295
0.24 0.753772
0.242 0.732562
0.244 0.711674
0.246 0.691112
0.248 0.670885
0.25 0.650996
0.252 0.63145
0.254 0.612253
0.256 0.593408
0.258 0.574919
0.26 0.556788
0.262 0.539017
0.264 0.52161
0.266 0.504567
0.268 0.48789
0.27 0.471578
0.272 0.455633
0.274 0.440054
0.276 0.424841
0.278 0.409992
0.28 0.395506
0.282 0.381382
0.284 0.367617
0.286 0.354209
0.288 0.341155
0.29 0.328453
0.292 0.316099
0.294 0.304089
0.296 0.29242
0.298 0.281087
0.3 0.270087
0.302 0.259414
0.304 0.249065
0.306 0.239033
0.308 0.229315
0.31 0.219905
0.312 0.210797
0.314 0.201986
0.316 0.193466
0.318 0.185233
0.32 0.177279
0.322 0.169599
0.324 0.162188
0.326 0.155039
0.328 0.148146
0.33 0.141503
0.332 0.135105
0.334 0.128944
0.336 0.123015
0.338 0.117312
0.34 0.111829
0.342 0.10656
0.344 0.101499
0.346 0.0966395
0.348 0.0919761
0.35 0.0875029
0.352 0.083214
0.354 0.0791038
0.356 0.0751667
0.358 0.071397
0.36 0.0677894
0.362 0.0643384
0.364 0.0610387
0.366 0.0578851
0.368 0.0548726
0.37 0.0519961
0.372 0.0492508
0.374 0.0466318
0.376 0.0441344
0.378 0.0417541
0.38 0.0394865
0.382 0.0373271
0.384 0.0352717
0.386 0.0333161
0.388 0.0314564
0.39 0.0296887
0.392 0.0280091
0.394 0.026414
0.396 0.0248998
0.398 0.023463
0.4 0.0221003
0.402 0.0208085
0.404 0.0195843
0.406 0.0184247
0.408 0.0173269
0.41 0.016288
0.412 0.0153053
0.414 0.0143761
0.416 0.013498
0.418 0.0126684
0.42 0.0118851
0.422 0.0111457
0.424 0.0104481
0.426 0.00979034
0.428 0.00917029
0.43 0.00858607
0.432 0.00803586
0.434 0.0075179
0.436 0.00703052
0.438 0.00657211
0.44 0.00614113
0.442 0.00573612
0.444 0.00535567
0.446 0.00499847
0.448 0.00466322
0.45 0.00434872
0.452 0.00405381
0.454 0.00377738
0.456 0.0035184
0.458 0.00327587
0.46 0.00304883
0.462 0.0028364
0.464 0.00263771
0.466 0.00245196
0.468 0.00227838
0.47 0.00211624
0.472 0.00196486
0.474 0.00182357
0.476 0.00169177
0.478 0.00156886
0.48 0.0014543
0.482 0.00134757
0.484 0.00124818
0.486 0.00115565
0.488 0.00106955
0.49 0.000989472
0.492 0.000915023
0.494 0.000845838
0.496 0.000781571
0.498 0.000721898
0.5 0.000666515
0.502 0.000615135
0.504 0.000567488
0.506 0.000523323
0.508 0.000482402
0.51 0.000444503
0.512 0.000409417
0.514 0.00037695
0.516 0.000346919
0.518 0.000319153
0.52 0.000293492
0.522 0.000269786
0.524 0.000247896
0.526 0.000227691
0.528 0.000209049
0.53 0.000191856
0.532 0.000176007
0.534 0.000161403
0.536 0.000147952
0.538 0.000135567
0.54 0.000124169
0.542 0.000113684
0.544 0.000104043
0.546 9.51813e-05
0.548 8.70396e-05
0.55 7.95625e-05
0.552 7.26987e-05
0.554 6.64004e-05
0.556 6.06235e-05
0.558 5.53271e-05
0.56 5.04732e-05
0.562 4.60268e-05
0.564 4.19552e-05
0.566 3.82286e-05
0.568 3.4819e-05
0.57 3.17008e-05
0.572 2.88504e-05
0.574 2.62457e-05
0.576 2.38667e-05
0.578 2.16946e-05
0.58 1.97123e-05
0.582 1.7904e-05
0.584 1.62551e-05
0.586 1.47521e-05
0.588 1.33827e-05
0.59 1.21356e-05
0.592 1.10003e-05
0.594 9.96727e-06
0.596 9.02761e-06
0.598 8.17326e-06
0.6 7.39681e-06
0.602 6.69144e-06
0.604 6.05092e-06
0.606 5.46952e-06
0.608 4.942e-06
0.61 4.46358e-06
0.612 4.02986e-06
0.614 3.63683e-06
0.616 3.28082e-06
0.618 2.95848e-06
0.62 2.66674e-06
0.622 2.4028e-06
0.624 2.16413e-06
0.626 1.94838e-06
0.628 1.75344e-06
0.63 1.57737e-06
0.632 1.41842e-06
0.634 1.27497e-06
0.636 1.14557e-06
0.638 1.02889e-06
0.64 9.2373e-07
0.642 8.28984e-07
0.644 7.43659e-07
0.646 6.66849e-07
0.648 5.97733e-07
0.65 5.35567e-07
0.652 4.79674e-07
0.654 4.29442e-07
0.656 3.84317e-07
0.658 3.43797e-07
0.66 3.07425e-07
0.662 2.74792e-07
0.664 2.45524e-07
0.666 2.19286e-07
0.668 1.95773e-07
0.67 1.74712e-07
0.672 1.55854e-07
0.674 1.38976e-07
0.676 1.23876e-07
0.678 1.10373e-07
0.68 9.83021e-08
0.682 8.75165e-08
0.684 7.78831e-08
0.686 6.92824e-08
0.688 6.16068e-08
0.69 5.47596e-08
0.692 4.86541e-08
0.694 4.32119e-08
0.696 3.83632e-08
0.698 3.40449e-08
0.7 3.02006e-08
0.702 2.67797e-08
0.704 2.37368e-08
0.706 2.10312e-08
0.708 1.86266e-08
0.71 1.64903e-08
0.712 1.45932e-08
0.714 1.29091e-08
0.716 1.14149e-08
0.718 1.00895e-08
0.72 8.91453e-09
0.722 7.8732e-09
0.724 6.95073e-09
0.726 6.13389e-09
0.728 5.41088e-09
0.73 4.77117e-09
0.732 4.20543e-09
0.734 3.70527e-09
0.736 3.2633e-09
0.738 2.87291e-09
0.74 2.52819e-09
0.742 2.22396e-09
0.744 1.95555e-09
0.746 1.71885e-09
0.748 1.51019e-09
0.75 1.32634e-09
0.752 1.16439e-09
0.754 1.02182e-09
0.756 8.96343e-10
0.758 7.85968e-10
0.76 6.88895e-10
0.762 6.03576e-10
0.764 5.28617e-10
0.766 4.62775e-10
0.768 4.04981e-10
0.77 3.54251e-10
0.772 3.09764e-10
0.774 2.70741e-10
0.776 2.36552e-10
0.778 2.06592e-10
0.78 1.80357e-10
0.782 1.57392e-10
0.784 1.37289e-10
0.786 1.19714e-10
0.788 1.04346e-10
0.79 9.09105e-11
0.792 7.91751e-11
0.794 6.89295e-11
0.796 5.99801e-11
0.798 5.2178e-11
0.8 4.53697e-11
0.802 3.94319e-11
0.804 3.42642e-11
0.806 2.9756e-11
0.808 2.58322e-11
0.81 2.2424e-11
0.812 1.94439e-11
0.814 1.68598e-11
0.816 1.46202e-11
0.818 1.26644e-11
0.82 1.0966e-11
0.822 9.49808e-12
0.824 8.21889e-12
0.826 7.10723e-12
0.828 6.15099e-12
0.83 5.31012e-12
0.832 4.59519e-12
0.834 3.96447e-12
0.836 3.42378e-12
0.838 2.95585e-12
0.84 2.54396e-12
0.842 2.19949e-12
0.844 1.89412e-12
0.846 1.6367e-12
0.848 1.40643e-12
0.85 1.21251e-12
0.852 1.04372e-12
0.854 8.97576e-13
0.856 7.71175e-13
0.858 6.6364e-13
0.86 5.69878e-13
0.862 4.89584e-13
0.864 4.24764e-13
0.866 3.63337e-13
0.868 3.11715e-13
0.87 2.6954e-13
0.872 2.27398e-13
0.874 1.98829e-13
0.876 1.71389e-13
0.878 1.46991e-13
0.88 1.27448e-13
0.882 1.0513e-13
0.884 9.04001e-14
0.886 7.8664e-14
0.888 7.53916e-14
0.89 6.08137e-14
0.892 5.58e-14
0.894 4.25859e-14
0.896 3.95429e-14
0.898 3.16904e-14
0.9 2.58707e-14
0.902 2.51284e-14
0.904 2.08023e-14
0.906 1.90862e-14
0.908 1.53355e-14
0.91 1.50862e-14
0.912 1.14069e-14
0.914 1.25803e-14
0.916 8.38446e-15
0.918 5.14882e-15
0.92 9.98675e-15
0.922 1.02087e-14
0.924 4.4042e-15
0.926 7.44598e-15
0.928 4.87212e-15
0.93 3.01499e-15
0.932 4.29516e-15
0.934 7.50363e-15
0.936 7.77841e-15
0.938 3.31052e-15
0.94 3.83312e-15
0.942 3.1558e-15
0.944 3.90116e-15
0.946 5.43074e-15
0.948 4.39237e-15
0.95 8.14944e-15
0.952 1.68935e-15
0.954 1.14316e-14
0.956 1.52067e-15
0.958 5.86425e-15
0.96 4.10249e-15
0.962 4.34329e-15
0.964 6.76398e-15
0.966 -3.40706e-15
0.968 6.40188e-15
0.97 2.44148e-15
0.972 8.83315e-15
0.974 4.91899e-15
0.976 3.63081e-15
0.978 2.22023e-15
0.98 5.08397e-15
0.982 1.03694e-15
0.984 2.4829e-15
0.986 4.23213e-15
0.988 9.34537e-16
0.99 3.48875e-15
0.992 8.35367e-15
0.994 6.09609e-15
0.996 7.6455e-15
0.998 6.19489e-15
