-1 0.259647
-0.99 0.26004
-0.98 0.259919
-0.97 0.260527
-0.96 0.260743
-0.95 0.261478
-0.94 0.262136
-0.93 0.262874
-0.92 0.264073
-0.91 0.26477
-0.9 0.266407
-0.89 0.267343
-0.88 0.268937
-0.87 0.270636
-0.86 0.271855
-0.85 0.274092
-0.84 0.275796
-0.83 0.277422
-0.82 0.280067
-0.81 0.28205
-0.8 0.283756
-0.79 0.286668
-0.78 0.28952
-0.77 0.29119
-0.76 0.293192
-0.75 0.297241
-0.74 0.303263
-0.73 0.310238
-0.72 0.317447
-0.71 0.324679
-0.7 0.331933
-0.69 0.339229
-0.68 0.34657
-0.67 0.353952
-0.66 0.36137
-0.65 0.368821
-0.64 0.376301
-0.63 0.383805
-0.62 0.391329
-0.61 0.398869
-0.6 0.40642
-0.59 0.413979
-0.58 0.42154
-0.57 0.429098
-0.56 0.43665
-0.55 0.44419
-0.54 0.451714
-0.53 0.459216
-0.52 0.466692
-0.51 0.474137
-0.5 0.481546
-0.49 0.488914
-0.48 0.496235
-0.47 0.503506
-0.46 0.51072
-0.45 0.517873
-0.44 0.524959
-0.43 0.531974
-0.42 0.538912
-0.41 0.545769
-0.4 0.552539
-0.39 0.559218
-0.38 0.5658
-0.37 0.572281
-0.36 0.578655
-0.35 0.584919
-0.34 0.591066
-0.33 0.597093
-0.32 0.602995
-0.31 0.608766
-0.3 0.614404
-0.29 0.619903
-0.28 0.625259
-0.27 0.630468
-0.26 0.635526
-0.25 0.640428
-0.24 0.645171
-0.23 0.649752
-0.22 0.654165
-0.21 0.658409
-0.2 0.662479
-0.19 0.666372
-0.18 0.670084
-0.17 0.673614
-0.16 0.676958
-0.15 0.680113
-0.14 0.683077
-0.13 0.685848
-0.12 0.688422
-0.11 0.690798
-0.1 0.692975
-0.09 0.694949
-0.08 0.69672
-0.07 0.698287
-0.06 0.699647
-0.05 0.700799
-0.04 0.701744
-0.03 0.702479
-0.02 0.703005
-0.01 0.70332
0 0.703425
0.01 0.70332
0.02 0.703005
0.03 0.702479
0.04 0.701744
0.05 0.700799
0.06 0.699647
0.07 0.698287
0.08 0.69672
0.09 0.694949
0.1 0.692975
0.11 0.690798
0.12 0.688422
0.13 0.685848
0.14 0.683077
0.15 0.680113
0.16 0.676958
0.17 0.673614
0.18 0.670084
0.19 0.666372
0.2 0.662479
0.21 0.658409
0.22 0.654165
0.23 0.649752
0.24 0.645171
0.25 0.640428
0.26 0.635526
0.27 0.630468
0.28 0.625259
0.29 0.619903
0.3 0.614404
0.31 0.608766
0.32 0.602995
0.33 0.597093
0.34 0.591066
0.35 0.584919
0.36 0.578655
0.37 0.572281
0.38 0.5658
0.39 0.559218
0.4 0.552539
0.41 0.545769
0.42 0.538912
0.43 0.531974
0.44 0.524959
0.45 0.517873
0.46 0.51072
0.47 0.503506
0.48 0.496235
0.49 0.488914
0.5 0.481546
0.51 0.474137
0.52 0.466692
0.53 0.459216
0.54 0.451714
0.55 0.44419
0.56 0.43665
0.57 0.429098
0.58 0.42154
0.59 0.413979
0.6 0.40642
0.61 0.398869
0.62 0.391329
0.63 0.383805
0.64 0.376301
0.65 0.368821
0.66 0.36137
0.67 0.353952
0.68 0.34657
0.69 0.339229
0.7 0.331933
0.71 0.324679
0.72 0.317447
0.73 0.310238
0.74 0.303263
0.75 0.297241
0.76 0.293192
0.77 0.29119
0.78 0.28952
0.79 0.286668
0.8 0.283756
0.81 0.28205
0.82 0.280067
0.83 0.277422
0.84 0.275796
0.85 0.274092
0.86 0.271855
0.87 0.270636
0.88 0.268937
0.89 0.267343
0.9 0.266407
0.91 0.26477
0.92 0.264073
0.93 0.262874
0.94 0.262136
0.95 0.261478
0.96 0.260743
0.97 0.260527
0.98 0.259919
0.99 0.26004
