-1 0.460829
-0.99 0.460638
-0.98 0.460872
-0.97 0.460698
-0.96 0.460995
-0.95 0.460819
-0.94 0.461189
-0.93 0.461008
-0.92 0.461429
-0.91 0.461274
-0.9 0.461686
-0.89 0.46163
-0.88 0.461929
-0.87 0.462068
-0.86 0.462156
-0.85 0.462532
-0.84 0.462422
-0.83 0.46291
-0.82 0.462807
-0.81 0.463112
-0.8 0.463293
-0.79 0.463213
-0.78 0.463656
-0.77 0.463449
-0.76 0.463663
-0.75 0.463825
-0.74 0.463528
-0.73 0.463858
-0.72 0.463676
-0.71 0.463406
-0.7 0.463662
-0.69 0.463224
-0.68 0.462897
-0.67 0.46303
-0.66 0.462416
-0.65 0.461857
-0.64 0.461877
-0.63 0.461215
-0.62 0.460225
-0.61 0.45998
-0.6 0.459558
-0.59 0.458214
-0.58 0.457102
-0.57 0.456815
-0.56 0.456159
-0.55 0.454332
-0.54 0.452327
-0.53 0.451639
-0.52 0.452729
-0.51 0.455019
-0.5 0.457743
-0.49 0.460463
-0.48 0.463058
-0.47 0.465535
-0.46 0.467913
-0.45 0.470202
-0.44 0.472402
-0.43 0.474515
-0.42 0.476541
-0.41 0.47848
-0.4 0.480336
-0.39 0.482108
-0.38 0.4838
-0.37 0.485411
-0.36 0.486945
-0.35 0.488402
-0.34 0.489785
-0.33 0.491096
-0.32 0.492336
-0.31 0.493508
-0.3 0.494614
-0.29 0.495656
-0.28 0.496637
-0.27 0.497557
-0.26 0.49842
-0.25 0.499228
-0.24 0.499983
-0.23 0.500688
-0.22 0.501343
-0.21 0.501952
-0.2 0.502517
-0.19 0.503039
-0.18 0.503521
-0.17 0.503965
-0.16 0.504372
-0.15 0.504745
-0.14 0.505085
-0.13 0.505393
-0.12 0.505673
-0.11 0.505924
-0.1 0.506148
-0.09 0.506347
-0.08 0.506522
-0.07 0.506674
-0.06 0.506803
-0.05 0.506912
-0.04 0.506999
-0.03 0.507067
-0.02 0.507114
-0.01 0.507143
0 0.507153
0.01 0.507143
0.02 0.507114
0.03 0.507067
0.04 0.506999
0.05 0.506912
0.06 0.506803
0.07 0.506674
0.08 0.506522
0.09 0.506347
0.1 0.506148
0.11 0.505924
0.12 0.505673
0.13 0.505393
0.14 0.505085
0.15 0.504745
0.16 0.504372
0.17 0.503965
0.18 0.503521
0.19 0.503039
0.2 0.502517
0.21 0.501952
0.22 0.501343
0.23 0.500688
0.24 0.499983
0.25 0.499228
0.26 0.49842
0.27 0.497557
0.28 0.496637
0.29 0.495656
0.3 0.494614
0.31 0.493508
0.32 0.492336
0.33 0.491096
0.34 0.489785
0.35 0.488402
0.36 0.486945
0.37 0.485411
0.38 0.4838
0.39 0.482108
0.4 0.480336
0.41 0.47848
0.42 0.476541
0.43 0.474515
0.44 0.472402
0.45 0.470202
0.46 0.467913
0.47 0.465535
0.48 0.463058
0.49 0.460463
0.5 0.457743
0.51 0.455019
0.52 0.452729
0.53 0.451639
0.54 0.452327
0.55 0.454332
0.56 0.456159
0.57 0.456815
0.58 0.457102
0.59 0.458214
0.6 0.459558
0.61 0.45998
0.62 0.460225
0.63 0.461215
0.64 0.461877
0.65 0.461857
0.66 0.462416
0.67 0.46303
0.68 0.462897
0.69 0.463224
0.7 0.463662
0.71 0.463406
0.72 0.463676
0.73 0.463858
0.74 0.463528
0.75 0.463825
0.76 0.463663
0.77 0.463449
0.78 0.463656
0.79 0.463213
0.8 0.463293
0.81 0.463112
0.82 0.462807
0.83 0.46291
0.84 0.462422
0.85 0.462532
0.86 0.462156
0.87 0.462068
0.88 0.461929
0.89 0.46163
0.9 0.461686
0.91 0.461274
0.92 0.461429
0.93 0.461008
0.94 0.461189
0.95 0.460819
0.96 0.460995
0.97 0.460698
0.98 0.460872
0.99 0.460638
