-1 0.790933
-0.99 0.790838
-0.98 0.790314
-0.97 0.78959
-0.96 0.788462
-0.95 0.787099
-0.94 0.785385
-0.93 0.783377
-0.92 0.781097
-0.91 0.778441
-0.9 0.775617
-0.89 0.772318
-0.88 0.768969
-0.87 0.765039
-0.86 0.761175
-0.85 0.756647
-0.84 0.752263
-0.83 0.747191
-0.82 0.742264
-0.81 0.736721
-0.8 0.731217
-0.79 0.725286
-0.78 0.71918
-0.77 0.71292
-0.76 0.706228
-0.75 0.699649
-0.74 0.692456
-0.73 0.685493
-0.72 0.67795
-0.71 0.670502
-0.7 0.662761
-0.69 0.654776
-0.68 0.64689
-0.67 0.63846
-0.66 0.630324
-0.65 0.621679
-0.64 0.613114
-0.63 0.604456
-0.62 0.595432
-0.61 0.586719
-0.6 0.577479
-0.59 0.568457
-0.58 0.559307
-0.57 0.549862
-0.56 0.540779
-0.55 0.53121
-0.54 0.521847
-0.53 0.512513
-0.52 0.5028
-0.51 0.493531
-0.5 0.483932
-0.49 0.474316
-0.48 0.465051
-0.47 0.455328
-0.46 0.445908
-0.45 0.436617
-0.44 0.42693
-0.43 0.417723
-0.42 0.408452
-0.41 0.398912
-0.4 0.389921
-0.39 0.38076
-0.38 0.371422
-0.37 0.362664
-0.36 0.353714
-0.35 0.3446
-0.34 0.336096
-0.33 0.327462
-0.32 0.318587
-0.31 0.31033
-0.3 0.30212
-0.29 0.293532
-0.28 0.28546
-0.27 0.277747
-0.26 0.26959
-0.25 0.261613
-0.24 0.254316
-0.23 0.246844
-0.22 0.239036
-0.21 0.231822
-0.2 0.225109
-0.19 0.217976
-0.18 0.210656
-0.17 0.204069
-0.16 0.197981
-0.15 0.191439
-0.14 0.184529
-0.13 0.178241
-0.12 0.172833
-0.11 0.167419
-0.1 0.161235
-0.09 0.154675
-0.08 0.148893
-0.07 0.144753
-0.06 0.142305
-0.05 0.141036
-0.04 0.140369
-0.03 0.13995
-0.02 0.13965
-0.01 0.139459
0 0.139392
0.01 0.139459
0.02 0.13965
0.03 0.13995
0.04 0.140369
0.05 0.141036
0.06 0.142305
0.07 0.144753
0.08 0.148893
0.09 0.154675
0.1 0.161235
0.11 0.167419
0.12 0.172833
0.13 0.178241
0.14 0.184529
0.15 0.191439
0.16 0.197981
0.17 0.204069
0.18 0.210656
0.19 0.217976
0.2 0.225109
0.21 0.231822
0.22 0.239036
0.23 0.246844
0.24 0.254316
0.25 0.261613
0.26 0.26959
0.27 0.277747
0.28 0.28546
0.29 0.293532
0.3 0.30212
0.31 0.31033
0.32 0.318587
0.33 0.327462
0.34 0.336096
0.35 0.3446
0.36 0.353714
0.37 0.362664
0.38 0.371422
0.39 0.38076
0.4 0.389921
0.41 0.398912
0.42 0.408452
0.43 0.417723
0.44 0.42693
0.45 0.436617
0.46 0.445908
0.47 0.455328
0.48 0.465051
0.49 0.474316
0.5 0.483932
0.51 0.493531
0.52 0.5028
0.53 0.512513
0.54 0.521847
0.55 0.53121
0.56 0.540779
0.57 0.549862
0.58 0.559307
0.59 0.568457
0.6 0.577479
0.61 0.586719
0.62 0.595432
0.63 0.604456
0.64 0.613114
0.65 0.621679
0.66 0.630324
0.67 0.63846
0.68 0.64689
0.69 0.654776
0.7 0.662761
0.71 0.670502
0.72 0.67795
0.73 0.685493
0.74 0.692456
0.75 0.699649
0.76 0.706228
0.77 0.71292
0.78 0.71918
0.79 0.725286
0.8 0.731217
0.81 0.736721
0.82 0.742264
0.83 0.747191
0.84 0.752263
0.85 0.756647
0.86 0.761175
0.87 0.765039
0.88 0.768969
0.89 0.772318
0.9 0.775617
0.91 0.778441
0.92 0.781097
0.93 0.783377
0.94 0.785385
0.95 0.787099
0.96 0.788462
0.97 0.78959
0.98 0.790314
0.99 0.790838
