-1 0.695413
-0.99 0.695548
-0.98 0.69501
-0.97 0.694741
-0.96 0.693801
-0.95 0.693128
-0.94 0.691795
-0.93 0.690709
-0.92 0.689001
-0.91 0.687488
-0.9 0.685435
-0.89 0.683469
-0.88 0.68111
-0.87 0.678664
-0.86 0.676037
-0.85 0.673096
-0.84 0.670219
-0.83 0.666803
-0.82 0.663647
-0.81 0.659834
-0.8 0.656312
-0.79 0.652232
-0.78 0.648232
-0.77 0.644005
-0.76 0.639471
-0.75 0.635114
-0.74 0.63014
-0.73 0.625502
-0.72 0.620325
-0.71 0.615189
-0.7 0.609999
-0.69 0.604333
-0.68 0.599024
-0.67 0.593121
-0.66 0.587357
-0.65 0.581533
-0.64 0.575227
-0.63 0.569325
-0.62 0.562908
-0.61 0.556474
-0.6 0.550243
-0.59 0.5434
-0.58 0.536893
-0.57 0.530261
-0.56 0.52317
-0.55 0.516546
-0.54 0.509568
-0.53 0.502315
-0.52 0.495549
-0.51 0.488329
-0.5 0.480931
-0.49 0.47404
-0.48 0.466695
-0.47 0.459134
-0.46 0.452136
-0.45 0.444805
-0.44 0.437077
-0.43 0.429927
-0.42 0.422766
-0.41 0.414977
-0.4 0.407515
-0.39 0.400555
-0.38 0.393064
-0.37 0.385221
-0.36 0.378045
-0.35 0.371183
-0.34 0.363637
-0.33 0.355761
-0.32 0.348625
-0.31 0.342112
-0.3 0.335099
-0.29 0.327183
-0.28 0.319297
-0.27 0.312693
-0.26 0.307857
-0.25 0.304415
-0.24 0.301709
-0.23 0.299264
-0.22 0.296887
-0.21 0.294551
-0.2 0.292276
-0.19 0.29008
-0.18 0.287973
-0.17 0.285957
-0.16 0.284037
-0.15 0.282214
-0.14 0.280493
-0.13 0.278877
-0.12 0.277369
-0.11 0.275971
-0.1 0.274686
-0.09 0.273516
-0.08 0.272464
-0.07 0.271531
-0.06 0.270719
-0.05 0.270029
-0.04 0.269463
-0.03 0.269022
-0.02 0.268706
-0.01 0.268516
0 0.268453
0.01 0.268516
0.02 0.268706
0.03 0.269022
0.04 0.269463
0.05 0.270029
0.06 0.270719
0.07 0.271531
0.08 0.272464
0.09 0.273516
0.1 0.274686
0.11 0.275971
0.12 0.277369
0.13 0.278877
0.14 0.280493
0.15 0.282214
0.16 0.284037
0.17 0.285957
0.18 0.287973
0.19 0.29008
0.2 0.292276
0.21 0.294551
0.22 0.296887
0.23 0.299264
0.24 0.301709
0.25 0.304415
0.26 0.307857
0.27 0.312693
0.28 0.319297
0.29 0.327183
0.3 0.335099
0.31 0.342112
0.32 0.348625
0.33 0.355761
0.34 0.363637
0.35 0.371183
0.36 0.378045
0.37 0.385221
0.38 0.393064
0.39 0.400555
0.4 0.407515
0.41 0.414977
0.42 0.422766
0.43 0.429927
0.44 0.437077
0.45 0.444805
0.46 0.452136
0.47 0.459134
0.48 0.466695
0.49 0.47404
0.5 0.480931
0.51 0.488329
0.52 0.495549
0.53 0.502315
0.54 0.509568
0.55 0.516546
0.56 0.52317
0.57 0.530261
0.58 0.536893
0.59 0.5434
0.6 0.550243
0.61 0.556474
0.62 0.562908
0.63 0.569325
0.64 0.575227
0.65 0.581533
0.66 0.587357
0.67 0.593121
0.68 0.599024
0.69 0.604333
0.7 0.609999
0.71 0.615189
0.72 0.620325
0.73 0.625502
0.74 0.63014
0.75 0.635114
0.76 0.639471
0.77 0.644005
0.78 0.648232
0.79 0.652232
0.8 0.656312
0.81 0.659834
0.82 0.663647
0.83 0.666803
0.84 0.670219
0.85 0.673096
0.86 0.676037
0.87 0.678664
0.88 0.68111
0.89 0.683469
0.9 0.685435
0.91 0.687488
0.92 0.689001
0.93 0.690709
0.94 0.691795
0.95 0.693128
0.96 0.693801
0.97 0.694741
0.98 0.69501
0.99 0.695548
