-1 0.517896
-0.99 0.517613
-0.98 0.517838
-0.97 0.517504
-0.96 0.517662
-0.95 0.51729
-0.94 0.517358
-0.93 0.516973
-0.92 0.516914
-0.91 0.516556
-0.9 0.516318
-0.89 0.51603
-0.88 0.515571
-0.87 0.515368
-0.86 0.514695
-0.85 0.514516
-0.84 0.513729
-0.83 0.513414
-0.82 0.512691
-0.81 0.512051
-0.8 0.511517
-0.79 0.510522
-0.78 0.510044
-0.77 0.50896
-0.76 0.508165
-0.75 0.507323
-0.74 0.506044
-0.73 0.505298
-0.72 0.503965
-0.71 0.502736
-0.7 0.501745
-0.69 0.500077
-0.68 0.498853
-0.67 0.497518
-0.66 0.495619
-0.65 0.494278
-0.64 0.492648
-0.63 0.490502
-0.62 0.488945
-0.61 0.487131
-0.6 0.484681
-0.59 0.482774
-0.58 0.480918
-0.57 0.478221
-0.56 0.4757
-0.55 0.47378
-0.54 0.471257
-0.53 0.468012
-0.52 0.465303
-0.51 0.463219
-0.5 0.460484
-0.49 0.456661
-0.48 0.45291
-0.47 0.450578
-0.46 0.449953
-0.45 0.450431
-0.44 0.451298
-0.43 0.452157
-0.42 0.452902
-0.41 0.453542
-0.4 0.454097
-0.39 0.45458
-0.38 0.454993
-0.37 0.455339
-0.36 0.45562
-0.35 0.455842
-0.34 0.456005
-0.33 0.456114
-0.32 0.456173
-0.31 0.456184
-0.3 0.456151
-0.29 0.456077
-0.28 0.455967
-0.27 0.455822
-0.26 0.455648
-0.25 0.455447
-0.24 0.455222
-0.23 0.454977
-0.22 0.454716
-0.21 0.454441
-0.2 0.454155
-0.19 0.453862
-0.18 0.453565
-0.17 0.453266
-0.16 0.452968
-0.15 0.452674
-0.14 0.452387
-0.13 0.452109
-0.12 0.451841
-0.11 0.451587
-0.1 0.451348
-0.09 0.451126
-0.08 0.450923
-0.07 0.450741
-0.06 0.45058
-0.05 0.450441
-0.04 0.450327
-0.03 0.450237
-0.02 0.450172
-0.01 0.450133
0 0.45012
0.01 0.450133
0.02 0.450172
0.03 0.450237
0.04 0.450327
0.05 0.450441
0.06 0.45058
0.07 0.450741
0.08 0.450923
0.09 0.451126
0.1 0.451348
0.11 0.451587
0.12 0.451841
0.13 0.452109
0.14 0.452387
0.15 0.452674
0.16 0.452968
0.17 0.453266
0.18 0.453565
0.19 0.453862
0.2 0.454155
0.21 0.454441
0.22 0.454716
0.23 0.454977
0.24 0.455222
0.25 0.455447
0.26 0.455648
0.27 0.455822
0.28 0.455967
0.29 0.456077
0.3 0.456151
0.31 0.456184
0.32 0.456173
0.33 0.456114
0.34 0.456005
0.35 0.455842
0.36 0.45562
0.37 0.455339
0.38 0.454993
0.39 0.45458
0.4 0.454097
0.41 0.453542
0.42 0.452902
0.43 0.452157
0.44 0.451298
0.45 0.450431
0.46 0.449953
0.47 0.450578
0.48 0.45291
0.49 0.456661
0.5 0.460484
0.51 0.463219
0.52 0.465303
0.53 0.468012
0.54 0.471257
0.55 0.47378
0.56 0.4757
0.57 0.478221
0.58 0.480918
0.59 0.482774
0.6 0.484681
0.61 0.487131
0.62 0.488945
0.63 0.490502
0.64 0.492648
0.65 0.494278
0.66 0.495619
0.67 0.497518
0.68 0.498853
0.69 0.500077
0.7 0.501745
0.71 0.502736
0.72 0.503965
0.73 0.505298
0.74 0.506044
0.75 0.507323
0.76 0.508165
0.77 0.50896
0.78 0.510044
0.79 0.510522
0.8 0.511517
0.81 0.512051
0.82 0.512691
0.83 0.513414
0.84 0.513729
0.85 0.514516
0.86 0.514695
0.87 0.515368
0.88 0.515571
0.89 0.51603
0.9 0.516318
0.91 0.516556
0.92 0.516914
0.93 0.516973
0.94 0.517358
0.95 0.51729
0.96 0.517662
0.97 0.517504
0.98 0.517838
0.99 0.517613
