-1 0.794698
-0.99 0.794747
-0.98 0.794067
-0.97 0.793486
-0.96 0.79218
-0.95 0.790968
-0.94 0.789045
-0.93 0.787205
-0.92 0.784681
-0.91 0.78221
-0.9 0.779111
-0.89 0.776004
-0.88 0.772364
-0.87 0.768615
-0.86 0.764472
-0.85 0.760078
-0.84 0.755468
-0.83 0.75044
-0.82 0.745386
-0.81 0.739756
-0.8 0.734255
-0.79 0.728093
-0.78 0.722109
-0.77 0.715516
-0.76 0.708995
-0.75 0.70208
-0.74 0.694986
-0.73 0.687817
-0.72 0.680182
-0.71 0.672741
-0.7 0.664695
-0.69 0.656876
-0.68 0.648609
-0.67 0.640302
-0.66 0.631944
-0.65 0.623166
-0.64 0.61467
-0.63 0.605628
-0.62 0.596799
-0.61 0.587753
-0.6 0.57848
-0.59 0.56947
-0.58 0.559944
-0.57 0.550723
-0.56 0.541291
-0.55 0.531672
-0.54 0.522387
-0.53 0.512621
-0.52 0.503137
-0.51 0.493629
-0.5 0.483806
-0.49 0.474439
-0.48 0.464728
-0.47 0.45506
-0.46 0.445732
-0.45 0.435963
-0.44 0.42653
-0.43 0.417225
-0.42 0.407547
-0.41 0.398362
-0.4 0.389132
-0.39 0.379643
-0.38 0.370712
-0.37 0.361646
-0.36 0.352393
-0.35 0.343731
-0.34 0.334925
-0.33 0.32593
-0.32 0.317549
-0.31 0.309105
-0.3 0.300386
-0.29 0.292269
-0.28 0.284284
-0.27 0.275902
-0.26 0.267978
-0.25 0.260499
-0.24 0.252613
-0.23 0.244809
-0.22 0.237715
-0.21 0.230557
-0.2 0.223006
-0.19 0.215958
-0.18 0.20951
-0.17 0.202735
-0.16 0.195665
-0.15 0.18924
-0.14 0.183435
-0.13 0.177294
-0.12 0.170683
-0.11 0.164542
-0.1 0.159331
-0.09 0.154305
-0.08 0.148577
-0.07 0.142319
-0.06 0.136613
-0.05 0.132437
-0.04 0.129993
-0.03 0.128846
-0.02 0.128404
-0.01 0.128256
0 0.128221
0.01 0.128256
0.02 0.128404
0.03 0.128846
0.04 0.129993
0.05 0.132437
0.06 0.136613
0.07 0.142319
0.08 0.148577
0.09 0.154305
0.1 0.159331
0.11 0.164542
0.12 0.170683
0.13 0.177294
0.14 0.183435
0.15 0.18924
0.16 0.195665
0.17 0.202735
0.18 0.20951
0.19 0.215958
0.2 0.223006
0.21 0.230557
0.22 0.237715
0.23 0.244809
0.24 0.252613
0.25 0.260499
0.26 0.267978
0.27 0.275902
0.28 0.284284
0.29 0.292269
0.3 0.300386
0.31 0.309105
0.32 0.317549
0.33 0.32593
0.34 0.334925
0.35 0.343731
0.36 0.352393
0.37 0.361646
0.38 0.370712
0.39 0.379643
0.4 0.389132
0.41 0.398362
0.42 0.407547
0.43 0.417225
0.44 0.42653
0.45 0.435963
0.46 0.445732
0.47 0.45506
0.48 0.464728
0.49 0.474439
0.5 0.483806
0.51 0.493629
0.52 0.503137
0.53 0.512621
0.54 0.522387
0.55 0.531672
0.56 0.541291
0.57 0.550723
0.58 0.559944
0.59 0.56947
0.6 0.57848
0.61 0.587753
0.62 0.596799
0.63 0.605628
0.64 0.61467
0.65 0.623166
0.66 0.631944
0.67 0.640302
0.68 0.648609
0.69 0.656876
0.7 0.664695
0.71 0.672741
0.72 0.680182
0.73 0.687817
0.74 0.694986
0.75 0.70208
0.76 0.708995
0.77 0.715516
0.78 0.722109
0.79 0.728093
0.8 0.734255
0.81 0.739756
0.82 0.745386
0.83 0.75044
0.84 0.755468
0.85 0.760078
0.86 0.764472
0.87 0.768615
0.88 0.772364
0.89 0.776004
0.9 0.779111
0.91 0.78221
0.92 0.784681
0.93 0.787205
0.94 0.789045
0.95 0.790968
0.96 0.79218
0.97 0.793486
0.98 0.794067
0.99 0.794747
