-1 0.347055
-0.99 0.347402
-0.98 0.347233
-0.97 0.347781
-0.96 0.347771
-0.95 0.348524
-0.94 0.348682
-0.93 0.349598
-0.92 0.349987
-0.91 0.350959
-0.9 0.3517
-0.89 0.352586
-0.88 0.353776
-0.87 0.35454
-0.86 0.356062
-0.85 0.356961
-0.84 0.358405
-0.83 0.359846
-0.82 0.360938
-0.81 0.36281
-0.8 0.364073
-0.79 0.365569
-0.78 0.367567
-0.77 0.368811
-0.76 0.370564
-0.75 0.372675
-0.74 0.373967
-0.73 0.375701
-0.72 0.378039
-0.71 0.379535
-0.7 0.38085
-0.69 0.383191
-0.68 0.385532
-0.67 0.386703
-0.66 0.387661
-0.65 0.390111
-0.64 0.394512
-0.63 0.400145
-0.62 0.406182
-0.61 0.412224
-0.6 0.41819
-0.59 0.424098
-0.58 0.429961
-0.57 0.435778
-0.56 0.441548
-0.55 0.447266
-0.54 0.452928
-0.53 0.458534
-0.52 0.464078
-0.51 0.469559
-0.5 0.474974
-0.49 0.480319
-0.48 0.485594
-0.47 0.490794
-0.46 0.495917
-0.45 0.500961
-0.44 0.505923
-0.43 0.510802
-0.42 0.515594
-0.41 0.520299
-0.4 0.524913
-0.39 0.529434
-0.38 0.533862
-0.37 0.538193
-0.36 0.542427
-0.35 0.546561
-0.34 0.550594
-0.33 0.554524
-0.32 0.558349
-0.31 0.56207
-0.3 0.565683
-0.29 0.569188
-0.28 0.572583
-0.27 0.575868
-0.26 0.579041
-0.25 0.582102
-0.24 0.585049
-0.23 0.587882
-0.22 0.590599
-0.21 0.5932
-0.2 0.595685
-0.19 0.598051
-0.18 0.6003
-0.17 0.60243
-0.16 0.604441
-0.15 0.606333
-0.14 0.608104
-0.13 0.609755
-0.12 0.611284
-0.11 0.612693
-0.1 0.61398
-0.09 0.615145
-0.08 0.616188
-0.07 0.617109
-0.06 0.617908
-0.05 0.618584
-0.04 0.619137
-0.03 0.619567
-0.02 0.619875
-0.01 0.620059
0 0.620121
0.01 0.620059
0.02 0.619875
0.03 0.619567
0.04 0.619137
0.05 0.618584
0.06 0.617908
0.07 0.617109
0.08 0.616188
0.09 0.615145
0.1 0.61398
0.11 0.612693
0.12 0.611284
0.13 0.609755
0.14 0.608104
0.15 0.606333
0.16 0.604441
0.17 0.60243
0.18 0.6003
0.19 0.598051
0.2 0.595685
0.21 0.5932
0.22 0.590599
0.23 0.587882
0.24 0.585049
0.25 0.582102
0.26 0.579041
0.27 0.575868
0.28 0.572583
0.29 0.569188
0.3 0.565683
0.31 0.56207
0.32 0.558349
0.33 0.554524
0.34 0.550594
0.35 0.546561
0.36 0.542427
0.37 0.538193
0.38 0.533862
0.39 0.529434
0.4 0.524913
0.41 0.520299
0.42 0.515594
0.43 0.510802
0.44 0.505923
0.45 0.500961
0.46 0.495917
0.47 0.490794
0.48 0.485594
0.49 0.480319
0.5 0.474974
0.51 0.469559
0.52 0.464078
0.53 0.458534
0.54 0.452928
0.55 0.447266
0.56 0.441548
0.57 0.435778
0.58 0.429961
0.59 0.424098
0.6 0.41819
0.61 0.412224
0.62 0.406182
0.63 0.400145
0.64 0.394512
0.65 0.390111
0.66 0.387661
0.67 0.386703
0.68 0.385532
0.69 0.383191
0.7 0.38085
0.71 0.379535
0.72 0.378039
0.73 0.375701
0.74 0.373967
0.75 0.372675
0.76 0.370564
0.77 0.368811
0.78 0.367567
0.79 0.365569
0.8 0.364073
0.81 0.36281
0.82 0.360938
0.83 0.359846
0.84 0.358405
0.85 0.356961
0.86 0.356062
0.87 0.35454
0.88 0.353776
0.89 0.352586
0.9 0.3517
0.91 0.350959
0.92 0.349987
0.93 0.349598
0.94 0.348682
0.95 0.348524
0.96 0.347771
0.97 0.347781
0.98 0.347233
0.99 0.347402
