-1 1.84294e-10
-0.998 1.86014e-10
-0.996 1.91203e-10
-0.994 1.9995e-10
-0.992 2.12403e-10
-0.99 2.28774e-10
-0.988 2.4934e-10
-0.986 2.74449e-10
-0.984 3.04524e-10
-0.982 3.40069e-10
-0.98 3.8168e-10
-0.978 4.30049e-10
-0.976 4.85978e-10
-0.974 5.50388e-10
-0.972 6.24337e-10
-0.97 7.09031e-10
-0.968 8.05845e-10
-0.966 9.16339e-10
-0.964 1.04229e-09
-0.962 1.18569e-09
-0.96 1.34883e-09
-0.958 1.53428e-09
-0.956 1.74492e-09
-0.954 1.98403e-09
-0.952 2.25532e-09
-0.95 2.56293e-09
-0.948 2.91156e-09
-0.946 3.30648e-09
-0.944 3.75363e-09
-0.942 4.2597e-09
-0.94 4.83218e-09
-0.938 5.47952e-09
-0.936 6.21118e-09
-0.934 7.0378e-09
-0.932 7.97132e-09
-0.93 9.0251e-09
-0.928 1.02142e-08
-0.926 1.15553e-08
-0.924 1.30673e-08
-0.922 1.47713e-08
-0.92 1.66909e-08
-0.918 1.88524e-08
-0.916 2.12853e-08
-0.914 2.40226e-08
-0.912 2.71011e-08
-0.91 3.05619e-08
-0.908 3.44508e-08
-0.906 3.88191e-08
-0.904 4.37238e-08
-0.902 4.92284e-08
-0.9 5.5404e-08
-0.898 6.23293e-08
-0.896 7.00922e-08
-0.894 7.87904e-08
-0.892 8.85327e-08
-0.89 9.94398e-08
-0.888 1.11646e-07
-0.886 1.253e-07
-0.884 1.40568e-07
-0.882 1.57634e-07
-0.88 1.767e-07
-0.878 1.97993e-07
-0.876 2.21764e-07
-0.874 2.48289e-07
-0.872 2.77876e-07
-0.87 3.10864e-07
-0.868 3.47628e-07
-0.866 3.88586e-07
-0.864 4.34195e-07
-0.862 4.84964e-07
-0.86 5.41452e-07
-0.858 6.04279e-07
-0.856 6.74125e-07
-0.854 7.51744e-07
-0.852 8.37965e-07
-0.85 9.33701e-07
-0.848 1.03996e-06
-0.846 1.15785e-06
-0.844 1.28858e-06
-0.842 1.4335e-06
-0.84 1.59409e-06
-0.838 1.77195e-06
-0.836 1.96887e-06
-0.834 2.18681e-06
-0.832 2.42789e-06
-0.83 2.69447e-06
-0.828 2.98913e-06
-0.826 3.31469e-06
-0.824 3.67423e-06
-0.822 4.07114e-06
-0.82 4.50913e-06
-0.818 4.99223e-06
-0.816 5.52489e-06
-0.814 6.11194e-06
-0.812 6.75866e-06
-0.81 7.47081e-06
-0.808 8.25471e-06
-0.806 9.11721e-06
-0.804 1.00658e-05
-0.802 1.11087e-05
-0.8 1.22546e-05
-0.798 1.35134e-05
-0.796 1.48956e-05
-0.794 1.64125e-05
-0.792 1.80767e-05
-0.79 1.99017e-05
-0.788 2.19022e-05
-0.786 2.40941e-05
-0.784 2.64947e-05
-0.782 2.91229e-05
-0.78 3.1999e-05
-0.778 3.51451e-05
-0.776 3.85851e-05
-0.774 4.23448e-05
-0.772 4.64523e-05
-0.77 5.09378e-05
-0.768 5.58342e-05
-0.766 6.11767e-05
-0.764 6.70036e-05
-0.762 7.33562e-05
-0.76 8.02789e-05
-0.758 8.78198e-05
-0.756 9.60306e-05
-0.754 0.000104967
-0.752 0.000114689
-0.75 0.000125262
-0.748 0.000136754
-0.746 0.000149242
-0.744 0.000162804
-0.742 0.000177528
-0.74 0.000193506
-0.738 0.000210837
-0.736 0.00022963
-0.734 0.000249997
-0.732 0.000272061
-0.73 0.000295955
-0.728 0.000321819
-0.726 0.000349802
-0.724 0.000380067
-0.722 0.000412785
-0.72 0.000448141
-0.718 0.00048633
-0.716 0.000527563
-0.714 0.000572062
-0.712 0.000620067
-0.71 0.000671832
-0.708 0.000727627
-0.706 0.00078774
-0.704 0.000852479
-0.702 0.000922169
-0.7 0.000997157
-0.698 0.00107781
-0.696 0.00116452
-0.694 0.00125771
-0.692 0.00135781
-0.69 0.00146529
-0.688 0.00158065
-0.686 0.0017044
-0.684 0.00183711
-0.682 0.00197936
-0.68 0.00213177
-0.678 0.002295
-0.676 0.00246974
-0.674 0.00265672
-0.672 0.00285672
-0.67 0.00307054
-0.668 0.00329905
-0.666 0.00354314
-0.664 0.00380377
-0.662 0.00408195
-0.66 0.00437871
-0.658 0.00469517
-0.656 0.00503248
-0.654 0.00539188
-0.652 0.00577463
-0.65 0.00618207
-0.648 0.00661562
-0.646 0.00707674
-0.644 0.00756698
-0.642 0.00808794
-0.64 0.00864131
-0.638 0.00922885
-0.636 0.00985239
-0.634 0.0105139
-0.632 0.0112152
-0.63 0.0119586
-0.628 0.0127462
-0.626 0.0135802
-0.624 0.014463
-0.622 0.015397
-0.62 0.0163848
-0.618 0.017429
-0.616 0.0185323
-0.614 0.0196975
-0.612 0.0209277
-0.61 0.0222258
-0.608 0.023595
-0.606 0.0250385
-0.604 0.0265597
-0.602 0.028162
-0.6 0.0298491
-0.598 0.0316246
-0.596 0.0334923
-0.594 0.0354561
-0.592 0.03752
-0.59 0.0396882
-0.588 0.0419649
-0.586 0.0443545
-0.584 0.0468614
-0.582 0.0494902
-0.58 0.0522455
-0.578 0.0551322
-0.576 0.0581551
-0.574 0.0613193
-0.572 0.0646297
-0.57 0.0680916
-0.568 0.0717103
-0.566 0.0754911
-0.564 0.0794394
-0.562 0.0835608
-0.56 0.0878608
-0.558 0.0923452
-0.556 0.0970197
-0.554 0.10189
-0.552 0.106962
-0.55 0.112242
-0.548 0.117735
-0.546 0.123447
-0.544 0.129385
-0.542 0.135555
-0.54 0.141961
-0.538 0.148611
-0.536 0.155511
-0.534 0.162665
-0.532 0.170081
-0.53 0.177764
-0.528 0.185719
-0.526 0.193953
-0.524 0.202471
-0.522 0.211278
-0.52 0.22038
-0.518 0.229783
-0.516 0.239491
-0.514 0.249509
-0.512 0.259842
-0.51 0.270495
-0.508 0.281472
-0.506 0.292778
-0.504 0.304416
-0.502 0.31639
-0.5 0.328703
-0.498 0.341359
-0.496 0.35436
-0.494 0.36771
-0.492 0.38141
-0.49 0.395462
-0.488 0.409868
-0.486 0.424628
-0.484 0.439745
-0.482 0.455217
-0.48 0.471045
-0.478 0.487229
-0.476 0.503767
-0.474 0.520658
-0.472 0.537901
-0.47 0.555492
-0.468 0.573429
-0.466 0.591709
-0.464 0.610327
-0.462 0.629279
-0.46 0.64856
-0.458 0.668164
-0.456 0.688086
-0.454 0.708319
-0.452 0.728855
-0.45 0.749686
-0.448 0.770804
-0.446 0.7922
-0.444 0.813865
-0.442 0.835787
-0.44 0.857957
-0.438 0.880363
-0.436 0.902992
-0.434 0.925833
-0.432 0.948872
-0.43 0.972096
-0.428 0.995489
-0.426 1.01904
-0.424 1.04273
-0.422 1.06654
-0.42 1.09046
-0.418 1.11447
-0.416 1.13855
-0.414 1.16269
-0.412 1.18687
-0.41 1.21106
-0.408 1.23526
-0.406 1.25943
-0.404 1.28356
-0.402 1.30763
-0.4 1.33162
-0.398 1.35551
-0.396 1.37928
-0.394 1.4029
-0.392 1.42635
-0.39 1.44962
-0.388 1.47267
-0.386 1.4955
-0.384 1.51807
-0.382 1.54036
-0.38 1.56236
-0.378 1.58404
-0.376 1.60538
-0.374 1.62635
-0.372 1.64694
-0.37 1.66712
-0.368 1.68688
-0.366 1.70618
-0.364 1.72502
-0.362 1.74337
-0.36 1.76121
-0.358 1.77852
-0.356 1.79528
-0.354 1.81147
-0.352 1.82708
-0.35 1.84209
-0.348 1.85647
-0.346 1.87023
-0.344 1.88333
-0.342 1.89576
-0.34 1.90751
-0.338 1.91857
-0.336 1.92892
-0.334 1.93855
-0.332 1.94745
-0.33 1.9556
-0.328 1.96301
-0.326 1.96966
-0.324 1.97553
-0.322 1.98064
-0.32 1.98496
-0.318 1.9885
-0.316 1.99124
-0.314 1.9932
-0.312 1.99435
-0.31 1.99471
-0.308 1.99427
-0.306 1.99304
-0.304 1.991
-0.302 1.98818
-0.3 1.98456
-0.298 1.98016
-0.296 1.97498
-0.294 1.96903
-0.292 1.9623
-0.29 1.95482
-0.288 1.94659
-0.286 1.93762
-0.284 1.92791
-0.282 1.91749
-0.28 1.90637
-0.278 1.89455
-0.276 1.88204
-0.274 1.86888
-0.272 1.85506
-0.27 1.84061
-0.268 1.82555
-0.266 1.80988
-0.264 1.79363
-0.262 1.77681
-0.26 1.75945
-0.258 1.74156
-0.256 1.72316
-0.254 1.70427
-0.252 1.68492
-0.25 1.66512
-0.248 1.6449
-0.246 1.62427
-0.244 1.60326
-0.242 1.58189
-0.24 1.56018
-0.238 1.53815
-0.236 1.51582
-0.234 1.49323
-0.232 1.47038
-0.23 1.4473
-0.228 1.42401
-0.226 1.40054
-0.224 1.37691
-0.222 1.35313
-0.22 1.32923
-0.218 1.30523
-0.216 1.28115
-0.214 1.25702
-0.212 1.23284
-0.21 1.20865
-0.208 1.18445
-0.206 1.16028
-0.204 1.13615
-0.202 1.11207
-0.2 1.08807
-0.198 1.06416
-0.196 1.04036
-0.194 1.01668
-0.192 0.993149
-0.19 0.969773
-0.188 0.946568
-0.186 0.923549
-0.184 0.90073
-0.182 0.878123
-0.18 0.855741
-0.178 0.833597
-0.176 0.811701
-0.174 0.790065
-0.172 0.768697
-0.17 0.747609
-0.168 0.726809
-0.166 0.706306
-0.164 0.686106
-0.162 0.666218
-0.16 0.646649
-0.158 0.627403
-0.156 0.608488
-0.154 0.589907
-0.152 0.571666
-0.15 0.553768
-0.148 0.536216
-0.146 0.519014
-0.144 0.502164
-0.142 0.485667
-0.14 0.469526
-0.138 0.453741
-0.136 0.438312
-0.134 0.42324
-0.132 0.408525
-0.13 0.394165
-0.128 0.380159
-0.126 0.366507
-0.124 0.353206
-0.122 0.340254
-0.12 0.327648
-0.118 0.315386
-0.116 0.303465
-0.114 0.29188
-0.112 0.28063
-0.11 0.269709
-0.108 0.259114
-0.106 0.24884
-0.104 0.238883
-0.102 0.229238
-0.1 0.219901
-0.098 0.210866
-0.096 0.202129
-0.094 0.193684
-0.092 0.185526
-0.09 0.17765
-0.088 0.170049
-0.086 0.16272
-0.084 0.155655
-0.082 0.14885
-0.08 0.142299
-0.078 0.135997
-0.076 0.129937
-0.074 0.124114
-0.072 0.118523
-0.07 0.113158
-0.068 0.108014
-0.066 0.103086
-0.064 0.098367
-0.062 0.093853
-0.06 0.0895387
-0.058 0.0854189
-0.056 0.0814886
-0.054 0.077743
-0.052 0.0741773
-0.05 0.070787
-0.048 0.0675674
-0.046 0.0645144
-0.044 0.0616235
-0.042 0.0588908
-0.04 0.0563123
-0.038 0.0538843
-0.036 0.0516031
-0.034 0.0494652
-0.032 0.0474675
-0.03 0.0456068
-0.028 0.04388
-0.026 0.0422846
-0.024 0.0408178
-0.022 0.0394773
-0.02 0.0382609
-0.018 0.0371665
-0.016 0.0361923
-0.014 0.0353366
-0.012 0.034598
-0.01 0.0339752
-0.008 0.0334671
-0.006 0.0330728
-0.004 0.0327917
-0.002 0.0326232
0 0.0325671
0.002 0.0326232
0.004 0.0327917
0.006 0.0330728
0.008 0.0334671
0.01 0.0339752
0.012 0.034598
0.014 0.0353366
0.016 0.0361923
0.018 0.0371665
0.02 0.0382609
0.022 0.0394773
0.024 0.0408178
0.026 0.0422846
0.028 0.04388
0.03 0.0456068
0.032 0.0474675
0.034 0.0494652
0.036 0.0516031
0.038 0.0538843
0.04 0.0563123
0.042 0.0588908
0.044 0.0616235
0.046 0.0645144
0.048 0.0675674
0.05 0.070787
0.052 0.0741773
0.054 0.077743
0.056 0.0814886
0.058 0.0854189
0.06 0.0895387
0.062 0.093853
0.064 0.098367
0.066 0.103086
0.068 0.108014
0.07 0.113158
0.072 0.118523
0.074 0.124114
0.076 0.129937
0.078 0.135997
0.08 0.142299
0.082 0.14885
0.084 0.155655
0.086 0.16272
0.088 0.170049
0.09 0.17765
0.092 0.185526
0.094 0.193684
0.096 0.202129
0.098 0.210866
0.1 0.219901
0.102 0.229238
0.104 0.238883
0.106 0.24884
0.108 0.259114
0.11 0.269709
0.112 0.28063
0.114 0.29188
0.116 0.303465
0.118 0.315386
0.12 0.327648
0.122 0.340254
0.124 0.353206
0.126 0.366507
0.128 0.380159
0.13 0.394165
0.132 0.408525
0.134 0.42324
0.136 0.438312
0.138 0.453741
0.14 0.469526
0.142 0.485667
0.144 0.502164
0.146 0.519014
0.148 0.536216
0.15 0.553768
0.152 0.571666
0.154 0.589907
0.156 0.608488
0.158 0.627403
0.16 0.646649
0.162 0.666218
0.164 0.686106
0.166 0.706306
0.168 0.726809
0.17 0.747609
0.172 0.768697
0.174 0.790065
0.176 0.811701
0.178 0.833597
0.18 0.855741
0.182 0.878123
0.184 0.90073
0.186 0.923549
0.188 0.946568
0.19 0.969773
0.192 0.993149
0.194 1.01668
0.196 1.04036
0.198 1.06416
0.2 1.08807
0.202 1.11207
0.204 1.13615
0.206 1.16028
0.208 1.18445
0.21 1.20865
0.212 1.23284
0.214 1.25702
0.216 1.28115
0.218 1.30523
0.22 1.32923
0.222 1.35313
0.224 1.37691
0.226 1.40054
0.228 1.42401
0.23 1.4473
0.232 1.47038
0.234 1.49323
0.236 1.51582
0.238 1.53815
0.24 1.56018
0.242 1.58189
0.244 1.60326
0.246 1.62427
0.248 1.6449
0.25 1.66512
0.252 1.68492
0.254 1.70427
0.256 1.72316
0.258 1.74156
0.26 1.75945
0.262 1.77681
0.264 1.79363
0.266 1.80988
0.268 1.82555
0.27 1.84061
0.272 1.85506
0.274 1.86888
0.276 1.88204
0.278 1.89455
0.28 1.90637
0.282 1.91749
0.284 1.92791
0.286 1.93762
0.288 1.94659
0.29 1.95482
0.292 1.9623
0.294 1.96903
0.296 1.97498
0.298 1.98016
0.3 1.98456
0.302 1.98818
0.304 1.991
0.306 1.99304
0.308 1.99427
0.31 1.99471
0.312 1.99435
0.314 1.9932
0.316 1.99124
0.318 1.9885
0.32 1.98496
0.322 1.98064
0.324 1.97553
0.326 1.96966
0.328 1.96301
0.33 1.9556
0.332 1.94745
0.334 1.93855
0.336 1.92892
0.338 1.91857
0.34 1.90751
0.342 1.89576
0.344 1.88333
0.346 1.87023
0.348 1.85647
0.35 1.84209
0.352 1.82708
0.354 1.81147
0.356 1.79528
0.358 1.77852
0.36 1.76121
0.362 1.74337
0.364 1.72502
0.366 1.70618
0.368 1.68688
0.37 1.66712
0.372 1.64694
0.374 1.62635
0.376 1.60538
0.378 1.58404
0.38 1.56236
0.382 1.54036
0.384 1.51807
0.386 1.4955
0.388 1.47267
0.39 1.44962
0.392 1.42635
0.394 1.4029
0.396 1.37928
0.398 1.35551
0.4 1.33162
0.402 1.30763
0.404 1.28356
0.406 1.25943
0.408 1.23526
0.41 1.21106
0.412 1.18687
0.414 1.16269
0.416 1.13855
0.418 1.11447
0.42 1.09046
0.422 1.06654
0.424 1.04273
0.426 1.01904
0.428 0.995489
0.43 0.972096
0.432 0.948872
0.434 0.925833
0.436 0.902992
0.438 0.880363
0.44 0.857957
0.442 0.835787
0.444 0.813865
0.446 0.7922
0.448 0.770804
0.45 0.749686
0.452 0.728855
0.454 0.708319
0.456 0.688086
0.458 0.668164
0.46 0.64856
0.462 0.629279
0.464 0.610327
0.466 0.591709
0.468 0.573429
0.47 0.555492
0.472 0.537901
0.474 0.520658
0.476 0.503767
0.478 0.487229
0.48 0.471045
0.482 0.455217
0.484 0.439745
0.486 0.424628
0.488 0.409868
0.49 0.395462
0.492 0.38141
0.494 0.36771
0.496 0.35436
0.498 0.341359
0.5 0.328703
0.502 0.31639
0.504 0.304416
0.506 0.292778
0.508 0.281472
0.51 0.270495
0.512 0.259842
0.514 0.249509
0.516 0.239491
0.518 0.229783
0.52 0.22038
0.522 0.211278
0.524 0.202471
0.526 0.193953
0.528 0.185719
0.53 0.177764
0.532 0.170081
0.534 0.162665
0.536 0.155511
0.538 0.148611
0.54 0.141961
0.542 0.135555
0.544 0.129385
0.546 0.123447
0.548 0.117735
0.55 0.112242
0.552 0.106962
0.554 0.10189
0.556 0.0970197
0.558 0.0923452
0.56 0.0878608
0.562 0.0835608
0.564 0.0794394
0.566 0.0754911
0.568 0.0717103
0.57 0.0680916
0.572 0.0646297
0.574 0.0613193
0.576 0.0581551
0.578 0.0551322
0.58 0.0522455
0.582 0.0494902
0.584 0.0468614
0.586 0.0443545
0.588 0.0419649
0.59 0.0396882
0.592 0.03752
0.594 0.0354561
0.596 0.0334923
0.598 0.0316246
0.6 0.0298491
0.602 0.028162
0.604 0.0265597
0.606 0.0250385
0.608 0.023595
0.61 0.0222258
0.612 0.0209277
0.614 0.0196975
0.616 0.0185323
0.618 0.017429
0.62 0.0163848
0.622 0.015397
0.624 0.014463
0.626 0.0135802
0.628 0.0127462
0.63 0.0119586
0.632 0.0112152
0.634 0.0105139
0.636 0.00985239
0.638 0.00922885
0.64 0.00864131
0.642 0.00808794
0.644 0.00756698
0.646 0.00707674
0.648 0.00661562
0.65 0.00618207
0.652 0.00577463
0.654 0.00539188
0.656 0.00503248
0.658 0.00469517
0.66 0.00437871
0.662 0.00408195
0.664 0.00380377
0.666 0.00354314
0.668 0.00329905
0.67 0.00307054
0.672 0.00285672
0.674 0.00265672
0.676 0.00246974
0.678 0.002295
0.68 0.00213177
0.682 0.00197936
0.684 0.00183711
0.686 0.0017044
0.688 0.00158065
0.69 0.00146529
0.692 0.00135781
0.694 0.00125771
0.696 0.00116452
0.698 0.00107781
0.7 0.000997157
0.702 0.000922169
0.704 0.000852479
0.706 0.00078774
0.708 0.000727627
0.71 0.000671832
0.712 0.000620067
0.714 0.000572062
0.716 0.000527563
0.718 0.00048633
0.72 0.000448141
0.722 0.000412785
0.724 0.000380067
0.726 0.000349802
0.728 0.000321819
0.73 0.000295955
0.732 0.000272061
0.734 0.000249997
0.736 0.00022963
0.738 0.000210837
0.74 0.000193506
0.742 0.000177528
0.744 0.000162804
0.746 0.000149242
0.748 0.000136754
0.75 0.000125262
0.752 0.000114689
0.754 0.000104967
0.756 9.60306e-05
0.758 8.78198e-05
0.76 8.02789e-05
0.762 7.33562e-05
0.764 6.70036e-05
0.766 6.11767e-05
0.768 5.58342e-05
0.77 5.09378e-05
0.772 4.64523e-05
0.774 4.23448e-05
0.776 3.85851e-05
0.778 3.51451e-05
0.78 3.1999e-05
0.782 2.91229e-05
0.784 2.64947e-05
0.786 2.40941e-05
0.788 2.19022e-05
0.79 1.99017e-05
0.792 1.80767e-05
0.794 1.64125e-05
0.796 1.48956e-05
0.798 1.35134e-05
0.8 1.22546e-05
0.802 1.11087e-05
0.804 1.00658e-05
0.806 9.11721e-06
0.808 8.25471e-06
0.81 7.47081e-06
0.812 6.75866e-06
0.814 6.11194e-06
0.816 5.52489e-06
0.818 4.99223e-06
0.82 4.50913e-06
0.822 4.07114e-06
0.824 3.67423e-06
0.826 3.31469e-06
0.828 2.98913e-06
0.83 2.69447e-06
0.832 2.42789e-06
0.834 2.18681e-06
0.836 1.96887e-06
0.838 1.77195e-06
0.84 1.59409e-06
0.842 1.4335e-06
0.844 1.28858e-06
0.846 1.15785e-06
0.848 1.03996e-06
0.85 9.33701e-07
0.852 8.37965e-07
0.854 7.51744e-07
0.856 6.74125e-07
0.858 6.04279e-07
0.86 5.41452e-07
0.862 4.84964e-07
0.864 4.34195e-07
0.866 3.88586e-07
0.868 3.47628e-07
0.87 3.10864e-07
0.872 2.77876e-07
0.874 2.48289e-07
0.876 2.21764e-07
0.878 1.97993e-07
0.88 1.767e-07
0.882 1.57634e-07
0.884 1.40568e-07
0.886 1.253e-07
0.888 1.11646e-07
0.89 9.94398e-08
0.892 8.85327e-08
0.894 7.87904e-08
0.896 7.00922e-08
0.898 6.23293e-08
0.9 5.5404e-08
0.902 4.92284e-08
0.904 4.37238e-08
0.906 3.88191e-08
0.908 3.44508e-08
0.91 3.05619e-08
0.912 2.71011e-08
0.914 2.40226e-08
0.916 2.12853e-08
0.918 1.88524e-08
0.92 1.66909e-08
0.922 1.47713e-08
0.924 1.30673e-08
0.926 1.15553e-08
0.928 1.02142e-08
0.93 9.0251e-09
0.932 7.97132e-09
0.934 7.0378e-09
0.936 6.21118e-09
0.938 5.47952e-09
0.94 4.83218e-09
0.942 4.2597e-09
0.944 3.75363e-09
0.946 3.30648e-09
0.948 2.91156e-09
0.95 2.56293e-09
0.952 2.25532e-09
0.954 1.98403e-09
0.956 1.74492e-09
0.958 1.53428e-09
0.96 1.34883e-09
0.962 1.18569e-09
0.964 1.04229e-09
0.966 9.16339e-10
0.968 8.05845e-10
0.97 7.09031e-10
0.972 6.24337e-10
0.974 5.50388e-10
0.976 4.85978e-10
0.978 4.30049e-10
0.98 3.8168e-10
0.982 3.40069e-10
0.984 3.04524e-10
0.986 2.74449e-10
0.988 2.4934e-10
0.99 2.28774e-10
0.992 2.12403e-10
0.994 1.9995e-10
0.996 1.91203e-10
0.998 1.86014e-10
