-1 0.721127
-0.99 0.720865
-0.98 0.72067
-0.97 0.71994
-0.96 0.719301
-0.95 0.718093
-0.94 0.717023
-0.93 0.715335
-0.92 0.71384
-0.91 0.711681
-0.9 0.709757
-0.89 0.707151
-0.88 0.704782
-0.87 0.701771
-0.86 0.698923
-0.85 0.695566
-0.84 0.692199
-0.83 0.688556
-0.82 0.684646
-0.81 0.680746
-0.8 0.676318
-0.79 0.672129
-0.78 0.667283
-0.77 0.662702
-0.76 0.657595
-0.75 0.652497
-0.74 0.647256
-0.73 0.641613
-0.72 0.636216
-0.71 0.630183
-0.7 0.624432
-0.69 0.618279
-0.68 0.611983
-0.67 0.605825
-0.66 0.599082
-0.65 0.592691
-0.64 0.585874
-0.63 0.578947
-0.62 0.572227
-0.61 0.564911
-0.6 0.55793
-0.59 0.550723
-0.58 0.543184
-0.57 0.536062
-0.56 0.528422
-0.55 0.520812
-0.54 0.513468
-0.53 0.505538
-0.52 0.497888
-0.51 0.490334
-0.5 0.48223
-0.49 0.474532
-0.48 0.466847
-0.47 0.458638
-0.46 0.450878
-0.45 0.44317
-0.44 0.434911
-0.43 0.427057
-0.42 0.419438
-0.41 0.411226
-0.4 0.403211
-0.39 0.39572
-0.38 0.387763
-0.37 0.379558
-0.36 0.372023
-0.35 0.364566
-0.34 0.356465
-0.33 0.348524
-0.32 0.341338
-0.31 0.334037
-0.3 0.326033
-0.29 0.318169
-0.28 0.311213
-0.27 0.304536
-0.26 0.297103
-0.25 0.288998
-0.24 0.281388
-0.23 0.275336
-0.22 0.271016
-0.21 0.267916
-0.2 0.265409
-0.19 0.26311
-0.18 0.260887
-0.17 0.258733
-0.16 0.256671
-0.15 0.254715
-0.14 0.25287
-0.13 0.25114
-0.12 0.249527
-0.11 0.248033
-0.1 0.246661
-0.09 0.245412
-0.08 0.24429
-0.07 0.243295
-0.06 0.24243
-0.05 0.241695
-0.04 0.241093
-0.03 0.240623
-0.02 0.240287
-0.01 0.240085
0 0.240018
0.01 0.240085
0.02 0.240287
0.03 0.240623
0.04 0.241093
0.05 0.241695
0.06 0.24243
0.07 0.243295
0.08 0.24429
0.09 0.245412
0.1 0.246661
0.11 0.248033
0.12 0.249527
0.13 0.25114
0.14 0.25287
0.15 0.254715
0.16 0.256671
0.17 0.258733
0.18 0.260887
0.19 0.26311
0.2 0.265409
0.21 0.267916
0.22 0.271016
0.23 0.275336
0.24 0.281388
0.25 0.288998
0.26 0.297103
0.27 0.304536
0.28 0.311213
0.29 0.318169
0.3 0.326033
0.31 0.334037
0.32 0.341338
0.33 0.348524
0.34 0.356465
0.35 0.364566
0.36 0.372023
0.37 0.379558
0.38 0.387763
0.39 0.39572
0.4 0.403211
0.41 0.411226
0.42 0.419438
0.43 0.427057
0.44 0.434911
0.45 0.44317
0.46 0.450878
0.47 0.458638
0.48 0.466847
0.49 0.474532
0.5 0.48223
0.51 0.490334
0.52 0.497888
0.53 0.505538
0.54 0.513468
0.55 0.520812
0.56 0.528422
0.57 0.536062
0.58 0.543184
0.59 0.550723
0.6 0.55793
0.61 0.564911
0.62 0.572227
0.63 0.578947
0.64 0.585874
0.65 0.592691
0.66 0.599082
0.67 0.605825
0.68 0.611983
0.69 0.618279
0.7 0.624432
0.71 0.630183
0.72 0.636216
0.73 0.641613
0.74 0.647256
0.75 0.652497
0.76 0.657595
0.77 0.662702
0.78 0.667283
0.79 0.672129
0.8 0.676318
0.81 0.680746
0.82 0.684646
0.83 0.688556
0.84 0.692199
0.85 0.695566
0.86 0.698923
0.87 0.701771
0.88 0.704782
0.89 0.707151
0.9 0.709757
0.91 0.711681
0.92 0.71384
0.93 0.715335
0.94 0.717023
0.95 0.718093
0.96 0.719301
0.97 0.71994
0.98 0.72067
0.99 0.720865
