-1 3.90964
-0.998 3.90889
-0.996 3.90664
-0.994 3.9029
-0.992 3.89766
-0.99 3.89093
-0.988 3.88272
-0.986 3.87305
-0.984 3.86191
-0.982 3.84934
-0.98 3.83532
-0.978 3.8199
-0.976 3.80307
-0.974 3.78487
-0.972 3.76531
-0.97 3.74441
-0.968 3.72219
-0.966 3.69869
-0.964 3.67393
-0.962 3.64793
-0.96 3.62073
-0.958 3.59235
-0.956 3.56282
-0.954 3.53218
-0.952 3.50046
-0.95 3.46769
-0.948 3.43391
-0.946 3.39915
-0.944 3.36345
-0.942 3.32685
-0.94 3.28939
-0.938 3.25109
-0.936 3.21201
-0.934 3.17218
-0.932 3.13164
-0.93 3.09043
-0.928 3.0486
-0.926 3.00617
-0.924 2.9632
-0.922 2.91972
-0.92 2.87577
-0.918 2.83139
-0.916 2.78663
-0.914 2.74152
-0.912 2.69611
-0.91 2.65042
-0.908 2.60452
-0.906 2.55842
-0.904 2.51217
-0.902 2.46582
-0.9 2.41938
-0.898 2.37291
-0.896 2.32644
-0.894 2.28
-0.892 2.23362
-0.89 2.18735
-0.888 2.14122
-0.886 2.09525
-0.884 2.04948
-0.882 2.00394
-0.88 1.95865
-0.878 1.91366
-0.876 1.86897
-0.874 1.82463
-0.872 1.78066
-0.87 1.73708
-0.868 1.69391
-0.866 1.65118
-0.864 1.6089
-0.862 1.56711
-0.86 1.52581
-0.858 1.48503
-0.856 1.44479
-0.854 1.40509
-0.852 1.36596
-0.85 1.3274
-0.848 1.28944
-0.846 1.25208
-0.844 1.21534
-0.842 1.17922
-0.84 1.14373
-0.838 1.10888
-0.836 1.07468
-0.834 1.04113
-0.832 1.00824
-0.83 0.976016
-0.828 0.944456
-0.826 0.913563
-0.824 0.883341
-0.822 0.853789
-0.82 0.824907
-0.818 0.796695
-0.816 0.769151
-0.814 0.742273
-0.812 0.716058
-0.81 0.690502
-0.808 0.665601
-0.806 0.64135
-0.804 0.617745
-0.802 0.594779
-0.8 0.572445
-0.798 0.550737
-0.796 0.529648
-0.794 0.50917
-0.792 0.489294
-0.79 0.470013
-0.788 0.451317
-0.786 0.433197
-0.784 0.415644
-0.782 0.398648
-0.78 0.382199
-0.778 0.366288
-0.776 0.350903
-0.774 0.336034
-0.772 0.321671
-0.77 0.307803
-0.768 0.294419
-0.766 0.281507
-0.764 0.269058
-0.762 0.25706
-0.76 0.245502
-0.758 0.234373
-0.756 0.223662
-0.754 0.213357
-0.752 0.203449
-0.75 0.193925
-0.748 0.184776
-0.746 0.175991
-0.744 0.167558
-0.742 0.159467
-0.74 0.151708
-0.738 0.144271
-0.736 0.137145
-0.734 0.130321
-0.732 0.123788
-0.73 0.117537
-0.728 0.111559
-0.726 0.105843
-0.724 0.100382
-0.722 0.0951651
-0.72 0.0901845
-0.718 0.0854314
-0.716 0.0808974
-0.714 0.0765744
-0.712 0.0724542
-0.71 0.0685291
-0.708 0.0647914
-0.706 0.0612339
-0.704 0.0578492
-0.702 0.0546303
-0.7 0.0515706
-0.698 0.0486633
-0.696 0.045902
-0.694 0.0432806
-0.692 0.0407931
-0.69 0.0384336
-0.688 0.0361964
-0.686 0.0340763
-0.684 0.0320678
-0.682 0.030166
-0.68 0.028366
-0.678 0.026663
-0.676 0.0250525
-0.674 0.0235301
-0.672 0.0220916
-0.67 0.020733
-0.668 0.0194503
-0.666 0.0182399
-0.664 0.0170982
-0.662 0.0160217
-0.66 0.0150072
-0.658 0.0140514
-0.656 0.0131513
-0.654 0.0123041
-0.652 0.011507
-0.65 0.0107574
-0.648 0.0100526
-0.646 0.0093904
-0.644 0.00876838
-0.642 0.00818436
-0.64 0.00763627
-0.638 0.0071221
-0.636 0.00663997
-0.634 0.00618805
-0.632 0.00576465
-0.63 0.00536812
-0.628 0.00499691
-0.626 0.00464956
-0.624 0.00432467
-0.622 0.0040209
-0.62 0.00373702
-0.618 0.00347182
-0.616 0.00322418
-0.614 0.00299304
-0.612 0.00277738
-0.61 0.00257625
-0.608 0.00238876
-0.606 0.00221404
-0.604 0.0020513
-0.602 0.00189978
-0.6 0.00175877
-0.598 0.00162758
-0.596 0.0015056
-0.594 0.00139221
-0.592 0.00128685
-0.59 0.00118901
-0.588 0.00109817
-0.586 0.00101388
-0.584 0.000935686
-0.582 0.000863188
-0.58 0.000795996
-0.578 0.000733747
-0.576 0.000676101
-0.574 0.00062274
-0.572 0.000573366
-0.57 0.0005277
-0.568 0.000485481
-0.566 0.000446465
-0.564 0.000410423
-0.562 0.000377143
-0.56 0.000346426
-0.558 0.000318086
-0.556 0.00029195
-0.554 0.000267856
-0.552 0.000245655
-0.55 0.000225205
-0.548 0.000206377
-0.546 0.000189048
-0.544 0.000173107
-0.542 0.000158448
-0.54 0.000144973
-0.538 0.000132592
-0.536 0.000121221
-0.534 0.000110782
-0.532 0.000101202
-0.53 9.24138e-05
-0.528 8.43558e-05
-0.526 7.69702e-05
-0.524 7.02037e-05
-0.522 6.40069e-05
-0.52 5.83341e-05
-0.518 5.31433e-05
-0.516 4.83953e-05
-0.514 4.40542e-05
-0.512 4.00867e-05
-0.51 3.64623e-05
-0.508 3.31524e-05
-0.506 3.01312e-05
-0.504 2.73746e-05
-0.502 2.48604e-05
-0.5 2.25682e-05
-0.498 2.04793e-05
-0.496 1.85764e-05
-0.494 1.68438e-05
-0.492 1.52667e-05
-0.49 1.38318e-05
-0.488 1.25269e-05
-0.486 1.13406e-05
-0.484 1.02626e-05
-0.482 9.28348e-06
-0.48 8.39443e-06
-0.478 7.58753e-06
-0.476 6.8555e-06
-0.474 6.19165e-06
-0.472 5.58988e-06
-0.47 5.04461e-06
-0.468 4.55074e-06
-0.466 4.1036e-06
-0.464 3.69894e-06
-0.462 3.33287e-06
-0.46 3.00185e-06
-0.458 2.70263e-06
-0.456 2.43229e-06
-0.454 2.18812e-06
-0.452 1.96769e-06
-0.45 1.76877e-06
-0.448 1.58933e-06
-0.446 1.42753e-06
-0.444 1.2817e-06
-0.442 1.15031e-06
-0.44 1.03198e-06
-0.438 9.25461e-07
-0.436 8.29609e-07
-0.434 7.43391e-07
-0.432 6.6587e-07
-0.43 5.96198e-07
-0.428 5.33605e-07
-0.426 4.77396e-07
-0.424 4.26939e-07
-0.422 3.81664e-07
-0.42 3.41055e-07
-0.418 3.04647e-07
-0.416 2.72018e-07
-0.414 2.42788e-07
-0.412 2.16614e-07
-0.41 1.93185e-07
-0.408 1.72222e-07
-0.406 1.53473e-07
-0.404 1.36711e-07
-0.402 1.21732e-07
-0.4 1.08351e-07
-0.398 9.64027e-08
-0.396 8.57383e-08
-0.394 7.62235e-08
-0.392 6.77378e-08
-0.39 6.0173e-08
-0.388 5.34319e-08
-0.386 4.74272e-08
-0.384 4.20807e-08
-0.382 3.73222e-08
-0.38 3.30887e-08
-0.378 2.93238e-08
-0.376 2.5977e-08
-0.374 2.3003e-08
-0.372 2.03615e-08
-0.37 1.80162e-08
-0.368 1.59347e-08
-0.366 1.40882e-08
-0.364 1.24507e-08
-0.362 1.09991e-08
-0.36 9.71298e-09
-0.358 8.57382e-09
-0.356 7.56527e-09
-0.354 6.67273e-09
-0.352 5.88314e-09
-0.35 5.18495e-09
-0.348 4.5678e-09
-0.346 4.02251e-09
-0.344 3.54092e-09
-0.342 3.11575e-09
-0.34 2.74055e-09
-0.338 2.40958e-09
-0.336 2.11773e-09
-0.334 1.8605e-09
-0.332 1.63386e-09
-0.33 1.43427e-09
-0.328 1.25856e-09
-0.326 1.10394e-09
-0.324 9.67927e-10
-0.322 8.48339e-10
-0.32 7.43232e-10
-0.318 6.50885e-10
-0.316 5.69795e-10
-0.314 4.98602e-10
-0.312 4.36133e-10
-0.31 3.81342e-10
-0.308 3.33298e-10
-0.306 2.91198e-10
-0.304 2.54309e-10
-0.302 2.2201e-10
-0.3 1.93731e-10
-0.298 1.68991e-10
-0.296 1.47351e-10
-0.294 1.28432e-10
-0.292 1.11903e-10
-0.29 9.74487e-11
-0.288 8.48379e-11
-0.286 7.38269e-11
-0.284 6.42185e-11
-0.282 5.58395e-11
-0.28 4.85351e-11
-0.278 4.21717e-11
-0.276 3.66239e-11
-0.274 3.17948e-11
-0.272 2.759e-11
-0.27 2.39363e-11
-0.268 2.07525e-11
-0.266 1.79914e-11
-0.264 1.55838e-11
-0.262 1.35011e-11
-0.26 1.16876e-11
-0.258 1.01166e-11
-0.256 8.74929e-12
-0.254 7.56413e-12
-0.252 6.54182e-12
-0.25 5.6512e-12
-0.248 4.8812e-12
-0.246 4.21643e-12
-0.244 3.63503e-12
-0.242 3.13857e-12
-0.24 2.70294e-12
-0.238 2.33432e-12
-0.236 2.01139e-12
-0.234 1.73249e-12
-0.232 1.49135e-12
-0.23 1.28403e-12
-0.228 1.10433e-12
-0.226 9.50787e-13
-0.224 8.14434e-13
-0.222 7.0342e-13
-0.22 6.01275e-13
-0.218 5.17373e-13
-0.216 4.42923e-13
-0.214 3.82418e-13
-0.212 3.27566e-13
-0.21 2.81249e-13
-0.208 2.37445e-13
-0.206 2.07947e-13
-0.204 1.75359e-13
-0.202 1.53365e-13
-0.2 1.32201e-13
-0.198 1.11445e-13
-0.196 9.57228e-14
-0.194 7.96335e-14
-0.192 6.84008e-14
-0.19 5.79546e-14
-0.188 5.13802e-14
-0.186 4.39711e-14
-0.184 3.82717e-14
-0.182 2.89478e-14
-0.18 2.91109e-14
-0.178 2.24714e-14
-0.176 2.2484e-14
-0.174 1.84499e-14
-0.172 2.04778e-14
-0.17 1.30357e-14
-0.168 9.95019e-15
-0.166 1.15274e-14
-0.164 1.09366e-14
-0.162 7.20732e-15
-0.16 6.7137e-15
-0.158 7.75129e-15
-0.156 3.59602e-15
-0.154 4.37888e-15
-0.152 6.89422e-15
-0.15 3.2063e-15
-0.148 3.78905e-15
-0.146 5.69108e-15
-0.144 2.43484e-15
-0.142 2.16343e-15
-0.14 -4.62891e-16
-0.138 1.93302e-15
-0.136 -2.25402e-15
-0.134 3.44376e-15
-0.132 2.18925e-16
-0.13 4.01336e-15
-0.128 -6.91099e-16
-0.126 5.9363e-16
-0.124 2.53858e-15
-0.122 3.53198e-15
-0.12 4.67062e-15
-0.118 3.66418e-15
-0.116 5.88161e-15
-0.114 1.38673e-15
-0.112 4.34249e-16
-0.11 2.28955e-15
-0.108 1.37495e-15
-0.106 5.26061e-15
-0.104 -1.94031e-15
-0.102 2.23256e-15
-0.1 1.23063e-15
-0.098 -3.60099e-16
-0.096 2.58182e-15
-0.094 3.21545e-16
-0.092 1.18524e-15
-0.09 4.33386e-15
-0.088 2.83089e-15
-0.086 -2.70396e-16
-0.084 1.01287e-15
-0.082 -5.13532e-16
-0.08 8.13843e-16
-0.078 -2.34946e-16
-0.076 2.58773e-15
-0.074 1.18259e-15
-0.072 -9.17518e-16
-0.07 1.43152e-15
-0.068 2.04298e-15
-0.066 9.79309e-16
-0.064 3.86055e-15
-0.062 1.53542e-15
-0.06 -1.49889e-15
-0.058 2.71462e-15
-0.056 6.73797e-16
-0.054 -7.51805e-16
-0.052 4.08118e-15
-0.05 -1.20012e-15
-0.048 2.39011e-15
-0.046 -5.43965e-16
-0.044 -4.40124e-16
-0.042 7.61801e-16
-0.04 2.88793e-15
-0.038 -1.97058e-15
-0.036 1.78859e-16
-0.034 -1.40841e-15
-0.032 3.09437e-16
-0.03 2.2483e-15
-0.028 1.1617e-15
-0.026 8.7516e-16
-0.024 -2.15411e-15
-0.022 1.48574e-15
-0.02 1.7404e-15
-0.018 1.25646e-15
-0.016 -2.60124e-16
-0.014 2.74791e-15
-0.012 -5.13824e-16
-0.01 3.73632e-15
-0.008 1.73455e-15
-0.006 1.71433e-15
-0.004 5.08483e-17
-0.002 2.57386e-15
0 -5.91951e-16
0.002 1.59595e-15
0.004 -1.76417e-16
0.006 2.75237e-15
0.008 6.51194e-16
0.01 3.13649e-15
0.012 4.66813e-16
0.014 5.24366e-16
0.016 -1.07465e-15
0.018 7.09914e-16
0.02 9.32692e-16
0.022 -1.35653e-15
0.024 -1.11328e-16
0.026 1.2624e-15
0.028 -5.31704e-16
0.03 3.9326e-15
0.032 5.74524e-16
0.034 2.77029e-16
0.036 3.73368e-17
0.038 -4.93685e-16
0.04 -1.62368e-15
0.042 -5.39411e-16
0.044 3.51735e-15
0.046 -3.62769e-15
0.048 2.68148e-15
0.05 -6.7424e-16
0.052 2.34749e-16
0.054 -2.59666e-15
0.056 7.06217e-16
0.058 -1.45945e-16
0.06 5.7564e-16
0.062 -6.70623e-16
0.064 -1.96802e-17
0.066 -4.91584e-16
0.068 -6.34363e-16
0.07 2.96917e-15
0.072 3.31957e-16
0.074 4.82886e-17
0.076 6.76772e-16
0.078 2.22481e-15
0.08 1.73822e-15
0.082 2.03679e-15
0.084 2.02698e-16
0.086 4.80655e-16
0.088 -8.11021e-16
0.09 -8.34041e-16
0.092 -7.79278e-16
0.094 9.16452e-16
0.096 -4.03998e-15
0.098 2.91323e-17
0.1 3.52484e-16
0.102 1.01692e-16
0.104 3.35806e-16
0.106 -8.66887e-16
0.108 -1.11949e-16
0.11 -2.45402e-16
0.112 9.31962e-16
0.114 -1.83474e-15
0.116 -1.6228e-15
0.118 -1.59508e-15
0.12 2.31251e-15
0.122 -2.20107e-15
0.124 2.04656e-15
0.126 -2.89854e-15
0.128 2.96134e-16
0.13 1.6037e-15
0.132 -7.62035e-16
0.134 4.29052e-15
0.136 2.30343e-16
0.138 1.04982e-15
0.14 -9.97954e-16
0.142 2.60328e-15
0.144 2.50571e-15
0.146 3.04348e-15
0.148 2.34004e-15
0.15 1.80006e-15
0.152 3.59364e-15
0.154 4.4626e-15
0.156 1.36152e-15
0.158 6.72718e-15
0.16 4.10746e-15
0.162 6.57454e-15
0.164 6.95555e-15
0.166 7.75031e-15
0.168 1.10328e-14
0.17 8.01565e-15
0.172 1.60521e-14
0.174 1.53635e-14
0.176 1.60322e-14
0.178 2.3423e-14
0.18 2.6007e-14
0.182 3.09167e-14
0.184 3.45925e-14
0.186 4.59468e-14
0.188 4.96149e-14
0.19 6.01618e-14
0.192 6.45767e-14
0.194 8.06781e-14
0.196 9.40947e-14
0.198 1.1214e-13
0.2 1.27542e-13
0.202 1.46437e-13
0.204 1.72857e-13
0.206 2.03646e-13
0.208 2.41244e-13
0.21 2.78905e-13
0.212 3.26776e-13
0.214 3.79642e-13
0.216 4.44807e-13
0.218 5.18481e-13
0.22 6.00453e-13
0.222 6.98284e-13
0.224 8.14343e-13
0.226 9.47007e-13
0.228 1.10204e-12
0.23 1.27931e-12
0.232 1.48999e-12
0.234 1.72911e-12
0.236 2.00425e-12
0.238 2.3314e-12
0.24 2.70248e-12
0.242 3.13611e-12
0.244 3.63636e-12
0.246 4.21035e-12
0.248 4.87879e-12
0.25 5.64775e-12
0.252 6.54006e-12
0.254 7.5619e-12
0.256 8.75077e-12
0.258 1.01104e-11
0.26 1.16881e-11
0.262 1.34987e-11
0.264 1.55844e-11
0.266 1.79866e-11
0.268 2.07475e-11
0.27 2.39321e-11
0.272 2.75918e-11
0.274 3.1796e-11
0.276 3.66245e-11
0.278 4.21687e-11
0.28 4.85382e-11
0.282 5.58396e-11
0.284 6.42145e-11
0.286 7.38234e-11
0.288 8.48322e-11
0.29 9.74472e-11
0.292 1.11893e-10
0.294 1.28426e-10
0.296 1.4735e-10
0.298 1.68988e-10
0.3 1.93731e-10
0.302 2.22006e-10
0.304 2.54304e-10
0.306 2.91193e-10
0.308 3.33295e-10
0.31 3.81338e-10
0.312 4.36132e-10
0.314 4.98599e-10
0.316 5.6979e-10
0.318 6.50884e-10
0.32 7.43228e-10
0.322 8.48337e-10
0.324 9.67922e-10
0.326 1.10393e-09
0.328 1.25856e-09
0.33 1.43427e-09
0.332 1.63387e-09
0.334 1.8605e-09
0.336 2.11773e-09
0.338 2.40957e-09
0.34 2.74055e-09
0.342 3.11575e-09
0.344 3.54091e-09
0.346 4.02251e-09
0.348 4.56779e-09
0.35 5.18494e-09
0.352 5.88314e-09
0.354 6.67272e-09
0.356 7.56527e-09
0.358 8.57382e-09
0.36 9.71297e-09
0.362 1.09991e-08
0.364 1.24507e-08
0.366 1.40882e-08
0.368 1.59347e-08
0.37 1.80162e-08
0.372 2.03615e-08
0.374 2.3003e-08
0.376 2.5977e-08
0.378 2.93238e-08
0.38 3.30887e-08
0.382 3.73222e-08
0.384 4.20807e-08
0.386 4.74272e-08
0.388 5.34319e-08
0.39 6.0173e-08
0.392 6.77378e-08
0.394 7.62235e-08
0.396 8.57383e-08
0.398 9.64027e-08
0.4 1.08351e-07
0.402 1.21732e-07
0.404 1.36711e-07
0.406 1.53473e-07
0.408 1.72222e-07
0.41 1.93185e-07
0.412 2.16614e-07
0.414 2.42788e-07
0.416 2.72018e-07
0.418 3.04647e-07
0.42 3.41055e-07
0.422 3.81664e-07
0.424 4.26939e-07
0.426 4.77396e-07
0.428 5.33605e-07
0.43 5.96198e-07
0.432 6.6587e-07
0.434 7.43391e-07
0.436 8.29609e-07
0.438 9.25461e-07
0.44 1.03198e-06
0.442 1.15031e-06
0.444 1.2817e-06
0.446 1.42753e-06
0.448 1.58933e-06
0.45 1.76877e-06
0.452 1.96769e-06
0.454 2.18812e-06
0.456 2.43229e-06
0.458 2.70263e-06
0.46 3.00185e-06
0.462 3.33287e-06
0.464 3.69894e-06
0.466 4.1036e-06
0.468 4.55074e-06
0.47 5.04461e-06
0.472 5.58988e-06
0.474 6.19165e-06
0.476 6.8555e-06
0.478 7.58753e-06
0.48 8.39443e-06
0.482 9.28348e-06
0.484 1.02626e-05
0.486 1.13406e-05
0.488 1.25269e-05
0.49 1.38318e-05
0.492 1.52667e-05
0.494 1.68438e-05
0.496 1.85764e-05
0.498 2.04793e-05
0.5 2.25682e-05
0.502 2.48604e-05
0.504 2.73746e-05
0.506 3.01312e-05
0.508 3.31524e-05
0.51 3.64623e-05
0.512 4.00867e-05
0.514 4.40542e-05
0.516 4.83953e-05
0.518 5.31433e-05
0.52 5.83341e-05
0.522 6.40069e-05
0.524 7.02037e-05
0.526 7.69702e-05
0.528 8.43558e-05
0.53 9.24138e-05
0.532 0.000101202
0.534 0.000110782
0.536 0.000121221
0.538 0.000132592
0.54 0.000144973
0.542 0.000158448
0.544 0.000173107
0.546 0.000189048
0.548 0.000206377
0.55 0.000225205
0.552 0.000245655
0.554 0.000267856
0.556 0.00029195
0.558 0.000318086
0.56 0.000346426
0.562 0.000377143
0.564 0.000410423
0.566 0.000446465
0.568 0.000485481
0.57 0.0005277
0.572 0.000573366
0.574 0.00062274
0.576 0.000676101
0.578 0.000733747
0.58 0.000795996
0.582 0.000863188
0.584 0.000935686
0.586 0.00101388
0.588 0.00109817
0.59 0.00118901
0.592 0.00128685
0.594 0.00139221
0.596 0.0015056
0.598 0.00162758
0.6 0.00175877
0.602 0.00189978
0.604 0.0020513
0.606 0.00221404
0.608 0.00238876
0.61 0.00257625
0.612 0.00277738
0.614 0.00299304
0.616 0.00322418
0.618 0.00347182
0.62 0.00373702
0.622 0.0040209
0.624 0.00432467
0.626 0.00464956
0.628 0.00499691
0.63 0.00536812
0.632 0.00576465
0.634 0.00618805
0.636 0.00663997
0.638 0.0071221
0.64 0.00763627
0.642 0.00818436
0.644 0.00876838
0.646 0.0093904
0.648 0.0100526
0.65 0.0107574
0.652 0.011507
0.654 0.0123041
0.656 0.0131513
0.658 0.0140514
0.66 0.0150072
0.662 0.0160217
0.664 0.0170982
0.666 0.0182399
0.668 0.0194503
0.67 0.020733
0.672 0.0220916
0.674 0.0235301
0.676 0.0250525
0.678 0.026663
0.68 0.028366
0.682 0.030166
0.684 0.0320678
0.686 0.0340763
0.688 0.0361964
0.69 0.0384336
0.692 0.0407931
0.694 0.0432806
0.696 0.045902
0.698 0.0486633
0.7 0.0515706
0.702 0.0546303
0.704 0.0578492
0.706 0.0612339
0.708 0.0647914
0.71 0.0685291
0.712 0.0724542
0.714 0.0765744
0.716 0.0808974
0.718 0.0854314
0.72 0.0901845
0.722 0.0951651
0.724 0.100382
0.726 0.105843
0.728 0.111559
0.73 0.117537
0.732 0.123788
0.734 0.130321
0.736 0.137145
0.738 0.144271
0.74 0.151708
0.742 0.159467
0.744 0.167558
0.746 0.175991
0.748 0.184776
0.75 0.193925
0.752 0.203449
0.754 0.213357
0.756 0.223662
0.758 0.234373
0.76 0.245502
0.762 0.25706
0.764 0.269058
0.766 0.281507
0.768 0.294419
0.77 0.307803
0.772 0.321671
0.774 0.336034
0.776 0.350903
0.778 0.366288
0.78 0.382199
0.782 0.398648
0.784 0.415644
0.786 0.433197
0.788 0.451317
0.79 0.470013
0.792 0.489294
0.794 0.50917
0.796 0.529648
0.798 0.550737
0.8 0.572445
0.802 0.594779
0.804 0.617745
0.806 0.64135
0.808 0.665601
0.81 0.690502
0.812 0.716058
0.814 0.742273
0.816 0.769151
0.818 0.796695
0.82 0.824907
0.822 0.853789
0.824 0.883341
0.826 0.913563
0.828 0.944456
0.83 0.976016
0.832 1.00824
0.834 1.04113
0.836 1.07468
0.838 1.10888
0.84 1.14373
0.842 1.17922
0.844 1.21534
0.846 1.25208
0.848 1.28944
0.85 1.3274
0.852 1.36596
0.854 1.40509
0.856 1.44479
0.858 1.48503
0.86 1.52581
0.862 1.56711
0.864 1.6089
0.866 1.65118
0.868 1.69391
0.87 1.73708
0.872 1.78066
0.874 1.82463
0.876 1.86897
0.878 1.91366
0.88 1.95865
0.882 2.00394
0.884 2.04948
0.886 2.09525
0.888 2.14122
0.89 2.18735
0.892 2.23362
0.894 2.28
0.896 2.32644
0.898 2.37291
0.9 2.41938
0.902 2.46582
0.904 2.51217
0.906 2.55842
0.908 2.60452
0.91 2.65042
0.912 2.69611
0.914 2.74152
0.916 2.78663
0.918 2.83139
0.92 2.87577
0.922 2.91972
0.924 2.9632
0.926 3.00617
0.928 3.0486
0.93 3.09043
0.932 3.13164
0.934 3.17218
0.936 3.21201
0.938 3.25109
0.94 3.28939
0.942 3.32685
0.944 3.36345
0.946 3.39915
0.948 3.43391
0.95 3.46769
0.952 3.50046
0.954 3.53218
0.956 3.56282
0.958 3.59235
0.96 3.62073
0.962 3.64793
0.964 3.67393
0.966 3.69869
0.968 3.72219
0.97 3.74441
0.972 3.76531
0.974 3.78487
0.976 3.80307
0.978 3.8199
0.98 3.83532
0.982 3.84934
0.984 3.86191
0.986 3.87305
0.988 3.88272
0.99 3.89093
0.992 3.89766
0.994 3.9029
0.996 3.90664
0.998 3.90889
