-1 0.595137
-0.99 0.594843
-0.98 0.594938
-0.97 0.594454
-0.96 0.594341
-0.95 0.593678
-0.94 0.59334
-0.93 0.592519
-0.92 0.59193
-0.91 0.590983
-0.9 0.590106
-0.89 0.58907
-0.88 0.587871
-0.87 0.586767
-0.86 0.585241
-0.85 0.584048
-0.84 0.582249
-0.83 0.580876
-0.82 0.578928
-0.81 0.577227
-0.8 0.575274
-0.79 0.573137
-0.78 0.571216
-0.77 0.568707
-0.76 0.566639
-0.75 0.564028
-0.74 0.56152
-0.73 0.55903
-0.72 0.556029
-0.71 0.553483
-0.7 0.550372
-0.69 0.547322
-0.68 0.544414
-0.67 0.540877
-0.66 0.537773
-0.65 0.534368
-0.64 0.530599
-0.63 0.52731
-0.62 0.523456
-0.61 0.519499
-0.6 0.515953
-0.59 0.511745
-0.58 0.507549
-0.57 0.503754
-0.56 0.499281
-0.55 0.494756
-0.54 0.490736
-0.53 0.486128
-0.52 0.481186
-0.51 0.47686
-0.5 0.472325
-0.49 0.467042
-0.48 0.462096
-0.47 0.457669
-0.46 0.452608
-0.45 0.446903
-0.44 0.441739
-0.43 0.43723
-0.42 0.43219
-0.41 0.426093
-0.4 0.419921
-0.39 0.415016
-0.38 0.411838
-0.37 0.409929
-0.36 0.408586
-0.35 0.40735
-0.34 0.406064
-0.33 0.404718
-0.32 0.403338
-0.31 0.401938
-0.3 0.400527
-0.29 0.399109
-0.28 0.397688
-0.27 0.396267
-0.26 0.394853
-0.25 0.39345
-0.24 0.392061
-0.23 0.390692
-0.22 0.389346
-0.21 0.388028
-0.2 0.386742
-0.19 0.385492
-0.18 0.384282
-0.17 0.383115
-0.16 0.381994
-0.15 0.380924
-0.14 0.379907
-0.13 0.378947
-0.12 0.378046
-0.11 0.377206
-0.1 0.376432
-0.09 0.375724
-0.08 0.375085
-0.07 0.374516
-0.06 0.37402
-0.05 0.373598
-0.04 0.373251
-0.03 0.37298
-0.02 0.372786
-0.01 0.372669
0 0.37263
0.01 0.372669
0.02 0.372786
0.03 0.37298
0.04 0.373251
0.05 0.373598
0.06 0.37402
0.07 0.374516
0.08 0.375085
0.09 0.375724
0.1 0.376432
0.11 0.377206
0.12 0.378046
0.13 0.378947
0.14 0.379907
0.15 0.380924
0.16 0.381994
0.17 0.383115
0.18 0.384282
0.19 0.385492
0.2 0.386742
0.21 0.388028
0.22 0.389346
0.23 0.390692
0.24 0.392061
0.25 0.39345
0.26 0.394853
0.27 0.396267
0.28 0.397688
0.29 0.399109
0.3 0.400527
0.31 0.401938
0.32 0.403338
0.33 0.404718
0.34 0.406064
0.35 0.40735
0.36 0.408586
0.37 0.409929
0.38 0.411838
0.39 0.415016
0.4 0.419921
0.41 0.426093
0.42 0.43219
0.43 0.43723
0.44 0.441739
0.45 0.446903
0.46 0.452608
0.47 0.457669
0.48 0.462096
0.49 0.467042
0.5 0.472325
0.51 0.47686
0.52 0.481186
0.53 0.486128
0.54 0.490736
0.55 0.494756
0.56 0.499281
0.57 0.503754
0.58 0.507549
0.59 0.511745
0.6 0.515953
0.61 0.519499
0.62 0.523456
0.63 0.52731
0.64 0.530599
0.65 0.534368
0.66 0.537773
0.67 0.540877
0.68 0.544414
0.69 0.547322
0.7 0.550372
0.71 0.553483
0.72 0.556029
0.73 0.55903
0.74 0.56152
0.75 0.564028
0.76 0.566639
0.77 0.568707
0.78 0.571216
0.79 0.573137
0.8 0.575274
0.81 0.577227
0.82 0.578928
0.83 0.580876
0.84 0.582249
0.85 0.584048
0.86 0.585241
0.87 0.586767
0.88 0.587871
0.89 0.58907
0.9 0.590106
0.91 0.590983
0.92 0.59193
0.93 0.592519
0.94 0.59334
0.95 0.593678
0.96 0.594341
0.97 0.594454
0.98 0.594938
0.99 0.594843
