-1 0.699846
-0.99 0.699786
-0.98 0.699437
-0.97 0.698952
-0.96 0.698212
-0.95 0.697286
-0.94 0.696176
-0.93 0.694793
-0.92 0.693333
-0.91 0.691485
-0.9 0.68969
-0.89 0.687377
-0.88 0.685249
-0.87 0.682493
-0.86 0.680012
-0.85 0.676866
-0.84 0.67398
-0.83 0.670525
-0.82 0.667165
-0.81 0.663487
-0.8 0.659605
-0.79 0.655747
-0.78 0.651367
-0.77 0.647274
-0.76 0.642533
-0.75 0.638052
-0.74 0.633147
-0.73 0.628133
-0.72 0.623168
-0.71 0.617658
-0.7 0.6125
-0.69 0.606767
-0.68 0.601134
-0.67 0.595435
-0.66 0.589265
-0.65 0.583476
-0.64 0.577128
-0.63 0.570849
-0.62 0.564645
-0.61 0.557878
-0.6 0.551514
-0.59 0.544811
-0.58 0.537854
-0.57 0.531303
-0.56 0.52419
-0.55 0.517136
-0.54 0.510349
-0.53 0.502951
-0.52 0.495805
-0.51 0.48882
-0.5 0.48123
-0.49 0.473969
-0.48 0.466871
-0.47 0.459161
-0.46 0.451745
-0.45 0.444631
-0.44 0.436902
-0.43 0.429267
-0.42 0.422172
-0.41 0.414616
-0.4 0.406743
-0.39 0.39951
-0.38 0.392352
-0.37 0.384516
-0.36 0.376813
-0.35 0.369843
-0.34 0.362712
-0.33 0.354849
-0.32 0.347143
-0.31 0.340329
-0.3 0.333711
-0.29 0.326267
-0.28 0.318177
-0.27 0.310668
-0.26 0.30476
-0.25 0.300548
-0.24 0.297471
-0.23 0.29491
-0.22 0.292509
-0.21 0.290157
-0.2 0.287858
-0.19 0.285632
-0.18 0.283494
-0.17 0.28145
-0.16 0.279503
-0.15 0.277657
-0.14 0.275913
-0.13 0.274276
-0.12 0.272748
-0.11 0.271332
-0.1 0.270031
-0.09 0.268846
-0.08 0.267781
-0.07 0.266836
-0.06 0.266014
-0.05 0.265316
-0.04 0.264743
-0.03 0.264297
-0.02 0.263977
-0.01 0.263785
0 0.263721
0.01 0.263785
0.02 0.263977
0.03 0.264297
0.04 0.264743
0.05 0.265316
0.06 0.266014
0.07 0.266836
0.08 0.267781
0.09 0.268846
0.1 0.270031
0.11 0.271332
0.12 0.272748
0.13 0.274276
0.14 0.275913
0.15 0.277657
0.16 0.279503
0.17 0.28145
0.18 0.283494
0.19 0.285632
0.2 0.287858
0.21 0.290157
0.22 0.292509
0.23 0.29491
0.24 0.297471
0.25 0.300548
0.26 0.30476
0.27 0.310668
0.28 0.318177
0.29 0.326267
0.3 0.333711
0.31 0.340329
0.32 0.347143
0.33 0.354849
0.34 0.362712
0.35 0.369843
0.36 0.376813
0.37 0.384516
0.38 0.392352
0.39 0.39951
0.4 0.406743
0.41 0.414616
0.42 0.422172
0.43 0.429267
0.44 0.436902
0.45 0.444631
0.46 0.451745
0.47 0.459161
0.48 0.466871
0.49 0.473969
0.5 0.48123
0.51 0.48882
0.52 0.495805
0.53 0.502951
0.54 0.510349
0.55 0.517136
0.56 0.52419
0.57 0.531303
0.58 0.537854
0.59 0.544811
0.6 0.551514
0.61 0.557878
0.62 0.564645
0.63 0.570849
0.64 0.577128
0.65 0.583476
0.66 0.589265
0.67 0.595435
0.68 0.601134
0.69 0.606767
0.7 0.6125
0.71 0.617658
0.72 0.623168
0.73 0.628133
0.74 0.633147
0.75 0.638052
0.76 0.642533
0.77 0.647274
0.78 0.651367
0.79 0.655747
0.8 0.659605
0.81 0.663487
0.82 0.667165
0.83 0.670525
0.84 0.67398
0.85 0.676866
0.86 0.680012
0.87 0.682493
0.88 0.685249
0.89 0.687377
0.9 0.68969
0.91 0.691485
0.92 0.693333
0.93 0.694793
0.94 0.696176
0.95 0.697286
0.96 0.698212
0.97 0.698952
0.98 0.699437
0.99 0.699786
