0 2.56729e-16
0.01 0.0577818
0.02 0.115336
0.03 0.172434
0.04 0.228852
0.05 0.284367
0.06 0.33876
0.07 0.391816
0.08 0.443325
0.09 0.493085
0.1 0.540899
0.11 0.586578
0.12 0.629942
0.13 0.67082
0.14 0.709051
0.15 0.744483
0.16 0.776977
0.17 0.806405
0.18 0.832651
0.19 0.85561
0.2 0.875193
0.21 0.891321
0.22 0.903932
0.23 0.912976
0.24 0.918416
0.25 0.920232
0.26 0.918416
0.27 0.912976
0.28 0.903932
0.29 0.891321
0.3 0.875193
0.31 0.85561
0.32 0.832651
0.33 0.806405
0.34 0.776977
0.35 0.744483
0.36 0.709051
0.37 0.67082
0.38 0.629942
0.39 0.586578
0.4 0.540899
0.41 0.493085
0.42 0.443325
0.43 0.391816
0.44 0.33876
0.45 0.284367
0.46 0.228852
0.47 0.172434
0.48 0.115336
0.49 0.0577818
0.5 4.76634e-17
0.51 -0.0577818
0.52 -0.115336
0.53 -0.172434
0.54 -0.228852
0.55 -0.284367
0.56 -0.33876
0.57 -0.391816
0.58 -0.443325
0.59 -0.493085
0.6 -0.540899
0.61 -0.586578
0.62 -0.629942
0.63 -0.67082
0.64 -0.709051
0.65 -0.744483
0.66 -0.776977
0.67 -0.806405
0.68 -0.832651
0.69 -0.85561
0.7 -0.875193
0.71 -0.891321
0.72 -0.903932
0.73 -0.912976
0.74 -0.918416
0.75 -0.920232
0.76 -0.918416
0.77 -0.912976
0.78 -0.903932
0.79 -0.891321
0.8 -0.875193
0.81 -0.85561
0.82 -0.832651
0.83 -0.806405
0.84 -0.776977
0.85 -0.744483
0.86 -0.709051
0.87 -0.67082
0.88 -0.629942
0.89 -0.586578
0.9 -0.540899
0.91 -0.493085
0.92 -0.443325
0.93 -0.391816
0.94 -0.33876
0.95 -0.284367
0.96 -0.228852
0.97 -0.172434
0.98 -0.115336
0.99 -0.0577818
