-1 0.561611
-0.99 0.561613
-0.98 0.561483
-0.97 0.561332
-0.96 0.5611
-0.95 0.56077
-0.94 0.56046
-0.93 0.559926
-0.92 0.559557
-0.91 0.558803
-0.9 0.558377
-0.89 0.557411
-0.88 0.556896
-0.87 0.555771
-0.86 0.555086
-0.85 0.553896
-0.84 0.552927
-0.83 0.551777
-0.82 0.550442
-0.81 0.549354
-0.8 0.547702
-0.79 0.546527
-0.78 0.544782
-0.77 0.543251
-0.76 0.541641
-0.75 0.539639
-0.74 0.538082
-0.73 0.53589
-0.72 0.533962
-0.71 0.531975
-0.7 0.5295
-0.69 0.527525
-0.68 0.525018
-0.67 0.522452
-0.66 0.520226
-0.65 0.517306
-0.64 0.514639
-0.63 0.512092
-0.62 0.508849
-0.61 0.505991
-0.6 0.503166
-0.59 0.49963
-0.58 0.496475
-0.57 0.493465
-0.56 0.48968
-0.55 0.486075
-0.54 0.482929
-0.53 0.479089
-0.52 0.474889
-0.51 0.471363
-0.5 0.467808
-0.49 0.463341
-0.48 0.458811
-0.47 0.455105
-0.46 0.451452
-0.45 0.446756
-0.44 0.441383
-0.43 0.436751
-0.42 0.433794
-0.41 0.432355
-0.4 0.431729
-0.39 0.431321
-0.38 0.430867
-0.37 0.430322
-0.36 0.429706
-0.35 0.429038
-0.34 0.428328
-0.33 0.427579
-0.32 0.426796
-0.31 0.425982
-0.3 0.425142
-0.29 0.424279
-0.28 0.423399
-0.27 0.422505
-0.26 0.421602
-0.25 0.420693
-0.24 0.419782
-0.23 0.418875
-0.22 0.417974
-0.21 0.417083
-0.2 0.416207
-0.19 0.415348
-0.18 0.414511
-0.17 0.413698
-0.16 0.412913
-0.15 0.41216
-0.14 0.41144
-0.13 0.410757
-0.12 0.410114
-0.11 0.409513
-0.1 0.408956
-0.09 0.408445
-0.08 0.407983
-0.07 0.407571
-0.06 0.407211
-0.05 0.406904
-0.04 0.406651
-0.03 0.406454
-0.02 0.406312
-0.01 0.406227
0 0.406198
0.01 0.406227
0.02 0.406312
0.03 0.406454
0.04 0.406651
0.05 0.406904
0.06 0.407211
0.07 0.407571
0.08 0.407983
0.09 0.408445
0.1 0.408956
0.11 0.409513
0.12 0.410114
0.13 0.410757
0.14 0.41144
0.15 0.41216
0.16 0.412913
0.17 0.413698
0.18 0.414511
0.19 0.415348
0.2 0.416207
0.21 0.417083
0.22 0.417974
0.23 0.418875
0.24 0.419782
0.25 0.420693
0.26 0.421602
0.27 0.422505
0.28 0.423399
0.29 0.424279
0.3 0.425142
0.31 0.425982
0.32 0.426796
0.33 0.427579
0.34 0.428328
0.35 0.429038
0.36 0.429706
0.37 0.430322
0.38 0.430867
0.39 0.431321
0.4 0.431729
0.41 0.432355
0.42 0.433794
0.43 0.436751
0.44 0.441383
0.45 0.446756
0.46 0.451452
0.47 0.455105
0.48 0.458811
0.49 0.463341
0.5 0.467808
0.51 0.471363
0.52 0.474889
0.53 0.479089
0.54 0.482929
0.55 0.486075
0.56 0.48968
0.57 0.493465
0.58 0.496475
0.59 0.49963
0.6 0.503166
0.61 0.505991
0.62 0.508849
0.63 0.512092
0.64 0.514639
0.65 0.517306
0.66 0.520226
0.67 0.522452
0.68 0.525018
0.69 0.527525
0.7 0.5295
0.71 0.531975
0.72 0.533962
0.73 0.53589
0.74 0.538082
0.75 0.539639
0.76 0.541641
0.77 0.543251
0.78 0.544782
0.79 0.546527
0.8 0.547702
0.81 0.549354
0.82 0.550442
0.83 0.551777
0.84 0.552927
0.85 0.553896
0.86 0.555086
0.87 0.555771
0.88 0.556896
0.89 0.557411
0.9 0.558377
0.91 0.558803
0.92 0.559557
0.93 0.559926
0.94 0.56046
0.95 0.56077
0.96 0.5611
0.97 0.561332
0.98 0.561483
0.99 0.561613
