-1 0.725625
-0.99 0.725337
-0.98 0.725153
-0.97 0.724404
-0.96 0.723736
-0.95 0.722541
-0.94 0.721378
-0.93 0.719757
-0.92 0.718087
-0.91 0.716066
-0.9 0.713873
-0.89 0.71148
-0.88 0.708756
-0.87 0.70601
-0.86 0.702762
-0.85 0.699664
-0.84 0.69593
-0.83 0.692448
-0.82 0.688303
-0.81 0.684371
-0.8 0.67992
-0.79 0.675463
-0.78 0.670797
-0.77 0.665787
-0.76 0.660918
-0.75 0.655437
-0.74 0.650258
-0.73 0.644498
-0.72 0.638836
-0.71 0.632982
-0.7 0.626769
-0.69 0.620811
-0.68 0.614229
-0.67 0.607925
-0.66 0.601291
-0.65 0.594436
-0.64 0.587829
-0.63 0.580614
-0.62 0.573699
-0.61 0.566554
-0.6 0.559089
-0.59 0.552005
-0.58 0.544369
-0.57 0.536846
-0.56 0.529462
-0.55 0.521518
-0.54 0.513961
-0.53 0.506268
-0.52 0.498166
-0.51 0.490551
-0.5 0.482629
-0.49 0.474439
-0.48 0.466767
-0.47 0.458727
-0.46 0.450468
-0.45 0.442759
-0.44 0.434727
-0.43 0.426398
-0.42 0.418658
-0.41 0.410774
-0.4 0.402414
-0.39 0.394569
-0.38 0.386955
-0.37 0.37874
-0.36 0.370656
-0.35 0.363232
-0.34 0.355529
-0.33 0.347311
-0.32 0.339596
-0.31 0.332482
-0.3 0.32493
-0.29 0.316826
-0.28 0.309218
-0.27 0.30247
-0.26 0.295643
-0.25 0.287938
-0.24 0.279855
-0.23 0.272661
-0.22 0.26718
-0.21 0.263325
-0.2 0.260494
-0.19 0.258115
-0.18 0.255888
-0.17 0.253732
-0.16 0.251656
-0.15 0.24968
-0.14 0.247816
-0.13 0.246069
-0.12 0.24444
-0.11 0.242931
-0.1 0.241546
-0.09 0.240286
-0.08 0.239153
-0.07 0.238149
-0.06 0.237276
-0.05 0.236535
-0.04 0.235927
-0.03 0.235453
-0.02 0.235114
-0.01 0.234911
0 0.234843
0.01 0.234911
0.02 0.235114
0.03 0.235453
0.04 0.235927
0.05 0.236535
0.06 0.237276
0.07 0.238149
0.08 0.239153
0.09 0.240286
0.1 0.241546
0.11 0.242931
0.12 0.24444
0.13 0.246069
0.14 0.247816
0.15 0.24968
0.16 0.251656
0.17 0.253732
0.18 0.255888
0.19 0.258115
0.2 0.260494
0.21 0.263325
0.22 0.26718
0.23 0.272661
0.24 0.279855
0.25 0.287938
0.26 0.295643
0.27 0.30247
0.28 0.309218
0.29 0.316826
0.3 0.32493
0.31 0.332482
0.32 0.339596
0.33 0.347311
0.34 0.355529
0.35 0.363232
0.36 0.370656
0.37 0.37874
0.38 0.386955
0.39 0.394569
0.4 0.402414
0.41 0.410774
0.42 0.418658
0.43 0.426398
0.44 0.434727
0.45 0.442759
0.46 0.450468
0.47 0.458727
0.48 0.466767
0.49 0.474439
0.5 0.482629
0.51 0.490551
0.52 0.498166
0.53 0.506268
0.54 0.513961
0.55 0.521518
0.56 0.529462
0.57 0.536846
0.58 0.544369
0.59 0.552005
0.6 0.559089
0.61 0.566554
0.62 0.573699
0.63 0.580614
0.64 0.587829
0.65 0.594436
0.66 0.601291
0.67 0.607925
0.68 0.614229
0.69 0.620811
0.7 0.626769
0.71 0.632982
0.72 0.638836
0.73 0.644498
0.74 0.650258
0.75 0.655437
0.76 0.660918
0.77 0.665787
0.78 0.670797
0.79 0.675463
0.8 0.67992
0.81 0.684371
0.82 0.688303
0.83 0.692448
0.84 0.69593
0.85 0.699664
0.86 0.702762
0.87 0.70601
0.88 0.708756
0.89 0.71148
0.9 0.713873
0.91 0.716066
0.92 0.718087
0.93 0.719757
0.94 0.721378
0.95 0.722541
0.96 0.723736
0.97 0.724404
0.98 0.725153
0.99 0.725337
