-1 0.797732
-0.99 0.797558
-0.98 0.797097
-0.97 0.796277
-0.96 0.795196
-0.95 0.793723
-0.94 0.792037
-0.93 0.789908
-0.92 0.787634
-0.91 0.78485
-0.9 0.782007
-0.89 0.778578
-0.88 0.775178
-0.87 0.771125
-0.86 0.767174
-0.85 0.762533
-0.84 0.758024
-0.83 0.752851
-0.82 0.747766
-0.81 0.742127
-0.8 0.736444
-0.79 0.730408
-0.78 0.724118
-0.77 0.717732
-0.76 0.710867
-0.75 0.704129
-0.74 0.696776
-0.73 0.689633
-0.72 0.68193
-0.71 0.6743
-0.7 0.66638
-0.69 0.658226
-0.68 0.650143
-0.67 0.641544
-0.66 0.633221
-0.65 0.624374
-0.64 0.615661
-0.63 0.606766
-0.62 0.597603
-0.61 0.58868
-0.6 0.579237
-0.59 0.570093
-0.58 0.560666
-0.57 0.551129
-0.56 0.541822
-0.55 0.532039
-0.54 0.522612
-0.53 0.512958
-0.52 0.50318
-0.51 0.493742
-0.5 0.483852
-0.49 0.47427
-0.48 0.464692
-0.47 0.454817
-0.46 0.445419
-0.45 0.435726
-0.44 0.426055
-0.43 0.41678
-0.42 0.407096
-0.41 0.397709
-0.4 0.388546
-0.39 0.379001
-0.38 0.369916
-0.37 0.360911
-0.36 0.351594
-0.35 0.342814
-0.34 0.334046
-0.33 0.325004
-0.32 0.316534
-0.31 0.308089
-0.3 0.299352
-0.29 0.291185
-0.28 0.283152
-0.27 0.274758
-0.26 0.266857
-0.25 0.259302
-0.24 0.251341
-0.23 0.243639
-0.22 0.236547
-0.21 0.229188
-0.2 0.221681
-0.19 0.214861
-0.18 0.208251
-0.17 0.201187
-0.16 0.194365
-0.15 0.188282
-0.14 0.182134
-0.13 0.175524
-0.12 0.169293
-0.11 0.163851
-0.1 0.158377
-0.09 0.152324
-0.08 0.146386
-0.07 0.141356
-0.06 0.136868
-0.05 0.131922
-0.04 0.126232
-0.03 0.120611
-0.02 0.116173
-0.01 0.113513
0 0.112653
0.01 0.113513
0.02 0.116173
0.03 0.120611
0.04 0.126232
0.05 0.131922
0.06 0.136868
0.07 0.141356
0.08 0.146386
0.09 0.152324
0.1 0.158377
0.11 0.163851
0.12 0.169293
0.13 0.175524
0.14 0.182134
0.15 0.188282
0.16 0.194365
0.17 0.201187
0.18 0.208251
0.19 0.214861
0.2 0.221681
0.21 0.229188
0.22 0.236547
0.23 0.243639
0.24 0.251341
0.25 0.259302
0.26 0.266857
0.27 0.274758
0.28 0.283152
0.29 0.291185
0.3 0.299352
0.31 0.308089
0.32 0.316534
0.33 0.325004
0.34 0.334046
0.35 0.342814
0.36 0.351594
0.37 0.360911
0.38 0.369916
0.39 0.379001
0.4 0.388546
0.41 0.397709
0.42 0.407096
0.43 0.41678
0.44 0.426055
0.45 0.435726
0.46 0.445419
0.47 0.454817
0.48 0.464692
0.49 0.47427
0.5 0.483852
0.51 0.493742
0.52 0.50318
0.53 0.512958
0.54 0.522612
0.55 0.532039
0.56 0.541822
0.57 0.551129
0.58 0.560666
0.59 0.570093
0.6 0.579237
0.61 0.58868
0.62 0.597603
0.63 0.606766
0.64 0.615661
0.65 0.624374
0.66 0.633221
0.67 0.641544
0.68 0.650143
0.69 0.658226
0.7 0.66638
0.71 0.6743
0.72 0.68193
0.73 0.689633
0.74 0.696776
0.75 0.704129
0.76 0.710867
0.77 0.717732
0.78 0.724118
0.79 0.730408
0.8 0.736444
0.81 0.742127
0.82 0.747766
0.83 0.752851
0.84 0.758024
0.85 0.762533
0.86 0.767174
0.87 0.771125
0.88 0.775178
0.89 0.778578
0.9 0.782007
0.91 0.78485
0.92 0.787634
0.93 0.789908
0.94 0.792037
0.95 0.793723
0.96 0.795196
0.97 0.796277
0.98 0.797097
0.99 0.797558
