-1 0.621951
-0.99 0.621746
-0.98 0.621697
-0.97 0.621257
-0.96 0.620934
-0.95 0.620279
-0.94 0.619662
-0.93 0.618815
-0.92 0.617881
-0.91 0.616867
-0.9 0.615594
-0.89 0.61443
-0.88 0.612814
-0.87 0.61149
-0.86 0.609564
-0.85 0.608027
-0.84 0.605872
-0.83 0.604023
-0.82 0.601754
-0.81 0.599487
-0.8 0.597185
-0.79 0.594476
-0.78 0.592098
-0.77 0.58908
-0.76 0.586423
-0.75 0.583344
-0.74 0.580191
-0.73 0.577175
-0.72 0.573575
-0.71 0.570397
-0.7 0.566717
-0.69 0.563009
-0.68 0.559474
-0.67 0.555309
-0.66 0.551547
-0.65 0.547471
-0.64 0.543071
-0.63 0.539105
-0.62 0.534539
-0.61 0.52999
-0.6 0.525724
-0.59 0.520777
-0.58 0.516052
-0.57 0.511493
-0.56 0.506244
-0.55 0.501277
-0.54 0.496498
-0.53 0.491007
-0.52 0.485709
-0.51 0.480783
-0.5 0.475173
-0.49 0.469437
-0.48 0.464315
-0.47 0.458837
-0.46 0.452709
-0.45 0.447042
-0.44 0.441815
-0.43 0.435902
-0.42 0.429446
-0.41 0.423607
-0.4 0.418387
-0.39 0.412608
-0.38 0.405817
-0.37 0.399012
-0.36 0.393499
-0.35 0.389719
-0.34 0.387221
-0.33 0.385315
-0.32 0.383548
-0.31 0.381757
-0.3 0.379931
-0.29 0.378096
-0.28 0.376267
-0.27 0.374453
-0.26 0.372658
-0.25 0.370886
-0.24 0.369142
-0.23 0.36743
-0.22 0.365755
-0.21 0.364121
-0.2 0.362533
-0.19 0.360994
-0.18 0.359509
-0.17 0.358081
-0.16 0.356714
-0.15 0.355411
-0.14 0.354177
-0.13 0.353013
-0.12 0.351924
-0.11 0.350911
-0.1 0.349977
-0.09 0.349125
-0.08 0.348357
-0.07 0.347674
-0.06 0.347079
-0.05 0.346573
-0.04 0.346158
-0.03 0.345833
-0.02 0.345601
-0.01 0.345461
0 0.345415
0.01 0.345461
0.02 0.345601
0.03 0.345833
0.04 0.346158
0.05 0.346573
0.06 0.347079
0.07 0.347674
0.08 0.348357
0.09 0.349125
0.1 0.349977
0.11 0.350911
0.12 0.351924
0.13 0.353013
0.14 0.354177
0.15 0.355411
0.16 0.356714
0.17 0.358081
0.18 0.359509
0.19 0.360994
0.2 0.362533
0.21 0.364121
0.22 0.365755
0.23 0.36743
0.24 0.369142
0.25 0.370886
0.26 0.372658
0.27 0.374453
0.28 0.376267
0.29 0.378096
0.3 0.379931
0.31 0.381757
0.32 0.383548
0.33 0.385315
0.34 0.387221
0.35 0.389719
0.36 0.393499
0.37 0.399012
0.38 0.405817
0.39 0.412608
0.4 0.418387
0.41 0.423607
0.42 0.429446
0.43 0.435902
0.44 0.441815
0.45 0.447042
0.46 0.452709
0.47 0.458837
0.48 0.464315
0.49 0.469437
0.5 0.475173
0.51 0.480783
0.52 0.485709
0.53 0.491007
0.54 0.496498
0.55 0.501277
0.56 0.506244
0.57 0.511493
0.58 0.516052
0.59 0.520777
0.6 0.525724
0.61 0.52999
0.62 0.534539
0.63 0.539105
0.64 0.543071
0.65 0.547471
0.66 0.551547
0.67 0.555309
0.68 0.559474
0.69 0.563009
0.7 0.566717
0.71 0.570397
0.72 0.573575
0.73 0.577175
0.74 0.580191
0.75 0.583344
0.76 0.586423
0.77 0.58908
0.78 0.592098
0.79 0.594476
0.8 0.597185
0.81 0.599487
0.82 0.601754
0.83 0.604023
0.84 0.605872
0.85 0.608027
0.86 0.609564
0.87 0.61149
0.88 0.612814
0.89 0.61443
0.9 0.615594
0.91 0.616867
0.92 0.617881
0.93 0.618815
0.94 0.619662
0.95 0.620279
0.96 0.620934
0.97 0.621257
0.98 0.621697
0.99 0.621746
