-1 0.797555
-0.99 0.797514
-0.98 0.79692
-0.97 0.796236
-0.96 0.795018
-0.95 0.793684
-0.94 0.79186
-0.93 0.78987
-0.92 0.78746
-0.91 0.784812
-0.9 0.78184
-0.89 0.778534
-0.88 0.775026
-0.87 0.771068
-0.86 0.767045
-0.85 0.762456
-0.84 0.757927
-0.83 0.752746
-0.82 0.747706
-0.81 0.741994
-0.8 0.736417
-0.79 0.730258
-0.78 0.724109
-0.77 0.717586
-0.76 0.710848
-0.75 0.704017
-0.74 0.696721
-0.73 0.689578
-0.72 0.681827
-0.71 0.674298
-0.7 0.66625
-0.69 0.658241
-0.68 0.650034
-0.67 0.641522
-0.66 0.63318
-0.65 0.62429
-0.64 0.615686
-0.63 0.606653
-0.62 0.59763
-0.61 0.588617
-0.6 0.579197
-0.59 0.570118
-0.58 0.560569
-0.57 0.55118
-0.56 0.541766
-0.55 0.532016
-0.54 0.522657
-0.53 0.512871
-0.52 0.50324
-0.51 0.49372
-0.5 0.483814
-0.49 0.474349
-0.48 0.464623
-0.47 0.454852
-0.46 0.445466
-0.45 0.435658
-0.44 0.426142
-0.43 0.416784
-0.42 0.407059
-0.41 0.397817
-0.4 0.388519
-0.39 0.378999
-0.38 0.370029
-0.37 0.36087
-0.36 0.351616
-0.35 0.342929
-0.34 0.334
-0.33 0.325035
-0.32 0.316658
-0.31 0.308049
-0.3 0.299374
-0.29 0.291324
-0.28 0.28313
-0.27 0.27475
-0.26 0.267006
-0.25 0.259326
-0.24 0.25129
-0.23 0.243767
-0.22 0.236648
-0.21 0.229121
-0.2 0.221723
-0.19 0.215032
-0.18 0.208262
-0.17 0.201115
-0.16 0.194482
-0.15 0.188448
-0.14 0.182098
-0.13 0.175449
-0.12 0.169429
-0.11 0.164047
-0.1 0.158361
-0.09 0.152188
-0.08 0.146435
-0.07 0.141616
-0.06 0.137046
-0.05 0.131813
-0.04 0.125993
-0.03 0.120601
-0.02 0.116633
-0.01 0.114405
0 0.113716
0.01 0.114405
0.02 0.116633
0.03 0.120601
0.04 0.125993
0.05 0.131813
0.06 0.137046
0.07 0.141616
0.08 0.146435
0.09 0.152188
0.1 0.158361
0.11 0.164047
0.12 0.169429
0.13 0.175449
0.14 0.182098
0.15 0.188448
0.16 0.194482
0.17 0.201115
0.18 0.208262
0.19 0.215032
0.2 0.221723
0.21 0.229121
0.22 0.236648
0.23 0.243767
0.24 0.25129
0.25 0.259326
0.26 0.267006
0.27 0.27475
0.28 0.28313
0.29 0.291324
0.3 0.299374
0.31 0.308049
0.32 0.316658
0.33 0.325035
0.34 0.334
0.35 0.342929
0.36 0.351616
0.37 0.36087
0.38 0.370029
0.39 0.378999
0.4 0.388519
0.41 0.397817
0.42 0.407059
0.43 0.416784
0.44 0.426142
0.45 0.435658
0.46 0.445466
0.47 0.454852
0.48 0.464623
0.49 0.474349
0.5 0.483814
0.51 0.49372
0.52 0.50324
0.53 0.512871
0.54 0.522657
0.55 0.532016
0.56 0.541766
0.57 0.55118
0.58 0.560569
0.59 0.570118
0.6 0.579197
0.61 0.588617
0.62 0.59763
0.63 0.606653
0.64 0.615686
0.65 0.62429
0.66 0.63318
0.67 0.641522
0.68 0.650034
0.69 0.658241
0.7 0.66625
0.71 0.674298
0.72 0.681827
0.73 0.689578
0.74 0.696721
0.75 0.704017
0.76 0.710848
0.77 0.717586
0.78 0.724109
0.79 0.730258
0.8 0.736417
0.81 0.741994
0.82 0.747706
0.83 0.752746
0.84 0.757927
0.85 0.762456
0.86 0.767045
0.87 0.771068
0.88 0.775026
0.89 0.778534
0.9 0.78184
0.91 0.784812
0.92 0.78746
0.93 0.78987
0.94 0.79186
0.95 0.793684
0.96 0.795018
0.97 0.796236
0.98 0.79692
0.99 0.797514
