-1 0.274778
-0.99 0.274956
-0.98 0.275007
-0.97 0.27549
-0.96 0.275698
-0.95 0.276543
-0.94 0.27687
-0.93 0.278064
-0.92 0.278579
-0.91 0.279955
-0.9 0.280902
-0.89 0.282153
-0.88 0.283776
-0.87 0.284833
-0.86 0.286843
-0.85 0.288339
-0.84 0.289934
-0.83 0.292306
-0.82 0.293874
-0.81 0.295854
-0.8 0.298565
-0.79 0.300395
-0.78 0.302325
-0.77 0.305403
-0.76 0.308091
-0.75 0.309681
-0.74 0.311865
-0.73 0.316135
-0.72 0.322249
-0.71 0.329206
-0.7 0.33635
-0.69 0.343498
-0.68 0.350654
-0.67 0.357836
-0.66 0.365045
-0.65 0.372279
-0.64 0.379533
-0.63 0.386801
-0.62 0.394082
-0.61 0.401369
-0.6 0.40866
-0.59 0.415949
-0.58 0.423233
-0.57 0.430507
-0.56 0.437766
-0.55 0.445007
-0.54 0.452224
-0.53 0.459413
-0.52 0.46657
-0.51 0.47369
-0.5 0.480768
-0.49 0.4878
-0.48 0.49478
-0.47 0.501705
-0.46 0.50857
-0.45 0.515371
-0.44 0.522101
-0.43 0.528758
-0.42 0.535336
-0.41 0.541831
-0.4 0.548238
-0.39 0.554554
-0.38 0.560772
-0.37 0.56689
-0.36 0.572903
-0.35 0.578806
-0.34 0.584595
-0.33 0.590266
-0.32 0.595816
-0.31 0.601239
-0.3 0.606533
-0.29 0.611692
-0.28 0.616715
-0.27 0.621596
-0.26 0.626332
-0.25 0.63092
-0.24 0.635357
-0.23 0.639638
-0.22 0.643762
-0.21 0.647725
-0.2 0.651523
-0.19 0.655155
-0.18 0.658617
-0.17 0.661907
-0.16 0.665022
-0.15 0.66796
-0.14 0.67072
-0.13 0.673298
-0.12 0.675693
-0.11 0.677903
-0.1 0.679926
-0.09 0.681762
-0.08 0.683408
-0.07 0.684863
-0.06 0.686126
-0.05 0.687197
-0.04 0.688074
-0.03 0.688757
-0.02 0.689245
-0.01 0.689538
0 0.689636
0.01 0.689538
0.02 0.689245
0.03 0.688757
0.04 0.688074
0.05 0.687197
0.06 0.686126
0.07 0.684863
0.08 0.683408
0.09 0.681762
0.1 0.679926
0.11 0.677903
0.12 0.675693
0.13 0.673298
0.14 0.67072
0.15 0.66796
0.16 0.665022
0.17 0.661907
0.18 0.658617
0.19 0.655155
0.2 0.651523
0.21 0.647725
0.22 0.643762
0.23 0.639638
0.24 0.635357
0.25 0.63092
0.26 0.626332
0.27 0.621596
0.28 0.616715
0.29 0.611692
0.3 0.606533
0.31 0.601239
0.32 0.595816
0.33 0.590266
0.34 0.584595
0.35 0.578806
0.36 0.572903
0.37 0.56689
0.38 0.560772
0.39 0.554554
0.4 0.548238
0.41 0.541831
0.42 0.535336
0.43 0.528758
0.44 0.522101
0.45 0.515371
0.46 0.50857
0.47 0.501705
0.48 0.49478
0.49 0.4878
0.5 0.480768
0.51 0.47369
0.52 0.46657
0.53 0.459413
0.54 0.452224
0.55 0.445007
0.56 0.437766
0.57 0.430507
0.58 0.423233
0.59 0.415949
0.6 0.40866
0.61 0.401369
0.62 0.394082
0.63 0.386801
0.64 0.379533
0.65 0.372279
0.66 0.365045
0.67 0.357836
0.68 0.350654
0.69 0.343498
0.7 0.33635
0.71 0.329206
0.72 0.322249
0.73 0.316135
0.74 0.311865
0.75 0.309681
0.76 0.308091
0.77 0.305403
0.78 0.302325
0.79 0.300395
0.8 0.298565
0.81 0.295854
0.82 0.293874
0.83 0.292306
0.84 0.289934
0.85 0.288339
0.86 0.286843
0.87 0.284833
0.88 0.283776
0.89 0.282153
0.9 0.280902
0.91 0.279955
0.92 0.278579
0.93 0.278064
0.94 0.27687
0.95 0.276543
0.96 0.275698
0.97 0.27549
0.98 0.275007
0.99 0.274956
