-1 0.777513
-0.99 0.777166
-0.98 0.776925
-0.97 0.775985
-0.96 0.775162
-0.95 0.773631
-0.94 0.772232
-0.93 0.770116
-0.92 0.768144
-0.91 0.76546
-0.9 0.762912
-0.89 0.759688
-0.88 0.756555
-0.87 0.752832
-0.86 0.749097
-0.85 0.744923
-0.84 0.740572
-0.83 0.735992
-0.82 0.731028
-0.81 0.726065
-0.8 0.720525
-0.79 0.715161
-0.78 0.709132
-0.77 0.703306
-0.76 0.696914
-0.75 0.690547
-0.74 0.683908
-0.73 0.67697
-0.72 0.67012
-0.71 0.662693
-0.7 0.655542
-0.69 0.647826
-0.68 0.640214
-0.67 0.632403
-0.66 0.624271
-0.65 0.616374
-0.64 0.607898
-0.63 0.599702
-0.62 0.591192
-0.61 0.582512
-0.6 0.574062
-0.59 0.565068
-0.58 0.5564
-0.57 0.547494
-0.56 0.538372
-0.55 0.529605
-0.54 0.520329
-0.53 0.51128
-0.52 0.502287
-0.51 0.492869
-0.5 0.483907
-0.49 0.474697
-0.48 0.465318
-0.47 0.456407
-0.46 0.447084
-0.45 0.437831
-0.44 0.428975
-0.43 0.419654
-0.42 0.410554
-0.41 0.401803
-0.4 0.392583
-0.39 0.383636
-0.38 0.375067
-0.37 0.366034
-0.36 0.357223
-0.35 0.348902
-0.34 0.340164
-0.33 0.331464
-0.32 0.3234
-0.31 0.315109
-0.3 0.306543
-0.29 0.298619
-0.28 0.290909
-0.27 0.282693
-0.26 0.274706
-0.25 0.267434
-0.24 0.259999
-0.23 0.252101
-0.22 0.244678
-0.21 0.237979
-0.2 0.231059
-0.19 0.223573
-0.18 0.21642
-0.17 0.210213
-0.16 0.204279
-0.15 0.197657
-0.14 0.190442
-0.13 0.183728
-0.12 0.178545
-0.11 0.175118
-0.1 0.172997
-0.09 0.171576
-0.08 0.170446
-0.07 0.169444
-0.06 0.168547
-0.05 0.167772
-0.04 0.167134
-0.03 0.166636
-0.02 0.166281
-0.01 0.166068
0 0.165997
0.01 0.166068
0.02 0.166281
0.03 0.166636
0.04 0.167134
0.05 0.167772
0.06 0.168547
0.07 0.169444
0.08 0.170446
0.09 0.171576
0.1 0.172997
0.11 0.175118
0.12 0.178545
0.13 0.183728
0.14 0.190442
0.15 0.197657
0.16 0.204279
0.17 0.210213
0.18 0.21642
0.19 0.223573
0.2 0.231059
0.21 0.237979
0.22 0.244678
0.23 0.252101
0.24 0.259999
0.25 0.267434
0.26 0.274706
0.27 0.282693
0.28 0.290909
0.29 0.298619
0.3 0.306543
0.31 0.315109
0.32 0.3234
0.33 0.331464
0.34 0.340164
0.35 0.348902
0.36 0.357223
0.37 0.366034
0.38 0.375067
0.39 0.383636
0.4 0.392583
0.41 0.401803
0.42 0.410554
0.43 0.419654
0.44 0.428975
0.45 0.437831
0.46 0.447084
0.47 0.456407
0.48 0.465318
0.49 0.474697
0.5 0.483907
0.51 0.492869
0.52 0.502287
0.53 0.51128
0.54 0.520329
0.55 0.529605
0.56 0.538372
0.57 0.547494
0.58 0.5564
0.59 0.565068
0.6 0.574062
0.61 0.582512
0.62 0.591192
0.63 0.599702
0.64 0.607898
0.65 0.616374
0.66 0.624271
0.67 0.632403
0.68 0.640214
0.69 0.647826
0.7 0.655542
0.71 0.662693
0.72 0.67012
0.73 0.67697
0.74 0.683908
0.75 0.690547
0.76 0.696914
0.77 0.703306
0.78 0.709132
0.79 0.715161
0.8 0.720525
0.81 0.726065
0.82 0.731028
0.83 0.735992
0.84 0.740572
0.85 0.744923
0.86 0.749097
0.87 0.752832
0.88 0.756555
0.89 0.759688
0.9 0.762912
0.91 0.76546
0.92 0.768144
0.93 0.770116
0.94 0.772232
0.95 0.773631
0.96 0.775162
0.97 0.775985
0.98 0.776925
0.99 0.777166
