-1 0.793459
-0.99 0.793214
-0.98 0.792828
-0.97 0.791966
-0.96 0.790941
-0.95 0.789476
-0.94 0.787804
-0.93 0.785756
-0.92 0.783433
-0.91 0.780823
-0.9 0.777848
-0.89 0.774701
-0.88 0.771078
-0.87 0.767413
-0.86 0.763161
-0.85 0.758985
-0.84 0.754142
-0.83 0.749448
-0.82 0.744073
-0.81 0.738834
-0.8 0.733008
-0.79 0.727188
-0.78 0.720994
-0.77 0.714574
-0.76 0.708065
-0.75 0.701075
-0.74 0.694243
-0.73 0.686788
-0.72 0.679555
-0.71 0.671795
-0.7 0.664064
-0.69 0.656138
-0.68 0.647883
-0.67 0.639808
-0.66 0.631163
-0.65 0.622801
-0.64 0.614011
-0.63 0.605199
-0.62 0.596419
-0.61 0.587194
-0.6 0.578316
-0.59 0.568969
-0.58 0.559735
-0.57 0.550521
-0.56 0.540912
-0.55 0.531703
-0.54 0.522087
-0.53 0.512543
-0.52 0.503186
-0.51 0.493381
-0.5 0.483989
-0.49 0.474418
-0.48 0.464672
-0.47 0.455376
-0.46 0.445679
-0.45 0.436131
-0.44 0.426887
-0.43 0.417207
-0.42 0.407901
-0.41 0.398734
-0.4 0.389187
-0.39 0.380133
-0.38 0.371114
-0.37 0.36177
-0.36 0.352975
-0.35 0.344196
-0.34 0.335097
-0.33 0.326561
-0.32 0.318119
-0.31 0.309306
-0.3 0.301003
-0.29 0.292985
-0.28 0.284537
-0.27 0.27641
-0.26 0.268836
-0.25 0.260916
-0.24 0.252933
-0.23 0.245659
-0.22 0.238458
-0.21 0.230808
-0.2 0.223539
-0.19 0.216949
-0.18 0.210132
-0.17 0.202928
-0.16 0.196273
-0.15 0.19032
-0.14 0.184131
-0.13 0.177412
-0.12 0.171045
-0.11 0.165624
-0.1 0.160505
-0.09 0.154741
-0.08 0.148369
-0.07 0.142422
-0.06 0.137938
-0.05 0.135206
-0.04 0.133831
-0.03 0.133215
-0.02 0.132928
-0.01 0.132781
0 0.132732
0.01 0.132781
0.02 0.132928
0.03 0.133215
0.04 0.133831
0.05 0.135206
0.06 0.137938
0.07 0.142422
0.08 0.148369
0.09 0.154741
0.1 0.160505
0.11 0.165624
0.12 0.171045
0.13 0.177412
0.14 0.184131
0.15 0.19032
0.16 0.196273
0.17 0.202928
0.18 0.210132
0.19 0.216949
0.2 0.223539
0.21 0.230808
0.22 0.238458
0.23 0.245659
0.24 0.252933
0.25 0.260916
0.26 0.268836
0.27 0.27641
0.28 0.284537
0.29 0.292985
0.3 0.301003
0.31 0.309306
0.32 0.318119
0.33 0.326561
0.34 0.335097
0.35 0.344196
0.36 0.352975
0.37 0.36177
0.38 0.371114
0.39 0.380133
0.4 0.389187
0.41 0.398734
0.42 0.407901
0.43 0.417207
0.44 0.426887
0.45 0.436131
0.46 0.445679
0.47 0.455376
0.48 0.464672
0.49 0.474418
0.5 0.483989
0.51 0.493381
0.52 0.503186
0.53 0.512543
0.54 0.522087
0.55 0.531703
0.56 0.540912
0.57 0.550521
0.58 0.559735
0.59 0.568969
0.6 0.578316
0.61 0.587194
0.62 0.596419
0.63 0.605199
0.64 0.614011
0.65 0.622801
0.66 0.631163
0.67 0.639808
0.68 0.647883
0.69 0.656138
0.7 0.664064
0.71 0.671795
0.72 0.679555
0.73 0.686788
0.74 0.694243
0.75 0.701075
0.76 0.708065
0.77 0.714574
0.78 0.720994
0.79 0.727188
0.8 0.733008
0.81 0.738834
0.82 0.744073
0.83 0.749448
0.84 0.754142
0.85 0.758985
0.86 0.763161
0.87 0.767413
0.88 0.771078
0.89 0.774701
0.9 0.777848
0.91 0.780823
0.92 0.783433
0.93 0.785756
0.94 0.787804
0.95 0.789476
0.96 0.790941
0.97 0.791966
0.98 0.792828
0.99 0.793214
