-1 0.758978
-0.99 0.758938
-0.98 0.758428
-0.97 0.757852
-0.96 0.756782
-0.95 0.755685
-0.94 0.754047
-0.93 0.752443
-0.92 0.750238
-0.91 0.748137
-0.9 0.745376
-0.89 0.74278
-0.88 0.739488
-0.87 0.736386
-0.86 0.732607
-0.85 0.728974
-0.84 0.72477
-0.83 0.720571
-0.82 0.716007
-0.81 0.71122
-0.8 0.706341
-0.79 0.700982
-0.78 0.69578
-0.77 0.689933
-0.76 0.684334
-0.75 0.678145
-0.74 0.672038
-0.73 0.665651
-0.72 0.658981
-0.71 0.652435
-0.7 0.645299
-0.69 0.638464
-0.68 0.631102
-0.67 0.623782
-0.66 0.616391
-0.65 0.608563
-0.64 0.601065
-0.63 0.593006
-0.62 0.585106
-0.61 0.577125
-0.6 0.568739
-0.59 0.560736
-0.58 0.552237
-0.57 0.543817
-0.56 0.53553
-0.55 0.526731
-0.54 0.518333
-0.53 0.509711
-0.52 0.500832
-0.51 0.492404
-0.5 0.483534
-0.49 0.47469
-0.48 0.46621
-0.47 0.457218
-0.46 0.448445
-0.45 0.43995
-0.44 0.430941
-0.43 0.422242
-0.42 0.413813
-0.41 0.404871
-0.4 0.39623
-0.39 0.387954
-0.38 0.379175
-0.37 0.370559
-0.36 0.362488
-0.35 0.354018
-0.34 0.34541
-0.33 0.337473
-0.32 0.329502
-0.31 0.321036
-0.3 0.313005
-0.29 0.30554
-0.28 0.297662
-0.27 0.289477
-0.26 0.281969
-0.25 0.274959
-0.24 0.267451
-0.23 0.259541
-0.22 0.252267
-0.21 0.245833
-0.2 0.239267
-0.19 0.231867
-0.18 0.224187
-0.17 0.217456
-0.16 0.212451
-0.15 0.209081
-0.14 0.206758
-0.13 0.204924
-0.12 0.203276
-0.11 0.201727
-0.1 0.200282
-0.09 0.198959
-0.08 0.19777
-0.07 0.196718
-0.06 0.195804
-0.05 0.195029
-0.04 0.194393
-0.03 0.193898
-0.02 0.193544
-0.01 0.193331
0 0.19326
0.01 0.193331
0.02 0.193544
0.03 0.193898
0.04 0.194393
0.05 0.195029
0.06 0.195804
0.07 0.196718
0.08 0.19777
0.09 0.198959
0.1 0.200282
0.11 0.201727
0.12 0.203276
0.13 0.204924
0.14 0.206758
0.15 0.209081
0.16 0.212451
0.17 0.217456
0.18 0.224187
0.19 0.231867
0.2 0.239267
0.21 0.245833
0.22 0.252267
0.23 0.259541
0.24 0.267451
0.25 0.274959
0.26 0.281969
0.27 0.289477
0.28 0.297662
0.29 0.30554
0.3 0.313005
0.31 0.321036
0.32 0.329502
0.33 0.337473
0.34 0.34541
0.35 0.354018
0.36 0.362488
0.37 0.370559
0.38 0.379175
0.39 0.387954
0.4 0.39623
0.41 0.404871
0.42 0.413813
0.43 0.422242
0.44 0.430941
0.45 0.43995
0.46 0.448445
0.47 0.457218
0.48 0.46621
0.49 0.47469
0.5 0.483534
0.51 0.492404
0.52 0.500832
0.53 0.509711
0.54 0.518333
0.55 0.526731
0.56 0.53553
0.57 0.543817
0.58 0.552237
0.59 0.560736
0.6 0.568739
0.61 0.577125
0.62 0.585106
0.63 0.593006
0.64 0.601065
0.65 0.608563
0.66 0.616391
0.67 0.623782
0.68 0.631102
0.69 0.638464
0.7 0.645299
0.71 0.652435
0.72 0.658981
0.73 0.665651
0.74 0.672038
0.75 0.678145
0.76 0.684334
0.77 0.689933
0.78 0.69578
0.79 0.700982
0.8 0.706341
0.81 0.71122
0.82 0.716007
0.83 0.720571
0.84 0.72477
0.85 0.728974
0.86 0.732607
0.87 0.736386
0.88 0.739488
0.89 0.74278
0.9 0.745376
0.91 0.748137
0.92 0.750238
0.93 0.752443
0.94 0.754047
0.95 0.755685
0.96 0.756782
0.97 0.757852
0.98 0.758428
0.99 0.758938
