-1 0.781376
-0.99 0.781382
-0.98 0.780775
-0.97 0.78019
-0.96 0.778974
-0.95 0.777809
-0.94 0.775985
-0.93 0.774248
-0.92 0.771822
-0.91 0.769521
-0.9 0.76651
-0.89 0.763644
-0.88 0.760077
-0.87 0.756638
-0.86 0.75256
-0.85 0.748528
-0.84 0.743996
-0.83 0.739351
-0.82 0.734417
-0.81 0.729157
-0.8 0.723854
-0.79 0.71801
-0.78 0.712326
-0.77 0.705987
-0.76 0.699858
-0.75 0.693156
-0.74 0.6865
-0.73 0.679561
-0.72 0.67234
-0.71 0.665205
-0.7 0.657503
-0.69 0.65008
-0.68 0.642104
-0.67 0.634228
-0.66 0.626176
-0.65 0.617792
-0.64 0.609663
-0.63 0.600964
-0.62 0.592533
-0.61 0.583831
-0.6 0.574928
-0.59 0.566292
-0.58 0.557118
-0.57 0.548248
-0.56 0.539203
-0.55 0.529896
-0.54 0.52098
-0.53 0.511585
-0.52 0.502361
-0.51 0.493276
-0.5 0.483739
-0.49 0.474638
-0.48 0.46538
-0.47 0.45588
-0.46 0.446879
-0.45 0.437534
-0.44 0.428168
-0.43 0.419268
-0.42 0.409949
-0.41 0.400751
-0.4 0.391993
-0.39 0.3828
-0.38 0.373774
-0.37 0.36522
-0.36 0.356251
-0.35 0.347381
-0.34 0.339081
-0.33 0.330449
-0.32 0.321726
-0.31 0.313662
-0.3 0.305512
-0.29 0.296993
-0.28 0.289037
-0.27 0.281451
-0.26 0.273387
-0.25 0.265393
-0.24 0.258149
-0.23 0.250912
-0.22 0.243155
-0.21 0.235713
-0.2 0.229069
-0.19 0.222383
-0.18 0.215089
-0.17 0.207939
-0.16 0.201719
-0.15 0.195968
-0.14 0.189661
-0.13 0.182647
-0.12 0.175896
-0.11 0.170526
-0.1 0.166933
-0.09 0.164765
-0.08 0.163409
-0.07 0.162408
-0.06 0.161554
-0.05 0.160804
-0.04 0.160174
-0.03 0.159678
-0.02 0.159323
-0.01 0.159111
0 0.15904
0.01 0.159111
0.02 0.159323
0.03 0.159678
0.04 0.160174
0.05 0.160804
0.06 0.161554
0.07 0.162408
0.08 0.163409
0.09 0.164765
0.1 0.166933
0.11 0.170526
0.12 0.175896
0.13 0.182647
0.14 0.189661
0.15 0.195968
0.16 0.201719
0.17 0.207939
0.18 0.215089
0.19 0.222383
0.2 0.229069
0.21 0.235713
0.22 0.243155
0.23 0.250912
0.24 0.258149
0.25 0.265393
0.26 0.273387
0.27 0.281451
0.28 0.289037
0.29 0.296993
0.3 0.305512
0.31 0.313662
0.32 0.321726
0.33 0.330449
0.34 0.339081
0.35 0.347381
0.36 0.356251
0.37 0.36522
0.38 0.373774
0.39 0.3828
0.4 0.391993
0.41 0.400751
0.42 0.409949
0.43 0.419268
0.44 0.428168
0.45 0.437534
0.46 0.446879
0.47 0.45588
0.48 0.46538
0.49 0.474638
0.5 0.483739
0.51 0.493276
0.52 0.502361
0.53 0.511585
0.54 0.52098
0.55 0.529896
0.56 0.539203
0.57 0.548248
0.58 0.557118
0.59 0.566292
0.6 0.574928
0.61 0.583831
0.62 0.592533
0.63 0.600964
0.64 0.609663
0.65 0.617792
0.66 0.626176
0.67 0.634228
0.68 0.642104
0.69 0.65008
0.7 0.657503
0.71 0.665205
0.72 0.67234
0.73 0.679561
0.74 0.6865
0.75 0.693156
0.76 0.699858
0.77 0.705987
0.78 0.712326
0.79 0.71801
0.8 0.723854
0.81 0.729157
0.82 0.734417
0.83 0.739351
0.84 0.743996
0.85 0.748528
0.86 0.75256
0.87 0.756638
0.88 0.760077
0.89 0.763644
0.9 0.76651
0.91 0.769521
0.92 0.771822
0.93 0.774248
0.94 0.775985
0.95 0.777809
0.96 0.778974
0.97 0.78019
0.98 0.780775
0.99 0.781382
