0 -2.54349e-17
0.01 0.0624735
0.02 0.1247
0.03 0.186435
0.04 0.247434
0.05 0.307457
0.06 0.366266
0.07 0.42363
0.08 0.479321
0.09 0.533121
0.1 0.584818
0.11 0.634206
0.12 0.681091
0.13 0.725288
0.14 0.766623
0.15 0.804932
0.16 0.840065
0.17 0.871882
0.18 0.900259
0.19 0.925082
0.2 0.946255
0.21 0.963693
0.22 0.977328
0.23 0.987106
0.24 0.992988
0.25 0.994951
0.26 0.992988
0.27 0.987106
0.28 0.977328
0.29 0.963693
0.3 0.946255
0.31 0.925082
0.32 0.900259
0.33 0.871882
0.34 0.840065
0.35 0.804932
0.36 0.766623
0.37 0.725288
0.38 0.681091
0.39 0.634206
0.4 0.584818
0.41 0.533121
0.42 0.479321
0.43 0.42363
0.44 0.366266
0.45 0.307457
0.46 0.247434
0.47 0.186435
0.48 0.1247
0.49 0.0624735
0.5 1.11224e-16
0.51 -0.0624735
0.52 -0.1247
0.53 -0.186435
0.54 -0.247434
0.55 -0.307457
0.56 -0.366266
0.57 -0.42363
0.58 -0.479321
0.59 -0.533121
0.6 -0.584818
0.61 -0.634206
0.62 -0.681091
0.63 -0.725288
0.64 -0.766623
0.65 -0.804932
0.66 -0.840065
0.67 -0.871882
0.68 -0.900259
0.69 -0.925082
0.7 -0.946255
0.71 -0.963693
0.72 -0.977328
0.73 -0.987106
0.74 -0.992988
0.75 -0.994951
0.76 -0.992988
0.77 -0.987106
0.78 -0.977328
0.79 -0.963693
0.8 -0.946255
0.81 -0.925082
0.82 -0.900259
0.83 -0.871882
0.84 -0.840065
0.85 -0.804932
0.86 -0.766623
0.87 -0.725288
0.88 -0.681091
0.89 -0.634206
0.9 -0.584818
0.91 -0.533121
0.92 -0.479321
0.93 -0.42363
0.94 -0.366266
0.95 -0.307457
0.96 -0.247434
0.97 -0.186435
0.98 -0.1247
0.99 -0.0624735
