-1 0.741276
-0.99 0.740947
-0.98 0.740769
-0.97 0.73994
-0.96 0.739249
-0.95 0.737933
-0.94 0.736721
-0.93 0.734934
-0.92 0.733191
-0.91 0.73096
-0.9 0.728671
-0.89 0.726027
-0.88 0.72318
-0.87 0.720153
-0.86 0.716744
-0.85 0.713352
-0.84 0.709402
-0.83 0.705634
-0.82 0.701201
-0.81 0.69701
-0.8 0.692191
-0.79 0.6875
-0.78 0.682408
-0.77 0.677156
-0.76 0.671858
-0.75 0.666066
-0.74 0.66052
-0.73 0.654333
-0.72 0.648388
-0.71 0.642019
-0.7 0.635533
-0.69 0.629094
-0.68 0.622117
-0.67 0.615476
-0.66 0.608292
-0.65 0.601181
-0.64 0.594039
-0.63 0.586426
-0.62 0.579189
-0.61 0.571443
-0.6 0.563742
-0.59 0.556155
-0.58 0.548031
-0.57 0.540298
-0.56 0.532281
-0.55 0.524024
-0.54 0.516179
-0.53 0.507823
-0.52 0.499552
-0.51 0.49155
-0.5 0.482994
-0.49 0.474736
-0.48 0.466613
-0.47 0.457963
-0.46 0.449715
-0.45 0.441557
-0.44 0.432884
-0.43 0.424634
-0.42 0.416549
-0.41 0.407921
-0.4 0.399635
-0.39 0.391714
-0.38 0.383255
-0.37 0.374876
-0.36 0.367116
-0.35 0.359041
-0.34 0.350604
-0.33 0.342785
-0.32 0.335262
-0.31 0.32715
-0.3 0.319002
-0.29 0.311636
-0.28 0.304424
-0.27 0.296542
-0.26 0.288559
-0.25 0.281431
-0.24 0.274866
-0.23 0.267778
-0.22 0.259886
-0.21 0.252145
-0.2 0.245744
-0.19 0.241127
-0.18 0.237929
-0.17 0.235516
-0.16 0.23342
-0.15 0.23144
-0.14 0.229543
-0.13 0.227747
-0.12 0.226069
-0.11 0.224516
-0.1 0.223091
-0.09 0.221796
-0.08 0.220632
-0.07 0.219601
-0.06 0.218705
-0.05 0.217944
-0.04 0.21732
-0.03 0.216833
-0.02 0.216486
-0.01 0.216277
0 0.216207
0.01 0.216277
0.02 0.216486
0.03 0.216833
0.04 0.21732
0.05 0.217944
0.06 0.218705
0.07 0.219601
0.08 0.220632
0.09 0.221796
0.1 0.223091
0.11 0.224516
0.12 0.226069
0.13 0.227747
0.14 0.229543
0.15 0.23144
0.16 0.23342
0.17 0.235516
0.18 0.237929
0.19 0.241127
0.2 0.245744
0.21 0.252145
0.22 0.259886
0.23 0.267778
0.24 0.274866
0.25 0.281431
0.26 0.288559
0.27 0.296542
0.28 0.304424
0.29 0.311636
0.3 0.319002
0.31 0.32715
0.32 0.335262
0.33 0.342785
0.34 0.350604
0.35 0.359041
0.36 0.367116
0.37 0.374876
0.38 0.383255
0.39 0.391714
0.4 0.399635
0.41 0.407921
0.42 0.416549
0.43 0.424634
0.44 0.432884
0.45 0.441557
0.46 0.449715
0.47 0.457963
0.48 0.466613
0.49 0.474736
0.5 0.482994
0.51 0.49155
0.52 0.499552
0.53 0.507823
0.54 0.516179
0.55 0.524024
0.56 0.532281
0.57 0.540298
0.58 0.548031
0.59 0.556155
0.6 0.563742
0.61 0.571443
0.62 0.579189
0.63 0.586426
0.64 0.594039
0.65 0.601181
0.66 0.608292
0.67 0.615476
0.68 0.622117
0.69 0.629094
0.7 0.635533
0.71 0.642019
0.72 0.648388
0.73 0.654333
0.74 0.66052
0.75 0.666066
0.76 0.671858
0.77 0.677156
0.78 0.682408
0.79 0.6875
0.8 0.692191
0.81 0.69701
0.82 0.701201
0.83 0.705634
0.84 0.709402
0.85 0.713352
0.86 0.716744
0.87 0.720153
0.88 0.72318
0.89 0.726027
0.9 0.728671
0.91 0.73096
0.92 0.733191
0.93 0.734934
0.94 0.736721
0.95 0.737933
0.96 0.739249
0.97 0.73994
0.98 0.740769
0.99 0.740947
