-1 0.352489
-0.99 0.352744
-0.98 0.352678
-0.97 0.35308
-0.96 0.353245
-0.95 0.353741
-0.94 0.354192
-0.93 0.354716
-0.92 0.355506
-0.91 0.356013
-0.9 0.357136
-0.89 0.357677
-0.88 0.358986
-0.87 0.359772
-0.86 0.360982
-0.85 0.362266
-0.84 0.363217
-0.83 0.364906
-0.82 0.365953
-0.81 0.367447
-0.8 0.369137
-0.79 0.370234
-0.78 0.372115
-0.77 0.373734
-0.76 0.374962
-0.75 0.377033
-0.74 0.378721
-0.73 0.37994
-0.72 0.382032
-0.71 0.384041
-0.7 0.38517
-0.69 0.386806
-0.68 0.389279
-0.67 0.391075
-0.66 0.391844
-0.65 0.393146
-0.64 0.396306
-0.63 0.4012
-0.62 0.406953
-0.61 0.412894
-0.6 0.418779
-0.59 0.424589
-0.58 0.430342
-0.57 0.436047
-0.56 0.441701
-0.55 0.447302
-0.54 0.452845
-0.53 0.458329
-0.52 0.463751
-0.51 0.469107
-0.5 0.474395
-0.49 0.479613
-0.48 0.484758
-0.47 0.489827
-0.46 0.494819
-0.45 0.49973
-0.44 0.50456
-0.43 0.509305
-0.42 0.513963
-0.41 0.518534
-0.4 0.523013
-0.39 0.527401
-0.38 0.531695
-0.37 0.535893
-0.36 0.539994
-0.35 0.543997
-0.34 0.547899
-0.33 0.5517
-0.32 0.555398
-0.31 0.558992
-0.3 0.562481
-0.29 0.565864
-0.28 0.569139
-0.27 0.572306
-0.26 0.575364
-0.25 0.578313
-0.24 0.58115
-0.23 0.583876
-0.22 0.58649
-0.21 0.588991
-0.2 0.591379
-0.19 0.593653
-0.18 0.595813
-0.17 0.597859
-0.16 0.599789
-0.15 0.601603
-0.14 0.603302
-0.13 0.604885
-0.12 0.606352
-0.11 0.607702
-0.1 0.608935
-0.09 0.610051
-0.08 0.61105
-0.07 0.611932
-0.06 0.612697
-0.05 0.613344
-0.04 0.613874
-0.03 0.614286
-0.02 0.61458
-0.01 0.614756
0 0.614815
0.01 0.614756
0.02 0.61458
0.03 0.614286
0.04 0.613874
0.05 0.613344
0.06 0.612697
0.07 0.611932
0.08 0.61105
0.09 0.610051
0.1 0.608935
0.11 0.607702
0.12 0.606352
0.13 0.604885
0.14 0.603302
0.15 0.601603
0.16 0.599789
0.17 0.597859
0.18 0.595813
0.19 0.593653
0.2 0.591379
0.21 0.588991
0.22 0.58649
0.23 0.583876
0.24 0.58115
0.25 0.578313
0.26 0.575364
0.27 0.572306
0.28 0.569139
0.29 0.565864
0.3 0.562481
0.31 0.558992
0.32 0.555398
0.33 0.5517
0.34 0.547899
0.35 0.543997
0.36 0.539994
0.37 0.535893
0.38 0.531695
0.39 0.527401
0.4 0.523013
0.41 0.518534
0.42 0.513963
0.43 0.509305
0.44 0.50456
0.45 0.49973
0.46 0.494819
0.47 0.489827
0.48 0.484758
0.49 0.479613
0.5 0.474395
0.51 0.469107
0.52 0.463751
0.53 0.458329
0.54 0.452845
0.55 0.447302
0.56 0.441701
0.57 0.436047
0.58 0.430342
0.59 0.424589
0.6 0.418779
0.61 0.412894
0.62 0.406953
0.63 0.4012
0.64 0.396306
0.65 0.393146
0.66 0.391844
0.67 0.391075
0.68 0.389279
0.69 0.386806
0.7 0.38517
0.71 0.384041
0.72 0.382032
0.73 0.37994
0.74 0.378721
0.75 0.377033
0.76 0.374962
0.77 0.373734
0.78 0.372115
0.79 0.370234
0.8 0.369137
0.81 0.367447
0.82 0.365953
0.83 0.364906
0.84 0.363217
0.85 0.362266
0.86 0.360982
0.87 0.359772
0.88 0.358986
0.89 0.357677
0.9 0.357136
0.91 0.356013
0.92 0.355506
0.93 0.354716
0.94 0.354192
0.95 0.353741
0.96 0.353245
0.97 0.35308
0.98 0.352678
0.99 0.352744
