-1 0.155897
-0.99 0.155434
-0.98 0.156235
-0.97 0.15592
-0.96 0.157098
-0.95 0.157233
-0.94 0.157987
-0.93 0.159638
-0.92 0.159783
-0.91 0.160749
-0.9 0.164532
-0.89 0.170052
-0.88 0.176024
-0.87 0.182095
-0.86 0.188275
-0.85 0.194587
-0.84 0.201034
-0.83 0.207615
-0.82 0.214328
-0.81 0.221173
-0.8 0.228148
-0.79 0.235252
-0.78 0.242483
-0.77 0.249841
-0.76 0.257321
-0.75 0.264924
-0.74 0.272646
-0.73 0.280484
-0.72 0.288437
-0.71 0.2965
-0.7 0.304671
-0.69 0.312946
-0.68 0.321322
-0.67 0.329794
-0.66 0.33836
-0.65 0.347014
-0.64 0.355751
-0.63 0.364568
-0.62 0.373459
-0.61 0.38242
-0.6 0.391444
-0.59 0.400527
-0.58 0.409662
-0.57 0.418843
-0.56 0.428066
-0.55 0.437322
-0.54 0.446607
-0.53 0.455912
-0.52 0.465232
-0.51 0.47456
-0.5 0.483887
-0.49 0.493208
-0.48 0.502514
-0.47 0.511798
-0.46 0.521053
-0.45 0.530271
-0.44 0.539444
-0.43 0.548563
-0.42 0.557622
-0.41 0.566612
-0.4 0.575525
-0.39 0.584352
-0.38 0.593087
-0.37 0.60172
-0.36 0.610243
-0.35 0.618648
-0.34 0.626927
-0.33 0.635073
-0.32 0.643076
-0.31 0.650929
-0.3 0.658624
-0.29 0.666153
-0.28 0.673509
-0.27 0.680683
-0.26 0.687669
-0.25 0.694459
-0.24 0.701045
-0.23 0.707422
-0.22 0.713581
-0.21 0.719517
-0.2 0.725222
-0.19 0.730691
-0.18 0.735918
-0.17 0.740897
-0.16 0.745622
-0.15 0.750088
-0.14 0.75429
-0.13 0.758223
-0.12 0.761883
-0.11 0.765266
-0.1 0.768368
-0.09 0.771186
-0.08 0.773715
-0.07 0.775954
-0.06 0.777899
-0.05 0.77955
-0.04 0.780902
-0.03 0.781956
-0.02 0.782709
-0.01 0.783162
0 0.783313
0.01 0.783162
0.02 0.782709
0.03 0.781956
0.04 0.780902
0.05 0.77955
0.06 0.777899
0.07 0.775954
0.08 0.773715
0.09 0.771186
0.1 0.768368
0.11 0.765266
0.12 0.761883
0.13 0.758223
0.14 0.75429
0.15 0.750088
0.16 0.745622
0.17 0.740897
0.18 0.735918
0.19 0.730691
0.2 0.725222
0.21 0.719517
0.22 0.713581
0.23 0.707422
0.24 0.701045
0.25 0.694459
0.26 0.687669
0.27 0.680683
0.28 0.673509
0.29 0.666153
0.3 0.658624
0.31 0.650929
0.32 0.643076
0.33 0.635073
0.34 0.626927
0.35 0.618648
0.36 0.610243
0.37 0.60172
0.38 0.593087
0.39 0.584352
0.4 0.575525
0.41 0.566612
0.42 0.557622
0.43 0.548563
0.44 0.539444
0.45 0.530271
0.46 0.521053
0.47 0.511798
0.48 0.502514
0.49 0.493208
0.5 0.483887
0.51 0.47456
0.52 0.465232
0.53 0.455912
0.54 0.446607
0.55 0.437322
0.56 0.428066
0.57 0.418843
0.58 0.409662
0.59 0.400527
0.6 0.391444
0.61 0.38242
0.62 0.373459
0.63 0.364568
0.64 0.355751
0.65 0.347014
0.66 0.33836
0.67 0.329794
0.68 0.321322
0.69 0.312946
0.7 0.304671
0.71 0.2965
0.72 0.288437
0.73 0.280484
0.74 0.272646
0.75 0.264924
0.76 0.257321
0.77 0.249841
0.78 0.242483
0.79 0.235252
0.8 0.228148
0.81 0.221173
0.82 0.214328
0.83 0.207615
0.84 0.201034
0.85 0.194587
0.86 0.188275
0.87 0.182095
0.88 0.176024
0.89 0.170052
0.9 0.164532
0.91 0.160749
0.92 0.159783
0.93 0.159638
0.94 0.157987
0.95 0.157233
0.96 0.157098
0.97 0.15592
0.98 0.156235
0.99 0.155434
