-1 0.788081
-0.998 0.788435
-0.996 0.789495
-0.994 0.791261
-0.992 0.793731
-0.99 0.796902
-0.988 0.800771
-0.986 0.805334
-0.984 0.810586
-0.982 0.816521
-0.98 0.823132
-0.978 0.830414
-0.976 0.838358
-0.974 0.846955
-0.972 0.856197
-0.97 0.866073
-0.968 0.876573
-0.966 0.887686
-0.964 0.899398
-0.962 0.911698
-0.96 0.924573
-0.958 0.938007
-0.956 0.951986
-0.954 0.966496
-0.952 0.981519
-0.95 0.997039
-0.948 1.01304
-0.946 1.0295
-0.944 1.04641
-0.942 1.06374
-0.94 1.08147
-0.938 1.09959
-0.936 1.11807
-0.934 1.1369
-0.932 1.15604
-0.93 1.17549
-0.928 1.19521
-0.926 1.21518
-0.924 1.23538
-0.922 1.25579
-0.92 1.27638
-0.918 1.29713
-0.916 1.31801
-0.914 1.339
-0.912 1.36007
-0.91 1.38119
-0.908 1.40235
-0.906 1.42351
-0.904 1.44465
-0.902 1.46575
-0.9 1.48677
-0.898 1.50769
-0.896 1.52848
-0.894 1.54912
-0.892 1.56959
-0.89 1.58985
-0.888 1.60989
-0.886 1.62966
-0.884 1.64916
-0.882 1.66835
-0.88 1.68722
-0.878 1.70572
-0.876 1.72385
-0.874 1.74158
-0.872 1.75888
-0.87 1.77573
-0.868 1.79211
-0.866 1.808
-0.864 1.82337
-0.862 1.83821
-0.86 1.8525
-0.858 1.86621
-0.856 1.87933
-0.854 1.89183
-0.852 1.90371
-0.85 1.91495
-0.848 1.92553
-0.846 1.93543
-0.844 1.94465
-0.842 1.95316
-0.84 1.96096
-0.838 1.96804
-0.836 1.97438
-0.834 1.97998
-0.832 1.98483
-0.83 1.98891
-0.828 1.99223
-0.826 1.99478
-0.824 1.99655
-0.822 1.99755
-0.82 1.99776
-0.818 1.99719
-0.816 1.99583
-0.814 1.99369
-0.812 1.99077
-0.81 1.98708
-0.808 1.9826
-0.806 1.97736
-0.804 1.97135
-0.802 1.96458
-0.8 1.95706
-0.798 1.94879
-0.796 1.9398
-0.794 1.93007
-0.792 1.91964
-0.79 1.9085
-0.788 1.89667
-0.786 1.88417
-0.784 1.87101
-0.782 1.8572
-0.78 1.84275
-0.778 1.82769
-0.776 1.81204
-0.774 1.7958
-0.772 1.779
-0.77 1.76165
-0.768 1.74378
-0.766 1.7254
-0.764 1.70653
-0.762 1.6872
-0.76 1.66742
-0.758 1.64721
-0.756 1.6266
-0.754 1.6056
-0.752 1.58425
-0.75 1.56255
-0.748 1.54054
-0.746 1.51823
-0.744 1.49565
-0.742 1.47281
-0.74 1.44974
-0.738 1.42646
-0.736 1.403
-0.734 1.37937
-0.732 1.3556
-0.73 1.3317
-0.728 1.30771
-0.726 1.28363
-0.724 1.25949
-0.722 1.23531
-0.72 1.21111
-0.718 1.18692
-0.716 1.16273
-0.714 1.13859
-0.712 1.1145
-0.71 1.09049
-0.708 1.06657
-0.706 1.04275
-0.704 1.01906
-0.702 0.995511
-0.7 0.972115
-0.698 0.94889
-0.696 0.925849
-0.694 0.903007
-0.692 0.880376
-0.69 0.857969
-0.688 0.835798
-0.686 0.813875
-0.684 0.792209
-0.682 0.770812
-0.68 0.749693
-0.678 0.728861
-0.676 0.708325
-0.674 0.688092
-0.672 0.668169
-0.67 0.648564
-0.668 0.629283
-0.666 0.61033
-0.664 0.591712
-0.662 0.573432
-0.66 0.555495
-0.658 0.537903
-0.656 0.520661
-0.654 0.503769
-0.652 0.487231
-0.65 0.471047
-0.648 0.455218
-0.646 0.439746
-0.644 0.424629
-0.642 0.409869
-0.64 0.395463
-0.638 0.381411
-0.636 0.367711
-0.634 0.354361
-0.632 0.341359
-0.63 0.328703
-0.628 0.31639
-0.626 0.304416
-0.624 0.292778
-0.622 0.281473
-0.62 0.270496
-0.618 0.259842
-0.616 0.249509
-0.614 0.239491
-0.612 0.229783
-0.61 0.22038
-0.608 0.211278
-0.606 0.202471
-0.604 0.193953
-0.602 0.185719
-0.6 0.177764
-0.598 0.170081
-0.596 0.162665
-0.594 0.155511
-0.592 0.148611
-0.59 0.141961
-0.588 0.135555
-0.586 0.129385
-0.584 0.123447
-0.582 0.117735
-0.58 0.112242
-0.578 0.106962
-0.576 0.10189
-0.574 0.0970198
-0.572 0.0923453
-0.57 0.0878609
-0.568 0.0835608
-0.566 0.0794394
-0.564 0.0754911
-0.562 0.0717103
-0.56 0.0680916
-0.558 0.0646297
-0.556 0.0613193
-0.554 0.0581551
-0.552 0.0551322
-0.55 0.0522455
-0.548 0.0494902
-0.546 0.0468614
-0.544 0.0443545
-0.542 0.0419649
-0.54 0.0396882
-0.538 0.03752
-0.536 0.0354561
-0.534 0.0334923
-0.532 0.0316246
-0.53 0.0298491
-0.528 0.028162
-0.526 0.0265597
-0.524 0.0250385
-0.522 0.023595
-0.52 0.0222258
-0.518 0.0209277
-0.516 0.0196975
-0.514 0.0185323
-0.512 0.017429
-0.51 0.0163848
-0.508 0.015397
-0.506 0.014463
-0.504 0.0135802
-0.502 0.0127462
-0.5 0.0119586
-0.498 0.0112152
-0.496 0.0105139
-0.494 0.00985238
-0.492 0.00922884
-0.49 0.0086413
-0.488 0.00808793
-0.486 0.00756697
-0.484 0.00707674
-0.482 0.00661562
-0.48 0.00618207
-0.478 0.00577462
-0.476 0.00539187
-0.474 0.00503248
-0.472 0.00469516
-0.47 0.0043787
-0.468 0.00408194
-0.466 0.00380377
-0.464 0.00354314
-0.462 0.00329904
-0.46 0.00307054
-0.458 0.00285671
-0.456 0.00265672
-0.454 0.00246974
-0.452 0.002295
-0.45 0.00213177
-0.448 0.00197936
-0.446 0.00183711
-0.444 0.0017044
-0.442 0.00158064
-0.44 0.00146529
-0.438 0.00135781
-0.436 0.00125771
-0.434 0.00116452
-0.432 0.00107781
-0.43 0.000997154
-0.428 0.000922166
-0.426 0.000852476
-0.424 0.000787738
-0.422 0.000727624
-0.42 0.00067183
-0.418 0.000620065
-0.416 0.00057206
-0.414 0.000527561
-0.412 0.000486328
-0.41 0.000448139
-0.408 0.000412784
-0.406 0.000380065
-0.404 0.000349801
-0.402 0.000321817
-0.4 0.000295954
-0.398 0.00027206
-0.396 0.000249995
-0.394 0.000229628
-0.392 0.000210836
-0.39 0.000193505
-0.388 0.000177527
-0.386 0.000162803
-0.384 0.000149241
-0.382 0.000136754
-0.38 0.000125261
-0.378 0.000114689
-0.376 0.000104966
-0.374 9.60299e-05
-0.372 8.78191e-05
-0.37 8.02783e-05
-0.368 7.33556e-05
-0.366 6.70031e-05
-0.364 6.11762e-05
-0.362 5.58337e-05
-0.36 5.09374e-05
-0.358 4.64519e-05
-0.356 4.23444e-05
-0.354 3.85847e-05
-0.352 3.51448e-05
-0.35 3.19987e-05
-0.348 2.91226e-05
-0.346 2.64944e-05
-0.344 2.40938e-05
-0.342 2.19019e-05
-0.34 1.99015e-05
-0.338 1.80765e-05
-0.336 1.64123e-05
-0.334 1.48954e-05
-0.332 1.35133e-05
-0.33 1.22545e-05
-0.328 1.11085e-05
-0.326 1.00657e-05
-0.324 9.11708e-06
-0.322 8.25459e-06
-0.32 7.4707e-06
-0.318 6.75855e-06
-0.316 6.11184e-06
-0.314 5.5248e-06
-0.312 4.99215e-06
-0.31 4.50905e-06
-0.308 4.07107e-06
-0.306 3.67416e-06
-0.304 3.31463e-06
-0.302 2.98908e-06
-0.3 2.69442e-06
-0.298 2.42784e-06
-0.296 2.18676e-06
-0.294 1.96883e-06
-0.292 1.77192e-06
-0.29 1.59405e-06
-0.288 1.43347e-06
-0.286 1.28855e-06
-0.284 1.15782e-06
-0.282 1.03993e-06
-0.28 9.33679e-07
-0.278 8.37944e-07
-0.276 7.51725e-07
-0.274 6.74108e-07
-0.272 6.04263e-07
-0.27 5.41438e-07
-0.268 4.84951e-07
-0.266 4.34183e-07
-0.264 3.88575e-07
-0.262 3.47618e-07
-0.26 3.10854e-07
-0.258 2.77867e-07
-0.256 2.48281e-07
-0.254 2.21757e-07
-0.252 1.97987e-07
-0.25 1.76694e-07
-0.248 1.57628e-07
-0.246 1.40563e-07
-0.244 1.25296e-07
-0.242 1.11642e-07
-0.24 9.94361e-08
-0.238 8.85294e-08
-0.236 7.87874e-08
-0.234 7.00895e-08
-0.232 6.23268e-08
-0.23 5.54017e-08
-0.228 4.92264e-08
-0.226 4.37219e-08
-0.224 3.88173e-08
-0.222 3.44492e-08
-0.22 3.05604e-08
-0.218 2.70997e-08
-0.216 2.40213e-08
-0.214 2.12841e-08
-0.212 1.88513e-08
-0.21 1.66898e-08
-0.208 1.47703e-08
-0.206 1.30663e-08
-0.204 1.15543e-08
-0.202 1.02131e-08
-0.2 9.02405e-09
-0.198 7.97022e-09
-0.196 7.03664e-09
-0.194 6.20992e-09
-0.192 5.47815e-09
-0.19 4.83068e-09
-0.188 4.25802e-09
-0.186 3.75175e-09
-0.184 3.30436e-09
-0.182 2.90915e-09
-0.18 2.56019e-09
-0.178 2.25218e-09
-0.176 1.98044e-09
-0.174 1.74079e-09
-0.172 1.52952e-09
-0.17 1.34336e-09
-0.168 1.17939e-09
-0.166 1.03501e-09
-0.164 9.07944e-10
-0.162 7.96159e-10
-0.16 6.97862e-10
-0.158 6.11454e-10
-0.156 5.35531e-10
-0.154 4.68847e-10
-0.152 4.10306e-10
-0.15 3.58925e-10
-0.148 3.13856e-10
-0.146 2.74337e-10
-0.144 2.39695e-10
-0.142 2.09345e-10
-0.14 1.82768e-10
-0.138 1.59498e-10
-0.136 1.39139e-10
-0.134 1.21327e-10
-0.132 1.05753e-10
-0.13 9.21407e-11
-0.128 8.02526e-11
-0.126 6.98635e-11
-0.124 6.07993e-11
-0.122 5.28882e-11
-0.12 4.59898e-11
-0.118 3.99759e-11
-0.116 3.47296e-11
-0.114 3.0165e-11
-0.112 2.61866e-11
-0.11 2.27266e-11
-0.108 1.97126e-11
-0.106 1.70936e-11
-0.104 1.48181e-11
-0.102 1.28384e-11
-0.1 1.11204e-11
-0.098 9.62823e-12
-0.096 8.33123e-12
-0.094 7.20744e-12
-0.092 6.23005e-12
-0.09 5.38644e-12
-0.088 4.65696e-12
-0.086 4.01933e-12
-0.084 3.46993e-12
-0.082 2.99745e-12
-0.08 2.58529e-12
-0.078 2.23006e-12
-0.076 1.92051e-12
-0.074 1.65576e-12
-0.072 1.42589e-12
-0.07 1.22715e-12
-0.068 1.0574e-12
-0.066 9.08571e-13
-0.064 7.81023e-13
-0.062 6.72744e-13
-0.06 5.74601e-13
-0.058 4.97402e-13
-0.056 4.26914e-13
-0.054 3.66955e-13
-0.052 3.15394e-13
-0.05 2.65374e-13
-0.048 2.34703e-13
-0.046 1.95004e-13
-0.044 1.6726e-13
-0.042 1.42497e-13
-0.04 1.27013e-13
-0.038 1.0643e-13
-0.036 9.16751e-14
-0.034 7.74251e-14
-0.032 6.74244e-14
-0.03 5.54506e-14
-0.028 5.30268e-14
-0.026 4.1412e-14
-0.024 3.85619e-14
-0.022 3.10558e-14
-0.02 2.77048e-14
-0.018 2.51274e-14
-0.016 2.0596e-14
-0.014 1.91344e-14
-0.012 1.52107e-14
-0.01 1.61002e-14
-0.008 1.07405e-14
-0.006 1.34769e-14
-0.004 1.13249e-14
-0.002 1.22243e-14
0 1.10121e-14
0.002 1.12687e-14
0.004 1.24633e-14
0.006 1.22661e-14
0.008 1.36694e-14
0.01 1.53757e-14
0.012 1.37282e-14
0.014 1.99259e-14
0.016 2.16265e-14
0.018 2.49686e-14
0.02 2.56692e-14
0.022 3.17723e-14
0.024 3.81607e-14
0.026 4.16575e-14
0.028 4.79097e-14
0.03 5.78515e-14
0.032 6.62719e-14
0.034 7.82231e-14
0.036 9.25993e-14
0.038 1.04134e-13
0.04 1.25617e-13
0.042 1.49096e-13
0.044 1.6502e-13
0.046 1.95882e-13
0.048 2.33423e-13
0.05 2.71085e-13
0.052 3.14051e-13
0.054 3.67227e-13
0.056 4.24004e-13
0.058 4.96155e-13
0.06 5.78913e-13
0.062 6.72583e-13
0.064 7.79055e-13
0.066 9.0772e-13
0.068 1.05615e-12
0.07 1.22876e-12
0.072 1.42295e-12
0.074 1.65406e-12
0.076 1.91882e-12
0.078 2.22754e-12
0.08 2.58297e-12
0.082 2.99004e-12
0.084 3.47058e-12
0.086 4.01889e-12
0.088 4.64986e-12
0.09 5.38392e-12
0.092 6.22932e-12
0.094 7.20464e-12
0.096 8.33158e-12
0.098 9.6242e-12
0.1 1.11191e-11
0.102 1.2836e-11
0.104 1.48188e-11
0.106 1.70906e-11
0.108 1.97114e-11
0.11 2.27231e-11
0.112 2.61837e-11
0.114 3.01647e-11
0.116 3.47329e-11
0.118 3.9973e-11
0.12 4.59891e-11
0.122 5.28852e-11
0.124 6.07931e-11
0.126 6.98592e-11
0.128 8.02451e-11
0.13 9.21368e-11
0.132 1.05749e-10
0.134 1.21323e-10
0.136 1.39133e-10
0.138 1.59495e-10
0.14 1.82763e-10
0.142 2.09345e-10
0.144 2.39691e-10
0.146 2.74333e-10
0.148 3.13852e-10
0.15 3.58923e-10
0.152 4.10298e-10
0.154 4.68846e-10
0.156 5.3553e-10
0.158 6.11452e-10
0.16 6.97861e-10
0.162 7.96156e-10
0.164 9.07943e-10
0.166 1.035e-09
0.168 1.17938e-09
0.17 1.34335e-09
0.172 1.52952e-09
0.174 1.74078e-09
0.176 1.98043e-09
0.178 2.25217e-09
0.18 2.56018e-09
0.182 2.90915e-09
0.184 3.30435e-09
0.186 3.75175e-09
0.188 4.25802e-09
0.19 4.83067e-09
0.192 5.47815e-09
0.194 6.20992e-09
0.196 7.03663e-09
0.198 7.97021e-09
0.2 9.02404e-09
0.202 1.02131e-08
0.204 1.15543e-08
0.206 1.30663e-08
0.208 1.47703e-08
0.21 1.66898e-08
0.212 1.88513e-08
0.214 2.12841e-08
0.216 2.40213e-08
0.218 2.70997e-08
0.22 3.05604e-08
0.222 3.44492e-08
0.224 3.88173e-08
0.226 4.37219e-08
0.228 4.92264e-08
0.23 5.54017e-08
0.232 6.23268e-08
0.234 7.00895e-08
0.236 7.87874e-08
0.238 8.85294e-08
0.24 9.94361e-08
0.242 1.11642e-07
0.244 1.25296e-07
0.246 1.40563e-07
0.248 1.57628e-07
0.25 1.76694e-07
0.252 1.97987e-07
0.254 2.21757e-07
0.256 2.48281e-07
0.258 2.77867e-07
0.26 3.10854e-07
0.262 3.47618e-07
0.264 3.88575e-07
0.266 4.34183e-07
0.268 4.84951e-07
0.27 5.41438e-07
0.272 6.04263e-07
0.274 6.74108e-07
0.276 7.51725e-07
0.278 8.37944e-07
0.28 9.33679e-07
0.282 1.03993e-06
0.284 1.15782e-06
0.286 1.28855e-06
0.288 1.43347e-06
0.29 1.59405e-06
0.292 1.77192e-06
0.294 1.96883e-06
0.296 2.18676e-06
0.298 2.42784e-06
0.3 2.69442e-06
0.302 2.98908e-06
0.304 3.31463e-06
0.306 3.67416e-06
0.308 4.07107e-06
0.31 4.50905e-06
0.312 4.99215e-06
0.314 5.5248e-06
0.316 6.11184e-06
0.318 6.75855e-06
0.32 7.4707e-06
0.322 8.25459e-06
0.324 9.11708e-06
0.326 1.00657e-05
0.328 1.11085e-05
0.33 1.22545e-05
0.332 1.35133e-05
0.334 1.48954e-05
0.336 1.64123e-05
0.338 1.80765e-05
0.34 1.99015e-05
0.342 2.19019e-05
0.344 2.40938e-05
0.346 2.64944e-05
0.348 2.91226e-05
0.35 3.19987e-05
0.352 3.51448e-05
0.354 3.85847e-05
0.356 4.23444e-05
0.358 4.64519e-05
0.36 5.09374e-05
0.362 5.58337e-05
0.364 6.11762e-05
0.366 6.70031e-05
0.368 7.33556e-05
0.37 8.02783e-05
0.372 8.78191e-05
0.374 9.60299e-05
0.376 0.000104966
0.378 0.000114689
0.38 0.000125261
0.382 0.000136754
0.384 0.000149241
0.386 0.000162803
0.388 0.000177527
0.39 0.000193505
0.392 0.000210836
0.394 0.000229628
0.396 0.000249995
0.398 0.00027206
0.4 0.000295954
0.402 0.000321817
0.404 0.000349801
0.406 0.000380065
0.408 0.000412784
0.41 0.000448139
0.412 0.000486328
0.414 0.000527561
0.416 0.00057206
0.418 0.000620065
0.42 0.00067183
0.422 0.000727624
0.424 0.000787738
0.426 0.000852476
0.428 0.000922166
0.43 0.000997154
0.432 0.00107781
0.434 0.00116452
0.436 0.00125771
0.438 0.00135781
0.44 0.00146529
0.442 0.00158064
0.444 0.0017044
0.446 0.00183711
0.448 0.00197936
0.45 0.00213177
0.452 0.002295
0.454 0.00246974
0.456 0.00265672
0.458 0.00285671
0.46 0.00307054
0.462 0.00329904
0.464 0.00354314
0.466 0.00380377
0.468 0.00408194
0.47 0.0043787
0.472 0.00469516
0.474 0.00503248
0.476 0.00539187
0.478 0.00577462
0.48 0.00618207
0.482 0.00661562
0.484 0.00707674
0.486 0.00756697
0.488 0.00808793
0.49 0.0086413
0.492 0.00922884
0.494 0.00985238
0.496 0.0105139
0.498 0.0112152
0.5 0.0119586
0.502 0.0127462
0.504 0.0135802
0.506 0.014463
0.508 0.015397
0.51 0.0163848
0.512 0.017429
0.514 0.0185323
0.516 0.0196975
0.518 0.0209277
0.52 0.0222258
0.522 0.023595
0.524 0.0250385
0.526 0.0265597
0.528 0.028162
0.53 0.0298491
0.532 0.0316246
0.534 0.0334923
0.536 0.0354561
0.538 0.03752
0.54 0.0396882
0.542 0.0419649
0.544 0.0443545
0.546 0.0468614
0.548 0.0494902
0.55 0.0522455
0.552 0.0551322
0.554 0.0581551
0.556 0.0613193
0.558 0.0646297
0.56 0.0680916
0.562 0.0717103
0.564 0.0754911
0.566 0.0794394
0.568 0.0835608
0.57 0.0878609
0.572 0.0923453
0.574 0.0970198
0.576 0.10189
0.578 0.106962
0.58 0.112242
0.582 0.117735
0.584 0.123447
0.586 0.129385
0.588 0.135555
0.59 0.141961
0.592 0.148611
0.594 0.155511
0.596 0.162665
0.598 0.170081
0.6 0.177764
0.602 0.185719
0.604 0.193953
0.606 0.202471
0.608 0.211278
0.61 0.22038
0.612 0.229783
0.614 0.239491
0.616 0.249509
0.618 0.259842
0.62 0.270496
0.622 0.281473
0.624 0.292778
0.626 0.304416
0.628 0.31639
0.63 0.328703
0.632 0.341359
0.634 0.354361
0.636 0.367711
0.638 0.381411
0.64 0.395463
0.642 0.409869
0.644 0.424629
0.646 0.439746
0.648 0.455218
0.65 0.471047
0.652 0.487231
0.654 0.503769
0.656 0.520661
0.658 0.537903
0.66 0.555495
0.662 0.573432
0.664 0.591712
0.666 0.61033
0.668 0.629283
0.67 0.648564
0.672 0.668169
0.674 0.688092
0.676 0.708325
0.678 0.728861
0.68 0.749693
0.682 0.770812
0.684 0.792209
0.686 0.813875
0.688 0.835798
0.69 0.857969
0.692 0.880376
0.694 0.903007
0.696 0.925849
0.698 0.94889
0.7 0.972115
0.702 0.995511
0.704 1.01906
0.706 1.04275
0.708 1.06657
0.71 1.09049
0.712 1.1145
0.714 1.13859
0.716 1.16273
0.718 1.18692
0.72 1.21111
0.722 1.23531
0.724 1.25949
0.726 1.28363
0.728 1.30771
0.73 1.3317
0.732 1.3556
0.734 1.37937
0.736 1.403
0.738 1.42646
0.74 1.44974
0.742 1.47281
0.744 1.49565
0.746 1.51823
0.748 1.54054
0.75 1.56255
0.752 1.58425
0.754 1.6056
0.756 1.6266
0.758 1.64721
0.76 1.66742
0.762 1.6872
0.764 1.70653
0.766 1.7254
0.768 1.74378
0.77 1.76165
0.772 1.779
0.774 1.7958
0.776 1.81204
0.778 1.82769
0.78 1.84275
0.782 1.8572
0.784 1.87101
0.786 1.88417
0.788 1.89667
0.79 1.9085
0.792 1.91964
0.794 1.93007
0.796 1.9398
0.798 1.94879
0.8 1.95706
0.802 1.96458
0.804 1.97135
0.806 1.97736
0.808 1.9826
0.81 1.98708
0.812 1.99077
0.814 1.99369
0.816 1.99583
0.818 1.99719
0.82 1.99776
0.822 1.99755
0.824 1.99655
0.826 1.99478
0.828 1.99223
0.83 1.98891
0.832 1.98483
0.834 1.97998
0.836 1.97438
0.838 1.96804
0.84 1.96096
0.842 1.95316
0.844 1.94465
0.846 1.93543
0.848 1.92553
0.85 1.91495
0.852 1.90371
0.854 1.89183
0.856 1.87933
0.858 1.86621
0.86 1.8525
0.862 1.83821
0.864 1.82337
0.866 1.808
0.868 1.79211
0.87 1.77573
0.872 1.75888
0.874 1.74158
0.876 1.72385
0.878 1.70572
0.88 1.68722
0.882 1.66835
0.884 1.64916
0.886 1.62966
0.888 1.60989
0.89 1.58985
0.892 1.56959
0.894 1.54912
0.896 1.52848
0.898 1.50769
0.9 1.48677
0.902 1.46575
0.904 1.44465
0.906 1.42351
0.908 1.40235
0.91 1.38119
0.912 1.36007
0.914 1.339
0.916 1.31801
0.918 1.29713
0.92 1.27638
0.922 1.25579
0.924 1.23538
0.926 1.21518
0.928 1.19521
0.93 1.17549
0.932 1.15604
0.934 1.1369
0.936 1.11807
0.938 1.09959
0.94 1.08147
0.942 1.06374
0.944 1.04641
0.946 1.0295
0.948 1.01304
0.95 0.997039
0.952 0.981519
0.954 0.966496
0.956 0.951986
0.958 0.938007
0.96 0.924573
0.962 0.911698
0.964 0.899398
0.966 0.887686
0.968 0.876573
0.97 0.866073
0.972 0.856197
0.974 0.846955
0.976 0.838358
0.978 0.830414
0.98 0.823132
0.982 0.816521
0.984 0.810586
0.986 0.805334
0.988 0.800771
0.99 0.796902
0.992 0.793731
0.994 0.791261
0.996 0.789495
0.998 0.788435
