-1 0.651672
-0.99 0.651823
-0.98 0.651359
-0.97 0.651205
-0.96 0.650424
-0.95 0.649969
-0.94 0.648872
-0.93 0.648112
-0.92 0.646711
-0.91 0.645631
-0.9 0.643955
-0.89 0.642522
-0.88 0.640616
-0.87 0.638786
-0.86 0.636701
-0.85 0.634438
-0.84 0.632203
-0.83 0.62951
-0.82 0.627099
-0.81 0.624052
-0.8 0.621359
-0.79 0.618107
-0.78 0.614984
-0.77 0.611669
-0.76 0.60804
-0.75 0.604663
-0.74 0.600652
-0.73 0.597001
-0.72 0.592894
-0.71 0.588719
-0.7 0.58467
-0.69 0.580027
-0.68 0.575785
-0.67 0.571086
-0.66 0.566276
-0.65 0.561709
-0.64 0.556497
-0.63 0.551611
-0.62 0.546559
-0.61 0.541051
-0.6 0.536004
-0.59 0.530495
-0.58 0.524794
-0.57 0.519518
-0.56 0.513649
-0.55 0.507758
-0.54 0.502257
-0.53 0.496127
-0.52 0.490002
-0.51 0.484318
-0.5 0.478037
-0.49 0.471615
-0.48 0.465758
-0.47 0.459493
-0.46 0.452757
-0.45 0.446594
-0.44 0.440524
-0.43 0.433708
-0.42 0.426958
-0.41 0.420904
-0.4 0.414602
-0.39 0.407512
-0.38 0.400605
-0.37 0.394551
-0.36 0.388516
-0.35 0.381524
-0.34 0.373957
-0.33 0.36714
-0.32 0.361989
-0.31 0.358432
-0.3 0.355828
-0.29 0.353584
-0.28 0.351404
-0.27 0.349216
-0.26 0.347036
-0.25 0.344886
-0.24 0.342778
-0.23 0.340717
-0.22 0.338708
-0.21 0.336753
-0.2 0.334859
-0.19 0.333028
-0.18 0.331266
-0.17 0.329576
-0.16 0.327961
-0.15 0.326425
-0.14 0.324972
-0.13 0.323605
-0.12 0.322327
-0.11 0.321141
-0.1 0.320049
-0.09 0.319053
-0.08 0.318157
-0.07 0.317361
-0.06 0.316667
-0.05 0.316078
-0.04 0.315594
-0.03 0.315217
-0.02 0.314947
-0.01 0.314784
0 0.31473
0.01 0.314784
0.02 0.314947
0.03 0.315217
0.04 0.315594
0.05 0.316078
0.06 0.316667
0.07 0.317361
0.08 0.318157
0.09 0.319053
0.1 0.320049
0.11 0.321141
0.12 0.322327
0.13 0.323605
0.14 0.324972
0.15 0.326425
0.16 0.327961
0.17 0.329576
0.18 0.331266
0.19 0.333028
0.2 0.334859
0.21 0.336753
0.22 0.338708
0.23 0.340717
0.24 0.342778
0.25 0.344886
0.26 0.347036
0.27 0.349216
0.28 0.351404
0.29 0.353584
0.3 0.355828
0.31 0.358432
0.32 0.361989
0.33 0.36714
0.34 0.373957
0.35 0.381524
0.36 0.388516
0.37 0.394551
0.38 0.400605
0.39 0.407512
0.4 0.414602
0.41 0.420904
0.42 0.426958
0.43 0.433708
0.44 0.440524
0.45 0.446594
0.46 0.452757
0.47 0.459493
0.48 0.465758
0.49 0.471615
0.5 0.478037
0.51 0.484318
0.52 0.490002
0.53 0.496127
0.54 0.502257
0.55 0.507758
0.56 0.513649
0.57 0.519518
0.58 0.524794
0.59 0.530495
0.6 0.536004
0.61 0.541051
0.62 0.546559
0.63 0.551611
0.64 0.556497
0.65 0.561709
0.66 0.566276
0.67 0.571086
0.68 0.575785
0.69 0.580027
0.7 0.58467
0.71 0.588719
0.72 0.592894
0.73 0.597001
0.74 0.600652
0.75 0.604663
0.76 0.60804
0.77 0.611669
0.78 0.614984
0.79 0.618107
0.8 0.621359
0.81 0.624052
0.82 0.627099
0.83 0.62951
0.84 0.632203
0.85 0.634438
0.86 0.636701
0.87 0.638786
0.88 0.640616
0.89 0.642522
0.9 0.643955
0.91 0.645631
0.92 0.646711
0.93 0.648112
0.94 0.648872
0.95 0.649969
0.96 0.650424
0.97 0.651205
0.98 0.651359
0.99 0.651823
