-1 0.611225
-0.99 0.611226
-0.98 0.611002
-0.97 0.610758
-0.96 0.610334
-0.95 0.609822
-0.94 0.60922
-0.93 0.608419
-0.92 0.60766
-0.91 0.606553
-0.9 0.605647
-0.89 0.604235
-0.88 0.603168
-0.87 0.601484
-0.86 0.600203
-0.85 0.598323
-0.84 0.596735
-0.83 0.594761
-0.82 0.592773
-0.81 0.590776
-0.8 0.588367
-0.79 0.586302
-0.78 0.583599
-0.77 0.581271
-0.76 0.578509
-0.75 0.575705
-0.74 0.573014
-0.73 0.569761
-0.72 0.566942
-0.71 0.563585
-0.7 0.560263
-0.69 0.557061
-0.68 0.553254
-0.67 0.549882
-0.66 0.546121
-0.65 0.542121
-0.64 0.538518
-0.63 0.534271
-0.62 0.530146
-0.61 0.52621
-0.6 0.521594
-0.59 0.517301
-0.58 0.513047
-0.57 0.508128
-0.56 0.503595
-0.55 0.499108
-0.54 0.49392
-0.53 0.489059
-0.52 0.484435
-0.51 0.479071
-0.5 0.473752
-0.49 0.468989
-0.48 0.463702
-0.47 0.457886
-0.46 0.452653
-0.45 0.447683
-0.44 0.441911
-0.43 0.435772
-0.42 0.430371
-0.41 0.425412
-0.4 0.419694
-0.39 0.413043
-0.38 0.406643
-0.37 0.401702
-0.36 0.398455
-0.35 0.396344
-0.34 0.394696
-0.33 0.393122
-0.32 0.391504
-0.31 0.389846
-0.3 0.388172
-0.29 0.386497
-0.28 0.384827
-0.27 0.383165
-0.26 0.381518
-0.25 0.379888
-0.24 0.378281
-0.23 0.376702
-0.22 0.375154
-0.21 0.373642
-0.2 0.37217
-0.19 0.370742
-0.18 0.369363
-0.17 0.368035
-0.16 0.366763
-0.15 0.36555
-0.14 0.364399
-0.13 0.363314
-0.12 0.362297
-0.11 0.361351
-0.1 0.360478
-0.09 0.359681
-0.08 0.358963
-0.07 0.358324
-0.06 0.357767
-0.05 0.357293
-0.04 0.356904
-0.03 0.3566
-0.02 0.356382
-0.01 0.356251
0 0.356208
0.01 0.356251
0.02 0.356382
0.03 0.3566
0.04 0.356904
0.05 0.357293
0.06 0.357767
0.07 0.358324
0.08 0.358963
0.09 0.359681
0.1 0.360478
0.11 0.361351
0.12 0.362297
0.13 0.363314
0.14 0.364399
0.15 0.36555
0.16 0.366763
0.17 0.368035
0.18 0.369363
0.19 0.370742
0.2 0.37217
0.21 0.373642
0.22 0.375154
0.23 0.376702
0.24 0.378281
0.25 0.379888
0.26 0.381518
0.27 0.383165
0.28 0.384827
0.29 0.386497
0.3 0.388172
0.31 0.389846
0.32 0.391504
0.33 0.393122
0.34 0.394696
0.35 0.396344
0.36 0.398455
0.37 0.401702
0.38 0.406643
0.39 0.413043
0.4 0.419694
0.41 0.425412
0.42 0.430371
0.43 0.435772
0.44 0.441911
0.45 0.447683
0.46 0.452653
0.47 0.457886
0.48 0.463702
0.49 0.468989
0.5 0.473752
0.51 0.479071
0.52 0.484435
0.53 0.489059
0.54 0.49392
0.55 0.499108
0.56 0.503595
0.57 0.508128
0.58 0.513047
0.59 0.517301
0.6 0.521594
0.61 0.52621
0.62 0.530146
0.63 0.534271
0.64 0.538518
0.65 0.542121
0.66 0.546121
0.67 0.549882
0.68 0.553254
0.69 0.557061
0.7 0.560263
0.71 0.563585
0.72 0.566942
0.73 0.569761
0.74 0.573014
0.75 0.575705
0.76 0.578509
0.77 0.581271
0.78 0.583599
0.79 0.586302
0.8 0.588367
0.81 0.590776
0.82 0.592773
0.83 0.594761
0.84 0.596735
0.85 0.598323
0.86 0.600203
0.87 0.601484
0.88 0.603168
0.89 0.604235
0.9 0.605647
0.91 0.606553
0.92 0.60766
0.93 0.608419
0.94 0.60922
0.95 0.609822
0.96 0.610334
0.97 0.610758
0.98 0.611002
0.99 0.611226
