-1 0.775999
-0.99 0.775796
-0.98 0.775417
-0.97 0.774619
-0.96 0.773671
-0.95 0.772269
-0.94 0.77077
-0.93 0.768758
-0.92 0.766724
-0.91 0.764106
-0.9 0.761548
-0.89 0.758337
-0.88 0.75526
-0.87 0.751485
-0.86 0.747879
-0.85 0.743588
-0.84 0.739429
-0.83 0.734688
-0.82 0.729945
-0.81 0.724823
-0.8 0.719475
-0.79 0.714019
-0.78 0.708087
-0.77 0.702295
-0.76 0.695864
-0.75 0.689667
-0.74 0.682882
-0.73 0.676177
-0.72 0.669184
-0.71 0.66192
-0.7 0.654763
-0.69 0.647033
-0.68 0.639597
-0.67 0.631633
-0.66 0.623735
-0.65 0.615736
-0.64 0.607342
-0.63 0.599259
-0.62 0.59062
-0.61 0.582183
-0.6 0.573612
-0.59 0.564707
-0.58 0.556164
-0.57 0.54711
-0.56 0.538226
-0.55 0.529384
-0.54 0.520109
-0.53 0.511267
-0.52 0.502102
-0.51 0.49284
-0.5 0.483962
-0.49 0.474597
-0.48 0.465454
-0.47 0.45651
-0.46 0.447095
-0.45 0.438094
-0.44 0.429133
-0.43 0.419773
-0.42 0.410919
-0.41 0.402032
-0.4 0.392787
-0.39 0.384088
-0.38 0.375382
-0.37 0.366294
-0.36 0.357742
-0.35 0.349329
-0.34 0.340458
-0.33 0.33201
-0.32 0.323964
-0.31 0.315451
-0.3 0.307043
-0.29 0.299308
-0.28 0.291386
-0.27 0.283095
-0.26 0.275387
-0.25 0.268147
-0.24 0.260439
-0.23 0.252567
-0.22 0.245449
-0.21 0.238748
-0.2 0.231521
-0.19 0.223986
-0.18 0.217159
-0.17 0.211148
-0.16 0.204968
-0.15 0.197976
-0.14 0.190756
-0.13 0.184515
-0.12 0.180001
-0.11 0.177118
-0.1 0.17529
-0.09 0.173965
-0.08 0.17284
-0.07 0.171822
-0.06 0.170915
-0.05 0.170137
-0.04 0.169499
-0.03 0.169001
-0.02 0.168646
-0.01 0.168433
0 0.168362
0.01 0.168433
0.02 0.168646
0.03 0.169001
0.04 0.169499
0.05 0.170137
0.06 0.170915
0.07 0.171822
0.08 0.17284
0.09 0.173965
0.1 0.17529
0.11 0.177118
0.12 0.180001
0.13 0.184515
0.14 0.190756
0.15 0.197976
0.16 0.204968
0.17 0.211148
0.18 0.217159
0.19 0.223986
0.2 0.231521
0.21 0.238748
0.22 0.245449
0.23 0.252567
0.24 0.260439
0.25 0.268147
0.26 0.275387
0.27 0.283095
0.28 0.291386
0.29 0.299308
0.3 0.307043
0.31 0.315451
0.32 0.323964
0.33 0.33201
0.34 0.340458
0.35 0.349329
0.36 0.357742
0.37 0.366294
0.38 0.375382
0.39 0.384088
0.4 0.392787
0.41 0.402032
0.42 0.410919
0.43 0.419773
0.44 0.429133
0.45 0.438094
0.46 0.447095
0.47 0.45651
0.48 0.465454
0.49 0.474597
0.5 0.483962
0.51 0.49284
0.52 0.502102
0.53 0.511267
0.54 0.520109
0.55 0.529384
0.56 0.538226
0.57 0.54711
0.58 0.556164
0.59 0.564707
0.6 0.573612
0.61 0.582183
0.62 0.59062
0.63 0.599259
0.64 0.607342
0.65 0.615736
0.66 0.623735
0.67 0.631633
0.68 0.639597
0.69 0.647033
0.7 0.654763
0.71 0.66192
0.72 0.669184
0.73 0.676177
0.74 0.682882
0.75 0.689667
0.76 0.695864
0.77 0.702295
0.78 0.708087
0.79 0.714019
0.8 0.719475
0.81 0.724823
0.82 0.729945
0.83 0.734688
0.84 0.739429
0.85 0.743588
0.86 0.747879
0.87 0.751485
0.88 0.75526
0.89 0.758337
0.9 0.761548
0.91 0.764106
0.92 0.766724
0.93 0.768758
0.94 0.77077
0.95 0.772269
0.96 0.773671
0.97 0.774619
0.98 0.775417
0.99 0.775796
