-1 0.119796
-0.99 0.120655
-0.98 0.119623
-0.97 0.122085
-0.96 0.126755
-0.95 0.131727
-0.94 0.136791
-0.93 0.141988
-0.92 0.147324
-0.91 0.1528
-0.9 0.158416
-0.89 0.164173
-0.88 0.170071
-0.87 0.176111
-0.86 0.182293
-0.85 0.188616
-0.84 0.195081
-0.83 0.201687
-0.82 0.208434
-0.81 0.21532
-0.8 0.222346
-0.79 0.229509
-0.78 0.236808
-0.77 0.244242
-0.76 0.251809
-0.75 0.259507
-0.74 0.267333
-0.73 0.275286
-0.72 0.283362
-0.71 0.291559
-0.7 0.299874
-0.69 0.308302
-0.68 0.316841
-0.67 0.325487
-0.66 0.334235
-0.65 0.343081
-0.64 0.352022
-0.63 0.361051
-0.62 0.370164
-0.61 0.379356
-0.6 0.388621
-0.59 0.397953
-0.58 0.407347
-0.57 0.416797
-0.56 0.426296
-0.55 0.435837
-0.54 0.445415
-0.53 0.455021
-0.52 0.464649
-0.51 0.474291
-0.5 0.483941
-0.49 0.49359
-0.48 0.503231
-0.47 0.512855
-0.46 0.522455
-0.45 0.532023
-0.44 0.54155
-0.43 0.551027
-0.42 0.560447
-0.41 0.5698
-0.4 0.579079
-0.39 0.588274
-0.38 0.597377
-0.37 0.606378
-0.36 0.61527
-0.35 0.624044
-0.34 0.63269
-0.33 0.6412
-0.32 0.649565
-0.31 0.657777
-0.3 0.665828
-0.29 0.673708
-0.28 0.681409
-0.27 0.688924
-0.26 0.696244
-0.25 0.703361
-0.24 0.710268
-0.23 0.716956
-0.22 0.723419
-0.21 0.729649
-0.2 0.735639
-0.19 0.741382
-0.18 0.746873
-0.17 0.752104
-0.16 0.75707
-0.15 0.761764
-0.14 0.766182
-0.13 0.770319
-0.12 0.774169
-0.11 0.777728
-0.1 0.780991
-0.09 0.783956
-0.08 0.786618
-0.07 0.788975
-0.06 0.791023
-0.05 0.79276
-0.04 0.794184
-0.03 0.795293
-0.02 0.796087
-0.01 0.796563
0 0.796722
0.01 0.796563
0.02 0.796087
0.03 0.795293
0.04 0.794184
0.05 0.79276
0.06 0.791023
0.07 0.788975
0.08 0.786618
0.09 0.783956
0.1 0.780991
0.11 0.777728
0.12 0.774169
0.13 0.770319
0.14 0.766182
0.15 0.761764
0.16 0.75707
0.17 0.752104
0.18 0.746873
0.19 0.741382
0.2 0.735639
0.21 0.729649
0.22 0.723419
0.23 0.716956
0.24 0.710268
0.25 0.703361
0.26 0.696244
0.27 0.688924
0.28 0.681409
0.29 0.673708
0.3 0.665828
0.31 0.657777
0.32 0.649565
0.33 0.6412
0.34 0.63269
0.35 0.624044
0.36 0.61527
0.37 0.606378
0.38 0.597377
0.39 0.588274
0.4 0.579079
0.41 0.5698
0.42 0.560447
0.43 0.551027
0.44 0.54155
0.45 0.532023
0.46 0.522455
0.47 0.512855
0.48 0.503231
0.49 0.49359
0.5 0.483941
0.51 0.474291
0.52 0.464649
0.53 0.455021
0.54 0.445415
0.55 0.435837
0.56 0.426296
0.57 0.416797
0.58 0.407347
0.59 0.397953
0.6 0.388621
0.61 0.379356
0.62 0.370164
0.63 0.361051
0.64 0.352022
0.65 0.343081
0.66 0.334235
0.67 0.325487
0.68 0.316841
0.69 0.308302
0.7 0.299874
0.71 0.291559
0.72 0.283362
0.73 0.275286
0.74 0.267333
0.75 0.259507
0.76 0.251809
0.77 0.244242
0.78 0.236808
0.79 0.229509
0.8 0.222346
0.81 0.21532
0.82 0.208434
0.83 0.201687
0.84 0.195081
0.85 0.188616
0.86 0.182293
0.87 0.176111
0.88 0.170071
0.89 0.164173
0.9 0.158416
0.91 0.1528
0.92 0.147324
0.93 0.141988
0.94 0.136791
0.95 0.131727
0.96 0.126755
0.97 0.122085
0.98 0.119623
0.99 0.120655
