-1 0.4072
-0.99 0.407111
-0.98 0.407322
-0.97 0.407316
-0.96 0.407685
-0.95 0.407728
-0.94 0.408276
-0.93 0.408352
-0.92 0.409067
-0.91 0.409204
-0.9 0.410016
-0.89 0.410306
-0.88 0.411074
-0.87 0.411658
-0.86 0.412241
-0.85 0.413181
-0.84 0.413602
-0.83 0.414711
-0.82 0.415275
-0.81 0.416149
-0.8 0.417175
-0.79 0.417697
-0.78 0.41892
-0.77 0.419655
-0.76 0.420399
-0.75 0.42167
-0.74 0.422227
-0.73 0.423133
-0.72 0.42436
-0.71 0.424819
-0.7 0.425698
-0.69 0.426938
-0.68 0.427349
-0.67 0.427933
-0.66 0.429214
-0.65 0.429836
-0.64 0.429872
-0.63 0.430694
-0.62 0.431966
-0.61 0.432271
-0.6 0.431738
-0.59 0.431956
-0.58 0.433992
-0.57 0.437594
-0.56 0.441931
-0.55 0.446394
-0.54 0.450764
-0.53 0.455022
-0.52 0.459188
-0.51 0.463272
-0.5 0.467275
-0.49 0.471195
-0.48 0.47503
-0.47 0.47878
-0.46 0.482444
-0.45 0.486021
-0.44 0.48951
-0.43 0.492912
-0.42 0.496225
-0.41 0.499449
-0.4 0.502584
-0.39 0.505631
-0.38 0.508589
-0.37 0.511457
-0.36 0.514238
-0.35 0.516929
-0.34 0.519533
-0.33 0.522049
-0.32 0.524478
-0.31 0.52682
-0.3 0.529077
-0.29 0.531248
-0.28 0.533334
-0.27 0.535336
-0.26 0.537255
-0.25 0.539092
-0.24 0.540848
-0.23 0.542522
-0.22 0.544118
-0.21 0.545634
-0.2 0.547072
-0.19 0.548433
-0.18 0.549719
-0.17 0.550928
-0.16 0.552064
-0.15 0.553126
-0.14 0.554115
-0.13 0.555032
-0.12 0.555878
-0.11 0.556654
-0.1 0.557359
-0.09 0.557996
-0.08 0.558564
-0.07 0.559063
-0.06 0.559496
-0.05 0.559861
-0.04 0.560159
-0.03 0.56039
-0.02 0.560556
-0.01 0.560655
0 0.560688
0.01 0.560655
0.02 0.560556
0.03 0.56039
0.04 0.560159
0.05 0.559861
0.06 0.559496
0.07 0.559063
0.08 0.558564
0.09 0.557996
0.1 0.557359
0.11 0.556654
0.12 0.555878
0.13 0.555032
0.14 0.554115
0.15 0.553126
0.16 0.552064
0.17 0.550928
0.18 0.549719
0.19 0.548433
0.2 0.547072
0.21 0.545634
0.22 0.544118
0.23 0.542522
0.24 0.540848
0.25 0.539092
0.26 0.537255
0.27 0.535336
0.28 0.533334
0.29 0.531248
0.3 0.529077
0.31 0.52682
0.32 0.524478
0.33 0.522049
0.34 0.519533
0.35 0.516929
0.36 0.514238
0.37 0.511457
0.38 0.508589
0.39 0.505631
0.4 0.502584
0.41 0.499449
0.42 0.496225
0.43 0.492912
0.44 0.48951
0.45 0.486021
0.46 0.482444
0.47 0.47878
0.48 0.47503
0.49 0.471195
0.5 0.467275
0.51 0.463272
0.52 0.459188
0.53 0.455022
0.54 0.450764
0.55 0.446394
0.56 0.441931
0.57 0.437594
0.58 0.433992
0.59 0.431956
0.6 0.431738
0.61 0.432271
0.62 0.431966
0.63 0.430694
0.64 0.429872
0.65 0.429836
0.66 0.429214
0.67 0.427933
0.68 0.427349
0.69 0.426938
0.7 0.425698
0.71 0.424819
0.72 0.42436
0.73 0.423133
0.74 0.422227
0.75 0.42167
0.76 0.420399
0.77 0.419655
0.78 0.41892
0.79 0.417697
0.8 0.417175
0.81 0.416149
0.82 0.415275
0.83 0.414711
0.84 0.413602
0.85 0.413181
0.86 0.412241
0.87 0.411658
0.88 0.411074
0.89 0.410306
0.9 0.410016
0.91 0.409204
0.92 0.409067
0.93 0.408352
0.94 0.408276
0.95 0.407728
0.96 0.407685
0.97 0.407316
0.98 0.407322
0.99 0.407111
