-1 0.797268
-0.99 0.797309
-0.98 0.79663
-0.97 0.796037
-0.96 0.794722
-0.95 0.793498
-0.94 0.791552
-0.93 0.789703
-0.92 0.78714
-0.91 0.784667
-0.9 0.781509
-0.89 0.77841
-0.88 0.774689
-0.87 0.770958
-0.86 0.766715
-0.85 0.762345
-0.84 0.757624
-0.83 0.752615
-0.82 0.747451
-0.81 0.741822
-0.8 0.736232
-0.79 0.730032
-0.78 0.723998
-0.77 0.717316
-0.76 0.71079
-0.75 0.703739
-0.74 0.696668
-0.73 0.689348
-0.72 0.681721
-0.71 0.674166
-0.7 0.666063
-0.69 0.658209
-0.68 0.649799
-0.67 0.641524
-0.66 0.632988
-0.65 0.624228
-0.64 0.615618
-0.63 0.606487
-0.62 0.597668
-0.61 0.588428
-0.6 0.579214
-0.59 0.570044
-0.58 0.560461
-0.57 0.551247
-0.56 0.541604
-0.55 0.53207
-0.54 0.522623
-0.53 0.512778
-0.52 0.503353
-0.51 0.493599
-0.5 0.483859
-0.49 0.474407
-0.48 0.464512
-0.47 0.454993
-0.46 0.445441
-0.45 0.435626
-0.44 0.426308
-0.43 0.416708
-0.42 0.407116
-0.41 0.397968
-0.4 0.388431
-0.39 0.379123
-0.38 0.370157
-0.37 0.360788
-0.36 0.351782
-0.35 0.34305
-0.34 0.333927
-0.33 0.32522
-0.32 0.316795
-0.31 0.307976
-0.3 0.299552
-0.29 0.291505
-0.28 0.283058
-0.27 0.274884
-0.26 0.26725
-0.25 0.259285
-0.24 0.25133
-0.23 0.244056
-0.22 0.236716
-0.21 0.229049
-0.2 0.221949
-0.19 0.215282
-0.18 0.208197
-0.17 0.201121
-0.16 0.194799
-0.15 0.18864
-0.14 0.181977
-0.13 0.175471
-0.12 0.169785
-0.11 0.164293
-0.1 0.15823
-0.09 0.152065
-0.08 0.146718
-0.07 0.142088
-0.06 0.137189
-0.05 0.131512
-0.04 0.125698
-0.03 0.120889
-0.02 0.117752
-0.01 0.116188
0 0.115744
0.01 0.116188
0.02 0.117752
0.03 0.120889
0.04 0.125698
0.05 0.131512
0.06 0.137189
0.07 0.142088
0.08 0.146718
0.09 0.152065
0.1 0.15823
0.11 0.164293
0.12 0.169785
0.13 0.175471
0.14 0.181977
0.15 0.18864
0.16 0.194799
0.17 0.201121
0.18 0.208197
0.19 0.215282
0.2 0.221949
0.21 0.229049
0.22 0.236716
0.23 0.244056
0.24 0.25133
0.25 0.259285
0.26 0.26725
0.27 0.274884
0.28 0.283058
0.29 0.291505
0.3 0.299552
0.31 0.307976
0.32 0.316795
0.33 0.32522
0.34 0.333927
0.35 0.34305
0.36 0.351782
0.37 0.360788
0.38 0.370157
0.39 0.379123
0.4 0.388431
0.41 0.397968
0.42 0.407116
0.43 0.416708
0.44 0.426308
0.45 0.435626
0.46 0.445441
0.47 0.454993
0.48 0.464512
0.49 0.474407
0.5 0.483859
0.51 0.493599
0.52 0.503353
0.53 0.512778
0.54 0.522623
0.55 0.53207
0.56 0.541604
0.57 0.551247
0.58 0.560461
0.59 0.570044
0.6 0.579214
0.61 0.588428
0.62 0.597668
0.63 0.606487
0.64 0.615618
0.65 0.624228
0.66 0.632988
0.67 0.641524
0.68 0.649799
0.69 0.658209
0.7 0.666063
0.71 0.674166
0.72 0.681721
0.73 0.689348
0.74 0.696668
0.75 0.703739
0.76 0.71079
0.77 0.717316
0.78 0.723998
0.79 0.730032
0.8 0.736232
0.81 0.741822
0.82 0.747451
0.83 0.752615
0.84 0.757624
0.85 0.762345
0.86 0.766715
0.87 0.770958
0.88 0.774689
0.89 0.77841
0.9 0.781509
0.91 0.784667
0.92 0.78714
0.93 0.789703
0.94 0.791552
0.95 0.793498
0.96 0.794722
0.97 0.796037
0.98 0.79663
0.99 0.797309
