-1 0.183468
-0.99 0.183907
-0.98 0.18379
-0.97 0.184391
-0.96 0.184791
-0.95 0.185307
-0.94 0.186467
-0.93 0.186796
-0.92 0.188426
-0.91 0.189424
-0.9 0.190298
-0.89 0.192563
-0.88 0.194012
-0.87 0.194731
-0.86 0.197314
-0.85 0.202362
-0.84 0.208655
-0.83 0.215262
-0.82 0.22195
-0.81 0.228736
-0.8 0.23564
-0.79 0.242661
-0.78 0.249799
-0.77 0.257052
-0.76 0.264416
-0.75 0.271889
-0.74 0.27947
-0.73 0.287155
-0.72 0.294942
-0.71 0.302827
-0.7 0.310807
-0.69 0.318879
-0.68 0.327038
-0.67 0.335282
-0.66 0.343606
-0.65 0.352006
-0.64 0.360477
-0.63 0.369015
-0.62 0.377615
-0.61 0.386272
-0.6 0.394981
-0.59 0.403737
-0.58 0.412534
-0.57 0.421366
-0.56 0.430228
-0.55 0.439113
-0.54 0.448016
-0.53 0.456931
-0.52 0.46585
-0.51 0.474768
-0.5 0.483677
-0.49 0.492572
-0.48 0.501445
-0.47 0.510289
-0.46 0.519096
-0.45 0.527861
-0.44 0.536576
-0.43 0.545233
-0.42 0.553826
-0.41 0.562346
-0.4 0.570787
-0.39 0.57914
-0.38 0.587399
-0.37 0.595557
-0.36 0.603605
-0.35 0.611536
-0.34 0.619343
-0.33 0.627019
-0.32 0.634556
-0.31 0.641947
-0.3 0.649185
-0.29 0.656263
-0.28 0.663174
-0.27 0.669911
-0.26 0.676467
-0.25 0.682837
-0.24 0.689012
-0.23 0.694988
-0.22 0.700758
-0.21 0.706316
-0.2 0.711657
-0.19 0.716774
-0.18 0.721662
-0.17 0.726317
-0.16 0.730733
-0.15 0.734906
-0.14 0.738831
-0.13 0.742504
-0.12 0.745921
-0.11 0.749079
-0.1 0.751973
-0.09 0.754602
-0.08 0.756962
-0.07 0.75905
-0.06 0.760864
-0.05 0.762403
-0.04 0.763664
-0.03 0.764646
-0.02 0.765349
-0.01 0.76577
0 0.765911
0.01 0.76577
0.02 0.765349
0.03 0.764646
0.04 0.763664
0.05 0.762403
0.06 0.760864
0.07 0.75905
0.08 0.756962
0.09 0.754602
0.1 0.751973
0.11 0.749079
0.12 0.745921
0.13 0.742504
0.14 0.738831
0.15 0.734906
0.16 0.730733
0.17 0.726317
0.18 0.721662
0.19 0.716774
0.2 0.711657
0.21 0.706316
0.22 0.700758
0.23 0.694988
0.24 0.689012
0.25 0.682837
0.26 0.676467
0.27 0.669911
0.28 0.663174
0.29 0.656263
0.3 0.649185
0.31 0.641947
0.32 0.634556
0.33 0.627019
0.34 0.619343
0.35 0.611536
0.36 0.603605
0.37 0.595557
0.38 0.587399
0.39 0.57914
0.4 0.570787
0.41 0.562346
0.42 0.553826
0.43 0.545233
0.44 0.536576
0.45 0.527861
0.46 0.519096
0.47 0.510289
0.48 0.501445
0.49 0.492572
0.5 0.483677
0.51 0.474768
0.52 0.46585
0.53 0.456931
0.54 0.448016
0.55 0.439113
0.56 0.430228
0.57 0.421366
0.58 0.412534
0.59 0.403737
0.6 0.394981
0.61 0.386272
0.62 0.377615
0.63 0.369015
0.64 0.360477
0.65 0.352006
0.66 0.343606
0.67 0.335282
0.68 0.327038
0.69 0.318879
0.7 0.310807
0.71 0.302827
0.72 0.294942
0.73 0.287155
0.74 0.27947
0.75 0.271889
0.76 0.264416
0.77 0.257052
0.78 0.249799
0.79 0.242661
0.8 0.23564
0.81 0.228736
0.82 0.22195
0.83 0.215262
0.84 0.208655
0.85 0.202362
0.86 0.197314
0.87 0.194731
0.88 0.194012
0.89 0.192563
0.9 0.190298
0.91 0.189424
0.92 0.188426
0.93 0.186796
0.94 0.186467
0.95 0.185307
0.96 0.184791
0.97 0.184391
0.98 0.18379
0.99 0.183907
