-1 0.168943
-0.99 0.169024
-0.98 0.169296
-0.97 0.169455
-0.96 0.170341
-0.95 0.170394
-0.94 0.17183
-0.93 0.172314
-0.92 0.173202
-0.91 0.175212
-0.9 0.175908
-0.89 0.176696
-0.88 0.18001
-0.87 0.185453
-0.86 0.191657
-0.85 0.19801
-0.84 0.204454
-0.83 0.211017
-0.82 0.217709
-0.81 0.224528
-0.8 0.231472
-0.79 0.23854
-0.78 0.245731
-0.77 0.253043
-0.76 0.260473
-0.75 0.268019
-0.74 0.275679
-0.73 0.28345
-0.72 0.29133
-0.71 0.299315
-0.7 0.307402
-0.69 0.315587
-0.68 0.323868
-0.67 0.33224
-0.66 0.340699
-0.65 0.349241
-0.64 0.357861
-0.63 0.366555
-0.62 0.375317
-0.61 0.384144
-0.6 0.393029
-0.59 0.401967
-0.58 0.410952
-0.57 0.41998
-0.56 0.429043
-0.55 0.438135
-0.54 0.447251
-0.53 0.456383
-0.52 0.465526
-0.51 0.474672
-0.5 0.483814
-0.49 0.492946
-0.48 0.50206
-0.47 0.511149
-0.46 0.520206
-0.45 0.529223
-0.44 0.538192
-0.43 0.547107
-0.42 0.555959
-0.41 0.56474
-0.4 0.573444
-0.39 0.582061
-0.38 0.590584
-0.37 0.599006
-0.36 0.607318
-0.35 0.615513
-0.34 0.623583
-0.33 0.631519
-0.32 0.639315
-0.31 0.646963
-0.3 0.654455
-0.29 0.661784
-0.28 0.668942
-0.27 0.675922
-0.26 0.682717
-0.25 0.68932
-0.24 0.695724
-0.23 0.701922
-0.22 0.707909
-0.21 0.713676
-0.2 0.71922
-0.19 0.724532
-0.18 0.729608
-0.17 0.734443
-0.16 0.739031
-0.15 0.743366
-0.14 0.747445
-0.13 0.751263
-0.12 0.754815
-0.11 0.758098
-0.1 0.761107
-0.09 0.763841
-0.08 0.766295
-0.07 0.768466
-0.06 0.770354
-0.05 0.771954
-0.04 0.773266
-0.03 0.774288
-0.02 0.775019
-0.01 0.775458
0 0.775604
0.01 0.775458
0.02 0.775019
0.03 0.774288
0.04 0.773266
0.05 0.771954
0.06 0.770354
0.07 0.768466
0.08 0.766295
0.09 0.763841
0.1 0.761107
0.11 0.758098
0.12 0.754815
0.13 0.751263
0.14 0.747445
0.15 0.743366
0.16 0.739031
0.17 0.734443
0.18 0.729608
0.19 0.724532
0.2 0.71922
0.21 0.713676
0.22 0.707909
0.23 0.701922
0.24 0.695724
0.25 0.68932
0.26 0.682717
0.27 0.675922
0.28 0.668942
0.29 0.661784
0.3 0.654455
0.31 0.646963
0.32 0.639315
0.33 0.631519
0.34 0.623583
0.35 0.615513
0.36 0.607318
0.37 0.599006
0.38 0.590584
0.39 0.582061
0.4 0.573444
0.41 0.56474
0.42 0.555959
0.43 0.547107
0.44 0.538192
0.45 0.529223
0.46 0.520206
0.47 0.511149
0.48 0.50206
0.49 0.492946
0.5 0.483814
0.51 0.474672
0.52 0.465526
0.53 0.456383
0.54 0.447251
0.55 0.438135
0.56 0.429043
0.57 0.41998
0.58 0.410952
0.59 0.401967
0.6 0.393029
0.61 0.384144
0.62 0.375317
0.63 0.366555
0.64 0.357861
0.65 0.349241
0.66 0.340699
0.67 0.33224
0.68 0.323868
0.69 0.315587
0.7 0.307402
0.71 0.299315
0.72 0.29133
0.73 0.28345
0.74 0.275679
0.75 0.268019
0.76 0.260473
0.77 0.253043
0.78 0.245731
0.79 0.23854
0.8 0.231472
0.81 0.224528
0.82 0.217709
0.83 0.211017
0.84 0.204454
0.85 0.19801
0.86 0.191657
0.87 0.185453
0.88 0.18001
0.89 0.176696
0.9 0.175908
0.91 0.175212
0.92 0.173202
0.93 0.172314
0.94 0.17183
0.95 0.170394
0.96 0.170341
0.97 0.169455
0.98 0.169296
0.99 0.169024
