-1 0.441562
-0.99 0.441379
-0.98 0.44162
-0.97 0.441523
-0.96 0.441791
-0.95 0.44181
-0.94 0.442064
-0.93 0.44224
-0.92 0.442431
-0.91 0.442799
-0.9 0.442894
-0.89 0.443451
-0.88 0.443477
-0.87 0.444134
-0.86 0.444218
-0.85 0.444785
-0.84 0.445117
-0.83 0.445411
-0.82 0.446064
-0.81 0.446144
-0.8 0.446855
-0.79 0.447103
-0.78 0.447441
-0.77 0.448106
-0.76 0.44813
-0.75 0.448737
-0.74 0.449115
-0.73 0.449133
-0.72 0.449803
-0.71 0.449927
-0.7 0.449929
-0.69 0.450545
-0.68 0.450513
-0.67 0.450352
-0.66 0.450867
-0.65 0.450823
-0.64 0.450321
-0.63 0.450561
-0.62 0.450756
-0.61 0.450011
-0.6 0.449421
-0.59 0.449695
-0.58 0.44967
-0.57 0.448467
-0.56 0.447054
-0.55 0.446962
-0.54 0.44867
-0.53 0.451593
-0.52 0.454949
-0.51 0.458301
-0.5 0.46153
-0.49 0.464642
-0.48 0.467658
-0.47 0.470585
-0.46 0.473422
-0.45 0.476171
-0.44 0.478831
-0.43 0.481402
-0.42 0.483885
-0.41 0.486281
-0.4 0.488591
-0.39 0.490816
-0.38 0.492956
-0.37 0.495012
-0.36 0.496987
-0.35 0.498881
-0.34 0.500695
-0.33 0.502432
-0.32 0.504092
-0.31 0.505676
-0.3 0.507188
-0.29 0.508628
-0.28 0.509997
-0.27 0.511299
-0.26 0.512533
-0.25 0.513703
-0.24 0.514809
-0.23 0.515854
-0.22 0.51684
-0.21 0.517767
-0.2 0.518638
-0.19 0.519454
-0.18 0.520218
-0.17 0.52093
-0.16 0.521592
-0.15 0.522206
-0.14 0.522773
-0.13 0.523295
-0.12 0.523772
-0.11 0.524207
-0.1 0.5246
-0.09 0.524952
-0.08 0.525264
-0.07 0.525537
-0.06 0.525772
-0.05 0.52597
-0.04 0.526131
-0.03 0.526256
-0.02 0.526345
-0.01 0.526398
0 0.526416
0.01 0.526398
0.02 0.526345
0.03 0.526256
0.04 0.526131
0.05 0.52597
0.06 0.525772
0.07 0.525537
0.08 0.525264
0.09 0.524952
0.1 0.5246
0.11 0.524207
0.12 0.523772
0.13 0.523295
0.14 0.522773
0.15 0.522206
0.16 0.521592
0.17 0.52093
0.18 0.520218
0.19 0.519454
0.2 0.518638
0.21 0.517767
0.22 0.51684
0.23 0.515854
0.24 0.514809
0.25 0.513703
0.26 0.512533
0.27 0.511299
0.28 0.509997
0.29 0.508628
0.3 0.507188
0.31 0.505676
0.32 0.504092
0.33 0.502432
0.34 0.500695
0.35 0.498881
0.36 0.496987
0.37 0.495012
0.38 0.492956
0.39 0.490816
0.4 0.488591
0.41 0.486281
0.42 0.483885
0.43 0.481402
0.44 0.478831
0.45 0.476171
0.46 0.473422
0.47 0.470585
0.48 0.467658
0.49 0.464642
0.5 0.46153
0.51 0.458301
0.52 0.454949
0.53 0.451593
0.54 0.44867
0.55 0.446962
0.56 0.447054
0.57 0.448467
0.58 0.44967
0.59 0.449695
0.6 0.449421
0.61 0.450011
0.62 0.450756
0.63 0.450561
0.64 0.450321
0.65 0.450823
0.66 0.450867
0.67 0.450352
0.68 0.450513
0.69 0.450545
0.7 0.449929
0.71 0.449927
0.72 0.449803
0.73 0.449133
0.74 0.449115
0.75 0.448737
0.76 0.44813
0.77 0.448106
0.78 0.447441
0.79 0.447103
0.8 0.446855
0.81 0.446144
0.82 0.446064
0.83 0.445411
0.84 0.445117
0.85 0.444785
0.86 0.444218
0.87 0.444134
0.88 0.443477
0.89 0.443451
0.9 0.442894
0.91 0.442799
0.92 0.442431
0.93 0.44224
0.94 0.442064
0.95 0.44181
0.96 0.441791
0.97 0.441523
0.98 0.44162
0.99 0.441379
