-1 0.770157
-0.99 0.770002
-0.98 0.769581
-0.97 0.768865
-0.96 0.767857
-0.95 0.766596
-0.94 0.76499
-0.93 0.763204
-0.92 0.760996
-0.91 0.758704
-0.9 0.755895
-0.89 0.753111
-0.88 0.749714
-0.87 0.746442
-0.86 0.742489
-0.85 0.738717
-0.84 0.734261
-0.83 0.72996
-0.82 0.725076
-0.81 0.720203
-0.8 0.714968
-0.79 0.709499
-0.78 0.703961
-0.77 0.697923
-0.76 0.692066
-0.75 0.685563
-0.74 0.679295
-0.73 0.672491
-0.72 0.665701
-0.71 0.658734
-0.7 0.651397
-0.69 0.644266
-0.68 0.636529
-0.67 0.629066
-0.66 0.621191
-0.65 0.613222
-0.64 0.605345
-0.63 0.596943
-0.62 0.588894
-0.61 0.580398
-0.6 0.571895
-0.59 0.56352
-0.58 0.554635
-0.57 0.546133
-0.56 0.537311
-0.55 0.528352
-0.54 0.519728
-0.53 0.510584
-0.52 0.501696
-0.51 0.492866
-0.5 0.483599
-0.49 0.474792
-0.48 0.465788
-0.47 0.456541
-0.46 0.447802
-0.45 0.43872
-0.44 0.429561
-0.43 0.420907
-0.42 0.411858
-0.41 0.402808
-0.4 0.394282
-0.39 0.385375
-0.38 0.37643
-0.37 0.368074
-0.36 0.35943
-0.35 0.350591
-0.34 0.342391
-0.33 0.334149
-0.32 0.325482
-0.31 0.31733
-0.3 0.309567
-0.29 0.301313
-0.28 0.293087
-0.27 0.285601
-0.26 0.278111
-0.25 0.270082
-0.24 0.262366
-0.23 0.255433
-0.22 0.248417
-0.21 0.24078
-0.2 0.233321
-0.19 0.226798
-0.18 0.220677
-0.17 0.213936
-0.16 0.206514
-0.15 0.199448
-0.14 0.193836
-0.13 0.189999
-0.12 0.18753
-0.11 0.185811
-0.1 0.184406
-0.09 0.183132
-0.08 0.18196
-0.07 0.180907
-0.06 0.179987
-0.05 0.179208
-0.04 0.178569
-0.03 0.178072
-0.02 0.177716
-0.01 0.177503
0 0.177432
0.01 0.177503
0.02 0.177716
0.03 0.178072
0.04 0.178569
0.05 0.179208
0.06 0.179987
0.07 0.180907
0.08 0.18196
0.09 0.183132
0.1 0.184406
0.11 0.185811
0.12 0.18753
0.13 0.189999
0.14 0.193836
0.15 0.199448
0.16 0.206514
0.17 0.213936
0.18 0.220677
0.19 0.226798
0.2 0.233321
0.21 0.24078
0.22 0.248417
0.23 0.255433
0.24 0.262366
0.25 0.270082
0.26 0.278111
0.27 0.285601
0.28 0.293087
0.29 0.301313
0.3 0.309567
0.31 0.31733
0.32 0.325482
0.33 0.334149
0.34 0.342391
0.35 0.350591
0.36 0.35943
0.37 0.368074
0.38 0.37643
0.39 0.385375
0.4 0.394282
0.41 0.402808
0.42 0.411858
0.43 0.420907
0.44 0.429561
0.45 0.43872
0.46 0.447802
0.47 0.456541
0.48 0.465788
0.49 0.474792
0.5 0.483599
0.51 0.492866
0.52 0.501696
0.53 0.510584
0.54 0.519728
0.55 0.528352
0.56 0.537311
0.57 0.546133
0.58 0.554635
0.59 0.56352
0.6 0.571895
0.61 0.580398
0.62 0.588894
0.63 0.596943
0.64 0.605345
0.65 0.613222
0.66 0.621191
0.67 0.629066
0.68 0.636529
0.69 0.644266
0.7 0.651397
0.71 0.658734
0.72 0.665701
0.73 0.672491
0.74 0.679295
0.75 0.685563
0.76 0.692066
0.77 0.697923
0.78 0.703961
0.79 0.709499
0.8 0.714968
0.81 0.720203
0.82 0.725076
0.83 0.72996
0.84 0.734261
0.85 0.738717
0.86 0.742489
0.87 0.746442
0.88 0.749714
0.89 0.753111
0.9 0.755895
0.91 0.758704
0.92 0.760996
0.93 0.763204
0.94 0.76499
0.95 0.766596
0.96 0.767857
0.97 0.768865
0.98 0.769581
0.99 0.770002
