-1 1.8049e-08
-0.998 1.81842e-08
-0.996 1.85918e-08
-0.994 1.92771e-08
-0.992 2.02494e-08
-0.99 2.15215e-08
-0.988 2.31103e-08
-0.986 2.5037e-08
-0.984 2.73269e-08
-0.982 3.00102e-08
-0.98 3.3122e-08
-0.978 3.67029e-08
-0.976 4.07994e-08
-0.974 4.54644e-08
-0.972 5.07578e-08
-0.97 5.67472e-08
-0.968 6.35085e-08
-0.966 7.1127e-08
-0.964 7.96982e-08
-0.962 8.93286e-08
-0.96 1.00137e-07
-0.958 1.12257e-07
-0.956 1.25835e-07
-0.954 1.41037e-07
-0.952 1.58043e-07
-0.95 1.77058e-07
-0.948 1.98307e-07
-0.946 2.22038e-07
-0.944 2.48528e-07
-0.942 2.78084e-07
-0.94 3.11046e-07
-0.938 3.47787e-07
-0.936 3.88724e-07
-0.934 4.34316e-07
-0.932 4.85069e-07
-0.93 5.41543e-07
-0.928 6.04358e-07
-0.926 6.74194e-07
-0.924 7.51803e-07
-0.922 8.38016e-07
-0.92 9.33745e-07
-0.918 1.04e-06
-0.916 1.15788e-06
-0.914 1.28861e-06
-0.912 1.43353e-06
-0.91 1.59411e-06
-0.908 1.77197e-06
-0.906 1.96889e-06
-0.904 2.18682e-06
-0.902 2.4279e-06
-0.9 2.69448e-06
-0.898 2.98914e-06
-0.896 3.31469e-06
-0.894 3.67423e-06
-0.892 4.07114e-06
-0.89 4.50913e-06
-0.888 4.99223e-06
-0.886 5.52489e-06
-0.884 6.11193e-06
-0.882 6.75865e-06
-0.88 7.47081e-06
-0.878 8.2547e-06
-0.876 9.11721e-06
-0.874 1.00658e-05
-0.872 1.11086e-05
-0.87 1.22546e-05
-0.868 1.35134e-05
-0.866 1.48956e-05
-0.864 1.64125e-05
-0.862 1.80767e-05
-0.86 1.99017e-05
-0.858 2.19021e-05
-0.856 2.4094e-05
-0.854 2.64947e-05
-0.852 2.91229e-05
-0.85 3.1999e-05
-0.848 3.51451e-05
-0.846 3.85851e-05
-0.844 4.23448e-05
-0.842 4.64523e-05
-0.84 5.09378e-05
-0.838 5.58341e-05
-0.836 6.11767e-05
-0.834 6.70036e-05
-0.832 7.33561e-05
-0.83 8.02788e-05
-0.828 8.78197e-05
-0.826 9.60305e-05
-0.824 0.000104967
-0.822 0.000114689
-0.82 0.000125262
-0.818 0.000136754
-0.816 0.000149242
-0.814 0.000162804
-0.812 0.000177528
-0.81 0.000193506
-0.808 0.000210837
-0.806 0.000229629
-0.804 0.000249997
-0.802 0.000272061
-0.8 0.000295955
-0.798 0.000321818
-0.796 0.000349802
-0.794 0.000380067
-0.792 0.000412785
-0.79 0.000448141
-0.788 0.00048633
-0.786 0.000527563
-0.784 0.000572062
-0.782 0.000620067
-0.78 0.000671832
-0.778 0.000727627
-0.776 0.00078774
-0.774 0.000852479
-0.772 0.000922169
-0.77 0.000997157
-0.768 0.00107781
-0.766 0.00116452
-0.764 0.00125771
-0.762 0.00135781
-0.76 0.00146529
-0.758 0.00158065
-0.756 0.0017044
-0.754 0.00183711
-0.752 0.00197936
-0.75 0.00213177
-0.748 0.002295
-0.746 0.00246974
-0.744 0.00265672
-0.742 0.00285672
-0.74 0.00307054
-0.738 0.00329905
-0.736 0.00354314
-0.734 0.00380377
-0.732 0.00408195
-0.73 0.00437871
-0.728 0.00469517
-0.726 0.00503248
-0.724 0.00539188
-0.722 0.00577463
-0.72 0.00618207
-0.718 0.00661562
-0.716 0.00707674
-0.714 0.00756698
-0.712 0.00808794
-0.71 0.00864131
-0.708 0.00922884
-0.706 0.00985239
-0.704 0.0105139
-0.702 0.0112152
-0.7 0.0119586
-0.698 0.0127462
-0.696 0.0135802
-0.694 0.014463
-0.692 0.015397
-0.69 0.0163848
-0.688 0.017429
-0.686 0.0185323
-0.684 0.0196975
-0.682 0.0209277
-0.68 0.0222258
-0.678 0.023595
-0.676 0.0250385
-0.674 0.0265597
-0.672 0.028162
-0.67 0.0298491
-0.668 0.0316246
-0.666 0.0334923
-0.664 0.0354561
-0.662 0.03752
-0.66 0.0396882
-0.658 0.0419649
-0.656 0.0443545
-0.654 0.0468614
-0.652 0.0494902
-0.65 0.0522455
-0.648 0.0551322
-0.646 0.0581551
-0.644 0.0613193
-0.642 0.0646297
-0.64 0.0680916
-0.638 0.0717103
-0.636 0.0754911
-0.634 0.0794394
-0.632 0.0835608
-0.63 0.0878608
-0.628 0.0923452
-0.626 0.0970197
-0.624 0.10189
-0.622 0.106962
-0.62 0.112242
-0.618 0.117735
-0.616 0.123447
-0.614 0.129385
-0.612 0.135555
-0.61 0.141961
-0.608 0.148611
-0.606 0.155511
-0.604 0.162665
-0.602 0.170081
-0.6 0.177764
-0.598 0.185719
-0.596 0.193953
-0.594 0.202471
-0.592 0.211278
-0.59 0.22038
-0.588 0.229783
-0.586 0.239491
-0.584 0.249509
-0.582 0.259842
-0.58 0.270495
-0.578 0.281472
-0.576 0.292778
-0.574 0.304416
-0.572 0.31639
-0.57 0.328703
-0.568 0.341359
-0.566 0.35436
-0.564 0.36771
-0.562 0.38141
-0.56 0.395462
-0.558 0.409868
-0.556 0.424628
-0.554 0.439745
-0.552 0.455217
-0.55 0.471045
-0.548 0.487229
-0.546 0.503767
-0.544 0.520658
-0.542 0.537901
-0.54 0.555492
-0.538 0.573429
-0.536 0.591709
-0.534 0.610327
-0.532 0.629279
-0.53 0.64856
-0.528 0.668164
-0.526 0.688086
-0.524 0.708319
-0.522 0.728855
-0.52 0.749686
-0.518 0.770804
-0.516 0.7922
-0.514 0.813865
-0.512 0.835787
-0.51 0.857957
-0.508 0.880363
-0.506 0.902992
-0.504 0.925833
-0.502 0.948872
-0.5 0.972096
-0.498 0.995489
-0.496 1.01904
-0.494 1.04273
-0.492 1.06654
-0.49 1.09046
-0.488 1.11447
-0.486 1.13855
-0.484 1.16269
-0.482 1.18687
-0.48 1.21106
-0.478 1.23526
-0.476 1.25943
-0.474 1.28356
-0.472 1.30763
-0.47 1.33162
-0.468 1.35551
-0.466 1.37928
-0.464 1.4029
-0.462 1.42635
-0.46 1.44962
-0.458 1.47267
-0.456 1.4955
-0.454 1.51807
-0.452 1.54036
-0.45 1.56236
-0.448 1.58404
-0.446 1.60538
-0.444 1.62635
-0.442 1.64694
-0.44 1.66712
-0.438 1.68688
-0.436 1.70618
-0.434 1.72502
-0.432 1.74337
-0.43 1.76121
-0.428 1.77852
-0.426 1.79528
-0.424 1.81147
-0.422 1.82708
-0.42 1.84209
-0.418 1.85647
-0.416 1.87023
-0.414 1.88333
-0.412 1.89576
-0.41 1.90751
-0.408 1.91857
-0.406 1.92892
-0.404 1.93855
-0.402 1.94745
-0.4 1.9556
-0.398 1.96301
-0.396 1.96966
-0.394 1.97553
-0.392 1.98064
-0.39 1.98496
-0.388 1.9885
-0.386 1.99124
-0.384 1.99319
-0.382 1.99435
-0.38 1.99471
-0.378 1.99427
-0.376 1.99304
-0.374 1.991
-0.372 1.98818
-0.37 1.98456
-0.368 1.98016
-0.366 1.97498
-0.364 1.96903
-0.362 1.9623
-0.36 1.95482
-0.358 1.94659
-0.356 1.93762
-0.354 1.92791
-0.352 1.91749
-0.35 1.90637
-0.348 1.89455
-0.346 1.88204
-0.344 1.86888
-0.342 1.85506
-0.34 1.84061
-0.338 1.82555
-0.336 1.80988
-0.334 1.79363
-0.332 1.77681
-0.33 1.75945
-0.328 1.74156
-0.326 1.72316
-0.324 1.70427
-0.322 1.68492
-0.32 1.66512
-0.318 1.6449
-0.316 1.62427
-0.314 1.60326
-0.312 1.58189
-0.31 1.56018
-0.308 1.53815
-0.306 1.51582
-0.304 1.49323
-0.302 1.47038
-0.3 1.4473
-0.298 1.42401
-0.296 1.40054
-0.294 1.37691
-0.292 1.35313
-0.29 1.32923
-0.288 1.30523
-0.286 1.28115
-0.284 1.25701
-0.282 1.23284
-0.28 1.20864
-0.278 1.18445
-0.276 1.16028
-0.274 1.13614
-0.272 1.11207
-0.27 1.08806
-0.268 1.06415
-0.266 1.04035
-0.264 1.01668
-0.262 0.993143
-0.26 0.969765
-0.258 0.94656
-0.256 0.92354
-0.254 0.90072
-0.252 0.878112
-0.25 0.855729
-0.248 0.833584
-0.246 0.811686
-0.244 0.790048
-0.242 0.76868
-0.24 0.74759
-0.238 0.726788
-0.236 0.706282
-0.234 0.68608
-0.232 0.66619
-0.23 0.646617
-0.228 0.627369
-0.226 0.60845
-0.224 0.589865
-0.222 0.57162
-0.22 0.553717
-0.218 0.536161
-0.216 0.518953
-0.214 0.502097
-0.212 0.485595
-0.21 0.469446
-0.208 0.453654
-0.206 0.438217
-0.204 0.423136
-0.202 0.408411
-0.2 0.394041
-0.198 0.380024
-0.196 0.366359
-0.194 0.353045
-0.192 0.340078
-0.19 0.327456
-0.188 0.315177
-0.186 0.303237
-0.184 0.291633
-0.182 0.28036
-0.18 0.269416
-0.178 0.258795
-0.176 0.248493
-0.174 0.238506
-0.172 0.228829
-0.17 0.219457
-0.168 0.210385
-0.166 0.201606
-0.164 0.193117
-0.162 0.184912
-0.16 0.176984
-0.158 0.169328
-0.156 0.161939
-0.154 0.154811
-0.152 0.147937
-0.15 0.141311
-0.148 0.134929
-0.146 0.128783
-0.144 0.122868
-0.142 0.117178
-0.14 0.111707
-0.138 0.106449
-0.136 0.101397
-0.134 0.0965472
-0.132 0.0918924
-0.13 0.0874271
-0.128 0.0831456
-0.126 0.0790423
-0.124 0.0751116
-0.122 0.0713479
-0.12 0.0677459
-0.118 0.0643001
-0.116 0.0610054
-0.114 0.0578565
-0.112 0.0548485
-0.11 0.0519763
-0.108 0.0492351
-0.106 0.04662
-0.104 0.0441266
-0.102 0.0417502
-0.1 0.0394863
-0.098 0.0373307
-0.096 0.0352791
-0.094 0.0333275
-0.092 0.0314718
-0.09 0.0297082
-0.088 0.0280328
-0.086 0.0264422
-0.084 0.0249327
-0.082 0.0235008
-0.08 0.0221433
-0.078 0.020857
-0.076 0.0196388
-0.074 0.0184856
-0.072 0.0173946
-0.07 0.0163631
-0.068 0.0153883
-0.066 0.0144676
-0.064 0.0135987
-0.062 0.0127791
-0.06 0.0120065
-0.058 0.0112788
-0.056 0.0105939
-0.054 0.00994976
-0.052 0.00934451
-0.05 0.00877632
-0.048 0.00824346
-0.046 0.00774429
-0.044 0.00727724
-0.042 0.00684083
-0.04 0.00643366
-0.038 0.00605441
-0.036 0.00570182
-0.034 0.00537472
-0.032 0.00507201
-0.03 0.00479265
-0.028 0.00453569
-0.026 0.00430024
-0.024 0.00408547
-0.022 0.00389062
-0.02 0.003715
-0.018 0.00355797
-0.016 0.00341898
-0.014 0.00329752
-0.012 0.00319315
-0.01 0.00310547
-0.008 0.00303417
-0.006 0.00297899
-0.004 0.00293973
-0.002 0.00291622
0 0.0029084
0.002 0.00291622
0.004 0.00293973
0.006 0.00297899
0.008 0.00303417
0.01 0.00310547
0.012 0.00319315
0.014 0.00329752
0.016 0.00341898
0.018 0.00355797
0.02 0.003715
0.022 0.00389062
0.024 0.00408547
0.026 0.00430024
0.028 0.00453569
0.03 0.00479265
0.032 0.00507201
0.034 0.00537472
0.036 0.00570182
0.038 0.00605441
0.04 0.00643366
0.042 0.00684083
0.044 0.00727724
0.046 0.00774429
0.048 0.00824346
0.05 0.00877632
0.052 0.00934451
0.054 0.00994976
0.056 0.0105939
0.058 0.0112788
0.06 0.0120065
0.062 0.0127791
0.064 0.0135987
0.066 0.0144676
0.068 0.0153883
0.07 0.0163631
0.072 0.0173946
0.074 0.0184856
0.076 0.0196388
0.078 0.020857
0.08 0.0221433
0.082 0.0235008
0.084 0.0249327
0.086 0.0264422
0.088 0.0280328
0.09 0.0297082
0.092 0.0314718
0.094 0.0333275
0.096 0.0352791
0.098 0.0373307
0.1 0.0394863
0.102 0.0417502
0.104 0.0441266
0.106 0.04662
0.108 0.0492351
0.11 0.0519763
0.112 0.0548485
0.114 0.0578565
0.116 0.0610054
0.118 0.0643001
0.12 0.0677459
0.122 0.0713479
0.124 0.0751116
0.126 0.0790423
0.128 0.0831456
0.13 0.0874271
0.132 0.0918924
0.134 0.0965472
0.136 0.101397
0.138 0.106449
0.14 0.111707
0.142 0.117178
0.144 0.122868
0.146 0.128783
0.148 0.134929
0.15 0.141311
0.152 0.147937
0.154 0.154811
0.156 0.161939
0.158 0.169328
0.16 0.176984
0.162 0.184912
0.164 0.193117
0.166 0.201606
0.168 0.210385
0.17 0.219457
0.172 0.228829
0.174 0.238506
0.176 0.248493
0.178 0.258795
0.18 0.269416
0.182 0.28036
0.184 0.291633
0.186 0.303237
0.188 0.315177
0.19 0.327456
0.192 0.340078
0.194 0.353045
0.196 0.366359
0.198 0.380024
0.2 0.394041
0.202 0.408411
0.204 0.423136
0.206 0.438217
0.208 0.453654
0.21 0.469446
0.212 0.485595
0.214 0.502097
0.216 0.518953
0.218 0.536161
0.22 0.553717
0.222 0.57162
0.224 0.589865
0.226 0.60845
0.228 0.627369
0.23 0.646617
0.232 0.66619
0.234 0.68608
0.236 0.706282
0.238 0.726788
0.24 0.74759
0.242 0.76868
0.244 0.790048
0.246 0.811686
0.248 0.833584
0.25 0.855729
0.252 0.878112
0.254 0.90072
0.256 0.92354
0.258 0.94656
0.26 0.969765
0.262 0.993143
0.264 1.01668
0.266 1.04035
0.268 1.06415
0.27 1.08806
0.272 1.11207
0.274 1.13614
0.276 1.16028
0.278 1.18445
0.28 1.20864
0.282 1.23284
0.284 1.25701
0.286 1.28115
0.288 1.30523
0.29 1.32923
0.292 1.35313
0.294 1.37691
0.296 1.40054
0.298 1.42401
0.3 1.4473
0.302 1.47038
0.304 1.49323
0.306 1.51582
0.308 1.53815
0.31 1.56018
0.312 1.58189
0.314 1.60326
0.316 1.62427
0.318 1.6449
0.32 1.66512
0.322 1.68492
0.324 1.70427
0.326 1.72316
0.328 1.74156
0.33 1.75945
0.332 1.77681
0.334 1.79363
0.336 1.80988
0.338 1.82555
0.34 1.84061
0.342 1.85506
0.344 1.86888
0.346 1.88204
0.348 1.89455
0.35 1.90637
0.352 1.91749
0.354 1.92791
0.356 1.93762
0.358 1.94659
0.36 1.95482
0.362 1.9623
0.364 1.96903
0.366 1.97498
0.368 1.98016
0.37 1.98456
0.372 1.98818
0.374 1.991
0.376 1.99304
0.378 1.99427
0.38 1.99471
0.382 1.99435
0.384 1.99319
0.386 1.99124
0.388 1.9885
0.39 1.98496
0.392 1.98064
0.394 1.97553
0.396 1.96966
0.398 1.96301
0.4 1.9556
0.402 1.94745
0.404 1.93855
0.406 1.92892
0.408 1.91857
0.41 1.90751
0.412 1.89576
0.414 1.88333
0.416 1.87023
0.418 1.85647
0.42 1.84209
0.422 1.82708
0.424 1.81147
0.426 1.79528
0.428 1.77852
0.43 1.76121
0.432 1.74337
0.434 1.72502
0.436 1.70618
0.438 1.68688
0.44 1.66712
0.442 1.64694
0.444 1.62635
0.446 1.60538
0.448 1.58404
0.45 1.56236
0.452 1.54036
0.454 1.51807
0.456 1.4955
0.458 1.47267
0.46 1.44962
0.462 1.42635
0.464 1.4029
0.466 1.37928
0.468 1.35551
0.47 1.33162
0.472 1.30763
0.474 1.28356
0.476 1.25943
0.478 1.23526
0.48 1.21106
0.482 1.18687
0.484 1.16269
0.486 1.13855
0.488 1.11447
0.49 1.09046
0.492 1.06654
0.494 1.04273
0.496 1.01904
0.498 0.995489
0.5 0.972096
0.502 0.948872
0.504 0.925833
0.506 0.902992
0.508 0.880363
0.51 0.857957
0.512 0.835787
0.514 0.813865
0.516 0.7922
0.518 0.770804
0.52 0.749686
0.522 0.728855
0.524 0.708319
0.526 0.688086
0.528 0.668164
0.53 0.64856
0.532 0.629279
0.534 0.610327
0.536 0.591709
0.538 0.573429
0.54 0.555492
0.542 0.537901
0.544 0.520658
0.546 0.503767
0.548 0.487229
0.55 0.471045
0.552 0.455217
0.554 0.439745
0.556 0.424628
0.558 0.409868
0.56 0.395462
0.562 0.38141
0.564 0.36771
0.566 0.35436
0.568 0.341359
0.57 0.328703
0.572 0.31639
0.574 0.304416
0.576 0.292778
0.578 0.281472
0.58 0.270495
0.582 0.259842
0.584 0.249509
0.586 0.239491
0.588 0.229783
0.59 0.22038
0.592 0.211278
0.594 0.202471
0.596 0.193953
0.598 0.185719
0.6 0.177764
0.602 0.170081
0.604 0.162665
0.606 0.155511
0.608 0.148611
0.61 0.141961
0.612 0.135555
0.614 0.129385
0.616 0.123447
0.618 0.117735
0.62 0.112242
0.622 0.106962
0.624 0.10189
0.626 0.0970197
0.628 0.0923452
0.63 0.0878608
0.632 0.0835608
0.634 0.0794394
0.636 0.0754911
0.638 0.0717103
0.64 0.0680916
0.642 0.0646297
0.644 0.0613193
0.646 0.0581551
0.648 0.0551322
0.65 0.0522455
0.652 0.0494902
0.654 0.0468614
0.656 0.0443545
0.658 0.0419649
0.66 0.0396882
0.662 0.03752
0.664 0.0354561
0.666 0.0334923
0.668 0.0316246
0.67 0.0298491
0.672 0.028162
0.674 0.0265597
0.676 0.0250385
0.678 0.023595
0.68 0.0222258
0.682 0.0209277
0.684 0.0196975
0.686 0.0185323
0.688 0.017429
0.69 0.0163848
0.692 0.015397
0.694 0.014463
0.696 0.0135802
0.698 0.0127462
0.7 0.0119586
0.702 0.0112152
0.704 0.0105139
0.706 0.00985239
0.708 0.00922884
0.71 0.00864131
0.712 0.00808794
0.714 0.00756698
0.716 0.00707674
0.718 0.00661562
0.72 0.00618207
0.722 0.00577463
0.724 0.00539188
0.726 0.00503248
0.728 0.00469517
0.73 0.00437871
0.732 0.00408195
0.734 0.00380377
0.736 0.00354314
0.738 0.00329905
0.74 0.00307054
0.742 0.00285672
0.744 0.00265672
0.746 0.00246974
0.748 0.002295
0.75 0.00213177
0.752 0.00197936
0.754 0.00183711
0.756 0.0017044
0.758 0.00158065
0.76 0.00146529
0.762 0.00135781
0.764 0.00125771
0.766 0.00116452
0.768 0.00107781
0.77 0.000997157
0.772 0.000922169
0.774 0.000852479
0.776 0.00078774
0.778 0.000727627
0.78 0.000671832
0.782 0.000620067
0.784 0.000572062
0.786 0.000527563
0.788 0.00048633
0.79 0.000448141
0.792 0.000412785
0.794 0.000380067
0.796 0.000349802
0.798 0.000321818
0.8 0.000295955
0.802 0.000272061
0.804 0.000249997
0.806 0.000229629
0.808 0.000210837
0.81 0.000193506
0.812 0.000177528
0.814 0.000162804
0.816 0.000149242
0.818 0.000136754
0.82 0.000125262
0.822 0.000114689
0.824 0.000104967
0.826 9.60305e-05
0.828 8.78197e-05
0.83 8.02788e-05
0.832 7.33561e-05
0.834 6.70036e-05
0.836 6.11767e-05
0.838 5.58341e-05
0.84 5.09378e-05
0.842 4.64523e-05
0.844 4.23448e-05
0.846 3.85851e-05
0.848 3.51451e-05
0.85 3.1999e-05
0.852 2.91229e-05
0.854 2.64947e-05
0.856 2.4094e-05
0.858 2.19021e-05
0.86 1.99017e-05
0.862 1.80767e-05
0.864 1.64125e-05
0.866 1.48956e-05
0.868 1.35134e-05
0.87 1.22546e-05
0.872 1.11086e-05
0.874 1.00658e-05
0.876 9.11721e-06
0.878 8.2547e-06
0.88 7.47081e-06
0.882 6.75865e-06
0.884 6.11193e-06
0.886 5.52489e-06
0.888 4.99223e-06
0.89 4.50913e-06
0.892 4.07114e-06
0.894 3.67423e-06
0.896 3.31469e-06
0.898 2.98914e-06
0.9 2.69448e-06
0.902 2.4279e-06
0.904 2.18682e-06
0.906 1.96889e-06
0.908 1.77197e-06
0.91 1.59411e-06
0.912 1.43353e-06
0.914 1.28861e-06
0.916 1.15788e-06
0.918 1.04e-06
0.92 9.33745e-07
0.922 8.38016e-07
0.924 7.51803e-07
0.926 6.74194e-07
0.928 6.04358e-07
0.93 5.41543e-07
0.932 4.85069e-07
0.934 4.34316e-07
0.936 3.88724e-07
0.938 3.47787e-07
0.94 3.11046e-07
0.942 2.78084e-07
0.944 2.48528e-07
0.946 2.22038e-07
0.948 1.98307e-07
0.95 1.77058e-07
0.952 1.58043e-07
0.954 1.41037e-07
0.956 1.25835e-07
0.958 1.12257e-07
0.96 1.00137e-07
0.962 8.93286e-08
0.964 7.96982e-08
0.966 7.1127e-08
0.968 6.35085e-08
0.97 5.67472e-08
0.972 5.07578e-08
0.974 4.54644e-08
0.976 4.07994e-08
0.978 3.67029e-08
0.98 3.3122e-08
0.982 3.00102e-08
0.984 2.73269e-08
0.986 2.5037e-08
0.988 2.31103e-08
0.99 2.15215e-08
0.992 2.02494e-08
0.994 1.92771e-08
0.996 1.85918e-08
0.998 1.81842e-08
