-1 0.44076
-0.998 0.441061
-0.996 0.441961
-0.994 0.443462
-0.992 0.445561
-0.99 0.448259
-0.988 0.451553
-0.986 0.455443
-0.984 0.459926
-0.982 0.465001
-0.98 0.470664
-0.978 0.476913
-0.976 0.483746
-0.974 0.491157
-0.972 0.499145
-0.97 0.507703
-0.968 0.51683
-0.966 0.526518
-0.964 0.536764
-0.962 0.547562
-0.96 0.558906
-0.958 0.57079
-0.956 0.583207
-0.954 0.596149
-0.952 0.609611
-0.95 0.623584
-0.948 0.638059
-0.946 0.653028
-0.944 0.668482
-0.942 0.684411
-0.94 0.700805
-0.938 0.717655
-0.936 0.734948
-0.934 0.752673
-0.932 0.770819
-0.93 0.789374
-0.928 0.808324
-0.926 0.827656
-0.924 0.847357
-0.922 0.867412
-0.92 0.887806
-0.918 0.908525
-0.916 0.929552
-0.914 0.950872
-0.912 0.972467
-0.91 0.994321
-0.908 1.01642
-0.906 1.03874
-0.904 1.06126
-0.902 1.08397
-0.9 1.10684
-0.898 1.12987
-0.896 1.15302
-0.894 1.17627
-0.892 1.19962
-0.89 1.22302
-0.888 1.24647
-0.886 1.26994
-0.884 1.29341
-0.882 1.31686
-0.88 1.34026
-0.878 1.3636
-0.876 1.38684
-0.874 1.40997
-0.872 1.43297
-0.87 1.4558
-0.868 1.47845
-0.866 1.50089
-0.864 1.5231
-0.862 1.54506
-0.86 1.56674
-0.858 1.58812
-0.856 1.60918
-0.854 1.62989
-0.852 1.65024
-0.85 1.67019
-0.848 1.68973
-0.846 1.70884
-0.844 1.72749
-0.842 1.74566
-0.84 1.76334
-0.838 1.78049
-0.836 1.79711
-0.834 1.81317
-0.832 1.82866
-0.83 1.84355
-0.828 1.85783
-0.826 1.87148
-0.824 1.88449
-0.822 1.89684
-0.82 1.90851
-0.818 1.91949
-0.816 1.92977
-0.814 1.93933
-0.812 1.94817
-0.81 1.95628
-0.808 1.96363
-0.806 1.97023
-0.804 1.97606
-0.802 1.98112
-0.8 1.98541
-0.798 1.98891
-0.796 1.99162
-0.794 1.99354
-0.792 1.99467
-0.79 1.99501
-0.788 1.99454
-0.786 1.99329
-0.784 1.99123
-0.782 1.98839
-0.78 1.98476
-0.778 1.98034
-0.776 1.97514
-0.774 1.96918
-0.772 1.96244
-0.77 1.95495
-0.768 1.9467
-0.766 1.93772
-0.764 1.92801
-0.762 1.91758
-0.76 1.90645
-0.758 1.89462
-0.756 1.88211
-0.754 1.86894
-0.752 1.85512
-0.75 1.84066
-0.748 1.82559
-0.746 1.80992
-0.744 1.79366
-0.742 1.77684
-0.74 1.75948
-0.738 1.74159
-0.736 1.72318
-0.734 1.7043
-0.732 1.68494
-0.73 1.66514
-0.728 1.64492
-0.726 1.62429
-0.724 1.60327
-0.722 1.5819
-0.72 1.56019
-0.718 1.53816
-0.716 1.51583
-0.714 1.49324
-0.712 1.47039
-0.71 1.44731
-0.708 1.42402
-0.706 1.40055
-0.704 1.37691
-0.702 1.35313
-0.7 1.32923
-0.698 1.30523
-0.696 1.28115
-0.694 1.25702
-0.692 1.23284
-0.69 1.20865
-0.688 1.18445
-0.686 1.16028
-0.684 1.13614
-0.682 1.11207
-0.68 1.08806
-0.678 1.06415
-0.676 1.04035
-0.674 1.01668
-0.672 0.993144
-0.67 0.969766
-0.668 0.946561
-0.666 0.923541
-0.664 0.90072
-0.662 0.878113
-0.66 0.85573
-0.658 0.833584
-0.656 0.811687
-0.654 0.790049
-0.652 0.76868
-0.65 0.74759
-0.648 0.726788
-0.646 0.706282
-0.644 0.68608
-0.642 0.66619
-0.64 0.646617
-0.638 0.627369
-0.636 0.60845
-0.634 0.589865
-0.632 0.57162
-0.63 0.553717
-0.628 0.536161
-0.626 0.518953
-0.624 0.502097
-0.622 0.485595
-0.62 0.469446
-0.618 0.453654
-0.616 0.438217
-0.614 0.423136
-0.612 0.408411
-0.61 0.394041
-0.608 0.380024
-0.606 0.366359
-0.604 0.353045
-0.602 0.340078
-0.6 0.327456
-0.598 0.315177
-0.596 0.303237
-0.594 0.291632
-0.592 0.28036
-0.59 0.269415
-0.588 0.258794
-0.586 0.248493
-0.584 0.238506
-0.582 0.228829
-0.58 0.219457
-0.578 0.210384
-0.576 0.201606
-0.574 0.193117
-0.572 0.184911
-0.57 0.176983
-0.568 0.169327
-0.566 0.161938
-0.564 0.154809
-0.562 0.147935
-0.56 0.14131
-0.558 0.134927
-0.556 0.128781
-0.554 0.122866
-0.552 0.117176
-0.55 0.111704
-0.548 0.106446
-0.546 0.101394
-0.544 0.0965435
-0.542 0.0918883
-0.54 0.0874226
-0.538 0.0831407
-0.536 0.0790368
-0.534 0.0751055
-0.532 0.0713412
-0.53 0.0677385
-0.528 0.0642919
-0.526 0.0609964
-0.524 0.0578466
-0.522 0.0548375
-0.52 0.0519642
-0.518 0.0492217
-0.516 0.0466053
-0.514 0.0441103
-0.512 0.0417322
-0.51 0.0394666
-0.508 0.037309
-0.506 0.0352552
-0.504 0.0333012
-0.502 0.0314429
-0.5 0.0296765
-0.498 0.027998
-0.496 0.026404
-0.494 0.0248907
-0.492 0.0234548
-0.49 0.0220929
-0.488 0.0208017
-0.486 0.0195782
-0.484 0.0184192
-0.482 0.0173219
-0.48 0.0162835
-0.478 0.0153012
-0.476 0.0143725
-0.474 0.0134947
-0.472 0.0126654
-0.47 0.0118824
-0.468 0.0111433
-0.466 0.010446
-0.464 0.00978837
-0.462 0.00916851
-0.46 0.00858447
-0.458 0.00803442
-0.456 0.00751661
-0.454 0.00702935
-0.452 0.00657106
-0.45 0.00614019
-0.448 0.00573527
-0.446 0.00535492
-0.444 0.00499779
-0.442 0.00466261
-0.44 0.00434817
-0.438 0.00405332
-0.436 0.00377694
-0.434 0.00351801
-0.432 0.00327552
-0.43 0.00304852
-0.428 0.00283612
-0.426 0.00263746
-0.424 0.00245173
-0.422 0.00227818
-0.42 0.00211606
-0.418 0.00196469
-0.416 0.00182342
-0.414 0.00169164
-0.412 0.00156875
-0.41 0.0014542
-0.408 0.00134748
-0.406 0.00124809
-0.404 0.00115557
-0.402 0.00106948
-0.4 0.000989413
-0.398 0.000914971
-0.396 0.000845791
-0.394 0.000781529
-0.392 0.000721861
-0.39 0.000666482
-0.388 0.000615105
-0.386 0.000567461
-0.384 0.000523299
-0.382 0.00048238
-0.38 0.000444484
-0.378 0.0004094
-0.376 0.000376935
-0.374 0.000346906
-0.372 0.000319141
-0.37 0.000293481
-0.368 0.000269777
-0.366 0.000247887
-0.364 0.000227683
-0.362 0.000209042
-0.36 0.00019185
-0.358 0.000176002
-0.356 0.000161398
-0.354 0.000147947
-0.352 0.000135563
-0.35 0.000124166
-0.348 0.000113681
-0.346 0.00010404
-0.344 9.51787e-05
-0.342 8.70373e-05
-0.34 7.95604e-05
-0.338 7.26968e-05
-0.336 6.63987e-05
-0.334 6.0622e-05
-0.332 5.53257e-05
-0.33 5.04719e-05
-0.328 4.60256e-05
-0.326 4.19542e-05
-0.324 3.82276e-05
-0.322 3.48181e-05
-0.32 3.17001e-05
-0.318 2.88497e-05
-0.316 2.62451e-05
-0.314 2.38661e-05
-0.312 2.16941e-05
-0.31 1.97119e-05
-0.308 1.79036e-05
-0.306 1.62547e-05
-0.304 1.47517e-05
-0.302 1.33824e-05
-0.3 1.21353e-05
-0.298 1.10001e-05
-0.296 9.96703e-06
-0.294 9.02738e-06
-0.292 8.17306e-06
-0.29 7.39662e-06
-0.288 6.69127e-06
-0.286 6.05076e-06
-0.284 5.46937e-06
-0.282 4.94187e-06
-0.28 4.46346e-06
-0.278 4.02975e-06
-0.276 3.63673e-06
-0.274 3.28073e-06
-0.272 2.95839e-06
-0.27 2.66666e-06
-0.268 2.40273e-06
-0.266 2.16406e-06
-0.264 1.94832e-06
-0.262 1.75339e-06
-0.26 1.57732e-06
-0.258 1.41837e-06
-0.256 1.27493e-06
-0.254 1.14553e-06
-0.252 1.02886e-06
-0.25 9.23699e-07
-0.248 8.28956e-07
-0.246 7.43633e-07
-0.244 6.66825e-07
-0.242 5.97712e-07
-0.24 5.35547e-07
-0.238 4.79656e-07
-0.236 4.29426e-07
-0.234 3.84303e-07
-0.232 3.43783e-07
-0.23 3.07413e-07
-0.228 2.7478e-07
-0.226 2.45514e-07
-0.224 2.19276e-07
-0.222 1.95765e-07
-0.22 1.74704e-07
-0.218 1.55847e-07
-0.216 1.3897e-07
-0.214 1.2387e-07
-0.212 1.10368e-07
-0.21 9.82974e-08
-0.208 8.75122e-08
-0.206 7.78792e-08
-0.204 6.92789e-08
-0.202 6.16036e-08
-0.2 5.47568e-08
-0.198 4.86515e-08
-0.196 4.32096e-08
-0.194 3.83611e-08
-0.192 3.4043e-08
-0.19 3.01989e-08
-0.188 2.67781e-08
-0.186 2.37354e-08
-0.184 2.10299e-08
-0.182 1.86254e-08
-0.18 1.64893e-08
-0.178 1.45922e-08
-0.176 1.29083e-08
-0.174 1.14141e-08
-0.172 1.00889e-08
-0.17 8.91391e-09
-0.168 7.87264e-09
-0.166 6.95023e-09
-0.164 6.13344e-09
-0.162 5.41047e-09
-0.16 4.77082e-09
-0.158 4.2051e-09
-0.156 3.70498e-09
-0.154 3.26305e-09
-0.152 2.87267e-09
-0.15 2.52799e-09
-0.148 2.22377e-09
-0.146 1.95538e-09
-0.144 1.7187e-09
-0.142 1.51006e-09
-0.14 1.32621e-09
-0.138 1.16429e-09
-0.136 1.02172e-09
-0.134 8.96257e-10
-0.132 7.85882e-10
-0.13 6.88826e-10
-0.128 6.03518e-10
-0.126 5.28558e-10
-0.124 4.62723e-10
-0.122 4.04931e-10
-0.12 3.54211e-10
-0.118 3.09722e-10
-0.116 2.70715e-10
-0.114 2.36522e-10
-0.112 2.06565e-10
-0.11 1.80329e-10
-0.108 1.57368e-10
-0.106 1.37269e-10
-0.104 1.19696e-10
-0.102 1.04326e-10
-0.1 9.08968e-11
-0.098 7.91595e-11
-0.096 6.89164e-11
-0.094 5.997e-11
-0.092 5.21656e-11
-0.09 4.5356e-11
-0.088 3.94252e-11
-0.086 3.42571e-11
-0.084 2.9748e-11
-0.082 2.58277e-11
-0.08 2.24111e-11
-0.078 1.94414e-11
-0.076 1.68565e-11
-0.074 1.46108e-11
-0.072 1.26574e-11
-0.07 1.09623e-11
-0.068 9.48939e-12
-0.066 8.21381e-12
-0.064 7.10608e-12
-0.062 6.1434e-12
-0.06 5.31145e-12
-0.058 4.5877e-12
-0.056 3.95934e-12
-0.054 3.42243e-12
-0.052 2.94704e-12
-0.05 2.54695e-12
-0.048 2.1947e-12
-0.046 1.89776e-12
-0.044 1.62999e-12
-0.042 1.40669e-12
-0.04 1.21202e-12
-0.038 1.04192e-12
-0.036 8.95219e-13
-0.034 7.7208e-13
-0.032 6.66417e-13
-0.03 5.74414e-13
-0.028 4.93101e-13
-0.026 4.23393e-13
-0.024 3.64926e-13
-0.022 3.18063e-13
-0.02 2.79508e-13
-0.018 2.40051e-13
-0.016 2.08513e-13
-0.014 1.85427e-13
-0.012 1.62161e-13
-0.01 1.47689e-13
-0.008 1.33722e-13
-0.006 1.2253e-13
-0.004 1.17637e-13
-0.002 1.11162e-13
0 1.13549e-13
0.002 1.10799e-13
0.004 1.15905e-13
0.006 1.23229e-13
0.008 1.33211e-13
0.01 1.43952e-13
0.012 1.64674e-13
0.014 1.83313e-13
0.016 2.1295e-13
0.018 2.39522e-13
0.02 2.73889e-13
0.022 3.15934e-13
0.024 3.69462e-13
0.026 4.2606e-13
0.028 4.96941e-13
0.03 5.71224e-13
0.032 6.6594e-13
0.034 7.72857e-13
0.036 8.96248e-13
0.038 1.03804e-12
0.04 1.21291e-12
0.042 1.40367e-12
0.044 1.63171e-12
0.046 1.89599e-12
0.048 2.19641e-12
0.05 2.54647e-12
0.052 2.95365e-12
0.054 3.42236e-12
0.056 3.96759e-12
0.058 4.5848e-12
0.06 5.31055e-12
0.062 6.14223e-12
0.064 7.10539e-12
0.066 8.21411e-12
0.068 9.49084e-12
0.07 1.09632e-11
0.072 1.26591e-11
0.074 1.46083e-11
0.076 1.6853e-11
0.078 1.94405e-11
0.08 2.2408e-11
0.082 2.58294e-11
0.084 2.97488e-11
0.086 3.42525e-11
0.088 3.94227e-11
0.09 4.53576e-11
0.092 5.21607e-11
0.094 5.99702e-11
0.096 6.89126e-11
0.098 7.91631e-11
0.1 9.08927e-11
0.102 1.04327e-10
0.104 1.19695e-10
0.106 1.37269e-10
0.108 1.57373e-10
0.11 1.80333e-10
0.112 2.06566e-10
0.114 2.36521e-10
0.116 2.70715e-10
0.118 3.09722e-10
0.12 3.5421e-10
0.122 4.0493e-10
0.124 4.62726e-10
0.126 5.28558e-10
0.128 6.03512e-10
0.13 6.88826e-10
0.132 7.85882e-10
0.134 8.96256e-10
0.136 1.02172e-09
0.138 1.16429e-09
0.14 1.32621e-09
0.142 1.51006e-09
0.144 1.71869e-09
0.146 1.95538e-09
0.148 2.22377e-09
0.15 2.52799e-09
0.152 2.87267e-09
0.154 3.26304e-09
0.156 3.70499e-09
0.158 4.2051e-09
0.16 4.77082e-09
0.162 5.41047e-09
0.164 6.13344e-09
0.166 6.95023e-09
0.168 7.87265e-09
0.17 8.91391e-09
0.172 1.00889e-08
0.174 1.14141e-08
0.176 1.29083e-08
0.178 1.45922e-08
0.18 1.64892e-08
0.182 1.86254e-08
0.184 2.10299e-08
0.186 2.37354e-08
0.188 2.67781e-08
0.19 3.01989e-08
0.192 3.4043e-08
0.194 3.83611e-08
0.196 4.32096e-08
0.198 4.86515e-08
0.2 5.47568e-08
0.202 6.16036e-08
0.204 6.92789e-08
0.206 7.78792e-08
0.208 8.75122e-08
0.21 9.82974e-08
0.212 1.10368e-07
0.214 1.2387e-07
0.216 1.3897e-07
0.218 1.55847e-07
0.22 1.74704e-07
0.222 1.95765e-07
0.224 2.19276e-07
0.226 2.45514e-07
0.228 2.7478e-07
0.23 3.07413e-07
0.232 3.43783e-07
0.234 3.84303e-07
0.236 4.29426e-07
0.238 4.79656e-07
0.24 5.35547e-07
0.242 5.97712e-07
0.244 6.66825e-07
0.246 7.43633e-07
0.248 8.28956e-07
0.25 9.23699e-07
0.252 1.02886e-06
0.254 1.14553e-06
0.256 1.27493e-06
0.258 1.41837e-06
0.26 1.57732e-06
0.262 1.75339e-06
0.264 1.94832e-06
0.266 2.16406e-06
0.268 2.40273e-06
0.27 2.66666e-06
0.272 2.95839e-06
0.274 3.28073e-06
0.276 3.63673e-06
0.278 4.02975e-06
0.28 4.46346e-06
0.282 4.94187e-06
0.284 5.46937e-06
0.286 6.05076e-06
0.288 6.69127e-06
0.29 7.39662e-06
0.292 8.17306e-06
0.294 9.02738e-06
0.296 9.96703e-06
0.298 1.10001e-05
0.3 1.21353e-05
0.302 1.33824e-05
0.304 1.47517e-05
0.306 1.62547e-05
0.308 1.79036e-05
0.31 1.97119e-05
0.312 2.16941e-05
0.314 2.38661e-05
0.316 2.62451e-05
0.318 2.88497e-05
0.32 3.17001e-05
0.322 3.48181e-05
0.324 3.82276e-05
0.326 4.19542e-05
0.328 4.60256e-05
0.33 5.04719e-05
0.332 5.53257e-05
0.334 6.0622e-05
0.336 6.63987e-05
0.338 7.26968e-05
0.34 7.95604e-05
0.342 8.70373e-05
0.344 9.51787e-05
0.346 0.00010404
0.348 0.000113681
0.35 0.000124166
0.352 0.000135563
0.354 0.000147947
0.356 0.000161398
0.358 0.000176002
0.36 0.00019185
0.362 0.000209042
0.364 0.000227683
0.366 0.000247887
0.368 0.000269777
0.37 0.000293481
0.372 0.000319141
0.374 0.000346906
0.376 0.000376935
0.378 0.0004094
0.38 0.000444484
0.382 0.00048238
0.384 0.000523299
0.386 0.000567461
0.388 0.000615105
0.39 0.000666482
0.392 0.000721861
0.394 0.000781529
0.396 0.000845791
0.398 0.000914971
0.4 0.000989413
0.402 0.00106948
0.404 0.00115557
0.406 0.00124809
0.408 0.00134748
0.41 0.0014542
0.412 0.00156875
0.414 0.00169164
0.416 0.00182342
0.418 0.00196469
0.42 0.00211606
0.422 0.00227818
0.424 0.00245173
0.426 0.00263746
0.428 0.00283612
0.43 0.00304852
0.432 0.00327552
0.434 0.00351801
0.436 0.00377694
0.438 0.00405332
0.44 0.00434817
0.442 0.00466261
0.444 0.00499779
0.446 0.00535492
0.448 0.00573527
0.45 0.00614019
0.452 0.00657106
0.454 0.00702935
0.456 0.00751661
0.458 0.00803442
0.46 0.00858447
0.462 0.00916851
0.464 0.00978837
0.466 0.010446
0.468 0.0111433
0.47 0.0118824
0.472 0.0126654
0.474 0.0134947
0.476 0.0143725
0.478 0.0153012
0.48 0.0162835
0.482 0.0173219
0.484 0.0184192
0.486 0.0195782
0.488 0.0208017
0.49 0.0220929
0.492 0.0234548
0.494 0.0248907
0.496 0.026404
0.498 0.027998
0.5 0.0296765
0.502 0.0314429
0.504 0.0333012
0.506 0.0352552
0.508 0.037309
0.51 0.0394666
0.512 0.0417322
0.514 0.0441103
0.516 0.0466053
0.518 0.0492217
0.52 0.0519642
0.522 0.0548375
0.524 0.0578466
0.526 0.0609964
0.528 0.0642919
0.53 0.0677385
0.532 0.0713412
0.534 0.0751055
0.536 0.0790368
0.538 0.0831407
0.54 0.0874226
0.542 0.0918883
0.544 0.0965435
0.546 0.101394
0.548 0.106446
0.55 0.111704
0.552 0.117176
0.554 0.122866
0.556 0.128781
0.558 0.134927
0.56 0.14131
0.562 0.147935
0.564 0.154809
0.566 0.161938
0.568 0.169327
0.57 0.176983
0.572 0.184911
0.574 0.193117
0.576 0.201606
0.578 0.210384
0.58 0.219457
0.582 0.228829
0.584 0.238506
0.586 0.248493
0.588 0.258794
0.59 0.269415
0.592 0.28036
0.594 0.291632
0.596 0.303237
0.598 0.315177
0.6 0.327456
0.602 0.340078
0.604 0.353045
0.606 0.366359
0.608 0.380024
0.61 0.394041
0.612 0.408411
0.614 0.423136
0.616 0.438217
0.618 0.453654
0.62 0.469446
0.622 0.485595
0.624 0.502097
0.626 0.518953
0.628 0.536161
0.63 0.553717
0.632 0.57162
0.634 0.589865
0.636 0.60845
0.638 0.627369
0.64 0.646617
0.642 0.66619
0.644 0.68608
0.646 0.706282
0.648 0.726788
0.65 0.74759
0.652 0.76868
0.654 0.790049
0.656 0.811687
0.658 0.833584
0.66 0.85573
0.662 0.878113
0.664 0.90072
0.666 0.923541
0.668 0.946561
0.67 0.969766
0.672 0.993144
0.674 1.01668
0.676 1.04035
0.678 1.06415
0.68 1.08806
0.682 1.11207
0.684 1.13614
0.686 1.16028
0.688 1.18445
0.69 1.20865
0.692 1.23284
0.694 1.25702
0.696 1.28115
0.698 1.30523
0.7 1.32923
0.702 1.35313
0.704 1.37691
0.706 1.40055
0.708 1.42402
0.71 1.44731
0.712 1.47039
0.714 1.49324
0.716 1.51583
0.718 1.53816
0.72 1.56019
0.722 1.5819
0.724 1.60327
0.726 1.62429
0.728 1.64492
0.73 1.66514
0.732 1.68494
0.734 1.7043
0.736 1.72318
0.738 1.74159
0.74 1.75948
0.742 1.77684
0.744 1.79366
0.746 1.80992
0.748 1.82559
0.75 1.84066
0.752 1.85512
0.754 1.86894
0.756 1.88211
0.758 1.89462
0.76 1.90645
0.762 1.91758
0.764 1.92801
0.766 1.93772
0.768 1.9467
0.77 1.95495
0.772 1.96244
0.774 1.96918
0.776 1.97514
0.778 1.98034
0.78 1.98476
0.782 1.98839
0.784 1.99123
0.786 1.99329
0.788 1.99454
0.79 1.99501
0.792 1.99467
0.794 1.99354
0.796 1.99162
0.798 1.98891
0.8 1.98541
0.802 1.98112
0.804 1.97606
0.806 1.97023
0.808 1.96363
0.81 1.95628
0.812 1.94817
0.814 1.93933
0.816 1.92977
0.818 1.91949
0.82 1.90851
0.822 1.89684
0.824 1.88449
0.826 1.87148
0.828 1.85783
0.83 1.84355
0.832 1.82866
0.834 1.81317
0.836 1.79711
0.838 1.78049
0.84 1.76334
0.842 1.74566
0.844 1.72749
0.846 1.70884
0.848 1.68973
0.85 1.67019
0.852 1.65024
0.854 1.62989
0.856 1.60918
0.858 1.58812
0.86 1.56674
0.862 1.54506
0.864 1.5231
0.866 1.50089
0.868 1.47845
0.87 1.4558
0.872 1.43297
0.874 1.40997
0.876 1.38684
0.878 1.3636
0.88 1.34026
0.882 1.31686
0.884 1.29341
0.886 1.26994
0.888 1.24647
0.89 1.22302
0.892 1.19962
0.894 1.17627
0.896 1.15302
0.898 1.12987
0.9 1.10684
0.902 1.08397
0.904 1.06126
0.906 1.03874
0.908 1.01642
0.91 0.994321
0.912 0.972467
0.914 0.950872
0.916 0.929552
0.918 0.908525
0.92 0.887806
0.922 0.867412
0.924 0.847357
0.926 0.827656
0.928 0.808324
0.93 0.789374
0.932 0.770819
0.934 0.752673
0.936 0.734948
0.938 0.717655
0.94 0.700805
0.942 0.684411
0.944 0.668482
0.946 0.653028
0.948 0.638059
0.95 0.623584
0.952 0.609611
0.954 0.596149
0.956 0.583207
0.958 0.57079
0.96 0.558906
0.962 0.547562
0.964 0.536764
0.966 0.526518
0.968 0.51683
0.97 0.507703
0.972 0.499145
0.974 0.491157
0.976 0.483746
0.978 0.476913
0.98 0.470664
0.982 0.465001
0.984 0.459926
0.986 0.455443
0.988 0.451553
0.99 0.448259
0.992 0.445561
0.994 0.443462
0.996 0.441961
0.998 0.441061
