-1 2.45254e-12
-0.998 2.47968e-12
-0.996 2.56165e-12
-0.994 2.70015e-12
-0.992 2.89799e-12
-0.99 3.15923e-12
-0.988 3.48919e-12
-0.986 3.89459e-12
-0.984 4.38366e-12
-0.982 4.96626e-12
-0.98 5.65414e-12
-0.978 6.46109e-12
-0.976 7.4032e-12
-0.974 8.49921e-12
-0.972 9.77078e-12
-0.97 1.12429e-11
-0.968 1.29444e-11
-0.966 1.49085e-11
-0.964 1.7173e-11
-0.962 1.97816e-11
-0.96 2.27842e-11
-0.958 2.62379e-11
-0.956 3.02081e-11
-0.954 3.47694e-11
-0.952 4.00071e-11
-0.95 4.60185e-11
-0.948 5.29147e-11
-0.946 6.08222e-11
-0.944 6.98854e-11
-0.942 8.02686e-11
-0.94 9.2159e-11
-0.938 1.0577e-10
-0.936 1.21343e-10
-0.934 1.39154e-10
-0.932 1.59517e-10
-0.93 1.82787e-10
-0.928 2.09368e-10
-0.926 2.3972e-10
-0.924 2.74362e-10
-0.922 3.13884e-10
-0.92 3.58957e-10
-0.918 4.10338e-10
-0.916 4.68886e-10
-0.914 5.35575e-10
-0.912 6.11503e-10
-0.91 6.97917e-10
-0.908 7.96223e-10
-0.906 9.08014e-10
-0.904 1.03509e-09
-0.902 1.17947e-09
-0.9 1.34346e-09
-0.898 1.52963e-09
-0.896 1.74091e-09
-0.894 1.98057e-09
-0.892 2.25233e-09
-0.89 2.56036e-09
-0.888 2.90934e-09
-0.886 3.30457e-09
-0.884 3.75199e-09
-0.882 4.25829e-09
-0.88 4.83097e-09
-0.878 5.47848e-09
-0.876 6.2103e-09
-0.874 7.03705e-09
-0.872 7.97067e-09
-0.87 9.02456e-09
-0.868 1.02137e-08
-0.866 1.15549e-08
-0.864 1.3067e-08
-0.862 1.47711e-08
-0.86 1.66907e-08
-0.858 1.88522e-08
-0.856 2.12852e-08
-0.854 2.40225e-08
-0.852 2.7101e-08
-0.85 3.05618e-08
-0.848 3.44508e-08
-0.846 3.88191e-08
-0.844 4.37238e-08
-0.842 4.92285e-08
-0.84 5.54041e-08
-0.838 6.23294e-08
-0.836 7.00923e-08
-0.834 7.87906e-08
-0.832 8.85329e-08
-0.83 9.944e-08
-0.828 1.11646e-07
-0.826 1.253e-07
-0.824 1.40568e-07
-0.822 1.57634e-07
-0.82 1.767e-07
-0.818 1.97994e-07
-0.816 2.21764e-07
-0.814 2.4829e-07
-0.812 2.77876e-07
-0.81 3.10864e-07
-0.808 3.47629e-07
-0.806 3.88587e-07
-0.804 4.34196e-07
-0.802 4.84965e-07
-0.8 5.41453e-07
-0.798 6.0428e-07
-0.796 6.74126e-07
-0.794 7.51745e-07
-0.792 8.37966e-07
-0.79 9.33702e-07
-0.788 1.03996e-06
-0.786 1.15785e-06
-0.784 1.28858e-06
-0.782 1.43351e-06
-0.78 1.59409e-06
-0.778 1.77195e-06
-0.776 1.96888e-06
-0.774 2.18681e-06
-0.772 2.42789e-06
-0.77 2.69448e-06
-0.768 2.98914e-06
-0.766 3.31469e-06
-0.764 3.67423e-06
-0.762 4.07115e-06
-0.76 4.50913e-06
-0.758 4.99224e-06
-0.756 5.5249e-06
-0.754 6.11194e-06
-0.752 6.75866e-06
-0.75 7.47082e-06
-0.748 8.25472e-06
-0.746 9.11722e-06
-0.744 1.00658e-05
-0.742 1.11087e-05
-0.74 1.22547e-05
-0.738 1.35135e-05
-0.736 1.48956e-05
-0.734 1.64125e-05
-0.732 1.80767e-05
-0.73 1.99017e-05
-0.728 2.19022e-05
-0.726 2.40941e-05
-0.724 2.64947e-05
-0.722 2.91229e-05
-0.72 3.19991e-05
-0.718 3.51451e-05
-0.716 3.85851e-05
-0.714 4.23448e-05
-0.712 4.64523e-05
-0.71 5.09379e-05
-0.708 5.58342e-05
-0.706 6.11767e-05
-0.704 6.70036e-05
-0.702 7.33562e-05
-0.7 8.02789e-05
-0.698 8.78198e-05
-0.696 9.60306e-05
-0.694 0.000104967
-0.692 0.000114689
-0.69 0.000125262
-0.688 0.000136755
-0.686 0.000149242
-0.684 0.000162804
-0.682 0.000177528
-0.68 0.000193506
-0.678 0.000210838
-0.676 0.00022963
-0.674 0.000249997
-0.672 0.000272061
-0.67 0.000295955
-0.668 0.000321819
-0.666 0.000349802
-0.664 0.000380067
-0.662 0.000412786
-0.66 0.000448141
-0.658 0.00048633
-0.656 0.000527563
-0.654 0.000572063
-0.652 0.000620068
-0.65 0.000671832
-0.648 0.000727627
-0.646 0.00078774
-0.644 0.000852479
-0.642 0.000922169
-0.64 0.000997157
-0.638 0.00107781
-0.636 0.00116453
-0.634 0.00125771
-0.632 0.00135781
-0.63 0.00146529
-0.628 0.00158065
-0.626 0.0017044
-0.624 0.00183711
-0.622 0.00197936
-0.62 0.00213177
-0.618 0.002295
-0.616 0.00246974
-0.614 0.00265672
-0.612 0.00285672
-0.61 0.00307054
-0.608 0.00329905
-0.606 0.00354314
-0.604 0.00380377
-0.602 0.00408195
-0.6 0.00437871
-0.598 0.00469517
-0.596 0.00503248
-0.594 0.00539188
-0.592 0.00577463
-0.59 0.00618207
-0.588 0.00661562
-0.586 0.00707674
-0.584 0.00756698
-0.582 0.00808794
-0.58 0.00864131
-0.578 0.00922885
-0.576 0.00985239
-0.574 0.0105139
-0.572 0.0112152
-0.57 0.0119586
-0.568 0.0127462
-0.566 0.0135802
-0.564 0.014463
-0.562 0.015397
-0.56 0.0163848
-0.558 0.017429
-0.556 0.0185323
-0.554 0.0196975
-0.552 0.0209277
-0.55 0.0222258
-0.548 0.023595
-0.546 0.0250385
-0.544 0.0265597
-0.542 0.028162
-0.54 0.0298491
-0.538 0.0316246
-0.536 0.0334923
-0.534 0.0354561
-0.532 0.03752
-0.53 0.0396882
-0.528 0.0419649
-0.526 0.0443545
-0.524 0.0468614
-0.522 0.0494902
-0.52 0.0522455
-0.518 0.0551322
-0.516 0.0581551
-0.514 0.0613193
-0.512 0.0646297
-0.51 0.0680916
-0.508 0.0717103
-0.506 0.0754911
-0.504 0.0794394
-0.502 0.0835608
-0.5 0.0878608
-0.498 0.0923452
-0.496 0.0970197
-0.494 0.10189
-0.492 0.106962
-0.49 0.112242
-0.488 0.117735
-0.486 0.123447
-0.484 0.129385
-0.482 0.135555
-0.48 0.141961
-0.478 0.148611
-0.476 0.155511
-0.474 0.162665
-0.472 0.170081
-0.47 0.177764
-0.468 0.185719
-0.466 0.193953
-0.464 0.202471
-0.462 0.211278
-0.46 0.22038
-0.458 0.229783
-0.456 0.239491
-0.454 0.249509
-0.452 0.259842
-0.45 0.270495
-0.448 0.281472
-0.446 0.292778
-0.444 0.304416
-0.442 0.31639
-0.44 0.328703
-0.438 0.341359
-0.436 0.35436
-0.434 0.36771
-0.432 0.38141
-0.43 0.395462
-0.428 0.409868
-0.426 0.424628
-0.424 0.439745
-0.422 0.455217
-0.42 0.471045
-0.418 0.487229
-0.416 0.503767
-0.414 0.520658
-0.412 0.537901
-0.41 0.555492
-0.408 0.573429
-0.406 0.591709
-0.404 0.610327
-0.402 0.629279
-0.4 0.64856
-0.398 0.668164
-0.396 0.688086
-0.394 0.708319
-0.392 0.728855
-0.39 0.749686
-0.388 0.770804
-0.386 0.7922
-0.384 0.813865
-0.382 0.835787
-0.38 0.857957
-0.378 0.880363
-0.376 0.902992
-0.374 0.925833
-0.372 0.948872
-0.37 0.972096
-0.368 0.995489
-0.366 1.01904
-0.364 1.04273
-0.362 1.06654
-0.36 1.09046
-0.358 1.11447
-0.356 1.13855
-0.354 1.16269
-0.352 1.18687
-0.35 1.21106
-0.348 1.23526
-0.346 1.25943
-0.344 1.28356
-0.342 1.30763
-0.34 1.33162
-0.338 1.35551
-0.336 1.37928
-0.334 1.4029
-0.332 1.42635
-0.33 1.44962
-0.328 1.47267
-0.326 1.4955
-0.324 1.51807
-0.322 1.54036
-0.32 1.56236
-0.318 1.58404
-0.316 1.60538
-0.314 1.62635
-0.312 1.64694
-0.31 1.66712
-0.308 1.68688
-0.306 1.70618
-0.304 1.72502
-0.302 1.74337
-0.3 1.76121
-0.298 1.77852
-0.296 1.79528
-0.294 1.81147
-0.292 1.82708
-0.29 1.84209
-0.288 1.85647
-0.286 1.87023
-0.284 1.88333
-0.282 1.89576
-0.28 1.90751
-0.278 1.91857
-0.276 1.92892
-0.274 1.93855
-0.272 1.94745
-0.27 1.95561
-0.268 1.96301
-0.266 1.96966
-0.264 1.97554
-0.262 1.98064
-0.26 1.98496
-0.258 1.9885
-0.256 1.99125
-0.254 1.9932
-0.252 1.99436
-0.25 1.99472
-0.248 1.99428
-0.246 1.99304
-0.244 1.99101
-0.242 1.98819
-0.24 1.98458
-0.238 1.98018
-0.236 1.975
-0.234 1.96904
-0.232 1.96232
-0.23 1.95484
-0.228 1.94661
-0.226 1.93764
-0.224 1.92794
-0.222 1.91752
-0.22 1.9064
-0.218 1.89458
-0.216 1.88208
-0.214 1.86892
-0.212 1.85511
-0.21 1.84066
-0.208 1.8256
-0.206 1.80994
-0.204 1.79369
-0.202 1.77688
-0.2 1.75953
-0.198 1.74164
-0.196 1.72325
-0.194 1.70438
-0.192 1.68504
-0.19 1.66525
-0.188 1.64503
-0.186 1.62442
-0.184 1.60342
-0.182 1.58206
-0.18 1.56037
-0.178 1.53836
-0.176 1.51605
-0.174 1.49347
-0.172 1.47065
-0.17 1.44759
-0.168 1.42433
-0.166 1.40089
-0.164 1.37728
-0.162 1.35354
-0.16 1.32967
-0.158 1.30571
-0.156 1.28167
-0.154 1.25758
-0.152 1.23345
-0.15 1.20931
-0.148 1.18517
-0.146 1.16106
-0.144 1.13699
-0.142 1.11298
-0.14 1.08905
-0.138 1.06522
-0.136 1.04151
-0.134 1.01792
-0.132 0.99449
-0.13 0.97122
-0.128 0.948129
-0.126 0.925232
-0.124 0.902543
-0.122 0.880077
-0.12 0.857845
-0.118 0.835862
-0.116 0.814138
-0.114 0.792686
-0.112 0.771516
-0.11 0.750638
-0.108 0.730063
-0.106 0.7098
-0.104 0.689857
-0.102 0.670243
-0.1 0.650965
-0.098 0.632031
-0.096 0.613447
-0.094 0.59522
-0.092 0.577355
-0.09 0.559857
-0.088 0.542732
-0.086 0.525983
-0.084 0.509614
-0.082 0.493629
-0.08 0.478031
-0.078 0.462822
-0.076 0.448005
-0.074 0.433582
-0.072 0.419554
-0.07 0.405923
-0.068 0.392689
-0.066 0.379854
-0.064 0.367417
-0.062 0.355379
-0.06 0.34374
-0.058 0.332499
-0.056 0.321656
-0.054 0.311211
-0.052 0.301162
-0.05 0.291508
-0.048 0.282249
-0.046 0.273384
-0.044 0.26491
-0.042 0.256827
-0.04 0.249133
-0.038 0.241827
-0.036 0.234907
-0.034 0.228372
-0.032 0.22222
-0.03 0.21645
-0.028 0.21106
-0.026 0.206048
-0.024 0.201415
-0.022 0.197157
-0.02 0.193274
-0.018 0.189765
-0.016 0.186628
-0.014 0.183862
-0.012 0.181468
-0.01 0.179443
-0.008 0.177787
-0.006 0.1765
-0.004 0.17558
-0.002 0.175029
0 0.174845
0.002 0.175029
0.004 0.17558
0.006 0.1765
0.008 0.177787
0.01 0.179443
0.012 0.181468
0.014 0.183862
0.016 0.186628
0.018 0.189765
0.02 0.193274
0.022 0.197157
0.024 0.201415
0.026 0.206048
0.028 0.21106
0.03 0.21645
0.032 0.22222
0.034 0.228372
0.036 0.234907
0.038 0.241827
0.04 0.249133
0.042 0.256827
0.044 0.26491
0.046 0.273384
0.048 0.282249
0.05 0.291508
0.052 0.301162
0.054 0.311211
0.056 0.321656
0.058 0.332499
0.06 0.34374
0.062 0.355379
0.064 0.367417
0.066 0.379854
0.068 0.392689
0.07 0.405923
0.072 0.419554
0.074 0.433582
0.076 0.448005
0.078 0.462822
0.08 0.478031
0.082 0.493629
0.084 0.509614
0.086 0.525983
0.088 0.542732
0.09 0.559857
0.092 0.577355
0.094 0.59522
0.096 0.613447
0.098 0.632031
0.1 0.650965
0.102 0.670243
0.104 0.689857
0.106 0.7098
0.108 0.730063
0.11 0.750638
0.112 0.771516
0.114 0.792686
0.116 0.814138
0.118 0.835862
0.12 0.857845
0.122 0.880077
0.124 0.902543
0.126 0.925232
0.128 0.948129
0.13 0.97122
0.132 0.99449
0.134 1.01792
0.136 1.04151
0.138 1.06522
0.14 1.08905
0.142 1.11298
0.144 1.13699
0.146 1.16106
0.148 1.18517
0.15 1.20931
0.152 1.23345
0.154 1.25758
0.156 1.28167
0.158 1.30571
0.16 1.32967
0.162 1.35354
0.164 1.37728
0.166 1.40089
0.168 1.42433
0.17 1.44759
0.172 1.47065
0.174 1.49347
0.176 1.51605
0.178 1.53836
0.18 1.56037
0.182 1.58206
0.184 1.60342
0.186 1.62442
0.188 1.64503
0.19 1.66525
0.192 1.68504
0.194 1.70438
0.196 1.72325
0.198 1.74164
0.2 1.75953
0.202 1.77688
0.204 1.79369
0.206 1.80994
0.208 1.8256
0.21 1.84066
0.212 1.85511
0.214 1.86892
0.216 1.88208
0.218 1.89458
0.22 1.9064
0.222 1.91752
0.224 1.92794
0.226 1.93764
0.228 1.94661
0.23 1.95484
0.232 1.96232
0.234 1.96904
0.236 1.975
0.238 1.98018
0.24 1.98458
0.242 1.98819
0.244 1.99101
0.246 1.99304
0.248 1.99428
0.25 1.99472
0.252 1.99436
0.254 1.9932
0.256 1.99125
0.258 1.9885
0.26 1.98496
0.262 1.98064
0.264 1.97554
0.266 1.96966
0.268 1.96301
0.27 1.95561
0.272 1.94745
0.274 1.93855
0.276 1.92892
0.278 1.91857
0.28 1.90751
0.282 1.89576
0.284 1.88333
0.286 1.87023
0.288 1.85647
0.29 1.84209
0.292 1.82708
0.294 1.81147
0.296 1.79528
0.298 1.77852
0.3 1.76121
0.302 1.74337
0.304 1.72502
0.306 1.70618
0.308 1.68688
0.31 1.66712
0.312 1.64694
0.314 1.62635
0.316 1.60538
0.318 1.58404
0.32 1.56236
0.322 1.54036
0.324 1.51807
0.326 1.4955
0.328 1.47267
0.33 1.44962
0.332 1.42635
0.334 1.4029
0.336 1.37928
0.338 1.35551
0.34 1.33162
0.342 1.30763
0.344 1.28356
0.346 1.25943
0.348 1.23526
0.35 1.21106
0.352 1.18687
0.354 1.16269
0.356 1.13855
0.358 1.11447
0.36 1.09046
0.362 1.06654
0.364 1.04273
0.366 1.01904
0.368 0.995489
0.37 0.972096
0.372 0.948872
0.374 0.925833
0.376 0.902992
0.378 0.880363
0.38 0.857957
0.382 0.835787
0.384 0.813865
0.386 0.7922
0.388 0.770804
0.39 0.749686
0.392 0.728855
0.394 0.708319
0.396 0.688086
0.398 0.668164
0.4 0.64856
0.402 0.629279
0.404 0.610327
0.406 0.591709
0.408 0.573429
0.41 0.555492
0.412 0.537901
0.414 0.520658
0.416 0.503767
0.418 0.487229
0.42 0.471045
0.422 0.455217
0.424 0.439745
0.426 0.424628
0.428 0.409868
0.43 0.395462
0.432 0.38141
0.434 0.36771
0.436 0.35436
0.438 0.341359
0.44 0.328703
0.442 0.31639
0.444 0.304416
0.446 0.292778
0.448 0.281472
0.45 0.270495
0.452 0.259842
0.454 0.249509
0.456 0.239491
0.458 0.229783
0.46 0.22038
0.462 0.211278
0.464 0.202471
0.466 0.193953
0.468 0.185719
0.47 0.177764
0.472 0.170081
0.474 0.162665
0.476 0.155511
0.478 0.148611
0.48 0.141961
0.482 0.135555
0.484 0.129385
0.486 0.123447
0.488 0.117735
0.49 0.112242
0.492 0.106962
0.494 0.10189
0.496 0.0970197
0.498 0.0923452
0.5 0.0878608
0.502 0.0835608
0.504 0.0794394
0.506 0.0754911
0.508 0.0717103
0.51 0.0680916
0.512 0.0646297
0.514 0.0613193
0.516 0.0581551
0.518 0.0551322
0.52 0.0522455
0.522 0.0494902
0.524 0.0468614
0.526 0.0443545
0.528 0.0419649
0.53 0.0396882
0.532 0.03752
0.534 0.0354561
0.536 0.0334923
0.538 0.0316246
0.54 0.0298491
0.542 0.028162
0.544 0.0265597
0.546 0.0250385
0.548 0.023595
0.55 0.0222258
0.552 0.0209277
0.554 0.0196975
0.556 0.0185323
0.558 0.017429
0.56 0.0163848
0.562 0.015397
0.564 0.014463
0.566 0.0135802
0.568 0.0127462
0.57 0.0119586
0.572 0.0112152
0.574 0.0105139
0.576 0.00985239
0.578 0.00922885
0.58 0.00864131
0.582 0.00808794
0.584 0.00756698
0.586 0.00707674
0.588 0.00661562
0.59 0.00618207
0.592 0.00577463
0.594 0.00539188
0.596 0.00503248
0.598 0.00469517
0.6 0.00437871
0.602 0.00408195
0.604 0.00380377
0.606 0.00354314
0.608 0.00329905
0.61 0.00307054
0.612 0.00285672
0.614 0.00265672
0.616 0.00246974
0.618 0.002295
0.62 0.00213177
0.622 0.00197936
0.624 0.00183711
0.626 0.0017044
0.628 0.00158065
0.63 0.00146529
0.632 0.00135781
0.634 0.00125771
0.636 0.00116453
0.638 0.00107781
0.64 0.000997157
0.642 0.000922169
0.644 0.000852479
0.646 0.00078774
0.648 0.000727627
0.65 0.000671832
0.652 0.000620068
0.654 0.000572063
0.656 0.000527563
0.658 0.00048633
0.66 0.000448141
0.662 0.000412786
0.664 0.000380067
0.666 0.000349802
0.668 0.000321819
0.67 0.000295955
0.672 0.000272061
0.674 0.000249997
0.676 0.00022963
0.678 0.000210838
0.68 0.000193506
0.682 0.000177528
0.684 0.000162804
0.686 0.000149242
0.688 0.000136755
0.69 0.000125262
0.692 0.000114689
0.694 0.000104967
0.696 9.60306e-05
0.698 8.78198e-05
0.7 8.02789e-05
0.702 7.33562e-05
0.704 6.70036e-05
0.706 6.11767e-05
0.708 5.58342e-05
0.71 5.09379e-05
0.712 4.64523e-05
0.714 4.23448e-05
0.716 3.85851e-05
0.718 3.51451e-05
0.72 3.19991e-05
0.722 2.91229e-05
0.724 2.64947e-05
0.726 2.40941e-05
0.728 2.19022e-05
0.73 1.99017e-05
0.732 1.80767e-05
0.734 1.64125e-05
0.736 1.48956e-05
0.738 1.35135e-05
0.74 1.22547e-05
0.742 1.11087e-05
0.744 1.00658e-05
0.746 9.11722e-06
0.748 8.25472e-06
0.75 7.47082e-06
0.752 6.75866e-06
0.754 6.11194e-06
0.756 5.5249e-06
0.758 4.99224e-06
0.76 4.50913e-06
0.762 4.07115e-06
0.764 3.67423e-06
0.766 3.31469e-06
0.768 2.98914e-06
0.77 2.69448e-06
0.772 2.42789e-06
0.774 2.18681e-06
0.776 1.96888e-06
0.778 1.77195e-06
0.78 1.59409e-06
0.782 1.43351e-06
0.784 1.28858e-06
0.786 1.15785e-06
0.788 1.03996e-06
0.79 9.33702e-07
0.792 8.37966e-07
0.794 7.51745e-07
0.796 6.74126e-07
0.798 6.0428e-07
0.8 5.41453e-07
0.802 4.84965e-07
0.804 4.34196e-07
0.806 3.88587e-07
0.808 3.47629e-07
0.81 3.10864e-07
0.812 2.77876e-07
0.814 2.4829e-07
0.816 2.21764e-07
0.818 1.97994e-07
0.82 1.767e-07
0.822 1.57634e-07
0.824 1.40568e-07
0.826 1.253e-07
0.828 1.11646e-07
0.83 9.944e-08
0.832 8.85329e-08
0.834 7.87906e-08
0.836 7.00923e-08
0.838 6.23294e-08
0.84 5.54041e-08
0.842 4.92285e-08
0.844 4.37238e-08
0.846 3.88191e-08
0.848 3.44508e-08
0.85 3.05618e-08
0.852 2.7101e-08
0.854 2.40225e-08
0.856 2.12852e-08
0.858 1.88522e-08
0.86 1.66907e-08
0.862 1.47711e-08
0.864 1.3067e-08
0.866 1.15549e-08
0.868 1.02137e-08
0.87 9.02456e-09
0.872 7.97067e-09
0.874 7.03705e-09
0.876 6.2103e-09
0.878 5.47848e-09
0.88 4.83097e-09
0.882 4.25829e-09
0.884 3.75199e-09
0.886 3.30457e-09
0.888 2.90934e-09
0.89 2.56036e-09
0.892 2.25233e-09
0.894 1.98057e-09
0.896 1.74091e-09
0.898 1.52963e-09
0.9 1.34346e-09
0.902 1.17947e-09
0.904 1.03509e-09
0.906 9.08014e-10
0.908 7.96223e-10
0.91 6.97917e-10
0.912 6.11503e-10
0.914 5.35575e-10
0.916 4.68886e-10
0.918 4.10338e-10
0.92 3.58957e-10
0.922 3.13884e-10
0.924 2.74362e-10
0.926 2.3972e-10
0.928 2.09368e-10
0.93 1.82787e-10
0.932 1.59517e-10
0.934 1.39154e-10
0.936 1.21343e-10
0.938 1.0577e-10
0.94 9.2159e-11
0.942 8.02686e-11
0.944 6.98854e-11
0.946 6.08222e-11
0.948 5.29147e-11
0.95 4.60185e-11
0.952 4.00071e-11
0.954 3.47694e-11
0.956 3.02081e-11
0.958 2.62379e-11
0.96 2.27842e-11
0.962 1.97816e-11
0.964 1.7173e-11
0.966 1.49085e-11
0.968 1.29444e-11
0.97 1.12429e-11
0.972 9.77078e-12
0.974 8.49921e-12
0.976 7.4032e-12
0.978 6.46109e-12
0.98 5.65414e-12
0.982 4.96626e-12
0.984 4.38366e-12
0.986 3.89459e-12
0.988 3.48919e-12
0.99 3.15923e-12
0.992 2.89799e-12
0.994 2.70015e-12
0.996 2.56165e-12
0.998 2.47968e-12
