-1 0.622803
-0.99 0.622649
-0.98 0.622546
-0.97 0.622157
-0.96 0.621777
-0.95 0.621174
-0.94 0.620495
-0.93 0.6197
-0.92 0.618702
-0.91 0.617736
-0.9 0.616403
-0.89 0.615275
-0.88 0.613615
-0.87 0.612302
-0.86 0.610359
-0.85 0.608798
-0.84 0.606661
-0.83 0.604753
-0.82 0.602525
-0.81 0.600184
-0.8 0.59792
-0.79 0.595158
-0.78 0.592775
-0.77 0.589757
-0.76 0.587039
-0.75 0.584001
-0.74 0.580772
-0.73 0.577775
-0.72 0.57415
-0.71 0.570921
-0.7 0.567278
-0.69 0.563489
-0.68 0.559967
-0.67 0.555791
-0.66 0.551957
-0.65 0.547923
-0.64 0.543463
-0.63 0.539463
-0.62 0.534931
-0.61 0.530298
-0.6 0.526029
-0.59 0.5211
-0.58 0.516286
-0.57 0.511739
-0.56 0.506501
-0.55 0.501442
-0.54 0.496673
-0.53 0.491204
-0.52 0.485814
-0.51 0.480876
-0.5 0.475311
-0.49 0.469503
-0.48 0.464319
-0.47 0.458895
-0.46 0.45276
-0.45 0.446992
-0.44 0.441749
-0.43 0.435903
-0.42 0.429425
-0.41 0.423474
-0.4 0.418217
-0.39 0.412518
-0.38 0.405781
-0.37 0.398893
-0.36 0.393194
-0.35 0.389234
-0.34 0.386623
-0.33 0.384667
-0.32 0.382882
-0.31 0.381081
-0.3 0.379244
-0.29 0.377396
-0.28 0.375555
-0.27 0.373728
-0.26 0.371921
-0.25 0.370138
-0.24 0.368382
-0.23 0.36666
-0.22 0.364974
-0.21 0.363331
-0.2 0.361733
-0.19 0.360185
-0.18 0.358691
-0.17 0.357255
-0.16 0.35588
-0.15 0.354571
-0.14 0.353329
-0.13 0.352159
-0.12 0.351064
-0.11 0.350046
-0.1 0.349107
-0.09 0.348251
-0.08 0.347478
-0.07 0.346793
-0.06 0.346194
-0.05 0.345686
-0.04 0.345268
-0.03 0.344942
-0.02 0.344708
-0.01 0.344568
0 0.344521
0.01 0.344568
0.02 0.344708
0.03 0.344942
0.04 0.345268
0.05 0.345686
0.06 0.346194
0.07 0.346793
0.08 0.347478
0.09 0.348251
0.1 0.349107
0.11 0.350046
0.12 0.351064
0.13 0.352159
0.14 0.353329
0.15 0.354571
0.16 0.35588
0.17 0.357255
0.18 0.358691
0.19 0.360185
0.2 0.361733
0.21 0.363331
0.22 0.364974
0.23 0.36666
0.24 0.368382
0.25 0.370138
0.26 0.371921
0.27 0.373728
0.28 0.375555
0.29 0.377396
0.3 0.379244
0.31 0.381081
0.32 0.382882
0.33 0.384667
0.34 0.386623
0.35 0.389234
0.36 0.393194
0.37 0.398893
0.38 0.405781
0.39 0.412518
0.4 0.418217
0.41 0.423474
0.42 0.429425
0.43 0.435903
0.44 0.441749
0.45 0.446992
0.46 0.45276
0.47 0.458895
0.48 0.464319
0.49 0.469503
0.5 0.475311
0.51 0.480876
0.52 0.485814
0.53 0.491204
0.54 0.496673
0.55 0.501442
0.56 0.506501
0.57 0.511739
0.58 0.516286
0.59 0.5211
0.6 0.526029
0.61 0.530298
0.62 0.534931
0.63 0.539463
0.64 0.543463
0.65 0.547923
0.66 0.551957
0.67 0.555791
0.68 0.559967
0.69 0.563489
0.7 0.567278
0.71 0.570921
0.72 0.57415
0.73 0.577775
0.74 0.580772
0.75 0.584001
0.76 0.587039
0.77 0.589757
0.78 0.592775
0.79 0.595158
0.8 0.59792
0.81 0.600184
0.82 0.602525
0.83 0.604753
0.84 0.606661
0.85 0.608798
0.86 0.610359
0.87 0.612302
0.88 0.613615
0.89 0.615275
0.9 0.616403
0.91 0.617736
0.92 0.618702
0.93 0.6197
0.94 0.620495
0.95 0.621174
0.96 0.621777
0.97 0.622157
0.98 0.622546
0.99 0.622649
