-1 0.00423213
-0.998 0.00424288
-0.996 0.00427516
-0.994 0.0043291
-0.992 0.00440487
-0.99 0.00450272
-0.988 0.004623
-0.986 0.00476611
-0.984 0.00493252
-0.982 0.00512281
-0.98 0.00533759
-0.978 0.00557758
-0.976 0.00584358
-0.974 0.00613645
-0.972 0.00645714
-0.97 0.00680667
-0.968 0.00718617
-0.966 0.00759682
-0.964 0.00803991
-0.962 0.0085168
-0.96 0.00902896
-0.958 0.00957791
-0.956 0.0101653
-0.954 0.0107929
-0.952 0.0114624
-0.95 0.0121758
-0.948 0.0129352
-0.946 0.0137426
-0.944 0.0146002
-0.942 0.0155103
-0.94 0.0164754
-0.938 0.017498
-0.936 0.0185806
-0.934 0.0197261
-0.932 0.0209373
-0.93 0.022217
-0.928 0.0235685
-0.926 0.0249947
-0.924 0.0264991
-0.922 0.0280851
-0.92 0.029756
-0.918 0.0315156
-0.916 0.0333676
-0.914 0.0353159
-0.912 0.0373643
-0.91 0.039517
-0.908 0.0417783
-0.906 0.0441523
-0.904 0.0466435
-0.902 0.0492565
-0.9 0.0519958
-0.898 0.0548663
-0.896 0.0578728
-0.894 0.0610202
-0.892 0.0643136
-0.89 0.0677582
-0.888 0.0713591
-0.886 0.0751218
-0.884 0.0790516
-0.882 0.083154
-0.88 0.0874347
-0.878 0.0918993
-0.876 0.0965535
-0.874 0.101403
-0.872 0.106454
-0.87 0.111712
-0.868 0.117182
-0.866 0.122872
-0.864 0.128787
-0.862 0.134932
-0.86 0.141314
-0.858 0.147939
-0.856 0.154813
-0.854 0.161941
-0.852 0.16933
-0.85 0.176986
-0.848 0.184913
-0.846 0.193119
-0.844 0.201608
-0.842 0.210386
-0.84 0.219458
-0.838 0.22883
-0.836 0.238507
-0.834 0.248494
-0.832 0.258795
-0.83 0.269416
-0.828 0.280361
-0.826 0.291633
-0.824 0.303237
-0.822 0.315177
-0.82 0.327457
-0.818 0.340078
-0.816 0.353045
-0.814 0.366359
-0.812 0.380024
-0.81 0.394041
-0.808 0.408411
-0.806 0.423136
-0.804 0.438217
-0.802 0.453654
-0.8 0.469447
-0.798 0.485595
-0.796 0.502098
-0.794 0.518954
-0.792 0.536161
-0.79 0.553717
-0.788 0.57162
-0.786 0.589865
-0.784 0.60845
-0.782 0.627369
-0.78 0.646617
-0.778 0.66619
-0.776 0.68608
-0.774 0.706282
-0.772 0.726788
-0.77 0.74759
-0.768 0.76868
-0.766 0.790048
-0.764 0.811687
-0.762 0.833584
-0.76 0.855729
-0.758 0.878112
-0.756 0.90072
-0.754 0.92354
-0.752 0.94656
-0.75 0.969765
-0.748 0.993143
-0.746 1.01668
-0.744 1.04035
-0.742 1.06415
-0.74 1.08806
-0.738 1.11207
-0.736 1.13614
-0.734 1.16028
-0.732 1.18445
-0.73 1.20864
-0.728 1.23284
-0.726 1.25701
-0.724 1.28115
-0.722 1.30523
-0.72 1.32923
-0.718 1.35313
-0.716 1.37691
-0.714 1.40054
-0.712 1.42401
-0.71 1.4473
-0.708 1.47038
-0.706 1.49323
-0.704 1.51582
-0.702 1.53815
-0.7 1.56018
-0.698 1.58189
-0.696 1.60326
-0.694 1.62427
-0.692 1.6449
-0.69 1.66512
-0.688 1.68492
-0.686 1.70427
-0.684 1.72316
-0.682 1.74156
-0.68 1.75945
-0.678 1.77681
-0.676 1.79363
-0.674 1.80988
-0.672 1.82555
-0.67 1.84061
-0.668 1.85506
-0.666 1.86888
-0.664 1.88204
-0.662 1.89455
-0.66 1.90637
-0.658 1.91749
-0.656 1.92791
-0.654 1.93762
-0.652 1.94659
-0.65 1.95482
-0.648 1.9623
-0.646 1.96903
-0.644 1.97498
-0.642 1.98016
-0.64 1.98456
-0.638 1.98818
-0.636 1.991
-0.634 1.99304
-0.632 1.99427
-0.63 1.99471
-0.628 1.99435
-0.626 1.99319
-0.624 1.99124
-0.622 1.9885
-0.62 1.98496
-0.618 1.98064
-0.616 1.97553
-0.614 1.96966
-0.612 1.96301
-0.61 1.9556
-0.608 1.94745
-0.606 1.93855
-0.604 1.92892
-0.602 1.91857
-0.6 1.90751
-0.598 1.89576
-0.596 1.88332
-0.594 1.87023
-0.592 1.85647
-0.59 1.84209
-0.588 1.82708
-0.586 1.81147
-0.584 1.79528
-0.582 1.77852
-0.58 1.76121
-0.578 1.74337
-0.576 1.72502
-0.574 1.70618
-0.572 1.68688
-0.57 1.66712
-0.568 1.64694
-0.566 1.62635
-0.564 1.60538
-0.562 1.58404
-0.56 1.56236
-0.558 1.54036
-0.556 1.51807
-0.554 1.4955
-0.552 1.47267
-0.55 1.44962
-0.548 1.42635
-0.546 1.4029
-0.544 1.37928
-0.542 1.35551
-0.54 1.33162
-0.538 1.30763
-0.536 1.28356
-0.534 1.25943
-0.532 1.23526
-0.53 1.21106
-0.528 1.18687
-0.526 1.16269
-0.524 1.13855
-0.522 1.11447
-0.52 1.09046
-0.518 1.06654
-0.516 1.04273
-0.514 1.01904
-0.512 0.995489
-0.51 0.972096
-0.508 0.948872
-0.506 0.925833
-0.504 0.902992
-0.502 0.880363
-0.5 0.857957
-0.498 0.835787
-0.496 0.813865
-0.494 0.7922
-0.492 0.770804
-0.49 0.749686
-0.488 0.728855
-0.486 0.708319
-0.484 0.688086
-0.482 0.668164
-0.48 0.64856
-0.478 0.629279
-0.476 0.610327
-0.474 0.591709
-0.472 0.573429
-0.47 0.555492
-0.468 0.537901
-0.466 0.520658
-0.464 0.503767
-0.462 0.487229
-0.46 0.471045
-0.458 0.455217
-0.456 0.439745
-0.454 0.424628
-0.452 0.409868
-0.45 0.395462
-0.448 0.38141
-0.446 0.36771
-0.444 0.35436
-0.442 0.341359
-0.44 0.328703
-0.438 0.31639
-0.436 0.304416
-0.434 0.292778
-0.432 0.281472
-0.43 0.270495
-0.428 0.259842
-0.426 0.249509
-0.424 0.239491
-0.422 0.229783
-0.42 0.22038
-0.418 0.211278
-0.416 0.202471
-0.414 0.193953
-0.412 0.185719
-0.41 0.177764
-0.408 0.170081
-0.406 0.162665
-0.404 0.155511
-0.402 0.148611
-0.4 0.141961
-0.398 0.135555
-0.396 0.129385
-0.394 0.123447
-0.392 0.117735
-0.39 0.112242
-0.388 0.106962
-0.386 0.10189
-0.384 0.0970197
-0.382 0.0923453
-0.38 0.0878609
-0.378 0.0835608
-0.376 0.0794394
-0.374 0.0754911
-0.372 0.0717103
-0.37 0.0680916
-0.368 0.0646297
-0.366 0.0613193
-0.364 0.0581551
-0.362 0.0551322
-0.36 0.0522455
-0.358 0.0494902
-0.356 0.0468614
-0.354 0.0443545
-0.352 0.0419649
-0.35 0.0396882
-0.348 0.03752
-0.346 0.0354561
-0.344 0.0334923
-0.342 0.0316246
-0.34 0.0298491
-0.338 0.028162
-0.336 0.0265597
-0.334 0.0250385
-0.332 0.023595
-0.33 0.0222258
-0.328 0.0209277
-0.326 0.0196975
-0.324 0.0185323
-0.322 0.017429
-0.32 0.0163848
-0.318 0.015397
-0.316 0.014463
-0.314 0.0135802
-0.312 0.0127462
-0.31 0.0119586
-0.308 0.0112152
-0.306 0.0105138
-0.304 0.00985238
-0.302 0.00922884
-0.3 0.0086413
-0.298 0.00808793
-0.296 0.00756697
-0.294 0.00707674
-0.292 0.00661562
-0.29 0.00618207
-0.288 0.00577462
-0.286 0.00539187
-0.284 0.00503248
-0.282 0.00469516
-0.28 0.0043787
-0.278 0.00408194
-0.276 0.00380377
-0.274 0.00354314
-0.272 0.00329904
-0.27 0.00307054
-0.268 0.00285671
-0.266 0.00265672
-0.264 0.00246974
-0.262 0.002295
-0.26 0.00213177
-0.258 0.00197936
-0.256 0.0018371
-0.254 0.0017044
-0.252 0.00158064
-0.25 0.00146529
-0.248 0.00135781
-0.246 0.00125771
-0.244 0.00116452
-0.242 0.00107781
-0.24 0.000997154
-0.238 0.000922166
-0.236 0.000852476
-0.234 0.000787737
-0.232 0.000727624
-0.23 0.000671829
-0.228 0.000620065
-0.226 0.00057206
-0.224 0.00052756
-0.222 0.000486328
-0.22 0.000448139
-0.218 0.000412783
-0.216 0.000380065
-0.214 0.0003498
-0.212 0.000321817
-0.21 0.000295953
-0.208 0.00027206
-0.206 0.000249995
-0.204 0.000229628
-0.202 0.000210836
-0.2 0.000193504
-0.198 0.000177527
-0.196 0.000162803
-0.194 0.000149241
-0.192 0.000136753
-0.19 0.000125261
-0.188 0.000114688
-0.186 0.000104966
-0.184 9.60297e-05
-0.182 8.7819e-05
-0.18 8.02781e-05
-0.178 7.33555e-05
-0.176 6.70029e-05
-0.174 6.11761e-05
-0.172 5.58336e-05
-0.17 5.09373e-05
-0.168 4.64518e-05
-0.166 4.23443e-05
-0.164 3.85846e-05
-0.162 3.51447e-05
-0.16 3.19986e-05
-0.158 2.91226e-05
-0.156 2.64944e-05
-0.154 2.40937e-05
-0.152 2.19019e-05
-0.15 1.99014e-05
-0.148 1.80765e-05
-0.146 1.64123e-05
-0.144 1.48954e-05
-0.142 1.35132e-05
-0.14 1.22544e-05
-0.138 1.11085e-05
-0.136 1.00656e-05
-0.134 9.11706e-06
-0.132 8.25456e-06
-0.13 7.47068e-06
-0.128 6.75853e-06
-0.126 6.11182e-06
-0.124 5.52478e-06
-0.122 4.99213e-06
-0.12 4.50903e-06
-0.118 4.07106e-06
-0.116 3.67415e-06
-0.114 3.31461e-06
-0.112 2.98907e-06
-0.11 2.69441e-06
-0.108 2.42783e-06
-0.106 2.18676e-06
-0.104 1.96883e-06
-0.102 1.77191e-06
-0.1 1.59405e-06
-0.098 1.43347e-06
-0.096 1.28855e-06
-0.094 1.15782e-06
-0.092 1.03994e-06
-0.09 9.33685e-07
-0.088 8.37953e-07
-0.086 7.51736e-07
-0.084 6.74121e-07
-0.082 6.04279e-07
-0.08 5.41458e-07
-0.078 4.84974e-07
-0.076 4.34211e-07
-0.074 3.88607e-07
-0.072 3.47656e-07
-0.07 3.10898e-07
-0.068 2.77918e-07
-0.066 2.48341e-07
-0.064 2.21825e-07
-0.062 1.98066e-07
-0.06 1.76785e-07
-0.058 1.57733e-07
-0.056 1.40684e-07
-0.054 1.25434e-07
-0.052 1.11801e-07
-0.05 9.96181e-08
-0.048 8.8738e-08
-0.046 7.90265e-08
-0.044 7.03632e-08
-0.042 6.26401e-08
-0.04 5.57601e-08
-0.038 4.96362e-08
-0.036 4.41903e-08
-0.034 3.93525e-08
-0.032 3.50603e-08
-0.03 3.12579e-08
-0.028 2.78956e-08
-0.026 2.4929e-08
-0.024 2.23189e-08
-0.022 2.00304e-08
-0.02 1.8033e-08
-0.018 1.62996e-08
-0.016 1.48069e-08
-0.014 1.35346e-08
-0.012 1.24652e-08
-0.01 1.15841e-08
-0.008 1.08792e-08
-0.006 1.03409e-08
-0.004 9.96155e-09
-0.002 9.73605e-09
0 9.66122e-09
0.002 9.73605e-09
0.004 9.96155e-09
0.006 1.03409e-08
0.008 1.08792e-08
0.01 1.15841e-08
0.012 1.24652e-08
0.014 1.35345e-08
0.016 1.48069e-08
0.018 1.62996e-08
0.02 1.8033e-08
0.022 2.00304e-08
0.024 2.23189e-08
0.026 2.4929e-08
0.028 2.78956e-08
0.03 3.12579e-08
0.032 3.50603e-08
0.034 3.93525e-08
0.036 4.41903e-08
0.038 4.96362e-08
0.04 5.57601e-08
0.042 6.26401e-08
0.044 7.03632e-08
0.046 7.90265e-08
0.048 8.8738e-08
0.05 9.96181e-08
0.052 1.11801e-07
0.054 1.25434e-07
0.056 1.40684e-07
0.058 1.57733e-07
0.06 1.76785e-07
0.062 1.98066e-07
0.064 2.21825e-07
0.066 2.48341e-07
0.068 2.77918e-07
0.07 3.10898e-07
0.072 3.47656e-07
0.074 3.88607e-07
0.076 4.34211e-07
0.078 4.84974e-07
0.08 5.41458e-07
0.082 6.04279e-07
0.084 6.74121e-07
0.086 7.51736e-07
0.088 8.37953e-07
0.09 9.33685e-07
0.092 1.03994e-06
0.094 1.15782e-06
0.096 1.28855e-06
0.098 1.43347e-06
0.1 1.59405e-06
0.102 1.77191e-06
0.104 1.96883e-06
0.106 2.18676e-06
0.108 2.42783e-06
0.11 2.69441e-06
0.112 2.98907e-06
0.114 3.31461e-06
0.116 3.67415e-06
0.118 4.07106e-06
0.12 4.50903e-06
0.122 4.99213e-06
0.124 5.52478e-06
0.126 6.11182e-06
0.128 6.75853e-06
0.13 7.47068e-06
0.132 8.25456e-06
0.134 9.11706e-06
0.136 1.00656e-05
0.138 1.11085e-05
0.14 1.22544e-05
0.142 1.35132e-05
0.144 1.48954e-05
0.146 1.64123e-05
0.148 1.80765e-05
0.15 1.99014e-05
0.152 2.19019e-05
0.154 2.40937e-05
0.156 2.64944e-05
0.158 2.91226e-05
0.16 3.19986e-05
0.162 3.51447e-05
0.164 3.85846e-05
0.166 4.23443e-05
0.168 4.64518e-05
0.17 5.09373e-05
0.172 5.58336e-05
0.174 6.11761e-05
0.176 6.70029e-05
0.178 7.33555e-05
0.18 8.02781e-05
0.182 8.7819e-05
0.184 9.60297e-05
0.186 0.000104966
0.188 0.000114688
0.19 0.000125261
0.192 0.000136753
0.194 0.000149241
0.196 0.000162803
0.198 0.000177527
0.2 0.000193504
0.202 0.000210836
0.204 0.000229628
0.206 0.000249995
0.208 0.00027206
0.21 0.000295953
0.212 0.000321817
0.214 0.0003498
0.216 0.000380065
0.218 0.000412783
0.22 0.000448139
0.222 0.000486328
0.224 0.00052756
0.226 0.00057206
0.228 0.000620065
0.23 0.000671829
0.232 0.000727624
0.234 0.000787737
0.236 0.000852476
0.238 0.000922166
0.24 0.000997154
0.242 0.00107781
0.244 0.00116452
0.246 0.00125771
0.248 0.00135781
0.25 0.00146529
0.252 0.00158064
0.254 0.0017044
0.256 0.0018371
0.258 0.00197936
0.26 0.00213177
0.262 0.002295
0.264 0.00246974
0.266 0.00265672
0.268 0.00285671
0.27 0.00307054
0.272 0.00329904
0.274 0.00354314
0.276 0.00380377
0.278 0.00408194
0.28 0.0043787
0.282 0.00469516
0.284 0.00503248
0.286 0.00539187
0.288 0.00577462
0.29 0.00618207
0.292 0.00661562
0.294 0.00707674
0.296 0.00756697
0.298 0.00808793
0.3 0.0086413
0.302 0.00922884
0.304 0.00985238
0.306 0.0105138
0.308 0.0112152
0.31 0.0119586
0.312 0.0127462
0.314 0.0135802
0.316 0.014463
0.318 0.015397
0.32 0.0163848
0.322 0.017429
0.324 0.0185323
0.326 0.0196975
0.328 0.0209277
0.33 0.0222258
0.332 0.023595
0.334 0.0250385
0.336 0.0265597
0.338 0.028162
0.34 0.0298491
0.342 0.0316246
0.344 0.0334923
0.346 0.0354561
0.348 0.03752
0.35 0.0396882
0.352 0.0419649
0.354 0.0443545
0.356 0.0468614
0.358 0.0494902
0.36 0.0522455
0.362 0.0551322
0.364 0.0581551
0.366 0.0613193
0.368 0.0646297
0.37 0.0680916
0.372 0.0717103
0.374 0.0754911
0.376 0.0794394
0.378 0.0835608
0.38 0.0878609
0.382 0.0923453
0.384 0.0970197
0.386 0.10189
0.388 0.106962
0.39 0.112242
0.392 0.117735
0.394 0.123447
0.396 0.129385
0.398 0.135555
0.4 0.141961
0.402 0.148611
0.404 0.155511
0.406 0.162665
0.408 0.170081
0.41 0.177764
0.412 0.185719
0.414 0.193953
0.416 0.202471
0.418 0.211278
0.42 0.22038
0.422 0.229783
0.424 0.239491
0.426 0.249509
0.428 0.259842
0.43 0.270495
0.432 0.281472
0.434 0.292778
0.436 0.304416
0.438 0.31639
0.44 0.328703
0.442 0.341359
0.444 0.35436
0.446 0.36771
0.448 0.38141
0.45 0.395462
0.452 0.409868
0.454 0.424628
0.456 0.439745
0.458 0.455217
0.46 0.471045
0.462 0.487229
0.464 0.503767
0.466 0.520658
0.468 0.537901
0.47 0.555492
0.472 0.573429
0.474 0.591709
0.476 0.610327
0.478 0.629279
0.48 0.64856
0.482 0.668164
0.484 0.688086
0.486 0.708319
0.488 0.728855
0.49 0.749686
0.492 0.770804
0.494 0.7922
0.496 0.813865
0.498 0.835787
0.5 0.857957
0.502 0.880363
0.504 0.902992
0.506 0.925833
0.508 0.948872
0.51 0.972096
0.512 0.995489
0.514 1.01904
0.516 1.04273
0.518 1.06654
0.52 1.09046
0.522 1.11447
0.524 1.13855
0.526 1.16269
0.528 1.18687
0.53 1.21106
0.532 1.23526
0.534 1.25943
0.536 1.28356
0.538 1.30763
0.54 1.33162
0.542 1.35551
0.544 1.37928
0.546 1.4029
0.548 1.42635
0.55 1.44962
0.552 1.47267
0.554 1.4955
0.556 1.51807
0.558 1.54036
0.56 1.56236
0.562 1.58404
0.564 1.60538
0.566 1.62635
0.568 1.64694
0.57 1.66712
0.572 1.68688
0.574 1.70618
0.576 1.72502
0.578 1.74337
0.58 1.76121
0.582 1.77852
0.584 1.79528
0.586 1.81147
0.588 1.82708
0.59 1.84209
0.592 1.85647
0.594 1.87023
0.596 1.88332
0.598 1.89576
0.6 1.90751
0.602 1.91857
0.604 1.92892
0.606 1.93855
0.608 1.94745
0.61 1.9556
0.612 1.96301
0.614 1.96966
0.616 1.97553
0.618 1.98064
0.62 1.98496
0.622 1.9885
0.624 1.99124
0.626 1.99319
0.628 1.99435
0.63 1.99471
0.632 1.99427
0.634 1.99304
0.636 1.991
0.638 1.98818
0.64 1.98456
0.642 1.98016
0.644 1.97498
0.646 1.96903
0.648 1.9623
0.65 1.95482
0.652 1.94659
0.654 1.93762
0.656 1.92791
0.658 1.91749
0.66 1.90637
0.662 1.89455
0.664 1.88204
0.666 1.86888
0.668 1.85506
0.67 1.84061
0.672 1.82555
0.674 1.80988
0.676 1.79363
0.678 1.77681
0.68 1.75945
0.682 1.74156
0.684 1.72316
0.686 1.70427
0.688 1.68492
0.69 1.66512
0.692 1.6449
0.694 1.62427
0.696 1.60326
0.698 1.58189
0.7 1.56018
0.702 1.53815
0.704 1.51582
0.706 1.49323
0.708 1.47038
0.71 1.4473
0.712 1.42401
0.714 1.40054
0.716 1.37691
0.718 1.35313
0.72 1.32923
0.722 1.30523
0.724 1.28115
0.726 1.25701
0.728 1.23284
0.73 1.20864
0.732 1.18445
0.734 1.16028
0.736 1.13614
0.738 1.11207
0.74 1.08806
0.742 1.06415
0.744 1.04035
0.746 1.01668
0.748 0.993143
0.75 0.969765
0.752 0.94656
0.754 0.92354
0.756 0.90072
0.758 0.878112
0.76 0.855729
0.762 0.833584
0.764 0.811687
0.766 0.790048
0.768 0.76868
0.77 0.74759
0.772 0.726788
0.774 0.706282
0.776 0.68608
0.778 0.66619
0.78 0.646617
0.782 0.627369
0.784 0.60845
0.786 0.589865
0.788 0.57162
0.79 0.553717
0.792 0.536161
0.794 0.518954
0.796 0.502098
0.798 0.485595
0.8 0.469447
0.802 0.453654
0.804 0.438217
0.806 0.423136
0.808 0.408411
0.81 0.394041
0.812 0.380024
0.814 0.366359
0.816 0.353045
0.818 0.340078
0.82 0.327457
0.822 0.315177
0.824 0.303237
0.826 0.291633
0.828 0.280361
0.83 0.269416
0.832 0.258795
0.834 0.248494
0.836 0.238507
0.838 0.22883
0.84 0.219458
0.842 0.210386
0.844 0.201608
0.846 0.193119
0.848 0.184913
0.85 0.176986
0.852 0.16933
0.854 0.161941
0.856 0.154813
0.858 0.147939
0.86 0.141314
0.862 0.134932
0.864 0.128787
0.866 0.122872
0.868 0.117182
0.87 0.111712
0.872 0.106454
0.874 0.101403
0.876 0.0965535
0.878 0.0918993
0.88 0.0874347
0.882 0.083154
0.884 0.0790516
0.886 0.0751218
0.888 0.0713591
0.89 0.0677582
0.892 0.0643136
0.894 0.0610202
0.896 0.0578728
0.898 0.0548663
0.9 0.0519958
0.902 0.0492565
0.904 0.0466435
0.906 0.0441523
0.908 0.0417783
0.91 0.039517
0.912 0.0373643
0.914 0.0353159
0.916 0.0333676
0.918 0.0315156
0.92 0.029756
0.922 0.0280851
0.924 0.0264991
0.926 0.0249947
0.928 0.0235685
0.93 0.022217
0.932 0.0209373
0.934 0.0197261
0.936 0.0185806
0.938 0.017498
0.94 0.0164754
0.942 0.0155103
0.944 0.0146002
0.946 0.0137426
0.948 0.0129352
0.95 0.0121758
0.952 0.0114624
0.954 0.0107929
0.956 0.0101653
0.958 0.00957791
0.96 0.00902896
0.962 0.0085168
0.964 0.00803991
0.966 0.00759682
0.968 0.00718617
0.97 0.00680667
0.972 0.00645714
0.974 0.00613645
0.976 0.00584358
0.978 0.00557758
0.98 0.00533759
0.982 0.00512281
0.984 0.00493252
0.986 0.00476611
0.988 0.004623
0.99 0.00450272
0.992 0.00440487
0.994 0.0043291
0.996 0.00427516
0.998 0.00424288
