-1 0.521666
-0.99 0.521541
-0.98 0.521597
-0.97 0.521429
-0.96 0.521388
-0.95 0.521204
-0.94 0.521035
-0.93 0.520863
-0.92 0.520534
-0.91 0.520396
-0.9 0.519891
-0.89 0.51978
-0.88 0.519119
-0.87 0.518976
-0.86 0.518242
-0.85 0.517944
-0.84 0.517269
-0.83 0.516676
-0.82 0.516154
-0.81 0.515229
-0.8 0.514781
-0.79 0.513706
-0.78 0.513042
-0.77 0.512121
-0.76 0.510998
-0.75 0.510274
-0.74 0.508892
-0.73 0.507922
-0.72 0.506774
-0.71 0.505234
-0.7 0.504226
-0.69 0.502633
-0.68 0.501049
-0.67 0.499826
-0.66 0.497888
-0.65 0.4962
-0.64 0.494726
-0.63 0.492507
-0.62 0.490589
-0.61 0.48892
-0.6 0.486466
-0.59 0.484155
-0.58 0.482331
-0.57 0.479801
-0.56 0.476926
-0.55 0.474745
-0.54 0.472461
-0.53 0.469246
-0.52 0.466078
-0.51 0.463741
-0.5 0.461281
-0.49 0.457695
-0.48 0.453598
-0.47 0.450473
-0.46 0.449081
-0.45 0.449089
-0.44 0.449747
-0.43 0.450514
-0.42 0.451189
-0.41 0.45175
-0.4 0.452222
-0.39 0.45262
-0.38 0.45295
-0.37 0.453213
-0.36 0.453414
-0.35 0.453555
-0.34 0.453639
-0.33 0.453671
-0.32 0.453653
-0.31 0.453589
-0.3 0.453483
-0.29 0.453338
-0.28 0.453157
-0.27 0.452944
-0.26 0.452703
-0.25 0.452438
-0.24 0.45215
-0.23 0.451845
-0.22 0.451525
-0.21 0.451193
-0.2 0.450854
-0.19 0.450509
-0.18 0.450162
-0.17 0.449816
-0.16 0.449473
-0.15 0.449137
-0.14 0.44881
-0.13 0.448495
-0.12 0.448193
-0.11 0.447907
-0.1 0.447638
-0.09 0.44739
-0.08 0.447163
-0.07 0.446959
-0.06 0.44678
-0.05 0.446626
-0.04 0.446498
-0.03 0.446399
-0.02 0.446327
-0.01 0.446283
0 0.446269
0.01 0.446283
0.02 0.446327
0.03 0.446399
0.04 0.446498
0.05 0.446626
0.06 0.44678
0.07 0.446959
0.08 0.447163
0.09 0.44739
0.1 0.447638
0.11 0.447907
0.12 0.448193
0.13 0.448495
0.14 0.44881
0.15 0.449137
0.16 0.449473
0.17 0.449816
0.18 0.450162
0.19 0.450509
0.2 0.450854
0.21 0.451193
0.22 0.451525
0.23 0.451845
0.24 0.45215
0.25 0.452438
0.26 0.452703
0.27 0.452944
0.28 0.453157
0.29 0.453338
0.3 0.453483
0.31 0.453589
0.32 0.453653
0.33 0.453671
0.34 0.453639
0.35 0.453555
0.36 0.453414
0.37 0.453213
0.38 0.45295
0.39 0.45262
0.4 0.452222
0.41 0.45175
0.42 0.451189
0.43 0.450514
0.44 0.449747
0.45 0.449089
0.46 0.449081
0.47 0.450473
0.48 0.453598
0.49 0.457695
0.5 0.461281
0.51 0.463741
0.52 0.466078
0.53 0.469246
0.54 0.472461
0.55 0.474745
0.56 0.476926
0.57 0.479801
0.58 0.482331
0.59 0.484155
0.6 0.486466
0.61 0.48892
0.62 0.490589
0.63 0.492507
0.64 0.494726
0.65 0.4962
0.66 0.497888
0.67 0.499826
0.68 0.501049
0.69 0.502633
0.7 0.504226
0.71 0.505234
0.72 0.506774
0.73 0.507922
0.74 0.508892
0.75 0.510274
0.76 0.510998
0.77 0.512121
0.78 0.513042
0.79 0.513706
0.8 0.514781
0.81 0.515229
0.82 0.516154
0.83 0.516676
0.84 0.517269
0.85 0.517944
0.86 0.518242
0.87 0.518976
0.88 0.519119
0.89 0.51978
0.9 0.519891
0.91 0.520396
0.92 0.520534
0.93 0.520863
0.94 0.521035
0.95 0.521204
0.96 0.521388
0.97 0.521429
0.98 0.521597
0.99 0.521541
