-1 0.171572
-0.99 0.171188
-0.98 0.171897
-0.97 0.171692
-0.96 0.172794
-0.95 0.172875
-0.94 0.173978
-0.93 0.175023
-0.92 0.175443
-0.91 0.177378
-0.9 0.178727
-0.89 0.179148
-0.88 0.181409
-0.87 0.186225
-0.86 0.192296
-0.85 0.198664
-0.84 0.205117
-0.83 0.211679
-0.82 0.218366
-0.81 0.22518
-0.8 0.232118
-0.79 0.239179
-0.78 0.246362
-0.77 0.253664
-0.76 0.261084
-0.75 0.268619
-0.74 0.276267
-0.73 0.284025
-0.72 0.291891
-0.71 0.29986
-0.7 0.307931
-0.69 0.316099
-0.68 0.324361
-0.67 0.332713
-0.66 0.341151
-0.65 0.349671
-0.64 0.358268
-0.63 0.366938
-0.62 0.375676
-0.61 0.384476
-0.6 0.393334
-0.59 0.402244
-0.58 0.4112
-0.57 0.420197
-0.56 0.429229
-0.55 0.43829
-0.54 0.447372
-0.53 0.456471
-0.52 0.465579
-0.51 0.47469
-0.5 0.483796
-0.49 0.492891
-0.48 0.501968
-0.47 0.511019
-0.46 0.520037
-0.45 0.529015
-0.44 0.537945
-0.43 0.54682
-0.42 0.555632
-0.41 0.564373
-0.4 0.573035
-0.39 0.581612
-0.38 0.590094
-0.37 0.598475
-0.36 0.606746
-0.35 0.6149
-0.34 0.622929
-0.33 0.630825
-0.32 0.638581
-0.31 0.646189
-0.3 0.653642
-0.29 0.660932
-0.28 0.668051
-0.27 0.674994
-0.26 0.681752
-0.25 0.688318
-0.24 0.694687
-0.23 0.700851
-0.22 0.706803
-0.21 0.712539
-0.2 0.71805
-0.19 0.723332
-0.18 0.72838
-0.17 0.733186
-0.16 0.737747
-0.15 0.742057
-0.14 0.746112
-0.13 0.749908
-0.12 0.753439
-0.11 0.756702
-0.1 0.759694
-0.09 0.762411
-0.08 0.76485
-0.07 0.767009
-0.06 0.768885
-0.05 0.770476
-0.04 0.77178
-0.03 0.772796
-0.02 0.773522
-0.01 0.773958
0 0.774104
0.01 0.773958
0.02 0.773522
0.03 0.772796
0.04 0.77178
0.05 0.770476
0.06 0.768885
0.07 0.767009
0.08 0.76485
0.09 0.762411
0.1 0.759694
0.11 0.756702
0.12 0.753439
0.13 0.749908
0.14 0.746112
0.15 0.742057
0.16 0.737747
0.17 0.733186
0.18 0.72838
0.19 0.723332
0.2 0.71805
0.21 0.712539
0.22 0.706803
0.23 0.700851
0.24 0.694687
0.25 0.688318
0.26 0.681752
0.27 0.674994
0.28 0.668051
0.29 0.660932
0.3 0.653642
0.31 0.646189
0.32 0.638581
0.33 0.630825
0.34 0.622929
0.35 0.6149
0.36 0.606746
0.37 0.598475
0.38 0.590094
0.39 0.581612
0.4 0.573035
0.41 0.564373
0.42 0.555632
0.43 0.54682
0.44 0.537945
0.45 0.529015
0.46 0.520037
0.47 0.511019
0.48 0.501968
0.49 0.492891
0.5 0.483796
0.51 0.47469
0.52 0.465579
0.53 0.456471
0.54 0.447372
0.55 0.43829
0.56 0.429229
0.57 0.420197
0.58 0.4112
0.59 0.402244
0.6 0.393334
0.61 0.384476
0.62 0.375676
0.63 0.366938
0.64 0.358268
0.65 0.349671
0.66 0.341151
0.67 0.332713
0.68 0.324361
0.69 0.316099
0.7 0.307931
0.71 0.29986
0.72 0.291891
0.73 0.284025
0.74 0.276267
0.75 0.268619
0.76 0.261084
0.77 0.253664
0.78 0.246362
0.79 0.239179
0.8 0.232118
0.81 0.22518
0.82 0.218366
0.83 0.211679
0.84 0.205117
0.85 0.198664
0.86 0.192296
0.87 0.186225
0.88 0.181409
0.89 0.179148
0.9 0.178727
0.91 0.177378
0.92 0.175443
0.93 0.175023
0.94 0.173978
0.95 0.172875
0.96 0.172794
0.97 0.171692
0.98 0.171897
0.99 0.171188
