-1 3.68123
-0.998 3.68061
-0.996 3.67876
-0.994 3.67567
-0.992 3.67135
-0.99 3.66581
-0.988 3.65905
-0.986 3.65107
-0.984 3.64189
-0.982 3.63151
-0.98 3.61994
-0.978 3.6072
-0.976 3.5933
-0.974 3.57824
-0.972 3.56205
-0.97 3.54474
-0.968 3.52633
-0.966 3.50683
-0.964 3.48626
-0.962 3.46465
-0.96 3.44201
-0.958 3.41836
-0.956 3.39374
-0.954 3.36815
-0.952 3.34162
-0.95 3.31419
-0.948 3.28587
-0.946 3.25669
-0.944 3.22667
-0.942 3.19585
-0.94 3.16425
-0.938 3.1319
-0.936 3.09882
-0.934 3.06506
-0.932 3.03063
-0.93 2.99557
-0.928 2.95991
-0.926 2.92368
-0.924 2.8869
-0.922 2.84962
-0.92 2.81185
-0.918 2.77364
-0.916 2.73501
-0.914 2.696
-0.912 2.65663
-0.91 2.61694
-0.908 2.57695
-0.906 2.53671
-0.904 2.49623
-0.902 2.45556
-0.9 2.41471
-0.898 2.37373
-0.896 2.33263
-0.894 2.29146
-0.892 2.25023
-0.89 2.20898
-0.888 2.16773
-0.886 2.12652
-0.884 2.08536
-0.882 2.04429
-0.88 2.00333
-0.878 1.96251
-0.876 1.92185
-0.874 1.88137
-0.872 1.84111
-0.87 1.80107
-0.868 1.76129
-0.866 1.72178
-0.864 1.68257
-0.862 1.64367
-0.86 1.6051
-0.858 1.56689
-0.856 1.52905
-0.854 1.4916
-0.852 1.45455
-0.85 1.41792
-0.848 1.38172
-0.846 1.34596
-0.844 1.31067
-0.842 1.27585
-0.84 1.24151
-0.838 1.20767
-0.836 1.17433
-0.834 1.1415
-0.832 1.10919
-0.83 1.07741
-0.828 1.04617
-0.826 1.01547
-0.824 0.985317
-0.822 0.955715
-0.82 0.926669
-0.818 0.898182
-0.816 0.870257
-0.814 0.842896
-0.812 0.816099
-0.81 0.789869
-0.808 0.764206
-0.806 0.739108
-0.804 0.714575
-0.802 0.690605
-0.8 0.667196
-0.798 0.644346
-0.796 0.622052
-0.794 0.600311
-0.792 0.579117
-0.79 0.558468
-0.788 0.538358
-0.786 0.518781
-0.784 0.499734
-0.782 0.481209
-0.78 0.4632
-0.778 0.445702
-0.776 0.428706
-0.774 0.412207
-0.772 0.396196
-0.77 0.380667
-0.768 0.365611
-0.766 0.351021
-0.764 0.336888
-0.762 0.323205
-0.76 0.309962
-0.758 0.297151
-0.756 0.284764
-0.754 0.272792
-0.752 0.261226
-0.75 0.250057
-0.748 0.239276
-0.746 0.228874
-0.744 0.218843
-0.742 0.209174
-0.74 0.199856
-0.738 0.190883
-0.736 0.182243
-0.734 0.17393
-0.732 0.165933
-0.73 0.158245
-0.728 0.150856
-0.726 0.143758
-0.724 0.136942
-0.722 0.1304
-0.72 0.124124
-0.718 0.118105
-0.716 0.112336
-0.714 0.106808
-0.712 0.101514
-0.71 0.0964453
-0.708 0.0915952
-0.706 0.086956
-0.704 0.0825204
-0.702 0.0782814
-0.7 0.0742318
-0.698 0.070365
-0.696 0.0666742
-0.694 0.0631529
-0.692 0.0597948
-0.69 0.0565937
-0.688 0.0535435
-0.686 0.0506383
-0.684 0.0478725
-0.682 0.0452404
-0.68 0.0427367
-0.678 0.0403561
-0.676 0.0380935
-0.674 0.035944
-0.672 0.0339027
-0.67 0.0319651
-0.668 0.0301267
-0.666 0.0283831
-0.664 0.0267301
-0.662 0.0251637
-0.66 0.02368
-0.658 0.0222752
-0.656 0.0209456
-0.654 0.0196879
-0.652 0.0184985
-0.65 0.0173742
-0.648 0.016312
-0.646 0.0153088
-0.644 0.0143617
-0.642 0.0134681
-0.64 0.0126251
-0.638 0.0118303
-0.636 0.0110813
-0.634 0.0103757
-0.632 0.00971122
-0.63 0.00908579
-0.628 0.00849734
-0.626 0.00794391
-0.624 0.00742365
-0.622 0.00693476
-0.62 0.00647555
-0.618 0.0060444
-0.616 0.00563976
-0.614 0.00526016
-0.612 0.00490421
-0.61 0.00457055
-0.608 0.00425794
-0.606 0.00396517
-0.604 0.00369108
-0.602 0.00343461
-0.6 0.0031947
-0.598 0.0029704
-0.596 0.00276076
-0.594 0.00256492
-0.592 0.00238204
-0.59 0.00221133
-0.588 0.00205205
-0.586 0.00190351
-0.584 0.00176502
-0.582 0.00163597
-0.58 0.00151576
-0.578 0.00140383
-0.576 0.00129966
-0.574 0.00120275
-0.572 0.00111263
-0.57 0.00102885
-0.568 0.000951016
-0.566 0.000878722
-0.564 0.000811604
-0.562 0.000749319
-0.56 0.000691542
-0.558 0.000637969
-0.556 0.000588315
-0.554 0.000542313
-0.552 0.000499711
-0.55 0.000460275
-0.548 0.000423784
-0.546 0.000390033
-0.544 0.000358828
-0.542 0.00032999
-0.54 0.000303351
-0.538 0.000278752
-0.536 0.000256046
-0.534 0.000235098
-0.532 0.000215778
-0.53 0.000197968
-0.528 0.000181557
-0.526 0.00016644
-0.524 0.000152522
-0.522 0.000139712
-0.52 0.000127928
-0.518 0.000117091
-0.516 0.000107131
-0.514 9.79783e-05
-0.512 8.95726e-05
-0.51 8.18557e-05
-0.508 7.47741e-05
-0.506 6.82781e-05
-0.504 6.23218e-05
-0.502 5.68626e-05
-0.5 5.18612e-05
-0.498 4.72809e-05
-0.496 4.30881e-05
-0.494 3.92516e-05
-0.492 3.57425e-05
-0.49 3.25343e-05
-0.488 2.96023e-05
-0.486 2.69239e-05
-0.484 2.44781e-05
-0.482 2.22457e-05
-0.48 2.02089e-05
-0.478 1.83513e-05
-0.476 1.66579e-05
-0.474 1.51147e-05
-0.472 1.37091e-05
-0.47 1.24292e-05
-0.468 1.12644e-05
-0.466 1.02047e-05
-0.464 9.24098e-06
-0.462 8.36498e-06
-0.46 7.56902e-06
-0.458 6.84608e-06
-0.456 6.18974e-06
-0.454 5.5941e-06
-0.452 5.05377e-06
-0.45 4.56382e-06
-0.448 4.11973e-06
-0.446 3.71738e-06
-0.444 3.353e-06
-0.442 3.02313e-06
-0.44 2.72463e-06
-0.438 2.45463e-06
-0.436 2.21051e-06
-0.434 1.98987e-06
-0.432 1.79055e-06
-0.43 1.61055e-06
-0.428 1.44807e-06
-0.426 1.30147e-06
-0.424 1.16924e-06
-0.422 1.05003e-06
-0.42 9.42596e-07
-0.418 8.4582e-07
-0.416 7.58679e-07
-0.414 6.80244e-07
-0.412 6.09676e-07
-0.41 5.46211e-07
-0.408 4.89158e-07
-0.406 4.3789e-07
-0.404 3.9184e-07
-0.402 3.50493e-07
-0.4 3.13384e-07
-0.398 2.80092e-07
-0.396 2.50238e-07
-0.394 2.23477e-07
-0.392 1.99498e-07
-0.39 1.78021e-07
-0.388 1.58793e-07
-0.386 1.41586e-07
-0.384 1.26193e-07
-0.382 1.12428e-07
-0.38 1.00126e-07
-0.378 8.91334e-08
-0.376 7.93165e-08
-0.374 7.05526e-08
-0.372 6.27321e-08
-0.37 5.57563e-08
-0.368 4.95364e-08
-0.366 4.39929e-08
-0.364 3.90541e-08
-0.362 3.4656e-08
-0.36 3.07409e-08
-0.358 2.72573e-08
-0.356 2.41588e-08
-0.354 2.1404e-08
-0.352 1.89557e-08
-0.35 1.67809e-08
-0.348 1.48496e-08
-0.346 1.31353e-08
-0.344 1.16143e-08
-0.342 1.02654e-08
-0.34 9.06948e-09
-0.338 8.00971e-09
-0.336 7.07095e-09
-0.334 6.23973e-09
-0.332 5.50403e-09
-0.33 4.85313e-09
-0.328 4.2775e-09
-0.326 3.76864e-09
-0.324 3.319e-09
-0.322 2.92184e-09
-0.32 2.57117e-09
-0.318 2.2617e-09
-0.316 1.98867e-09
-0.314 1.74791e-09
-0.312 1.53568e-09
-0.31 1.34868e-09
-0.308 1.18398e-09
-0.306 1.03898e-09
-0.304 9.11378e-10
-0.302 7.99118e-10
-0.3 7.00414e-10
-0.298 6.13656e-10
-0.296 5.3743e-10
-0.294 4.70483e-10
-0.292 4.11709e-10
-0.29 3.60141e-10
-0.288 3.14895e-10
-0.286 2.75235e-10
-0.284 2.40467e-10
-0.282 2.10009e-10
-0.28 1.83337e-10
-0.278 1.59988e-10
-0.276 1.39555e-10
-0.274 1.21688e-10
-0.272 1.06063e-10
-0.27 9.24054e-11
-0.268 8.04786e-11
-0.266 7.0057e-11
-0.264 6.09674e-11
-0.262 5.30285e-11
-0.26 4.61117e-11
-0.258 4.00806e-11
-0.256 3.48222e-11
-0.254 3.02419e-11
-0.252 2.6251e-11
-0.25 2.27843e-11
-0.248 1.97625e-11
-0.246 1.71347e-11
-0.244 1.48526e-11
-0.242 1.28673e-11
-0.24 1.11476e-11
-0.238 9.64853e-12
-0.236 8.34687e-12
-0.234 7.22321e-12
-0.232 6.244e-12
-0.23 5.39697e-12
-0.228 4.66341e-12
-0.226 4.02721e-12
-0.224 3.47898e-12
-0.222 3.00359e-12
-0.22 2.59037e-12
-0.218 2.23354e-12
-0.216 1.92475e-12
-0.214 1.65535e-12
-0.212 1.42918e-12
-0.21 1.22916e-12
-0.208 1.0594e-12
-0.206 9.09382e-13
-0.204 7.83716e-13
-0.202 6.72766e-13
-0.2 5.78082e-13
-0.198 4.96514e-13
-0.196 4.28009e-13
-0.194 3.69668e-13
-0.192 3.16638e-13
-0.19 2.71365e-13
-0.188 2.31181e-13
-0.186 1.99089e-13
-0.184 1.71551e-13
-0.182 1.46882e-13
-0.18 1.2528e-13
-0.178 1.07356e-13
-0.176 9.18306e-14
-0.174 7.84673e-14
-0.172 6.56057e-14
-0.17 5.81871e-14
-0.168 5.094e-14
-0.166 4.33373e-14
-0.164 3.69698e-14
-0.162 2.91619e-14
-0.16 2.48182e-14
-0.158 2.14838e-14
-0.156 1.70532e-14
-0.154 1.86228e-14
-0.152 1.44826e-14
-0.15 1.49407e-14
-0.148 8.75608e-15
-0.146 1.23772e-14
-0.144 6.29605e-15
-0.142 7.57797e-15
-0.14 1.11503e-14
-0.138 5.75466e-15
-0.136 9.67143e-15
-0.134 5.5743e-15
-0.132 5.31898e-15
-0.13 1.60784e-15
-0.128 6.64315e-15
-0.126 1.95332e-15
-0.124 4.04616e-15
-0.122 1.81829e-15
-0.12 2.9243e-15
-0.118 2.23831e-15
-0.116 -1.42683e-15
-0.114 5.22546e-15
-0.112 2.21317e-15
-0.11 2.93562e-16
-0.108 4.75813e-15
-0.106 -1.00087e-15
-0.104 3.26115e-15
-0.102 1.38223e-15
-0.1 2.0402e-15
-0.098 2.3413e-15
-0.096 3.65074e-15
-0.094 1.92187e-15
-0.092 1.14985e-15
-0.09 -4.41767e-16
-0.088 4.35844e-15
-0.086 4.91772e-15
-0.084 2.39366e-15
-0.082 1.44931e-15
-0.08 -6.46053e-17
-0.078 3.63076e-15
-0.076 1.90513e-15
-0.074 8.78874e-16
-0.072 2.89511e-16
-0.07 5.1105e-15
-0.068 2.30566e-15
-0.066 7.4069e-17
-0.064 8.3132e-17
-0.062 4.2624e-16
-0.06 7.33153e-16
-0.058 1.92197e-15
-0.056 -1.31137e-15
-0.054 6.85846e-16
-0.052 4.72188e-16
-0.05 3.99834e-15
-0.048 -3.10047e-15
-0.046 3.08717e-15
-0.044 -1.36001e-15
-0.042 3.36716e-15
-0.04 9.69495e-16
-0.038 1.78471e-15
-0.036 -1.63097e-15
-0.034 5.59817e-15
-0.032 -6.84485e-16
-0.03 2.56968e-15
-0.028 1.1153e-15
-0.026 -9.18115e-16
-0.024 -3.86201e-16
-0.022 1.6586e-15
-0.02 -4.46023e-17
-0.018 4.99965e-16
-0.016 9.47033e-16
-0.014 -1.11322e-15
-0.012 5.05708e-15
-0.01 -9.84523e-16
-0.008 5.20663e-15
-0.006 -1.18401e-15
-0.004 -4.29063e-16
-0.002 -1.76019e-15
0 3.16137e-15
0.002 -1.69385e-15
0.004 4.0138e-15
0.006 -3.40038e-15
0.008 2.56038e-15
0.01 2.2909e-15
0.012 4.58941e-15
0.014 7.07732e-16
0.016 2.72086e-15
0.018 1.27848e-16
0.02 1.94433e-15
0.022 -1.17373e-16
0.024 7.74455e-17
0.026 -4.69304e-16
0.028 -3.61327e-16
0.03 -2.35907e-16
0.032 1.56717e-15
0.034 -4.46854e-15
0.036 1.02957e-15
0.038 7.16312e-16
0.04 -1.80767e-15
0.042 2.10686e-16
0.044 -1.1218e-15
0.046 7.66787e-16
0.048 6.73061e-16
0.05 1.0585e-15
0.052 -2.61612e-15
0.054 3.10217e-16
0.056 4.59624e-16
0.058 -4.6447e-16
0.06 6.40801e-16
0.062 3.0108e-16
0.064 1.09122e-15
0.066 -7.01219e-16
0.068 2.1604e-15
0.07 -1.18948e-15
0.072 -1.88425e-16
0.074 -2.96484e-16
0.076 7.88616e-16
0.078 -2.11426e-15
0.08 -1.21675e-15
0.082 2.45681e-15
0.084 -1.07947e-15
0.086 -1.62486e-15
0.088 -4.9335e-16
0.09 2.25883e-15
0.092 -5.6717e-16
0.094 -1.43866e-15
0.096 -1.314e-15
0.098 -1.30614e-15
0.1 1.31061e-15
0.102 8.49522e-16
0.104 -1.47036e-15
0.106 1.13284e-15
0.108 -1.47313e-15
0.11 1.77016e-15
0.112 -9.92455e-16
0.114 -1.95673e-16
0.116 1.64738e-15
0.118 2.28473e-15
0.12 -1.55936e-15
0.122 4.48528e-15
0.124 -2.32118e-16
0.126 2.74929e-16
0.128 1.15434e-15
0.13 1.26159e-15
0.132 3.70318e-15
0.134 1.40172e-15
0.136 7.77983e-15
0.138 1.6005e-15
0.14 6.3743e-15
0.142 6.47204e-15
0.144 6.36334e-15
0.146 6.99649e-15
0.148 8.04429e-15
0.15 1.10628e-14
0.152 1.3305e-14
0.154 1.67792e-14
0.156 2.00801e-14
0.158 1.68468e-14
0.16 2.74882e-14
0.162 2.96023e-14
0.164 3.47174e-14
0.166 4.3261e-14
0.168 4.67566e-14
0.17 6.03155e-14
0.172 6.69135e-14
0.174 7.45803e-14
0.176 9.09889e-14
0.178 1.04662e-13
0.18 1.24196e-13
0.182 1.42609e-13
0.184 1.66776e-13
0.186 1.96046e-13
0.188 2.33083e-13
0.19 2.68241e-13
0.192 3.14448e-13
0.194 3.62536e-13
0.196 4.24936e-13
0.198 4.97696e-13
0.2 5.75032e-13
0.202 6.72453e-13
0.204 7.80685e-13
0.206 9.12027e-13
0.208 1.05735e-12
0.21 1.22778e-12
0.212 1.42289e-12
0.214 1.65877e-12
0.216 1.92261e-12
0.218 2.23245e-12
0.22 2.58678e-12
0.222 2.99834e-12
0.224 3.47278e-12
0.226 4.02758e-12
0.228 4.65723e-12
0.23 5.39623e-12
0.232 6.2421e-12
0.234 7.22168e-12
0.236 8.34841e-12
0.238 9.64757e-12
0.24 1.11426e-11
0.242 1.28676e-11
0.244 1.48484e-11
0.246 1.71335e-11
0.248 1.97553e-11
0.25 2.27808e-11
0.252 2.62505e-11
0.254 3.02406e-11
0.256 3.48187e-11
0.258 4.00774e-11
0.26 4.61104e-11
0.262 5.30295e-11
0.264 6.09643e-11
0.266 7.00512e-11
0.268 8.0476e-11
0.27 9.24011e-11
0.272 1.06059e-10
0.274 1.21686e-10
0.276 1.39551e-10
0.278 1.59988e-10
0.28 1.83331e-10
0.282 2.10009e-10
0.284 2.40465e-10
0.286 2.75231e-10
0.288 3.14892e-10
0.29 3.60136e-10
0.292 4.11711e-10
0.294 4.7048e-10
0.296 5.37425e-10
0.298 6.13657e-10
0.3 7.00416e-10
0.302 7.99118e-10
0.304 9.11372e-10
0.306 1.03898e-09
0.308 1.18398e-09
0.31 1.34868e-09
0.312 1.53567e-09
0.314 1.7479e-09
0.316 1.98866e-09
0.318 2.26169e-09
0.32 2.57117e-09
0.322 2.92184e-09
0.324 3.31899e-09
0.326 3.76864e-09
0.328 4.2775e-09
0.33 4.85313e-09
0.332 5.50402e-09
0.334 6.23973e-09
0.336 7.07095e-09
0.338 8.00971e-09
0.34 9.06948e-09
0.342 1.02654e-08
0.344 1.16143e-08
0.346 1.31353e-08
0.348 1.48496e-08
0.35 1.67808e-08
0.352 1.89557e-08
0.354 2.1404e-08
0.356 2.41588e-08
0.358 2.72573e-08
0.36 3.07409e-08
0.362 3.4656e-08
0.364 3.90541e-08
0.366 4.39929e-08
0.368 4.95364e-08
0.37 5.57563e-08
0.372 6.27321e-08
0.374 7.05526e-08
0.376 7.93165e-08
0.378 8.91334e-08
0.38 1.00126e-07
0.382 1.12428e-07
0.384 1.26193e-07
0.386 1.41586e-07
0.388 1.58793e-07
0.39 1.78021e-07
0.392 1.99498e-07
0.394 2.23477e-07
0.396 2.50238e-07
0.398 2.80092e-07
0.4 3.13384e-07
0.402 3.50493e-07
0.404 3.9184e-07
0.406 4.3789e-07
0.408 4.89158e-07
0.41 5.46211e-07
0.412 6.09676e-07
0.414 6.80244e-07
0.416 7.58679e-07
0.418 8.4582e-07
0.42 9.42596e-07
0.422 1.05003e-06
0.424 1.16924e-06
0.426 1.30147e-06
0.428 1.44807e-06
0.43 1.61055e-06
0.432 1.79055e-06
0.434 1.98987e-06
0.436 2.21051e-06
0.438 2.45463e-06
0.44 2.72463e-06
0.442 3.02313e-06
0.444 3.353e-06
0.446 3.71738e-06
0.448 4.11973e-06
0.45 4.56382e-06
0.452 5.05377e-06
0.454 5.5941e-06
0.456 6.18974e-06
0.458 6.84608e-06
0.46 7.56902e-06
0.462 8.36498e-06
0.464 9.24098e-06
0.466 1.02047e-05
0.468 1.12644e-05
0.47 1.24292e-05
0.472 1.37091e-05
0.474 1.51147e-05
0.476 1.66579e-05
0.478 1.83513e-05
0.48 2.02089e-05
0.482 2.22457e-05
0.484 2.44781e-05
0.486 2.69239e-05
0.488 2.96023e-05
0.49 3.25343e-05
0.492 3.57425e-05
0.494 3.92516e-05
0.496 4.30881e-05
0.498 4.72809e-05
0.5 5.18612e-05
0.502 5.68626e-05
0.504 6.23218e-05
0.506 6.82781e-05
0.508 7.47741e-05
0.51 8.18557e-05
0.512 8.95726e-05
0.514 9.79783e-05
0.516 0.000107131
0.518 0.000117091
0.52 0.000127928
0.522 0.000139712
0.524 0.000152522
0.526 0.00016644
0.528 0.000181557
0.53 0.000197968
0.532 0.000215778
0.534 0.000235098
0.536 0.000256046
0.538 0.000278752
0.54 0.000303351
0.542 0.00032999
0.544 0.000358828
0.546 0.000390033
0.548 0.000423784
0.55 0.000460275
0.552 0.000499711
0.554 0.000542313
0.556 0.000588315
0.558 0.000637969
0.56 0.000691542
0.562 0.000749319
0.564 0.000811604
0.566 0.000878722
0.568 0.000951016
0.57 0.00102885
0.572 0.00111263
0.574 0.00120275
0.576 0.00129966
0.578 0.00140383
0.58 0.00151576
0.582 0.00163597
0.584 0.00176502
0.586 0.00190351
0.588 0.00205205
0.59 0.00221133
0.592 0.00238204
0.594 0.00256492
0.596 0.00276076
0.598 0.0029704
0.6 0.0031947
0.602 0.00343461
0.604 0.00369108
0.606 0.00396517
0.608 0.00425794
0.61 0.00457055
0.612 0.00490421
0.614 0.00526016
0.616 0.00563976
0.618 0.0060444
0.62 0.00647555
0.622 0.00693476
0.624 0.00742365
0.626 0.00794391
0.628 0.00849734
0.63 0.00908579
0.632 0.00971122
0.634 0.0103757
0.636 0.0110813
0.638 0.0118303
0.64 0.0126251
0.642 0.0134681
0.644 0.0143617
0.646 0.0153088
0.648 0.016312
0.65 0.0173742
0.652 0.0184985
0.654 0.0196879
0.656 0.0209456
0.658 0.0222752
0.66 0.02368
0.662 0.0251637
0.664 0.0267301
0.666 0.0283831
0.668 0.0301267
0.67 0.0319651
0.672 0.0339027
0.674 0.035944
0.676 0.0380935
0.678 0.0403561
0.68 0.0427367
0.682 0.0452404
0.684 0.0478725
0.686 0.0506383
0.688 0.0535435
0.69 0.0565937
0.692 0.0597948
0.694 0.0631529
0.696 0.0666742
0.698 0.070365
0.7 0.0742318
0.702 0.0782814
0.704 0.0825204
0.706 0.086956
0.708 0.0915952
0.71 0.0964453
0.712 0.101514
0.714 0.106808
0.716 0.112336
0.718 0.118105
0.72 0.124124
0.722 0.1304
0.724 0.136942
0.726 0.143758
0.728 0.150856
0.73 0.158245
0.732 0.165933
0.734 0.17393
0.736 0.182243
0.738 0.190883
0.74 0.199856
0.742 0.209174
0.744 0.218843
0.746 0.228874
0.748 0.239276
0.75 0.250057
0.752 0.261226
0.754 0.272792
0.756 0.284764
0.758 0.297151
0.76 0.309962
0.762 0.323205
0.764 0.336888
0.766 0.351021
0.768 0.365611
0.77 0.380667
0.772 0.396196
0.774 0.412207
0.776 0.428706
0.778 0.445702
0.78 0.4632
0.782 0.481209
0.784 0.499734
0.786 0.518781
0.788 0.538358
0.79 0.558468
0.792 0.579117
0.794 0.600311
0.796 0.622052
0.798 0.644346
0.8 0.667196
0.802 0.690605
0.804 0.714575
0.806 0.739108
0.808 0.764206
0.81 0.789869
0.812 0.816099
0.814 0.842896
0.816 0.870257
0.818 0.898182
0.82 0.926669
0.822 0.955715
0.824 0.985317
0.826 1.01547
0.828 1.04617
0.83 1.07741
0.832 1.10919
0.834 1.1415
0.836 1.17433
0.838 1.20767
0.84 1.24151
0.842 1.27585
0.844 1.31067
0.846 1.34596
0.848 1.38172
0.85 1.41792
0.852 1.45455
0.854 1.4916
0.856 1.52905
0.858 1.56689
0.86 1.6051
0.862 1.64367
0.864 1.68257
0.866 1.72178
0.868 1.76129
0.87 1.80107
0.872 1.84111
0.874 1.88137
0.876 1.92185
0.878 1.96251
0.88 2.00333
0.882 2.04429
0.884 2.08536
0.886 2.12652
0.888 2.16773
0.89 2.20898
0.892 2.25023
0.894 2.29146
0.896 2.33263
0.898 2.37373
0.9 2.41471
0.902 2.45556
0.904 2.49623
0.906 2.53671
0.908 2.57695
0.91 2.61694
0.912 2.65663
0.914 2.696
0.916 2.73501
0.918 2.77364
0.92 2.81185
0.922 2.84962
0.924 2.8869
0.926 2.92368
0.928 2.95991
0.93 2.99557
0.932 3.03063
0.934 3.06506
0.936 3.09882
0.938 3.1319
0.94 3.16425
0.942 3.19585
0.944 3.22667
0.946 3.25669
0.948 3.28587
0.95 3.31419
0.952 3.34162
0.954 3.36815
0.956 3.39374
0.958 3.41836
0.96 3.44201
0.962 3.46465
0.964 3.48626
0.966 3.50683
0.968 3.52633
0.97 3.54474
0.972 3.56205
0.974 3.57824
0.976 3.5933
0.978 3.6072
0.98 3.61994
0.982 3.63151
0.984 3.64189
0.986 3.65107
0.988 3.65905
0.99 3.66581
0.992 3.67135
0.994 3.67567
0.996 3.67876
0.998 3.68061
