-1 0.743453
-0.99 0.743282
-0.98 0.742939
-0.97 0.742269
-0.96 0.741398
-0.95 0.740248
-0.94 0.738836
-0.93 0.737226
-0.92 0.735265
-0.91 0.733214
-0.9 0.730702
-0.89 0.728225
-0.88 0.72517
-0.87 0.722269
-0.86 0.718703
-0.85 0.715359
-0.84 0.711338
-0.83 0.707509
-0.82 0.703115
-0.81 0.698747
-0.8 0.694061
-0.79 0.689122
-0.78 0.684184
-0.77 0.67871
-0.76 0.673477
-0.75 0.667596
-0.74 0.661944
-0.73 0.655838
-0.72 0.649645
-0.71 0.643427
-0.7 0.636713
-0.69 0.630303
-0.68 0.623293
-0.67 0.616458
-0.66 0.609417
-0.65 0.602043
-0.64 0.594967
-0.63 0.587296
-0.62 0.579864
-0.61 0.572268
-0.6 0.564315
-0.59 0.556743
-0.58 0.548642
-0.57 0.540648
-0.56 0.532778
-0.55 0.524377
-0.54 0.516378
-0.53 0.508181
-0.52 0.499666
-0.51 0.491626
-0.5 0.483186
-0.49 0.474648
-0.48 0.46656
-0.47 0.45799
-0.46 0.449455
-0.45 0.441359
-0.44 0.432768
-0.43 0.424229
-0.42 0.416185
-0.41 0.407688
-0.4 0.399125
-0.39 0.391161
-0.38 0.382904
-0.37 0.37433
-0.36 0.366374
-0.35 0.358513
-0.34 0.350088
-0.33 0.341958
-0.32 0.33445
-0.31 0.326588
-0.3 0.318312
-0.29 0.310636
-0.28 0.303512
-0.27 0.295917
-0.26 0.287845
-0.25 0.280345
-0.24 0.273697
-0.23 0.266944
-0.22 0.259335
-0.21 0.251401
-0.2 0.244388
-0.19 0.239096
-0.18 0.235437
-0.17 0.232815
-0.16 0.230666
-0.15 0.228688
-0.14 0.226797
-0.13 0.225
-0.12 0.223317
-0.11 0.221759
-0.1 0.220329
-0.09 0.219029
-0.08 0.217862
-0.07 0.216828
-0.06 0.215928
-0.05 0.215165
-0.04 0.214539
-0.03 0.214051
-0.02 0.213702
-0.01 0.213493
0 0.213423
0.01 0.213493
0.02 0.213702
0.03 0.214051
0.04 0.214539
0.05 0.215165
0.06 0.215928
0.07 0.216828
0.08 0.217862
0.09 0.219029
0.1 0.220329
0.11 0.221759
0.12 0.223317
0.13 0.225
0.14 0.226797
0.15 0.228688
0.16 0.230666
0.17 0.232815
0.18 0.235437
0.19 0.239096
0.2 0.244388
0.21 0.251401
0.22 0.259335
0.23 0.266944
0.24 0.273697
0.25 0.280345
0.26 0.287845
0.27 0.295917
0.28 0.303512
0.29 0.310636
0.3 0.318312
0.31 0.326588
0.32 0.33445
0.33 0.341958
0.34 0.350088
0.35 0.358513
0.36 0.366374
0.37 0.37433
0.38 0.382904
0.39 0.391161
0.4 0.399125
0.41 0.407688
0.42 0.416185
0.43 0.424229
0.44 0.432768
0.45 0.441359
0.46 0.449455
0.47 0.45799
0.48 0.46656
0.49 0.474648
0.5 0.483186
0.51 0.491626
0.52 0.499666
0.53 0.508181
0.54 0.516378
0.55 0.524377
0.56 0.532778
0.57 0.540648
0.58 0.548642
0.59 0.556743
0.6 0.564315
0.61 0.572268
0.62 0.579864
0.63 0.587296
0.64 0.594967
0.65 0.602043
0.66 0.609417
0.67 0.616458
0.68 0.623293
0.69 0.630303
0.7 0.636713
0.71 0.643427
0.72 0.649645
0.73 0.655838
0.74 0.661944
0.75 0.667596
0.76 0.673477
0.77 0.67871
0.78 0.684184
0.79 0.689122
0.8 0.694061
0.81 0.698747
0.82 0.703115
0.83 0.707509
0.84 0.711338
0.85 0.715359
0.86 0.718703
0.87 0.722269
0.88 0.72517
0.89 0.728225
0.9 0.730702
0.91 0.733214
0.92 0.735265
0.93 0.737226
0.94 0.738836
0.95 0.740248
0.96 0.741398
0.97 0.742269
0.98 0.742939
0.99 0.743282
