-1 0.746635
-0.99 0.746714
-0.98 0.746116
-0.97 0.745681
-0.96 0.74456
-0.95 0.743618
-0.94 0.741977
-0.93 0.74053
-0.92 0.738381
-0.91 0.736425
-0.9 0.733792
-0.89 0.731314
-0.88 0.728234
-0.87 0.725213
-0.86 0.721733
-0.85 0.718146
-0.84 0.714312
-0.83 0.71015
-0.82 0.705987
-0.81 0.701276
-0.8 0.696764
-0.79 0.691588
-0.78 0.686653
-0.77 0.681144
-0.76 0.675689
-0.75 0.66997
-0.74 0.663949
-0.73 0.65805
-0.72 0.651553
-0.71 0.645356
-0.7 0.638603
-0.69 0.63192
-0.68 0.625106
-0.67 0.617889
-0.66 0.610972
-0.65 0.603458
-0.64 0.59616
-0.63 0.588672
-0.62 0.580848
-0.61 0.573365
-0.6 0.565319
-0.59 0.557455
-0.58 0.549578
-0.57 0.541241
-0.56 0.533332
-0.55 0.525039
-0.54 0.516634
-0.53 0.50859
-0.52 0.500006
-0.51 0.491619
-0.5 0.483416
-0.49 0.474682
-0.48 0.466327
-0.47 0.458019
-0.46 0.44923
-0.45 0.440903
-0.44 0.432589
-0.43 0.423803
-0.42 0.415498
-0.41 0.407291
-0.4 0.398568
-0.39 0.390251
-0.38 0.38225
-0.37 0.373709
-0.36 0.365316
-0.35 0.357525
-0.34 0.349389
-0.33 0.340936
-0.32 0.33313
-0.31 0.325588
-0.3 0.317458
-0.29 0.309335
-0.28 0.302003
-0.27 0.294803
-0.26 0.286938
-0.25 0.279002
-0.24 0.271933
-0.23 0.265418
-0.22 0.258377
-0.21 0.250545
-0.2 0.242878
-0.19 0.236559
-0.18 0.232023
-0.17 0.22891
-0.16 0.226587
-0.15 0.224586
-0.14 0.222707
-0.13 0.220915
-0.12 0.219227
-0.11 0.217661
-0.1 0.216225
-0.09 0.214919
-0.08 0.213746
-0.07 0.212708
-0.06 0.211805
-0.05 0.211038
-0.04 0.21041
-0.03 0.20992
-0.02 0.20957
-0.01 0.209359
0 0.209289
0.01 0.209359
0.02 0.20957
0.03 0.20992
0.04 0.21041
0.05 0.211038
0.06 0.211805
0.07 0.212708
0.08 0.213746
0.09 0.214919
0.1 0.216225
0.11 0.217661
0.12 0.219227
0.13 0.220915
0.14 0.222707
0.15 0.224586
0.16 0.226587
0.17 0.22891
0.18 0.232023
0.19 0.236559
0.2 0.242878
0.21 0.250545
0.22 0.258377
0.23 0.265418
0.24 0.271933
0.25 0.279002
0.26 0.286938
0.27 0.294803
0.28 0.302003
0.29 0.309335
0.3 0.317458
0.31 0.325588
0.32 0.33313
0.33 0.340936
0.34 0.349389
0.35 0.357525
0.36 0.365316
0.37 0.373709
0.38 0.38225
0.39 0.390251
0.4 0.398568
0.41 0.407291
0.42 0.415498
0.43 0.423803
0.44 0.432589
0.45 0.440903
0.46 0.44923
0.47 0.458019
0.48 0.466327
0.49 0.474682
0.5 0.483416
0.51 0.491619
0.52 0.500006
0.53 0.50859
0.54 0.516634
0.55 0.525039
0.56 0.533332
0.57 0.541241
0.58 0.549578
0.59 0.557455
0.6 0.565319
0.61 0.573365
0.62 0.580848
0.63 0.588672
0.64 0.59616
0.65 0.603458
0.66 0.610972
0.67 0.617889
0.68 0.625106
0.69 0.63192
0.7 0.638603
0.71 0.645356
0.72 0.651553
0.73 0.65805
0.74 0.663949
0.75 0.66997
0.76 0.675689
0.77 0.681144
0.78 0.686653
0.79 0.691588
0.8 0.696764
0.81 0.701276
0.82 0.705987
0.83 0.71015
0.84 0.714312
0.85 0.718146
0.86 0.721733
0.87 0.725213
0.88 0.728234
0.89 0.731314
0.9 0.733792
0.91 0.736425
0.92 0.738381
0.93 0.74053
0.94 0.741977
0.95 0.743618
0.96 0.74456
0.97 0.745681
0.98 0.746116
0.99 0.746714
