-1 0.000586965
-0.998 0.00058892
-0.996 0.000594795
-0.994 0.00060462
-0.992 0.000618444
-0.99 0.000636336
-0.988 0.000658384
-0.986 0.000684699
-0.984 0.000715411
-0.982 0.00075067
-0.98 0.000790649
-0.978 0.000835544
-0.976 0.000885571
-0.974 0.000940972
-0.972 0.00100201
-0.97 0.00106898
-0.968 0.00114218
-0.966 0.00122197
-0.964 0.00130872
-0.962 0.00140281
-0.96 0.00150468
-0.958 0.00161477
-0.956 0.00173359
-0.954 0.00186165
-0.952 0.00199951
-0.95 0.00214776
-0.948 0.00230703
-0.946 0.00247798
-0.944 0.00266133
-0.942 0.00285781
-0.94 0.00306823
-0.938 0.00329342
-0.936 0.00353427
-0.934 0.0037917
-0.932 0.0040667
-0.93 0.00436031
-0.928 0.00467361
-0.926 0.00500776
-0.924 0.00536395
-0.922 0.00574345
-0.92 0.00614759
-0.918 0.00657775
-0.916 0.00703541
-0.914 0.00752208
-0.912 0.00803937
-0.91 0.00858894
-0.908 0.00917254
-0.906 0.00979201
-0.904 0.0104492
-0.902 0.0111462
-0.9 0.011885
-0.898 0.0126678
-0.896 0.0134968
-0.894 0.0143744
-0.892 0.015303
-0.89 0.0162851
-0.888 0.0173234
-0.886 0.0184205
-0.884 0.0195793
-0.882 0.0208027
-0.88 0.0220938
-0.878 0.0234556
-0.876 0.0248914
-0.874 0.0264046
-0.872 0.0279986
-0.87 0.029677
-0.868 0.0314434
-0.866 0.0333017
-0.864 0.0352556
-0.862 0.0373093
-0.86 0.0394669
-0.858 0.0417325
-0.856 0.0441106
-0.854 0.0466055
-0.852 0.0492219
-0.85 0.0519643
-0.848 0.0548376
-0.846 0.0578467
-0.844 0.0609965
-0.842 0.064292
-0.84 0.0677385
-0.838 0.0713413
-0.836 0.0751056
-0.834 0.0790369
-0.832 0.0831407
-0.83 0.0874227
-0.828 0.0918884
-0.826 0.0965436
-0.824 0.101394
-0.822 0.106446
-0.82 0.111704
-0.818 0.117176
-0.816 0.122866
-0.814 0.128781
-0.812 0.134927
-0.81 0.14131
-0.808 0.147935
-0.806 0.154809
-0.804 0.161938
-0.802 0.169327
-0.8 0.176983
-0.798 0.184911
-0.796 0.193117
-0.794 0.201606
-0.792 0.210384
-0.79 0.219456
-0.788 0.228829
-0.786 0.238506
-0.784 0.248493
-0.782 0.258794
-0.78 0.269415
-0.778 0.28036
-0.776 0.291632
-0.774 0.303237
-0.772 0.315177
-0.77 0.327456
-0.768 0.340078
-0.766 0.353044
-0.764 0.366359
-0.762 0.380024
-0.76 0.394041
-0.758 0.408411
-0.756 0.423136
-0.754 0.438217
-0.752 0.453654
-0.75 0.469446
-0.748 0.485595
-0.746 0.502097
-0.744 0.518953
-0.742 0.536161
-0.74 0.553717
-0.738 0.57162
-0.736 0.589865
-0.734 0.60845
-0.732 0.627369
-0.73 0.646617
-0.728 0.666189
-0.726 0.68608
-0.724 0.706282
-0.722 0.726788
-0.72 0.74759
-0.718 0.76868
-0.716 0.790048
-0.714 0.811686
-0.712 0.833584
-0.71 0.855729
-0.708 0.878112
-0.706 0.90072
-0.704 0.92354
-0.702 0.94656
-0.7 0.969765
-0.698 0.993143
-0.696 1.01668
-0.694 1.04035
-0.692 1.06415
-0.69 1.08806
-0.688 1.11207
-0.686 1.13614
-0.684 1.16028
-0.682 1.18445
-0.68 1.20864
-0.678 1.23284
-0.676 1.25701
-0.674 1.28115
-0.672 1.30523
-0.67 1.32923
-0.668 1.35313
-0.666 1.37691
-0.664 1.40054
-0.662 1.42401
-0.66 1.4473
-0.658 1.47038
-0.656 1.49323
-0.654 1.51582
-0.652 1.53815
-0.65 1.56018
-0.648 1.58189
-0.646 1.60326
-0.644 1.62427
-0.642 1.6449
-0.64 1.66512
-0.638 1.68492
-0.636 1.70427
-0.634 1.72316
-0.632 1.74156
-0.63 1.75945
-0.628 1.77681
-0.626 1.79363
-0.624 1.80988
-0.622 1.82555
-0.62 1.84061
-0.618 1.85506
-0.616 1.86888
-0.614 1.88204
-0.612 1.89455
-0.61 1.90637
-0.608 1.91749
-0.606 1.92791
-0.604 1.93762
-0.602 1.94659
-0.6 1.95482
-0.598 1.9623
-0.596 1.96903
-0.594 1.97498
-0.592 1.98016
-0.59 1.98456
-0.588 1.98818
-0.586 1.991
-0.584 1.99304
-0.582 1.99427
-0.58 1.99471
-0.578 1.99435
-0.576 1.99319
-0.574 1.99124
-0.572 1.9885
-0.57 1.98496
-0.568 1.98064
-0.566 1.97553
-0.564 1.96966
-0.562 1.96301
-0.56 1.9556
-0.558 1.94745
-0.556 1.93855
-0.554 1.92892
-0.552 1.91857
-0.55 1.90751
-0.548 1.89576
-0.546 1.88332
-0.544 1.87023
-0.542 1.85647
-0.54 1.84209
-0.538 1.82708
-0.536 1.81147
-0.534 1.79528
-0.532 1.77852
-0.53 1.76121
-0.528 1.74337
-0.526 1.72502
-0.524 1.70618
-0.522 1.68688
-0.52 1.66712
-0.518 1.64694
-0.516 1.62635
-0.514 1.60538
-0.512 1.58404
-0.51 1.56236
-0.508 1.54036
-0.506 1.51807
-0.504 1.4955
-0.502 1.47267
-0.5 1.44962
-0.498 1.42635
-0.496 1.4029
-0.494 1.37928
-0.492 1.35551
-0.49 1.33162
-0.488 1.30763
-0.486 1.28356
-0.484 1.25943
-0.482 1.23526
-0.48 1.21106
-0.478 1.18687
-0.476 1.16269
-0.474 1.13855
-0.472 1.11447
-0.47 1.09046
-0.468 1.06654
-0.466 1.04273
-0.464 1.01904
-0.462 0.995489
-0.46 0.972096
-0.458 0.948872
-0.456 0.925833
-0.454 0.902992
-0.452 0.880363
-0.45 0.857957
-0.448 0.835787
-0.446 0.813865
-0.444 0.7922
-0.442 0.770804
-0.44 0.749686
-0.438 0.728855
-0.436 0.708319
-0.434 0.688086
-0.432 0.668164
-0.43 0.64856
-0.428 0.629279
-0.426 0.610327
-0.424 0.591709
-0.422 0.573429
-0.42 0.555492
-0.418 0.537901
-0.416 0.520658
-0.414 0.503767
-0.412 0.487229
-0.41 0.471045
-0.408 0.455217
-0.406 0.439745
-0.404 0.424628
-0.402 0.409868
-0.4 0.395462
-0.398 0.38141
-0.396 0.36771
-0.394 0.35436
-0.392 0.341359
-0.39 0.328703
-0.388 0.31639
-0.386 0.304416
-0.384 0.292778
-0.382 0.281472
-0.38 0.270495
-0.378 0.259842
-0.376 0.249509
-0.374 0.239491
-0.372 0.229783
-0.37 0.22038
-0.368 0.211278
-0.366 0.202471
-0.364 0.193953
-0.362 0.185719
-0.36 0.177764
-0.358 0.170081
-0.356 0.162665
-0.354 0.155511
-0.352 0.148611
-0.35 0.141961
-0.348 0.135555
-0.346 0.129385
-0.344 0.123447
-0.342 0.117735
-0.34 0.112242
-0.338 0.106962
-0.336 0.10189
-0.334 0.0970197
-0.332 0.0923453
-0.33 0.0878609
-0.328 0.0835608
-0.326 0.0794394
-0.324 0.0754911
-0.322 0.0717103
-0.32 0.0680916
-0.318 0.0646297
-0.316 0.0613193
-0.314 0.0581551
-0.312 0.0551322
-0.31 0.0522455
-0.308 0.0494902
-0.306 0.0468614
-0.304 0.0443545
-0.302 0.0419649
-0.3 0.0396882
-0.298 0.03752
-0.296 0.0354561
-0.294 0.0334923
-0.292 0.0316246
-0.29 0.0298491
-0.288 0.028162
-0.286 0.0265597
-0.284 0.0250385
-0.282 0.023595
-0.28 0.0222258
-0.278 0.0209277
-0.276 0.0196975
-0.274 0.0185323
-0.272 0.017429
-0.27 0.0163848
-0.268 0.015397
-0.266 0.014463
-0.264 0.0135802
-0.262 0.0127462
-0.26 0.0119586
-0.258 0.0112152
-0.256 0.0105138
-0.254 0.00985238
-0.252 0.00922884
-0.25 0.0086413
-0.248 0.00808793
-0.246 0.00756697
-0.244 0.00707674
-0.242 0.00661562
-0.24 0.00618207
-0.238 0.00577462
-0.236 0.00539187
-0.234 0.00503248
-0.232 0.00469516
-0.23 0.0043787
-0.228 0.00408194
-0.226 0.00380377
-0.224 0.00354314
-0.222 0.00329904
-0.22 0.00307053
-0.218 0.00285671
-0.216 0.00265672
-0.214 0.00246974
-0.212 0.002295
-0.21 0.00213177
-0.208 0.00197935
-0.206 0.0018371
-0.204 0.0017044
-0.202 0.00158064
-0.2 0.00146529
-0.198 0.00135781
-0.196 0.00125771
-0.194 0.00116452
-0.192 0.00107781
-0.19 0.000997154
-0.188 0.000922165
-0.186 0.000852475
-0.184 0.000787737
-0.182 0.000727624
-0.18 0.000671829
-0.178 0.000620065
-0.176 0.00057206
-0.174 0.00052756
-0.172 0.000486328
-0.17 0.000448139
-0.168 0.000412783
-0.166 0.000380065
-0.164 0.0003498
-0.162 0.000321817
-0.16 0.000295953
-0.158 0.00027206
-0.156 0.000249995
-0.154 0.000229628
-0.152 0.000210836
-0.15 0.000193504
-0.148 0.000177526
-0.146 0.000162803
-0.144 0.000149241
-0.142 0.000136753
-0.14 0.000125261
-0.138 0.000114688
-0.136 0.000104966
-0.134 9.60297e-05
-0.132 8.7819e-05
-0.13 8.02781e-05
-0.128 7.33554e-05
-0.126 6.70029e-05
-0.124 6.11761e-05
-0.122 5.58336e-05
-0.12 5.09373e-05
-0.118 4.64518e-05
-0.116 4.23444e-05
-0.114 3.85847e-05
-0.112 3.51448e-05
-0.11 3.19987e-05
-0.108 2.91226e-05
-0.106 2.64945e-05
-0.104 2.40939e-05
-0.102 2.1902e-05
-0.1 1.99016e-05
-0.098 1.80767e-05
-0.096 1.64125e-05
-0.094 1.48956e-05
-0.092 1.35135e-05
-0.09 1.22548e-05
-0.088 1.11089e-05
-0.086 1.00661e-05
-0.084 9.11758e-06
-0.082 8.25517e-06
-0.08 7.47137e-06
-0.078 6.75932e-06
-0.076 6.11272e-06
-0.074 5.52581e-06
-0.072 4.99331e-06
-0.07 4.51037e-06
-0.068 4.07258e-06
-0.066 3.67589e-06
-0.064 3.31659e-06
-0.062 2.99131e-06
-0.06 2.69697e-06
-0.058 2.43074e-06
-0.056 2.19006e-06
-0.054 1.97257e-06
-0.052 1.77616e-06
-0.05 1.59888e-06
-0.048 1.43894e-06
-0.046 1.29475e-06
-0.044 1.16485e-06
-0.042 1.0479e-06
-0.04 9.42696e-07
-0.038 8.48152e-07
-0.036 7.63274e-07
-0.034 6.87169e-07
-0.032 6.19029e-07
-0.03 5.58124e-07
-0.028 5.03798e-07
-0.026 4.55464e-07
-0.024 4.12593e-07
-0.022 3.74715e-07
-0.02 3.41412e-07
-0.018 3.12314e-07
-0.016 2.87096e-07
-0.014 2.65476e-07
-0.012 2.47211e-07
-0.01 2.32094e-07
-0.008 2.19953e-07
-0.006 2.10651e-07
-0.004 2.04081e-07
-0.002 2.00169e-07
0 1.9887e-07
0.002 2.00169e-07
0.004 2.04081e-07
0.006 2.10651e-07
0.008 2.19953e-07
0.01 2.32094e-07
0.012 2.47211e-07
0.014 2.65476e-07
0.016 2.87096e-07
0.018 3.12314e-07
0.02 3.41412e-07
0.022 3.74715e-07
0.024 4.12593e-07
0.026 4.55464e-07
0.028 5.03798e-07
0.03 5.58124e-07
0.032 6.19029e-07
0.034 6.87169e-07
0.036 7.63274e-07
0.038 8.48152e-07
0.04 9.42696e-07
0.042 1.0479e-06
0.044 1.16485e-06
0.046 1.29475e-06
0.048 1.43894e-06
0.05 1.59888e-06
0.052 1.77616e-06
0.054 1.97257e-06
0.056 2.19006e-06
0.058 2.43074e-06
0.06 2.69697e-06
0.062 2.99131e-06
0.064 3.31659e-06
0.066 3.67589e-06
0.068 4.07258e-06
0.07 4.51037e-06
0.072 4.99331e-06
0.074 5.52581e-06
0.076 6.11272e-06
0.078 6.75932e-06
0.08 7.47137e-06
0.082 8.25517e-06
0.084 9.11758e-06
0.086 1.00661e-05
0.088 1.11089e-05
0.09 1.22548e-05
0.092 1.35135e-05
0.094 1.48956e-05
0.096 1.64125e-05
0.098 1.80767e-05
0.1 1.99016e-05
0.102 2.1902e-05
0.104 2.40939e-05
0.106 2.64945e-05
0.108 2.91226e-05
0.11 3.19987e-05
0.112 3.51448e-05
0.114 3.85847e-05
0.116 4.23444e-05
0.118 4.64518e-05
0.12 5.09373e-05
0.122 5.58336e-05
0.124 6.11761e-05
0.126 6.70029e-05
0.128 7.33554e-05
0.13 8.02781e-05
0.132 8.7819e-05
0.134 9.60297e-05
0.136 0.000104966
0.138 0.000114688
0.14 0.000125261
0.142 0.000136753
0.144 0.000149241
0.146 0.000162803
0.148 0.000177526
0.15 0.000193504
0.152 0.000210836
0.154 0.000229628
0.156 0.000249995
0.158 0.00027206
0.16 0.000295953
0.162 0.000321817
0.164 0.0003498
0.166 0.000380065
0.168 0.000412783
0.17 0.000448139
0.172 0.000486328
0.174 0.00052756
0.176 0.00057206
0.178 0.000620065
0.18 0.000671829
0.182 0.000727624
0.184 0.000787737
0.186 0.000852475
0.188 0.000922165
0.19 0.000997154
0.192 0.00107781
0.194 0.00116452
0.196 0.00125771
0.198 0.00135781
0.2 0.00146529
0.202 0.00158064
0.204 0.0017044
0.206 0.0018371
0.208 0.00197935
0.21 0.00213177
0.212 0.002295
0.214 0.00246974
0.216 0.00265672
0.218 0.00285671
0.22 0.00307053
0.222 0.00329904
0.224 0.00354314
0.226 0.00380377
0.228 0.00408194
0.23 0.0043787
0.232 0.00469516
0.234 0.00503248
0.236 0.00539187
0.238 0.00577462
0.24 0.00618207
0.242 0.00661562
0.244 0.00707674
0.246 0.00756697
0.248 0.00808793
0.25 0.0086413
0.252 0.00922884
0.254 0.00985238
0.256 0.0105138
0.258 0.0112152
0.26 0.0119586
0.262 0.0127462
0.264 0.0135802
0.266 0.014463
0.268 0.015397
0.27 0.0163848
0.272 0.017429
0.274 0.0185323
0.276 0.0196975
0.278 0.0209277
0.28 0.0222258
0.282 0.023595
0.284 0.0250385
0.286 0.0265597
0.288 0.028162
0.29 0.0298491
0.292 0.0316246
0.294 0.0334923
0.296 0.0354561
0.298 0.03752
0.3 0.0396882
0.302 0.0419649
0.304 0.0443545
0.306 0.0468614
0.308 0.0494902
0.31 0.0522455
0.312 0.0551322
0.314 0.0581551
0.316 0.0613193
0.318 0.0646297
0.32 0.0680916
0.322 0.0717103
0.324 0.0754911
0.326 0.0794394
0.328 0.0835608
0.33 0.0878609
0.332 0.0923453
0.334 0.0970197
0.336 0.10189
0.338 0.106962
0.34 0.112242
0.342 0.117735
0.344 0.123447
0.346 0.129385
0.348 0.135555
0.35 0.141961
0.352 0.148611
0.354 0.155511
0.356 0.162665
0.358 0.170081
0.36 0.177764
0.362 0.185719
0.364 0.193953
0.366 0.202471
0.368 0.211278
0.37 0.22038
0.372 0.229783
0.374 0.239491
0.376 0.249509
0.378 0.259842
0.38 0.270495
0.382 0.281472
0.384 0.292778
0.386 0.304416
0.388 0.31639
0.39 0.328703
0.392 0.341359
0.394 0.35436
0.396 0.36771
0.398 0.38141
0.4 0.395462
0.402 0.409868
0.404 0.424628
0.406 0.439745
0.408 0.455217
0.41 0.471045
0.412 0.487229
0.414 0.503767
0.416 0.520658
0.418 0.537901
0.42 0.555492
0.422 0.573429
0.424 0.591709
0.426 0.610327
0.428 0.629279
0.43 0.64856
0.432 0.668164
0.434 0.688086
0.436 0.708319
0.438 0.728855
0.44 0.749686
0.442 0.770804
0.444 0.7922
0.446 0.813865
0.448 0.835787
0.45 0.857957
0.452 0.880363
0.454 0.902992
0.456 0.925833
0.458 0.948872
0.46 0.972096
0.462 0.995489
0.464 1.01904
0.466 1.04273
0.468 1.06654
0.47 1.09046
0.472 1.11447
0.474 1.13855
0.476 1.16269
0.478 1.18687
0.48 1.21106
0.482 1.23526
0.484 1.25943
0.486 1.28356
0.488 1.30763
0.49 1.33162
0.492 1.35551
0.494 1.37928
0.496 1.4029
0.498 1.42635
0.5 1.44962
0.502 1.47267
0.504 1.4955
0.506 1.51807
0.508 1.54036
0.51 1.56236
0.512 1.58404
0.514 1.60538
0.516 1.62635
0.518 1.64694
0.52 1.66712
0.522 1.68688
0.524 1.70618
0.526 1.72502
0.528 1.74337
0.53 1.76121
0.532 1.77852
0.534 1.79528
0.536 1.81147
0.538 1.82708
0.54 1.84209
0.542 1.85647
0.544 1.87023
0.546 1.88332
0.548 1.89576
0.55 1.90751
0.552 1.91857
0.554 1.92892
0.556 1.93855
0.558 1.94745
0.56 1.9556
0.562 1.96301
0.564 1.96966
0.566 1.97553
0.568 1.98064
0.57 1.98496
0.572 1.9885
0.574 1.99124
0.576 1.99319
0.578 1.99435
0.58 1.99471
0.582 1.99427
0.584 1.99304
0.586 1.991
0.588 1.98818
0.59 1.98456
0.592 1.98016
0.594 1.97498
0.596 1.96903
0.598 1.9623
0.6 1.95482
0.602 1.94659
0.604 1.93762
0.606 1.92791
0.608 1.91749
0.61 1.90637
0.612 1.89455
0.614 1.88204
0.616 1.86888
0.618 1.85506
0.62 1.84061
0.622 1.82555
0.624 1.80988
0.626 1.79363
0.628 1.77681
0.63 1.75945
0.632 1.74156
0.634 1.72316
0.636 1.70427
0.638 1.68492
0.64 1.66512
0.642 1.6449
0.644 1.62427
0.646 1.60326
0.648 1.58189
0.65 1.56018
0.652 1.53815
0.654 1.51582
0.656 1.49323
0.658 1.47038
0.66 1.4473
0.662 1.42401
0.664 1.40054
0.666 1.37691
0.668 1.35313
0.67 1.32923
0.672 1.30523
0.674 1.28115
0.676 1.25701
0.678 1.23284
0.68 1.20864
0.682 1.18445
0.684 1.16028
0.686 1.13614
0.688 1.11207
0.69 1.08806
0.692 1.06415
0.694 1.04035
0.696 1.01668
0.698 0.993143
0.7 0.969765
0.702 0.94656
0.704 0.92354
0.706 0.90072
0.708 0.878112
0.71 0.855729
0.712 0.833584
0.714 0.811686
0.716 0.790048
0.718 0.76868
0.72 0.74759
0.722 0.726788
0.724 0.706282
0.726 0.68608
0.728 0.666189
0.73 0.646617
0.732 0.627369
0.734 0.60845
0.736 0.589865
0.738 0.57162
0.74 0.553717
0.742 0.536161
0.744 0.518953
0.746 0.502097
0.748 0.485595
0.75 0.469446
0.752 0.453654
0.754 0.438217
0.756 0.423136
0.758 0.408411
0.76 0.394041
0.762 0.380024
0.764 0.366359
0.766 0.353044
0.768 0.340078
0.77 0.327456
0.772 0.315177
0.774 0.303237
0.776 0.291632
0.778 0.28036
0.78 0.269415
0.782 0.258794
0.784 0.248493
0.786 0.238506
0.788 0.228829
0.79 0.219456
0.792 0.210384
0.794 0.201606
0.796 0.193117
0.798 0.184911
0.8 0.176983
0.802 0.169327
0.804 0.161938
0.806 0.154809
0.808 0.147935
0.81 0.14131
0.812 0.134927
0.814 0.128781
0.816 0.122866
0.818 0.117176
0.82 0.111704
0.822 0.106446
0.824 0.101394
0.826 0.0965436
0.828 0.0918884
0.83 0.0874227
0.832 0.0831407
0.834 0.0790369
0.836 0.0751056
0.838 0.0713413
0.84 0.0677385
0.842 0.064292
0.844 0.0609965
0.846 0.0578467
0.848 0.0548376
0.85 0.0519643
0.852 0.0492219
0.854 0.0466055
0.856 0.0441106
0.858 0.0417325
0.86 0.0394669
0.862 0.0373093
0.864 0.0352556
0.866 0.0333017
0.868 0.0314434
0.87 0.029677
0.872 0.0279986
0.874 0.0264046
0.876 0.0248914
0.878 0.0234556
0.88 0.0220938
0.882 0.0208027
0.884 0.0195793
0.886 0.0184205
0.888 0.0173234
0.89 0.0162851
0.892 0.015303
0.894 0.0143744
0.896 0.0134968
0.898 0.0126678
0.9 0.011885
0.902 0.0111462
0.904 0.0104492
0.906 0.00979201
0.908 0.00917254
0.91 0.00858894
0.912 0.00803937
0.914 0.00752208
0.916 0.00703541
0.918 0.00657775
0.92 0.00614759
0.922 0.00574345
0.924 0.00536395
0.926 0.00500776
0.928 0.00467361
0.93 0.00436031
0.932 0.0040667
0.934 0.0037917
0.936 0.00353427
0.938 0.00329342
0.94 0.00306823
0.942 0.00285781
0.944 0.00266133
0.946 0.00247798
0.948 0.00230703
0.95 0.00214776
0.952 0.00199951
0.954 0.00186165
0.956 0.00173359
0.958 0.00161477
0.96 0.00150468
0.962 0.00140281
0.964 0.00130872
0.966 0.00122197
0.968 0.00114218
0.97 0.00106898
0.972 0.00100201
0.974 0.000940972
0.976 0.000885571
0.978 0.000835544
0.98 0.000790649
0.982 0.00075067
0.984 0.000715411
0.986 0.000684699
0.988 0.000658384
0.99 0.000636336
0.992 0.000618444
0.994 0.00060462
0.996 0.000594795
0.998 0.00058892
