-1 0.797216
-0.99 0.797242
-0.98 0.796578
-0.97 0.795972
-0.96 0.794668
-0.95 0.793437
-0.94 0.791496
-0.93 0.789647
-0.92 0.78708
-0.91 0.784617
-0.9 0.781444
-0.89 0.778367
-0.88 0.774619
-0.87 0.770923
-0.86 0.766642
-0.85 0.762317
-0.84 0.75755
-0.83 0.75259
-0.82 0.747381
-0.81 0.741794
-0.8 0.736172
-0.79 0.729995
-0.78 0.723954
-0.77 0.717267
-0.76 0.710764
-0.75 0.703679
-0.74 0.696654
-0.73 0.689288
-0.72 0.681707
-0.71 0.674119
-0.7 0.666036
-0.69 0.658186
-0.68 0.649755
-0.67 0.641521
-0.66 0.632938
-0.65 0.624225
-0.64 0.615585
-0.63 0.606465
-0.62 0.597664
-0.61 0.588387
-0.6 0.579224
-0.59 0.570012
-0.58 0.560453
-0.57 0.551247
-0.56 0.541571
-0.55 0.532089
-0.54 0.522599
-0.53 0.512774
-0.52 0.503367
-0.51 0.49357
-0.5 0.483882
-0.49 0.474402
-0.48 0.464501
-0.47 0.455025
-0.46 0.445423
-0.45 0.435637
-0.44 0.426334
-0.43 0.416688
-0.42 0.407145
-0.41 0.397985
-0.4 0.388416
-0.39 0.379163
-0.38 0.370168
-0.37 0.360781
-0.36 0.351828
-0.35 0.343059
-0.34 0.333923
-0.33 0.32527
-0.32 0.316807
-0.31 0.307971
-0.3 0.299604
-0.29 0.291527
-0.28 0.283048
-0.27 0.274932
-0.26 0.26729
-0.25 0.259272
-0.24 0.251362
-0.23 0.244116
-0.22 0.236715
-0.21 0.229051
-0.2 0.222013
-0.19 0.215319
-0.18 0.208179
-0.17 0.201147
-0.16 0.194872
-0.15 0.188661
-0.14 0.181954
-0.13 0.175502
-0.12 0.169867
-0.11 0.164323
-0.1 0.158196
-0.09 0.152065
-0.08 0.1468
-0.07 0.142177
-0.06 0.137191
-0.05 0.131442
-0.04 0.125665
-0.03 0.120997
-0.02 0.118026
-0.01 0.116581
0 0.116179
0.01 0.116581
0.02 0.118026
0.03 0.120997
0.04 0.125665
0.05 0.131442
0.06 0.137191
0.07 0.142177
0.08 0.1468
0.09 0.152065
0.1 0.158196
0.11 0.164323
0.12 0.169867
0.13 0.175502
0.14 0.181954
0.15 0.188661
0.16 0.194872
0.17 0.201147
0.18 0.208179
0.19 0.215319
0.2 0.222013
0.21 0.229051
0.22 0.236715
0.23 0.244116
0.24 0.251362
0.25 0.259272
0.26 0.26729
0.27 0.274932
0.28 0.283048
0.29 0.291527
0.3 0.299604
0.31 0.307971
0.32 0.316807
0.33 0.32527
0.34 0.333923
0.35 0.343059
0.36 0.351828
0.37 0.360781
0.38 0.370168
0.39 0.379163
0.4 0.388416
0.41 0.397985
0.42 0.407145
0.43 0.416688
0.44 0.426334
0.45 0.435637
0.46 0.445423
0.47 0.455025
0.48 0.464501
0.49 0.474402
0.5 0.483882
0.51 0.49357
0.52 0.503367
0.53 0.512774
0.54 0.522599
0.55 0.532089
0.56 0.541571
0.57 0.551247
0.58 0.560453
0.59 0.570012
0.6 0.579224
0.61 0.588387
0.62 0.597664
0.63 0.606465
0.64 0.615585
0.65 0.624225
0.66 0.632938
0.67 0.641521
0.68 0.649755
0.69 0.658186
0.7 0.666036
0.71 0.674119
0.72 0.681707
0.73 0.689288
0.74 0.696654
0.75 0.703679
0.76 0.710764
0.77 0.717267
0.78 0.723954
0.79 0.729995
0.8 0.736172
0.81 0.741794
0.82 0.747381
0.83 0.75259
0.84 0.75755
0.85 0.762317
0.86 0.766642
0.87 0.770923
0.88 0.774619
0.89 0.778367
0.9 0.781444
0.91 0.784617
0.92 0.78708
0.93 0.789647
0.94 0.791496
0.95 0.793437
0.96 0.794668
0.97 0.795972
0.98 0.796578
0.99 0.797242
