-1 0.103928
-0.998 0.104059
-0.996 0.104452
-0.994 0.105107
-0.992 0.106024
-0.99 0.107205
-0.988 0.10865
-0.986 0.110361
-0.984 0.112338
-0.982 0.114584
-0.98 0.117099
-0.978 0.119886
-0.976 0.122947
-0.974 0.126285
-0.972 0.1299
-0.97 0.133797
-0.968 0.137977
-0.966 0.142444
-0.964 0.1472
-0.962 0.152249
-0.96 0.157593
-0.958 0.163236
-0.956 0.169182
-0.954 0.175433
-0.952 0.181993
-0.95 0.188865
-0.948 0.196054
-0.946 0.203563
-0.944 0.211394
-0.942 0.219552
-0.94 0.228041
-0.938 0.236863
-0.936 0.246022
-0.934 0.255522
-0.932 0.265365
-0.93 0.275555
-0.928 0.286095
-0.926 0.296987
-0.924 0.308235
-0.922 0.319839
-0.92 0.331804
-0.918 0.344131
-0.916 0.356821
-0.914 0.369877
-0.912 0.383299
-0.91 0.397089
-0.908 0.411247
-0.906 0.425774
-0.904 0.440669
-0.902 0.455932
-0.9 0.471562
-0.898 0.487559
-0.896 0.503921
-0.894 0.520645
-0.892 0.53773
-0.89 0.555171
-0.888 0.572967
-0.886 0.591113
-0.884 0.609605
-0.882 0.628438
-0.88 0.647606
-0.878 0.667104
-0.876 0.686926
-0.874 0.707063
-0.872 0.727509
-0.87 0.748256
-0.868 0.769295
-0.866 0.790616
-0.864 0.81221
-0.862 0.834066
-0.86 0.856174
-0.858 0.878521
-0.856 0.901097
-0.854 0.923887
-0.852 0.946879
-0.85 0.970059
-0.848 0.993412
-0.846 1.01692
-0.844 1.04058
-0.842 1.06436
-0.84 1.08825
-0.838 1.11224
-0.836 1.1363
-0.834 1.16043
-0.832 1.18459
-0.83 1.20877
-0.828 1.23295
-0.826 1.25712
-0.824 1.28125
-0.822 1.30532
-0.82 1.32931
-0.818 1.3532
-0.816 1.37697
-0.814 1.4006
-0.812 1.42407
-0.81 1.44735
-0.808 1.47042
-0.806 1.49327
-0.804 1.51586
-0.802 1.53818
-0.8 1.56021
-0.798 1.58192
-0.796 1.60329
-0.794 1.62429
-0.792 1.64492
-0.79 1.66514
-0.788 1.68494
-0.786 1.70429
-0.784 1.72317
-0.782 1.74157
-0.78 1.75946
-0.778 1.77682
-0.776 1.79364
-0.774 1.80989
-0.772 1.82555
-0.77 1.84062
-0.768 1.85507
-0.766 1.86889
-0.764 1.88205
-0.762 1.89455
-0.76 1.90637
-0.758 1.9175
-0.756 1.92792
-0.754 1.93762
-0.752 1.94659
-0.75 1.95482
-0.748 1.96231
-0.746 1.96903
-0.744 1.97498
-0.742 1.98016
-0.74 1.98456
-0.738 1.98818
-0.736 1.991
-0.734 1.99304
-0.732 1.99427
-0.73 1.99471
-0.728 1.99435
-0.726 1.9932
-0.724 1.99124
-0.722 1.9885
-0.72 1.98496
-0.718 1.98064
-0.716 1.97553
-0.714 1.96966
-0.712 1.96301
-0.71 1.9556
-0.708 1.94745
-0.706 1.93855
-0.704 1.92892
-0.702 1.91857
-0.7 1.90751
-0.698 1.89576
-0.696 1.88333
-0.694 1.87023
-0.692 1.85647
-0.69 1.84209
-0.688 1.82708
-0.686 1.81147
-0.684 1.79528
-0.682 1.77852
-0.68 1.76121
-0.678 1.74337
-0.676 1.72502
-0.674 1.70618
-0.672 1.68688
-0.67 1.66712
-0.668 1.64694
-0.666 1.62635
-0.664 1.60538
-0.662 1.58404
-0.66 1.56236
-0.658 1.54036
-0.656 1.51807
-0.654 1.4955
-0.652 1.47267
-0.65 1.44962
-0.648 1.42635
-0.646 1.4029
-0.644 1.37928
-0.642 1.35551
-0.64 1.33162
-0.638 1.30763
-0.636 1.28356
-0.634 1.25943
-0.632 1.23526
-0.63 1.21106
-0.628 1.18687
-0.626 1.16269
-0.624 1.13855
-0.622 1.11447
-0.62 1.09046
-0.618 1.06654
-0.616 1.04273
-0.614 1.01904
-0.612 0.995489
-0.61 0.972096
-0.608 0.948872
-0.606 0.925833
-0.604 0.902992
-0.602 0.880363
-0.6 0.857957
-0.598 0.835787
-0.596 0.813865
-0.594 0.7922
-0.592 0.770804
-0.59 0.749686
-0.588 0.728855
-0.586 0.708319
-0.584 0.688086
-0.582 0.668164
-0.58 0.64856
-0.578 0.629279
-0.576 0.610327
-0.574 0.591709
-0.572 0.573429
-0.57 0.555492
-0.568 0.537901
-0.566 0.520658
-0.564 0.503767
-0.562 0.487229
-0.56 0.471045
-0.558 0.455217
-0.556 0.439745
-0.554 0.424628
-0.552 0.409868
-0.55 0.395462
-0.548 0.38141
-0.546 0.36771
-0.544 0.35436
-0.542 0.341359
-0.54 0.328703
-0.538 0.31639
-0.536 0.304416
-0.534 0.292778
-0.532 0.281472
-0.53 0.270495
-0.528 0.259842
-0.526 0.249509
-0.524 0.239491
-0.522 0.229783
-0.52 0.22038
-0.518 0.211278
-0.516 0.202471
-0.514 0.193953
-0.512 0.185719
-0.51 0.177764
-0.508 0.170081
-0.506 0.162665
-0.504 0.155511
-0.502 0.148611
-0.5 0.141961
-0.498 0.135555
-0.496 0.129385
-0.494 0.123447
-0.492 0.117735
-0.49 0.112242
-0.488 0.106962
-0.486 0.10189
-0.484 0.0970197
-0.482 0.0923453
-0.48 0.0878609
-0.478 0.0835608
-0.476 0.0794394
-0.474 0.0754911
-0.472 0.0717103
-0.47 0.0680916
-0.468 0.0646297
-0.466 0.0613193
-0.464 0.0581551
-0.462 0.0551322
-0.46 0.0522455
-0.458 0.0494902
-0.456 0.0468614
-0.454 0.0443545
-0.452 0.0419649
-0.45 0.0396882
-0.448 0.03752
-0.446 0.0354561
-0.444 0.0334923
-0.442 0.0316246
-0.44 0.0298491
-0.438 0.028162
-0.436 0.0265597
-0.434 0.0250385
-0.432 0.023595
-0.43 0.0222258
-0.428 0.0209277
-0.426 0.0196975
-0.424 0.0185323
-0.422 0.017429
-0.42 0.0163848
-0.418 0.015397
-0.416 0.014463
-0.414 0.0135802
-0.412 0.0127462
-0.41 0.0119586
-0.408 0.0112152
-0.406 0.0105138
-0.404 0.00985238
-0.402 0.00922884
-0.4 0.0086413
-0.398 0.00808793
-0.396 0.00756697
-0.394 0.00707674
-0.392 0.00661562
-0.39 0.00618207
-0.388 0.00577462
-0.386 0.00539187
-0.384 0.00503248
-0.382 0.00469516
-0.38 0.0043787
-0.378 0.00408194
-0.376 0.00380377
-0.374 0.00354314
-0.372 0.00329904
-0.37 0.00307054
-0.368 0.00285671
-0.366 0.00265672
-0.364 0.00246974
-0.362 0.002295
-0.36 0.00213177
-0.358 0.00197936
-0.356 0.00183711
-0.354 0.0017044
-0.352 0.00158064
-0.35 0.00146529
-0.348 0.00135781
-0.346 0.00125771
-0.344 0.00116452
-0.342 0.00107781
-0.34 0.000997154
-0.338 0.000922166
-0.336 0.000852476
-0.334 0.000787737
-0.332 0.000727624
-0.33 0.000671829
-0.328 0.000620065
-0.326 0.00057206
-0.324 0.000527561
-0.322 0.000486328
-0.32 0.000448139
-0.318 0.000412784
-0.316 0.000380065
-0.314 0.0003498
-0.312 0.000321817
-0.31 0.000295953
-0.308 0.00027206
-0.306 0.000249995
-0.304 0.000229628
-0.302 0.000210836
-0.3 0.000193505
-0.298 0.000177527
-0.296 0.000162803
-0.294 0.000149241
-0.292 0.000136753
-0.29 0.000125261
-0.288 0.000114688
-0.286 0.000104966
-0.284 9.60298e-05
-0.282 8.78191e-05
-0.28 8.02782e-05
-0.278 7.33555e-05
-0.276 6.7003e-05
-0.274 6.11761e-05
-0.272 5.58337e-05
-0.27 5.09373e-05
-0.268 4.64518e-05
-0.266 4.23444e-05
-0.264 3.85847e-05
-0.262 3.51447e-05
-0.26 3.19987e-05
-0.258 2.91226e-05
-0.256 2.64944e-05
-0.254 2.40938e-05
-0.252 2.19019e-05
-0.25 1.99014e-05
-0.248 1.80765e-05
-0.246 1.64123e-05
-0.244 1.48954e-05
-0.242 1.35132e-05
-0.24 1.22545e-05
-0.238 1.11085e-05
-0.236 1.00657e-05
-0.234 9.11707e-06
-0.232 8.25458e-06
-0.23 7.47069e-06
-0.228 6.75854e-06
-0.226 6.11183e-06
-0.224 5.52479e-06
-0.222 4.99214e-06
-0.22 4.50904e-06
-0.218 4.07106e-06
-0.216 3.67416e-06
-0.214 3.31462e-06
-0.212 2.98907e-06
-0.21 2.69442e-06
-0.208 2.42784e-06
-0.206 2.18676e-06
-0.204 1.96883e-06
-0.202 1.77191e-06
-0.2 1.59405e-06
-0.198 1.43347e-06
-0.196 1.28855e-06
-0.194 1.15782e-06
-0.192 1.03993e-06
-0.19 9.33676e-07
-0.188 8.37942e-07
-0.186 7.51723e-07
-0.184 6.74106e-07
-0.182 6.04261e-07
-0.18 5.41436e-07
-0.178 4.8495e-07
-0.176 4.34182e-07
-0.174 3.88574e-07
-0.172 3.47617e-07
-0.17 3.10853e-07
-0.168 2.77866e-07
-0.166 2.48281e-07
-0.164 2.21756e-07
-0.162 1.97986e-07
-0.16 1.76694e-07
-0.158 1.57628e-07
-0.156 1.40563e-07
-0.154 1.25295e-07
-0.152 1.11641e-07
-0.15 9.94357e-08
-0.148 8.8529e-08
-0.146 7.87871e-08
-0.144 7.00892e-08
-0.142 6.23265e-08
-0.14 5.54015e-08
-0.138 4.92262e-08
-0.136 4.37217e-08
-0.134 3.88172e-08
-0.132 3.44491e-08
-0.13 3.05603e-08
-0.128 2.70996e-08
-0.126 2.40212e-08
-0.124 2.1284e-08
-0.122 1.88512e-08
-0.12 1.66897e-08
-0.118 1.47702e-08
-0.116 1.30662e-08
-0.114 1.15542e-08
-0.112 1.02131e-08
-0.11 9.024e-09
-0.108 7.97017e-09
-0.106 7.0366e-09
-0.104 6.20989e-09
-0.102 5.47812e-09
-0.1 4.83065e-09
-0.098 4.258e-09
-0.096 3.75173e-09
-0.094 3.30434e-09
-0.092 2.90913e-09
-0.09 2.56018e-09
-0.088 2.25217e-09
-0.086 1.98043e-09
-0.084 1.74078e-09
-0.082 1.52952e-09
-0.08 1.34336e-09
-0.078 1.17938e-09
-0.076 1.03502e-09
-0.074 9.07953e-10
-0.072 7.96178e-10
-0.07 6.97881e-10
-0.068 6.11478e-10
-0.066 5.3556e-10
-0.064 4.68883e-10
-0.062 4.10347e-10
-0.06 3.58977e-10
-0.058 3.13918e-10
-0.056 2.7441e-10
-0.054 2.39784e-10
-0.052 2.09447e-10
-0.05 1.82888e-10
-0.048 1.5964e-10
-0.046 1.39304e-10
-0.044 1.21519e-10
-0.042 1.05983e-10
-0.04 9.24065e-11
-0.038 8.05628e-11
-0.036 7.0226e-11
-0.034 6.12237e-11
-0.032 5.33808e-11
-0.03 4.65696e-11
-0.028 4.06426e-11
-0.026 3.55093e-11
-0.024 3.1073e-11
-0.022 2.72404e-11
-0.02 2.39505e-11
-0.018 2.1138e-11
-0.016 1.8749e-11
-0.014 1.67342e-11
-0.012 1.5065e-11
-0.01 1.37047e-11
-0.008 1.26184e-11
-0.006 1.17991e-11
-0.004 1.12238e-11
-0.002 1.08808e-11
0 1.07719e-11
0.002 1.08818e-11
0.004 1.1225e-11
0.006 1.18003e-11
0.008 1.26216e-11
0.01 1.37013e-11
0.012 1.50655e-11
0.014 1.67365e-11
0.016 1.87476e-11
0.018 2.11365e-11
0.02 2.39502e-11
0.022 2.72406e-11
0.024 3.1075e-11
0.026 3.55136e-11
0.028 4.06418e-11
0.03 4.65663e-11
0.032 5.33836e-11
0.034 6.12178e-11
0.036 7.02251e-11
0.038 8.05597e-11
0.04 9.24035e-11
0.042 1.0598e-10
0.044 1.21518e-10
0.046 1.39302e-10
0.048 1.59641e-10
0.05 1.82885e-10
0.052 2.0945e-10
0.054 2.3978e-10
0.056 2.7441e-10
0.058 3.13916e-10
0.06 3.58973e-10
0.062 4.10349e-10
0.064 4.68881e-10
0.066 5.35558e-10
0.068 6.11479e-10
0.07 6.97879e-10
0.072 7.96176e-10
0.074 9.07954e-10
0.076 1.03501e-09
0.078 1.17938e-09
0.08 1.34336e-09
0.082 1.52952e-09
0.084 1.74078e-09
0.086 1.98043e-09
0.088 2.25217e-09
0.09 2.56017e-09
0.092 2.90913e-09
0.094 3.30434e-09
0.096 3.75173e-09
0.098 4.258e-09
0.1 4.83065e-09
0.102 5.47812e-09
0.104 6.20989e-09
0.106 7.0366e-09
0.108 7.97017e-09
0.11 9.02399e-09
0.112 1.02131e-08
0.114 1.15542e-08
0.116 1.30662e-08
0.118 1.47702e-08
0.12 1.66897e-08
0.122 1.88512e-08
0.124 2.1284e-08
0.126 2.40212e-08
0.128 2.70996e-08
0.13 3.05603e-08
0.132 3.44491e-08
0.134 3.88172e-08
0.136 4.37217e-08
0.138 4.92262e-08
0.14 5.54015e-08
0.142 6.23265e-08
0.144 7.00892e-08
0.146 7.87871e-08
0.148 8.8529e-08
0.15 9.94358e-08
0.152 1.11641e-07
0.154 1.25295e-07
0.156 1.40563e-07
0.158 1.57628e-07
0.16 1.76694e-07
0.162 1.97986e-07
0.164 2.21756e-07
0.166 2.48281e-07
0.168 2.77866e-07
0.17 3.10853e-07
0.172 3.47617e-07
0.174 3.88574e-07
0.176 4.34182e-07
0.178 4.8495e-07
0.18 5.41436e-07
0.182 6.04261e-07
0.184 6.74106e-07
0.186 7.51723e-07
0.188 8.37942e-07
0.19 9.33676e-07
0.192 1.03993e-06
0.194 1.15782e-06
0.196 1.28855e-06
0.198 1.43347e-06
0.2 1.59405e-06
0.202 1.77191e-06
0.204 1.96883e-06
0.206 2.18676e-06
0.208 2.42784e-06
0.21 2.69442e-06
0.212 2.98907e-06
0.214 3.31462e-06
0.216 3.67416e-06
0.218 4.07106e-06
0.22 4.50904e-06
0.222 4.99214e-06
0.224 5.52479e-06
0.226 6.11183e-06
0.228 6.75854e-06
0.23 7.47069e-06
0.232 8.25458e-06
0.234 9.11707e-06
0.236 1.00657e-05
0.238 1.11085e-05
0.24 1.22545e-05
0.242 1.35132e-05
0.244 1.48954e-05
0.246 1.64123e-05
0.248 1.80765e-05
0.25 1.99014e-05
0.252 2.19019e-05
0.254 2.40938e-05
0.256 2.64944e-05
0.258 2.91226e-05
0.26 3.19987e-05
0.262 3.51447e-05
0.264 3.85847e-05
0.266 4.23444e-05
0.268 4.64518e-05
0.27 5.09373e-05
0.272 5.58337e-05
0.274 6.11761e-05
0.276 6.7003e-05
0.278 7.33555e-05
0.28 8.02782e-05
0.282 8.78191e-05
0.284 9.60298e-05
0.286 0.000104966
0.288 0.000114688
0.29 0.000125261
0.292 0.000136753
0.294 0.000149241
0.296 0.000162803
0.298 0.000177527
0.3 0.000193505
0.302 0.000210836
0.304 0.000229628
0.306 0.000249995
0.308 0.00027206
0.31 0.000295953
0.312 0.000321817
0.314 0.0003498
0.316 0.000380065
0.318 0.000412784
0.32 0.000448139
0.322 0.000486328
0.324 0.000527561
0.326 0.00057206
0.328 0.000620065
0.33 0.000671829
0.332 0.000727624
0.334 0.000787737
0.336 0.000852476
0.338 0.000922166
0.34 0.000997154
0.342 0.00107781
0.344 0.00116452
0.346 0.00125771
0.348 0.00135781
0.35 0.00146529
0.352 0.00158064
0.354 0.0017044
0.356 0.00183711
0.358 0.00197936
0.36 0.00213177
0.362 0.002295
0.364 0.00246974
0.366 0.00265672
0.368 0.00285671
0.37 0.00307054
0.372 0.00329904
0.374 0.00354314
0.376 0.00380377
0.378 0.00408194
0.38 0.0043787
0.382 0.00469516
0.384 0.00503248
0.386 0.00539187
0.388 0.00577462
0.39 0.00618207
0.392 0.00661562
0.394 0.00707674
0.396 0.00756697
0.398 0.00808793
0.4 0.0086413
0.402 0.00922884
0.404 0.00985238
0.406 0.0105138
0.408 0.0112152
0.41 0.0119586
0.412 0.0127462
0.414 0.0135802
0.416 0.014463
0.418 0.015397
0.42 0.0163848
0.422 0.017429
0.424 0.0185323
0.426 0.0196975
0.428 0.0209277
0.43 0.0222258
0.432 0.023595
0.434 0.0250385
0.436 0.0265597
0.438 0.028162
0.44 0.0298491
0.442 0.0316246
0.444 0.0334923
0.446 0.0354561
0.448 0.03752
0.45 0.0396882
0.452 0.0419649
0.454 0.0443545
0.456 0.0468614
0.458 0.0494902
0.46 0.0522455
0.462 0.0551322
0.464 0.0581551
0.466 0.0613193
0.468 0.0646297
0.47 0.0680916
0.472 0.0717103
0.474 0.0754911
0.476 0.0794394
0.478 0.0835608
0.48 0.0878609
0.482 0.0923453
0.484 0.0970197
0.486 0.10189
0.488 0.106962
0.49 0.112242
0.492 0.117735
0.494 0.123447
0.496 0.129385
0.498 0.135555
0.5 0.141961
0.502 0.148611
0.504 0.155511
0.506 0.162665
0.508 0.170081
0.51 0.177764
0.512 0.185719
0.514 0.193953
0.516 0.202471
0.518 0.211278
0.52 0.22038
0.522 0.229783
0.524 0.239491
0.526 0.249509
0.528 0.259842
0.53 0.270495
0.532 0.281472
0.534 0.292778
0.536 0.304416
0.538 0.31639
0.54 0.328703
0.542 0.341359
0.544 0.35436
0.546 0.36771
0.548 0.38141
0.55 0.395462
0.552 0.409868
0.554 0.424628
0.556 0.439745
0.558 0.455217
0.56 0.471045
0.562 0.487229
0.564 0.503767
0.566 0.520658
0.568 0.537901
0.57 0.555492
0.572 0.573429
0.574 0.591709
0.576 0.610327
0.578 0.629279
0.58 0.64856
0.582 0.668164
0.584 0.688086
0.586 0.708319
0.588 0.728855
0.59 0.749686
0.592 0.770804
0.594 0.7922
0.596 0.813865
0.598 0.835787
0.6 0.857957
0.602 0.880363
0.604 0.902992
0.606 0.925833
0.608 0.948872
0.61 0.972096
0.612 0.995489
0.614 1.01904
0.616 1.04273
0.618 1.06654
0.62 1.09046
0.622 1.11447
0.624 1.13855
0.626 1.16269
0.628 1.18687
0.63 1.21106
0.632 1.23526
0.634 1.25943
0.636 1.28356
0.638 1.30763
0.64 1.33162
0.642 1.35551
0.644 1.37928
0.646 1.4029
0.648 1.42635
0.65 1.44962
0.652 1.47267
0.654 1.4955
0.656 1.51807
0.658 1.54036
0.66 1.56236
0.662 1.58404
0.664 1.60538
0.666 1.62635
0.668 1.64694
0.67 1.66712
0.672 1.68688
0.674 1.70618
0.676 1.72502
0.678 1.74337
0.68 1.76121
0.682 1.77852
0.684 1.79528
0.686 1.81147
0.688 1.82708
0.69 1.84209
0.692 1.85647
0.694 1.87023
0.696 1.88333
0.698 1.89576
0.7 1.90751
0.702 1.91857
0.704 1.92892
0.706 1.93855
0.708 1.94745
0.71 1.9556
0.712 1.96301
0.714 1.96966
0.716 1.97553
0.718 1.98064
0.72 1.98496
0.722 1.9885
0.724 1.99124
0.726 1.9932
0.728 1.99435
0.73 1.99471
0.732 1.99427
0.734 1.99304
0.736 1.991
0.738 1.98818
0.74 1.98456
0.742 1.98016
0.744 1.97498
0.746 1.96903
0.748 1.96231
0.75 1.95482
0.752 1.94659
0.754 1.93762
0.756 1.92792
0.758 1.9175
0.76 1.90637
0.762 1.89455
0.764 1.88205
0.766 1.86889
0.768 1.85507
0.77 1.84062
0.772 1.82555
0.774 1.80989
0.776 1.79364
0.778 1.77682
0.78 1.75946
0.782 1.74157
0.784 1.72317
0.786 1.70429
0.788 1.68494
0.79 1.66514
0.792 1.64492
0.794 1.62429
0.796 1.60329
0.798 1.58192
0.8 1.56021
0.802 1.53818
0.804 1.51586
0.806 1.49327
0.808 1.47042
0.81 1.44735
0.812 1.42407
0.814 1.4006
0.816 1.37697
0.818 1.3532
0.82 1.32931
0.822 1.30532
0.824 1.28125
0.826 1.25712
0.828 1.23295
0.83 1.20877
0.832 1.18459
0.834 1.16043
0.836 1.1363
0.838 1.11224
0.84 1.08825
0.842 1.06436
0.844 1.04058
0.846 1.01692
0.848 0.993412
0.85 0.970059
0.852 0.946879
0.854 0.923887
0.856 0.901097
0.858 0.878521
0.86 0.856174
0.862 0.834066
0.864 0.81221
0.866 0.790616
0.868 0.769295
0.87 0.748256
0.872 0.727509
0.874 0.707063
0.876 0.686926
0.878 0.667104
0.88 0.647606
0.882 0.628438
0.884 0.609605
0.886 0.591113
0.888 0.572967
0.89 0.555171
0.892 0.53773
0.894 0.520645
0.896 0.503921
0.898 0.487559
0.9 0.471562
0.902 0.455932
0.904 0.440669
0.906 0.425774
0.908 0.411247
0.91 0.397089
0.912 0.383299
0.914 0.369877
0.916 0.356821
0.918 0.344131
0.92 0.331804
0.922 0.319839
0.924 0.308235
0.926 0.296987
0.928 0.286095
0.93 0.275555
0.932 0.265365
0.934 0.255522
0.936 0.246022
0.938 0.236863
0.94 0.228041
0.942 0.219552
0.944 0.211394
0.946 0.203563
0.948 0.196054
0.95 0.188865
0.952 0.181993
0.954 0.175433
0.956 0.169182
0.958 0.163236
0.96 0.157593
0.962 0.152249
0.964 0.1472
0.966 0.142444
0.968 0.137977
0.97 0.133797
0.972 0.1299
0.974 0.126285
0.976 0.122947
0.978 0.119886
0.98 0.117099
0.982 0.114584
0.984 0.112338
0.986 0.110361
0.988 0.10865
0.99 0.107205
0.992 0.106024
0.994 0.105107
0.996 0.104452
0.998 0.104059
