-1 0.591467
-0.99 0.591206
-0.98 0.591281
-0.97 0.59082
-0.96 0.59072
-0.95 0.590051
-0.94 0.58978
-0.93 0.588904
-0.92 0.588452
-0.91 0.587389
-0.9 0.586724
-0.89 0.585515
-0.88 0.584583
-0.87 0.583288
-0.86 0.582026
-0.85 0.5807
-0.84 0.579074
-0.83 0.577712
-0.82 0.575772
-0.81 0.574268
-0.8 0.572171
-0.79 0.570336
-0.78 0.568265
-0.77 0.565967
-0.76 0.563947
-0.75 0.561302
-0.74 0.559079
-0.73 0.556424
-0.72 0.553686
-0.71 0.551176
-0.7 0.548027
-0.69 0.545294
-0.68 0.542239
-0.67 0.53889
-0.66 0.535969
-0.65 0.532411
-0.64 0.528959
-0.63 0.525709
-0.62 0.521773
-0.61 0.51817
-0.6 0.514585
-0.59 0.510338
-0.58 0.506508
-0.57 0.502663
-0.56 0.498128
-0.55 0.493976
-0.54 0.489976
-0.53 0.485215
-0.52 0.480599
-0.51 0.476476
-0.5 0.471719
-0.49 0.466537
-0.48 0.462
-0.47 0.457563
-0.46 0.452254
-0.45 0.446741
-0.44 0.442029
-0.43 0.437565
-0.42 0.43218
-0.41 0.425977
-0.4 0.420277
-0.39 0.416161
-0.38 0.413666
-0.37 0.412148
-0.36 0.410968
-0.35 0.4098
-0.34 0.408564
-0.33 0.407276
-0.32 0.405958
-0.31 0.404621
-0.3 0.403271
-0.29 0.401911
-0.28 0.400547
-0.27 0.399182
-0.26 0.397822
-0.25 0.396471
-0.24 0.395133
-0.23 0.393812
-0.22 0.392513
-0.21 0.39124
-0.2 0.389998
-0.19 0.388789
-0.18 0.387617
-0.17 0.386487
-0.16 0.385402
-0.15 0.384365
-0.14 0.383379
-0.13 0.382448
-0.12 0.381574
-0.11 0.380759
-0.1 0.380007
-0.09 0.37932
-0.08 0.3787
-0.07 0.378147
-0.06 0.377666
-0.05 0.377255
-0.04 0.376918
-0.03 0.376655
-0.02 0.376466
-0.01 0.376353
0 0.376315
0.01 0.376353
0.02 0.376466
0.03 0.376655
0.04 0.376918
0.05 0.377255
0.06 0.377666
0.07 0.378147
0.08 0.3787
0.09 0.37932
0.1 0.380007
0.11 0.380759
0.12 0.381574
0.13 0.382448
0.14 0.383379
0.15 0.384365
0.16 0.385402
0.17 0.386487
0.18 0.387617
0.19 0.388789
0.2 0.389998
0.21 0.39124
0.22 0.392513
0.23 0.393812
0.24 0.395133
0.25 0.396471
0.26 0.397822
0.27 0.399182
0.28 0.400547
0.29 0.401911
0.3 0.403271
0.31 0.404621
0.32 0.405958
0.33 0.407276
0.34 0.408564
0.35 0.4098
0.36 0.410968
0.37 0.412148
0.38 0.413666
0.39 0.416161
0.4 0.420277
0.41 0.425977
0.42 0.43218
0.43 0.437565
0.44 0.442029
0.45 0.446741
0.46 0.452254
0.47 0.457563
0.48 0.462
0.49 0.466537
0.5 0.471719
0.51 0.476476
0.52 0.480599
0.53 0.485215
0.54 0.489976
0.55 0.493976
0.56 0.498128
0.57 0.502663
0.58 0.506508
0.59 0.510338
0.6 0.514585
0.61 0.51817
0.62 0.521773
0.63 0.525709
0.64 0.528959
0.65 0.532411
0.66 0.535969
0.67 0.53889
0.68 0.542239
0.69 0.545294
0.7 0.548027
0.71 0.551176
0.72 0.553686
0.73 0.556424
0.74 0.559079
0.75 0.561302
0.76 0.563947
0.77 0.565967
0.78 0.568265
0.79 0.570336
0.8 0.572171
0.81 0.574268
0.82 0.575772
0.83 0.577712
0.84 0.579074
0.85 0.5807
0.86 0.582026
0.87 0.583288
0.88 0.584583
0.89 0.585515
0.9 0.586724
0.91 0.587389
0.92 0.588452
0.93 0.588904
0.94 0.58978
0.95 0.590051
0.96 0.59072
0.97 0.59082
0.98 0.591281
0.99 0.591206
