-1 0.716362
-0.99 0.716435
-0.98 0.715915
-0.97 0.715531
-0.96 0.714576
-0.95 0.713725
-0.94 0.712352
-0.93 0.711021
-0.92 0.709253
-0.91 0.707426
-0.9 0.705291
-0.89 0.702953
-0.88 0.700479
-0.87 0.697624
-0.86 0.694824
-0.85 0.69147
-0.84 0.688331
-0.83 0.684531
-0.82 0.681001
-0.81 0.676851
-0.8 0.672848
-0.79 0.668458
-0.78 0.663914
-0.77 0.659348
-0.76 0.654282
-0.75 0.649488
-0.74 0.644049
-0.73 0.638862
-0.72 0.633267
-0.71 0.627537
-0.7 0.621889
-0.69 0.615676
-0.68 0.609814
-0.67 0.603423
-0.66 0.597061
-0.65 0.590727
-0.64 0.583866
-0.63 0.577393
-0.62 0.570446
-0.61 0.563447
-0.6 0.556656
-0.59 0.549269
-0.58 0.54222
-0.57 0.535009
-0.56 0.5274
-0.55 0.520247
-0.54 0.512669
-0.53 0.504957
-0.52 0.497663
-0.51 0.48983
-0.5 0.482045
-0.49 0.474633
-0.48 0.466653
-0.47 0.458784
-0.46 0.451316
-0.45 0.443292
-0.44 0.435308
-0.43 0.427839
-0.42 0.419907
-0.41 0.41178
-0.4 0.404282
-0.39 0.396627
-0.38 0.38844
-0.37 0.380725
-0.36 0.37343
-0.35 0.365563
-0.34 0.357482
-0.33 0.350128
-0.32 0.34302
-0.31 0.335227
-0.3 0.327206
-0.29 0.319979
-0.28 0.313351
-0.27 0.306213
-0.26 0.298215
-0.25 0.290302
-0.24 0.2837
-0.23 0.278873
-0.22 0.275453
-0.21 0.272793
-0.2 0.27042
-0.19 0.268139
-0.18 0.265918
-0.17 0.263779
-0.16 0.261738
-0.15 0.259804
-0.14 0.25798
-0.13 0.256269
-0.12 0.254672
-0.11 0.253194
-0.1 0.251836
-0.09 0.2506
-0.08 0.249489
-0.07 0.248505
-0.06 0.247648
-0.05 0.24692
-0.04 0.246324
-0.03 0.245859
-0.02 0.245526
-0.01 0.245326
0 0.245259
0.01 0.245326
0.02 0.245526
0.03 0.245859
0.04 0.246324
0.05 0.24692
0.06 0.247648
0.07 0.248505
0.08 0.249489
0.09 0.2506
0.1 0.251836
0.11 0.253194
0.12 0.254672
0.13 0.256269
0.14 0.25798
0.15 0.259804
0.16 0.261738
0.17 0.263779
0.18 0.265918
0.19 0.268139
0.2 0.27042
0.21 0.272793
0.22 0.275453
0.23 0.278873
0.24 0.2837
0.25 0.290302
0.26 0.298215
0.27 0.306213
0.28 0.313351
0.29 0.319979
0.3 0.327206
0.31 0.335227
0.32 0.34302
0.33 0.350128
0.34 0.357482
0.35 0.365563
0.36 0.37343
0.37 0.380725
0.38 0.38844
0.39 0.396627
0.4 0.404282
0.41 0.41178
0.42 0.419907
0.43 0.427839
0.44 0.435308
0.45 0.443292
0.46 0.451316
0.47 0.458784
0.48 0.466653
0.49 0.474633
0.5 0.482045
0.51 0.48983
0.52 0.497663
0.53 0.504957
0.54 0.512669
0.55 0.520247
0.56 0.5274
0.57 0.535009
0.58 0.54222
0.59 0.549269
0.6 0.556656
0.61 0.563447
0.62 0.570446
0.63 0.577393
0.64 0.583866
0.65 0.590727
0.66 0.597061
0.67 0.603423
0.68 0.609814
0.69 0.615676
0.7 0.621889
0.71 0.627537
0.72 0.633267
0.73 0.638862
0.74 0.644049
0.75 0.649488
0.76 0.654282
0.77 0.659348
0.78 0.663914
0.79 0.668458
0.8 0.672848
0.81 0.676851
0.82 0.681001
0.83 0.684531
0.84 0.688331
0.85 0.69147
0.86 0.694824
0.87 0.697624
0.88 0.700479
0.89 0.702953
0.9 0.705291
0.91 0.707426
0.92 0.709253
0.93 0.711021
0.94 0.712352
0.95 0.713725
0.96 0.714576
0.97 0.715531
0.98 0.715915
0.99 0.716435
