-1 1.03722e-17
-0.998 1.05386e-17
-0.996 1.10426e-17
-0.994 1.18998e-17
-0.992 1.31361e-17
-0.99 1.47891e-17
-0.988 1.69089e-17
-0.986 1.95594e-17
-0.984 2.28205e-17
-0.982 2.67903e-17
-0.98 3.15874e-17
-0.978 3.73548e-17
-0.976 4.42639e-17
-0.974 5.25188e-17
-0.972 6.23627e-17
-0.97 7.40841e-17
-0.968 8.8025e-17
-0.966 1.0459e-16
-0.964 1.24259e-16
-0.962 1.47597e-16
-0.96 1.75272e-16
-0.958 2.08074e-16
-0.956 2.46933e-16
-0.954 2.92946e-16
-0.952 3.47406e-16
-0.95 4.11834e-16
-0.948 4.88023e-16
-0.946 5.78083e-16
-0.944 6.84494e-16
-0.942 8.10173e-16
-0.94 9.58547e-16
-0.938 1.13364e-15
-0.936 1.34019e-15
-0.934 1.58374e-15
-0.932 1.87081e-15
-0.93 2.20902e-15
-0.928 2.60733e-15
-0.926 3.07624e-15
-0.924 3.62802e-15
-0.922 4.27707e-15
-0.92 5.04021e-15
-0.918 5.93714e-15
-0.916 6.99089e-15
-0.914 8.22837e-15
-0.912 9.68103e-15
-0.91 1.13856e-14
-0.908 1.33849e-14
-0.906 1.57291e-14
-0.904 1.84763e-14
-0.902 2.16947e-14
-0.9 2.54636e-14
-0.898 2.98753e-14
-0.896 3.50372e-14
-0.894 4.10747e-14
-0.892 4.81332e-14
-0.89 5.63821e-14
-0.888 6.60183e-14
-0.886 7.72705e-14
-0.884 9.04044e-14
-0.882 1.05728e-13
-0.88 1.236e-13
-0.878 1.44436e-13
-0.876 1.68716e-13
-0.874 1.96998e-13
-0.872 2.2993e-13
-0.87 2.6826e-13
-0.868 3.12854e-13
-0.866 3.64715e-13
-0.864 4.25003e-13
-0.862 4.95059e-13
-0.86 5.76432e-13
-0.858 6.70911e-13
-0.856 7.80564e-13
-0.854 9.07776e-13
-0.852 1.0553e-12
-0.85 1.2263e-12
-0.848 1.42445e-12
-0.846 1.65394e-12
-0.844 1.91965e-12
-0.842 2.22715e-12
-0.84 2.58288e-12
-0.838 2.99422e-12
-0.836 3.46969e-12
-0.834 4.01905e-12
-0.832 4.65352e-12
-0.83 5.38601e-12
-0.828 6.2313e-12
-0.826 7.20637e-12
-0.824 8.33068e-12
-0.822 9.62656e-12
-0.82 1.11196e-11
-0.818 1.2839e-11
-0.816 1.48184e-11
-0.814 1.7096e-11
-0.812 1.97159e-11
-0.81 2.27282e-11
-0.808 2.61903e-11
-0.806 3.01676e-11
-0.804 3.4735e-11
-0.802 3.99779e-11
-0.8 4.59939e-11
-0.798 5.28939e-11
-0.796 6.08048e-11
-0.794 6.98709e-11
-0.792 8.02566e-11
-0.79 9.21492e-11
-0.788 1.05762e-10
-0.786 1.21337e-10
-0.784 1.3915e-10
-0.782 1.59514e-10
-0.78 1.82785e-10
-0.778 2.09367e-10
-0.776 2.3972e-10
-0.774 2.74363e-10
-0.772 3.13886e-10
-0.77 3.5896e-10
-0.768 4.10342e-10
-0.766 4.68891e-10
-0.764 5.35581e-10
-0.762 6.1151e-10
-0.76 6.97925e-10
-0.758 7.96233e-10
-0.756 9.08025e-10
-0.754 1.0351e-09
-0.752 1.17948e-09
-0.75 1.34347e-09
-0.748 1.52965e-09
-0.746 1.74093e-09
-0.744 1.9806e-09
-0.742 2.25236e-09
-0.74 2.56039e-09
-0.738 2.90937e-09
-0.736 3.30461e-09
-0.734 3.75203e-09
-0.732 4.25834e-09
-0.73 4.83102e-09
-0.728 5.47854e-09
-0.726 6.21036e-09
-0.724 7.03712e-09
-0.722 7.97075e-09
-0.72 9.02464e-09
-0.718 1.02138e-08
-0.716 1.1555e-08
-0.714 1.30671e-08
-0.712 1.47712e-08
-0.71 1.66908e-08
-0.708 1.88524e-08
-0.706 2.12854e-08
-0.704 2.40227e-08
-0.702 2.71013e-08
-0.7 3.05621e-08
-0.698 3.44511e-08
-0.696 3.88194e-08
-0.694 4.37242e-08
-0.692 4.92289e-08
-0.69 5.54045e-08
-0.688 6.23299e-08
-0.686 7.00929e-08
-0.684 7.87912e-08
-0.682 8.85336e-08
-0.68 9.94407e-08
-0.678 1.11647e-07
-0.676 1.25301e-07
-0.674 1.4057e-07
-0.672 1.57635e-07
-0.67 1.76702e-07
-0.668 1.97995e-07
-0.666 2.21766e-07
-0.664 2.48291e-07
-0.662 2.77878e-07
-0.66 3.10866e-07
-0.658 3.47632e-07
-0.656 3.88589e-07
-0.654 4.34199e-07
-0.652 4.84968e-07
-0.65 5.41457e-07
-0.648 6.04284e-07
-0.646 6.74131e-07
-0.644 7.5175e-07
-0.642 8.37972e-07
-0.64 9.33709e-07
-0.638 1.03997e-06
-0.636 1.15786e-06
-0.634 1.28859e-06
-0.632 1.43352e-06
-0.63 1.5941e-06
-0.628 1.77197e-06
-0.626 1.96889e-06
-0.624 2.18683e-06
-0.622 2.42791e-06
-0.62 2.6945e-06
-0.618 2.98916e-06
-0.616 3.31472e-06
-0.614 3.67426e-06
-0.612 4.07118e-06
-0.61 4.50917e-06
-0.608 4.99228e-06
-0.606 5.52494e-06
-0.604 6.11199e-06
-0.602 6.75872e-06
-0.6 7.47089e-06
-0.598 8.25479e-06
-0.596 9.11731e-06
-0.594 1.00659e-05
-0.592 1.11088e-05
-0.59 1.22548e-05
-0.588 1.35136e-05
-0.586 1.48958e-05
-0.584 1.64127e-05
-0.582 1.80769e-05
-0.58 1.99019e-05
-0.578 2.19024e-05
-0.576 2.40944e-05
-0.574 2.64951e-05
-0.572 2.91233e-05
-0.57 3.19995e-05
-0.568 3.51456e-05
-0.566 3.85856e-05
-0.564 4.23454e-05
-0.562 4.6453e-05
-0.56 5.09386e-05
-0.558 5.58351e-05
-0.556 6.11777e-05
-0.554 6.70048e-05
-0.552 7.33575e-05
-0.55 8.02804e-05
-0.548 8.78214e-05
-0.546 9.60325e-05
-0.544 0.000104969
-0.542 0.000114692
-0.54 0.000125265
-0.538 0.000136758
-0.536 0.000149245
-0.534 0.000162808
-0.532 0.000177532
-0.53 0.000193511
-0.528 0.000210843
-0.526 0.000229636
-0.524 0.000250004
-0.522 0.00027207
-0.52 0.000295964
-0.518 0.000321829
-0.516 0.000349814
-0.514 0.00038008
-0.512 0.0004128
-0.51 0.000448158
-0.508 0.000486349
-0.506 0.000527584
-0.504 0.000572087
-0.502 0.000620095
-0.5 0.000671863
-0.498 0.000727661
-0.496 0.000787779
-0.494 0.000852523
-0.492 0.000922218
-0.49 0.000997213
-0.488 0.00107787
-0.486 0.00116459
-0.484 0.00125779
-0.482 0.0013579
-0.48 0.00146539
-0.478 0.00158076
-0.476 0.00170453
-0.474 0.00183725
-0.472 0.00197952
-0.47 0.00213195
-0.468 0.0022952
-0.466 0.00246996
-0.464 0.00265697
-0.462 0.00285699
-0.46 0.00307085
-0.458 0.00329939
-0.456 0.00354353
-0.454 0.0038042
-0.452 0.00408243
-0.45 0.00437924
-0.448 0.00469577
-0.446 0.00503315
-0.444 0.00539262
-0.442 0.00577546
-0.44 0.006183
-0.438 0.00661665
-0.436 0.00707789
-0.434 0.00756826
-0.432 0.00808936
-0.43 0.00864289
-0.428 0.0092306
-0.426 0.00985434
-0.424 0.010516
-0.422 0.0112176
-0.42 0.0119613
-0.418 0.0127492
-0.416 0.0135835
-0.414 0.0144666
-0.412 0.0154011
-0.41 0.0163893
-0.408 0.0174339
-0.406 0.0185378
-0.404 0.0197036
-0.402 0.0209344
-0.4 0.0222332
-0.398 0.0236032
-0.396 0.0250475
-0.394 0.0265696
-0.392 0.028173
-0.39 0.0298612
-0.388 0.0316379
-0.386 0.033507
-0.384 0.0354723
-0.382 0.0375379
-0.38 0.0397079
-0.378 0.0419866
-0.376 0.0443784
-0.374 0.0468876
-0.372 0.049519
-0.37 0.0522772
-0.368 0.055167
-0.366 0.0581934
-0.364 0.0613612
-0.362 0.0646757
-0.36 0.0681421
-0.358 0.0717656
-0.356 0.0755517
-0.354 0.0795058
-0.352 0.0836335
-0.35 0.0879404
-0.348 0.0924323
-0.346 0.0971149
-0.344 0.101994
-0.342 0.107076
-0.34 0.112366
-0.338 0.11787
-0.336 0.123595
-0.334 0.129547
-0.332 0.135731
-0.33 0.142153
-0.328 0.14882
-0.326 0.155738
-0.324 0.162913
-0.322 0.170351
-0.32 0.178057
-0.318 0.186038
-0.316 0.1943
-0.314 0.202847
-0.312 0.211687
-0.31 0.220825
-0.308 0.230265
-0.306 0.240014
-0.304 0.250076
-0.302 0.260457
-0.3 0.271162
-0.298 0.282194
-0.296 0.293559
-0.294 0.305261
-0.292 0.317305
-0.29 0.329692
-0.288 0.342428
-0.286 0.355516
-0.284 0.368958
-0.282 0.382757
-0.28 0.396916
-0.278 0.411436
-0.276 0.42632
-0.274 0.441568
-0.272 0.457182
-0.27 0.473161
-0.268 0.489507
-0.266 0.506219
-0.264 0.523296
-0.262 0.540737
-0.26 0.55854
-0.258 0.576705
-0.256 0.595227
-0.254 0.614104
-0.252 0.633332
-0.25 0.652908
-0.248 0.672827
-0.246 0.693084
-0.244 0.713674
-0.242 0.73459
-0.24 0.755826
-0.238 0.777375
-0.236 0.79923
-0.234 0.821381
-0.232 0.843822
-0.23 0.866542
-0.228 0.889531
-0.226 0.912781
-0.224 0.936279
-0.222 0.960015
-0.22 0.983978
-0.218 1.00815
-0.216 1.03253
-0.214 1.0571
-0.212 1.08184
-0.21 1.10674
-0.208 1.13179
-0.206 1.15697
-0.204 1.18227
-0.202 1.20767
-0.2 1.23316
-0.198 1.25871
-0.196 1.28432
-0.194 1.30997
-0.192 1.33563
-0.19 1.3613
-0.188 1.38695
-0.186 1.41258
-0.184 1.43815
-0.182 1.46366
-0.18 1.48908
-0.178 1.5144
-0.176 1.53961
-0.174 1.56467
-0.172 1.58959
-0.17 1.61433
-0.168 1.63888
-0.166 1.66322
-0.164 1.68735
-0.162 1.71123
-0.16 1.73486
-0.158 1.75822
-0.156 1.78129
-0.154 1.80406
-0.152 1.82651
-0.15 1.84863
-0.148 1.8704
-0.146 1.89182
-0.144 1.91286
-0.142 1.93353
-0.14 1.95379
-0.138 1.97365
-0.136 1.99309
-0.134 2.01211
-0.132 2.03069
-0.13 2.04882
-0.128 2.0665
-0.126 2.08373
-0.124 2.10049
-0.122 2.11677
-0.12 2.13259
-0.118 2.14792
-0.116 2.16277
-0.114 2.17714
-0.112 2.19102
-0.11 2.20442
-0.108 2.21733
-0.106 2.22975
-0.104 2.24169
-0.102 2.25315
-0.1 2.26413
-0.098 2.27463
-0.096 2.28467
-0.094 2.29424
-0.092 2.30336
-0.09 2.31202
-0.088 2.32024
-0.086 2.32803
-0.084 2.33538
-0.082 2.34233
-0.08 2.34886
-0.078 2.355
-0.076 2.36075
-0.074 2.36613
-0.072 2.37115
-0.07 2.37581
-0.068 2.38014
-0.066 2.38414
-0.064 2.38783
-0.062 2.39122
-0.06 2.39433
-0.058 2.39717
-0.056 2.39974
-0.054 2.40207
-0.052 2.40418
-0.05 2.40606
-0.048 2.40775
-0.046 2.40924
-0.044 2.41056
-0.042 2.41171
-0.04 2.41271
-0.038 2.41358
-0.036 2.41432
-0.034 2.41495
-0.032 2.41547
-0.03 2.41591
-0.028 2.41626
-0.026 2.41654
-0.024 2.41677
-0.022 2.41694
-0.02 2.41706
-0.018 2.41716
-0.016 2.41722
-0.014 2.41726
-0.012 2.41728
-0.01 2.41729
-0.008 2.41729
-0.006 2.41729
-0.004 2.41729
-0.002 2.41729
0 2.41729
0.002 2.41729
0.004 2.41729
0.006 2.41729
0.008 2.41729
0.01 2.41729
0.012 2.41728
0.014 2.41726
0.016 2.41722
0.018 2.41716
0.02 2.41706
0.022 2.41694
0.024 2.41677
0.026 2.41654
0.028 2.41626
0.03 2.41591
0.032 2.41547
0.034 2.41495
0.036 2.41432
0.038 2.41358
0.04 2.41271
0.042 2.41171
0.044 2.41056
0.046 2.40924
0.048 2.40775
0.05 2.40606
0.052 2.40418
0.054 2.40207
0.056 2.39974
0.058 2.39717
0.06 2.39433
0.062 2.39122
0.064 2.38783
0.066 2.38414
0.068 2.38014
0.07 2.37581
0.072 2.37115
0.074 2.36613
0.076 2.36075
0.078 2.355
0.08 2.34886
0.082 2.34233
0.084 2.33538
0.086 2.32803
0.088 2.32024
0.09 2.31202
0.092 2.30336
0.094 2.29424
0.096 2.28467
0.098 2.27463
0.1 2.26413
0.102 2.25315
0.104 2.24169
0.106 2.22975
0.108 2.21733
0.11 2.20442
0.112 2.19102
0.114 2.17714
0.116 2.16277
0.118 2.14792
0.12 2.13259
0.122 2.11677
0.124 2.10049
0.126 2.08373
0.128 2.0665
0.13 2.04882
0.132 2.03069
0.134 2.01211
0.136 1.99309
0.138 1.97365
0.14 1.95379
0.142 1.93353
0.144 1.91286
0.146 1.89182
0.148 1.8704
0.15 1.84863
0.152 1.82651
0.154 1.80406
0.156 1.78129
0.158 1.75822
0.16 1.73486
0.162 1.71123
0.164 1.68735
0.166 1.66322
0.168 1.63888
0.17 1.61433
0.172 1.58959
0.174 1.56467
0.176 1.53961
0.178 1.5144
0.18 1.48908
0.182 1.46366
0.184 1.43815
0.186 1.41258
0.188 1.38695
0.19 1.3613
0.192 1.33563
0.194 1.30997
0.196 1.28432
0.198 1.25871
0.2 1.23316
0.202 1.20767
0.204 1.18227
0.206 1.15697
0.208 1.13179
0.21 1.10674
0.212 1.08184
0.214 1.0571
0.216 1.03253
0.218 1.00815
0.22 0.983978
0.222 0.960015
0.224 0.936279
0.226 0.912781
0.228 0.889531
0.23 0.866542
0.232 0.843822
0.234 0.821381
0.236 0.79923
0.238 0.777375
0.24 0.755826
0.242 0.73459
0.244 0.713674
0.246 0.693084
0.248 0.672827
0.25 0.652908
0.252 0.633332
0.254 0.614104
0.256 0.595227
0.258 0.576705
0.26 0.55854
0.262 0.540737
0.264 0.523296
0.266 0.506219
0.268 0.489507
0.27 0.473161
0.272 0.457182
0.274 0.441568
0.276 0.42632
0.278 0.411436
0.28 0.396916
0.282 0.382757
0.284 0.368958
0.286 0.355516
0.288 0.342428
0.29 0.329692
0.292 0.317305
0.294 0.305261
0.296 0.293559
0.298 0.282194
0.3 0.271162
0.302 0.260457
0.304 0.250076
0.306 0.240014
0.308 0.230265
0.31 0.220825
0.312 0.211687
0.314 0.202847
0.316 0.1943
0.318 0.186038
0.32 0.178057
0.322 0.170351
0.324 0.162913
0.326 0.155738
0.328 0.14882
0.33 0.142153
0.332 0.135731
0.334 0.129547
0.336 0.123595
0.338 0.11787
0.34 0.112366
0.342 0.107076
0.344 0.101994
0.346 0.0971149
0.348 0.0924323
0.35 0.0879404
0.352 0.0836335
0.354 0.0795058
0.356 0.0755517
0.358 0.0717656
0.36 0.0681421
0.362 0.0646757
0.364 0.0613612
0.366 0.0581934
0.368 0.055167
0.37 0.0522772
0.372 0.049519
0.374 0.0468876
0.376 0.0443784
0.378 0.0419866
0.38 0.0397079
0.382 0.0375379
0.384 0.0354723
0.386 0.033507
0.388 0.0316379
0.39 0.0298612
0.392 0.028173
0.394 0.0265696
0.396 0.0250475
0.398 0.0236032
0.4 0.0222332
0.402 0.0209344
0.404 0.0197036
0.406 0.0185378
0.408 0.0174339
0.41 0.0163893
0.412 0.0154011
0.414 0.0144666
0.416 0.0135835
0.418 0.0127492
0.42 0.0119613
0.422 0.0112176
0.424 0.010516
0.426 0.00985434
0.428 0.0092306
0.43 0.00864289
0.432 0.00808936
0.434 0.00756826
0.436 0.00707789
0.438 0.00661665
0.44 0.006183
0.442 0.00577546
0.444 0.00539262
0.446 0.00503315
0.448 0.00469577
0.45 0.00437924
0.452 0.00408243
0.454 0.0038042
0.456 0.00354353
0.458 0.00329939
0.46 0.00307085
0.462 0.00285699
0.464 0.00265697
0.466 0.00246996
0.468 0.0022952
0.47 0.00213195
0.472 0.00197952
0.474 0.00183725
0.476 0.00170453
0.478 0.00158076
0.48 0.00146539
0.482 0.0013579
0.484 0.00125779
0.486 0.00116459
0.488 0.00107787
0.49 0.000997213
0.492 0.000922218
0.494 0.000852523
0.496 0.000787779
0.498 0.000727661
0.5 0.000671863
0.502 0.000620095
0.504 0.000572087
0.506 0.000527584
0.508 0.000486349
0.51 0.000448158
0.512 0.0004128
0.514 0.00038008
0.516 0.000349814
0.518 0.000321829
0.52 0.000295964
0.522 0.00027207
0.524 0.000250004
0.526 0.000229636
0.528 0.000210843
0.53 0.000193511
0.532 0.000177532
0.534 0.000162808
0.536 0.000149245
0.538 0.000136758
0.54 0.000125265
0.542 0.000114692
0.544 0.000104969
0.546 9.60325e-05
0.548 8.78214e-05
0.55 8.02804e-05
0.552 7.33575e-05
0.554 6.70048e-05
0.556 6.11777e-05
0.558 5.58351e-05
0.56 5.09386e-05
0.562 4.6453e-05
0.564 4.23454e-05
0.566 3.85856e-05
0.568 3.51456e-05
0.57 3.19995e-05
0.572 2.91233e-05
0.574 2.64951e-05
0.576 2.40944e-05
0.578 2.19024e-05
0.58 1.99019e-05
0.582 1.80769e-05
0.584 1.64127e-05
0.586 1.48958e-05
0.588 1.35136e-05
0.59 1.22548e-05
0.592 1.11088e-05
0.594 1.00659e-05
0.596 9.11731e-06
0.598 8.25479e-06
0.6 7.47089e-06
0.602 6.75872e-06
0.604 6.11199e-06
0.606 5.52494e-06
0.608 4.99228e-06
0.61 4.50917e-06
0.612 4.07118e-06
0.614 3.67426e-06
0.616 3.31472e-06
0.618 2.98916e-06
0.62 2.6945e-06
0.622 2.42791e-06
0.624 2.18683e-06
0.626 1.96889e-06
0.628 1.77197e-06
0.63 1.5941e-06
0.632 1.43352e-06
0.634 1.28859e-06
0.636 1.15786e-06
0.638 1.03997e-06
0.64 9.33709e-07
0.642 8.37972e-07
0.644 7.5175e-07
0.646 6.74131e-07
0.648 6.04284e-07
0.65 5.41457e-07
0.652 4.84968e-07
0.654 4.34199e-07
0.656 3.88589e-07
0.658 3.47632e-07
0.66 3.10866e-07
0.662 2.77878e-07
0.664 2.48291e-07
0.666 2.21766e-07
0.668 1.97995e-07
0.67 1.76702e-07
0.672 1.57635e-07
0.674 1.4057e-07
0.676 1.25301e-07
0.678 1.11647e-07
0.68 9.94407e-08
0.682 8.85336e-08
0.684 7.87912e-08
0.686 7.00929e-08
0.688 6.23299e-08
0.69 5.54045e-08
0.692 4.92289e-08
0.694 4.37242e-08
0.696 3.88194e-08
0.698 3.44511e-08
0.7 3.05621e-08
0.702 2.71013e-08
0.704 2.40227e-08
0.706 2.12854e-08
0.708 1.88524e-08
0.71 1.66908e-08
0.712 1.47712e-08
0.714 1.30671e-08
0.716 1.1555e-08
0.718 1.02138e-08
0.72 9.02464e-09
0.722 7.97075e-09
0.724 7.03712e-09
0.726 6.21036e-09
0.728 5.47854e-09
0.73 4.83102e-09
0.732 4.25834e-09
0.734 3.75203e-09
0.736 3.30461e-09
0.738 2.90937e-09
0.74 2.56039e-09
0.742 2.25236e-09
0.744 1.9806e-09
0.746 1.74093e-09
0.748 1.52965e-09
0.75 1.34347e-09
0.752 1.17948e-09
0.754 1.0351e-09
0.756 9.08025e-10
0.758 7.96233e-10
0.76 6.97925e-10
0.762 6.1151e-10
0.764 5.35581e-10
0.766 4.68891e-10
0.768 4.10342e-10
0.77 3.5896e-10
0.772 3.13886e-10
0.774 2.74363e-10
0.776 2.3972e-10
0.778 2.09367e-10
0.78 1.82785e-10
0.782 1.59514e-10
0.784 1.3915e-10
0.786 1.21337e-10
0.788 1.05762e-10
0.79 9.21492e-11
0.792 8.02566e-11
0.794 6.98709e-11
0.796 6.08048e-11
0.798 5.28939e-11
0.8 4.59939e-11
0.802 3.99779e-11
0.804 3.4735e-11
0.806 3.01676e-11
0.808 2.61903e-11
0.81 2.27282e-11
0.812 1.97159e-11
0.814 1.7096e-11
0.816 1.48184e-11
0.818 1.2839e-11
0.82 1.11196e-11
0.822 9.62656e-12
0.824 8.33068e-12
0.826 7.20637e-12
0.828 6.2313e-12
0.83 5.38601e-12
0.832 4.65352e-12
0.834 4.01905e-12
0.836 3.46969e-12
0.838 2.99422e-12
0.84 2.58288e-12
0.842 2.22715e-12
0.844 1.91965e-12
0.846 1.65394e-12
0.848 1.42445e-12
0.85 1.2263e-12
0.852 1.0553e-12
0.854 9.07776e-13
0.856 7.80564e-13
0.858 6.70911e-13
0.86 5.76432e-13
0.862 4.95059e-13
0.864 4.25003e-13
0.866 3.64715e-13
0.868 3.12854e-13
0.87 2.6826e-13
0.872 2.2993e-13
0.874 1.96998e-13
0.876 1.68716e-13
0.878 1.44436e-13
0.88 1.236e-13
0.882 1.05728e-13
0.884 9.04044e-14
0.886 7.72705e-14
0.888 6.60183e-14
0.89 5.63821e-14
0.892 4.81332e-14
0.894 4.10747e-14
0.896 3.50372e-14
0.898 2.98753e-14
0.9 2.54636e-14
0.902 2.16947e-14
0.904 1.84763e-14
0.906 1.57291e-14
0.908 1.33849e-14
0.91 1.13856e-14
0.912 9.68103e-15
0.914 8.22837e-15
0.916 6.99089e-15
0.918 5.93714e-15
0.92 5.04021e-15
0.922 4.27707e-15
0.924 3.62802e-15
0.926 3.07624e-15
0.928 2.60733e-15
0.93 2.20902e-15
0.932 1.87081e-15
0.934 1.58374e-15
0.936 1.34019e-15
0.938 1.13364e-15
0.94 9.58547e-16
0.942 8.10173e-16
0.944 6.84494e-16
0.946 5.78083e-16
0.948 4.88023e-16
0.95 4.11834e-16
0.952 3.47406e-16
0.954 2.92946e-16
0.956 2.46933e-16
0.958 2.08074e-16
0.96 1.75272e-16
0.962 1.47597e-16
0.964 1.24259e-16
0.966 1.0459e-16
0.968 8.8025e-17
0.97 7.40841e-17
0.972 6.23627e-17
0.974 5.25188e-17
0.976 4.42639e-17
0.978 3.73548e-17
0.98 3.15874e-17
0.982 2.67903e-17
0.984 2.28205e-17
0.986 1.95594e-17
0.988 1.69089e-17
0.99 1.47891e-17
0.992 1.31361e-17
0.994 1.18998e-17
0.996 1.10426e-17
0.998 1.05386e-17
