-1 0.136183
-0.998 0.13634
-0.996 0.13681
-0.994 0.137595
-0.992 0.138693
-0.99 0.140106
-0.988 0.141835
-0.986 0.143881
-0.984 0.146245
-0.982 0.148927
-0.98 0.15193
-0.978 0.155255
-0.976 0.158903
-0.974 0.162877
-0.972 0.167179
-0.97 0.17181
-0.968 0.176773
-0.966 0.18207
-0.964 0.187704
-0.962 0.193676
-0.96 0.199989
-0.958 0.206647
-0.956 0.21365
-0.954 0.221003
-0.952 0.228707
-0.95 0.236765
-0.948 0.24518
-0.946 0.253954
-0.944 0.263089
-0.942 0.272588
-0.94 0.282454
-0.938 0.292688
-0.936 0.303292
-0.934 0.314268
-0.932 0.325618
-0.93 0.337344
-0.928 0.349447
-0.926 0.361927
-0.924 0.374787
-0.922 0.388025
-0.92 0.401644
-0.918 0.415642
-0.916 0.43002
-0.914 0.444777
-0.912 0.459912
-0.91 0.475424
-0.908 0.491311
-0.906 0.507571
-0.904 0.524202
-0.902 0.5412
-0.9 0.558563
-0.898 0.576286
-0.896 0.594365
-0.894 0.612796
-0.892 0.631574
-0.89 0.650692
-0.888 0.670144
-0.886 0.689923
-0.884 0.710023
-0.882 0.730435
-0.88 0.751151
-0.878 0.772162
-0.876 0.793458
-0.874 0.815029
-0.872 0.836865
-0.87 0.858954
-0.868 0.881285
-0.866 0.903845
-0.864 0.926621
-0.862 0.9496
-0.86 0.972767
-0.858 0.996109
-0.856 1.01961
-0.854 1.04325
-0.852 1.06703
-0.85 1.09091
-0.848 1.11488
-0.846 1.13893
-0.844 1.16304
-0.842 1.18719
-0.84 1.21136
-0.838 1.23553
-0.836 1.25968
-0.834 1.28379
-0.832 1.30784
-0.83 1.33182
-0.828 1.35569
-0.826 1.37944
-0.824 1.40305
-0.822 1.42649
-0.82 1.44974
-0.818 1.47279
-0.816 1.4956
-0.814 1.51816
-0.812 1.54045
-0.81 1.56244
-0.808 1.58411
-0.806 1.60544
-0.804 1.62641
-0.802 1.647
-0.8 1.66717
-0.798 1.68692
-0.796 1.70623
-0.794 1.72506
-0.792 1.7434
-0.79 1.76124
-0.788 1.77854
-0.786 1.7953
-0.784 1.81149
-0.782 1.8271
-0.78 1.84211
-0.778 1.85649
-0.776 1.87024
-0.774 1.88334
-0.772 1.89577
-0.77 1.90752
-0.768 1.91858
-0.766 1.92893
-0.764 1.93856
-0.762 1.94745
-0.76 1.95561
-0.758 1.96302
-0.756 1.96966
-0.754 1.97554
-0.752 1.98064
-0.75 1.98496
-0.748 1.9885
-0.746 1.99125
-0.744 1.9932
-0.742 1.99435
-0.74 1.99471
-0.738 1.99427
-0.736 1.99304
-0.734 1.99101
-0.732 1.98818
-0.73 1.98456
-0.728 1.98016
-0.726 1.97498
-0.724 1.96903
-0.722 1.9623
-0.72 1.95482
-0.718 1.94659
-0.716 1.93762
-0.714 1.92792
-0.712 1.91749
-0.71 1.90637
-0.708 1.89455
-0.706 1.88205
-0.704 1.86888
-0.702 1.85506
-0.7 1.84061
-0.698 1.82555
-0.696 1.80988
-0.694 1.79363
-0.692 1.77681
-0.69 1.75945
-0.688 1.74156
-0.686 1.72316
-0.684 1.70427
-0.682 1.68492
-0.68 1.66512
-0.678 1.6449
-0.676 1.62427
-0.674 1.60326
-0.672 1.58189
-0.67 1.56018
-0.668 1.53815
-0.666 1.51582
-0.664 1.49323
-0.662 1.47038
-0.66 1.4473
-0.658 1.42401
-0.656 1.40054
-0.654 1.37691
-0.652 1.35313
-0.65 1.32923
-0.648 1.30523
-0.646 1.28115
-0.644 1.25701
-0.642 1.23284
-0.64 1.20864
-0.638 1.18445
-0.636 1.16028
-0.634 1.13614
-0.632 1.11207
-0.63 1.08806
-0.628 1.06415
-0.626 1.04035
-0.624 1.01668
-0.622 0.993143
-0.62 0.969765
-0.618 0.94656
-0.616 0.92354
-0.614 0.90072
-0.612 0.878112
-0.61 0.855729
-0.608 0.833584
-0.606 0.811686
-0.604 0.790048
-0.602 0.76868
-0.6 0.74759
-0.598 0.726788
-0.596 0.706282
-0.594 0.68608
-0.592 0.666189
-0.59 0.646617
-0.588 0.627369
-0.586 0.60845
-0.584 0.589865
-0.582 0.57162
-0.58 0.553717
-0.578 0.536161
-0.576 0.518953
-0.574 0.502097
-0.572 0.485595
-0.57 0.469446
-0.568 0.453654
-0.566 0.438217
-0.564 0.423136
-0.562 0.408411
-0.56 0.394041
-0.558 0.380024
-0.556 0.366359
-0.554 0.353044
-0.552 0.340078
-0.55 0.327456
-0.548 0.315177
-0.546 0.303237
-0.544 0.291632
-0.542 0.28036
-0.54 0.269415
-0.538 0.258794
-0.536 0.248493
-0.534 0.238506
-0.532 0.228829
-0.53 0.219456
-0.528 0.210384
-0.526 0.201606
-0.524 0.193117
-0.522 0.184911
-0.52 0.176983
-0.518 0.169327
-0.516 0.161938
-0.514 0.154809
-0.512 0.147935
-0.51 0.14131
-0.508 0.134927
-0.506 0.128781
-0.504 0.122866
-0.502 0.117176
-0.5 0.111704
-0.498 0.106446
-0.496 0.101394
-0.494 0.0965435
-0.492 0.0918883
-0.49 0.0874226
-0.488 0.0831407
-0.486 0.0790368
-0.484 0.0751055
-0.482 0.0713412
-0.48 0.0677385
-0.478 0.0642919
-0.476 0.0609964
-0.474 0.0578466
-0.472 0.0548375
-0.47 0.0519642
-0.468 0.0492217
-0.466 0.0466053
-0.464 0.0441103
-0.462 0.0417322
-0.46 0.0394666
-0.458 0.037309
-0.456 0.0352552
-0.454 0.0333012
-0.452 0.0314429
-0.45 0.0296765
-0.448 0.027998
-0.446 0.026404
-0.444 0.0248907
-0.442 0.0234548
-0.44 0.0220929
-0.438 0.0208017
-0.436 0.0195782
-0.434 0.0184192
-0.432 0.0173219
-0.43 0.0162835
-0.428 0.0153012
-0.426 0.0143725
-0.424 0.0134947
-0.422 0.0126654
-0.42 0.0118824
-0.418 0.0111433
-0.416 0.010446
-0.414 0.00978837
-0.412 0.00916851
-0.41 0.00858447
-0.408 0.00803442
-0.406 0.00751661
-0.404 0.00702935
-0.402 0.00657106
-0.4 0.00614019
-0.398 0.00573527
-0.396 0.00535492
-0.394 0.00499779
-0.392 0.00466261
-0.39 0.00434817
-0.388 0.00405332
-0.386 0.00377694
-0.384 0.00351801
-0.382 0.00327552
-0.38 0.00304852
-0.378 0.00283612
-0.376 0.00263746
-0.374 0.00245173
-0.372 0.00227818
-0.37 0.00211606
-0.368 0.00196469
-0.366 0.00182342
-0.364 0.00169164
-0.362 0.00156875
-0.36 0.0014542
-0.358 0.00134748
-0.356 0.00124809
-0.354 0.00115557
-0.352 0.00106948
-0.35 0.000989413
-0.348 0.000914971
-0.346 0.000845791
-0.344 0.000781529
-0.342 0.000721861
-0.34 0.000666481
-0.338 0.000615105
-0.336 0.000567461
-0.334 0.000523299
-0.332 0.00048238
-0.33 0.000444484
-0.328 0.0004094
-0.326 0.000376935
-0.324 0.000346906
-0.322 0.000319141
-0.32 0.000293481
-0.318 0.000269776
-0.316 0.000247887
-0.314 0.000227683
-0.312 0.000209042
-0.31 0.00019185
-0.308 0.000176002
-0.306 0.000161398
-0.304 0.000147947
-0.302 0.000135563
-0.3 0.000124165
-0.298 0.000113681
-0.296 0.00010404
-0.294 9.51787e-05
-0.292 8.70372e-05
-0.29 7.95604e-05
-0.288 7.26967e-05
-0.286 6.63986e-05
-0.284 6.06219e-05
-0.282 5.53257e-05
-0.28 5.04719e-05
-0.278 4.60256e-05
-0.276 4.19542e-05
-0.274 3.82276e-05
-0.272 3.48181e-05
-0.27 3.17e-05
-0.268 2.88497e-05
-0.266 2.62451e-05
-0.264 2.38661e-05
-0.262 2.16941e-05
-0.26 1.97118e-05
-0.258 1.79036e-05
-0.256 1.62547e-05
-0.254 1.47517e-05
-0.252 1.33824e-05
-0.25 1.21353e-05
-0.248 1.10001e-05
-0.246 9.96702e-06
-0.244 9.02738e-06
-0.242 8.17305e-06
-0.24 7.39661e-06
-0.238 6.69126e-06
-0.236 6.05075e-06
-0.234 5.46937e-06
-0.232 4.94187e-06
-0.23 4.46346e-06
-0.228 4.02975e-06
-0.226 3.63673e-06
-0.224 3.28073e-06
-0.222 2.95839e-06
-0.22 2.66666e-06
-0.218 2.40273e-06
-0.216 2.16406e-06
-0.214 1.94832e-06
-0.212 1.75338e-06
-0.21 1.57732e-06
-0.208 1.41837e-06
-0.206 1.27493e-06
-0.204 1.14553e-06
-0.202 1.02886e-06
-0.2 9.23698e-07
-0.198 8.28955e-07
-0.196 7.43632e-07
-0.194 6.66824e-07
-0.192 5.97711e-07
-0.19 5.35546e-07
-0.188 4.79655e-07
-0.186 4.29426e-07
-0.184 3.84302e-07
-0.182 3.43783e-07
-0.18 3.07412e-07
-0.178 2.7478e-07
-0.176 2.45513e-07
-0.174 2.19276e-07
-0.172 1.95764e-07
-0.17 1.74704e-07
-0.168 1.55847e-07
-0.166 1.38969e-07
-0.164 1.2387e-07
-0.162 1.10367e-07
-0.16 9.82972e-08
-0.158 8.7512e-08
-0.156 7.7879e-08
-0.154 6.92787e-08
-0.152 6.16035e-08
-0.15 5.47567e-08
-0.148 4.86513e-08
-0.146 4.32095e-08
-0.144 3.8361e-08
-0.142 3.40429e-08
-0.14 3.01988e-08
-0.138 2.67781e-08
-0.136 2.37353e-08
-0.134 2.10299e-08
-0.132 1.86254e-08
-0.13 1.64892e-08
-0.128 1.45922e-08
-0.126 1.29083e-08
-0.124 1.14141e-08
-0.122 1.00888e-08
-0.12 8.91389e-09
-0.118 7.87262e-09
-0.116 6.95021e-09
-0.114 6.13342e-09
-0.112 5.41046e-09
-0.11 4.7708e-09
-0.108 4.20509e-09
-0.106 3.70497e-09
-0.104 3.26303e-09
-0.102 2.87266e-09
-0.1 2.52798e-09
-0.098 2.22376e-09
-0.096 1.95538e-09
-0.094 1.71869e-09
-0.092 1.51005e-09
-0.09 1.32621e-09
-0.088 1.16429e-09
-0.086 1.02172e-09
-0.084 8.96253e-10
-0.082 7.85886e-10
-0.08 6.88832e-10
-0.078 6.03518e-10
-0.076 5.2856e-10
-0.074 4.62731e-10
-0.072 4.04935e-10
-0.07 3.54221e-10
-0.068 3.09737e-10
-0.066 2.70727e-10
-0.064 2.36537e-10
-0.062 2.06587e-10
-0.06 1.80355e-10
-0.058 1.57395e-10
-0.056 1.37302e-10
-0.054 1.19736e-10
-0.052 1.04373e-10
-0.05 9.09517e-11
-0.048 7.92243e-11
-0.046 6.89921e-11
-0.044 6.00531e-11
-0.042 5.2271e-11
-0.04 4.54777e-11
-0.038 3.95701e-11
-0.036 3.44195e-11
-0.034 2.99424e-11
-0.032 2.60537e-11
-0.03 2.26729e-11
-0.028 1.97497e-11
-0.026 1.72157e-11
-0.024 1.50289e-11
-0.022 1.31464e-11
-0.02 1.15271e-11
-0.018 1.01513e-11
-0.016 8.98148e-12
-0.014 7.99806e-12
-0.012 7.18513e-12
-0.01 6.5155e-12
-0.008 5.99255e-12
-0.006 5.59053e-12
-0.004 5.31383e-12
-0.002 5.14459e-12
0 5.09503e-12
0.002 5.14453e-12
0.004 5.31438e-12
0.006 5.58947e-12
0.008 5.9943e-12
0.01 6.51281e-12
0.012 7.18281e-12
0.014 7.99578e-12
0.016 8.98138e-12
0.018 1.01516e-11
0.02 1.153e-11
0.022 1.31442e-11
0.024 1.50273e-11
0.026 1.72151e-11
0.028 1.97463e-11
0.03 2.26738e-11
0.032 2.60543e-11
0.034 2.99422e-11
0.036 3.44164e-11
0.038 3.95658e-11
0.04 4.54789e-11
0.042 5.22705e-11
0.044 6.00575e-11
0.046 6.89921e-11
0.048 7.92251e-11
0.05 9.09503e-11
0.052 1.04373e-10
0.054 1.19734e-10
0.056 1.37309e-10
0.058 1.57394e-10
0.06 1.80356e-10
0.062 2.06584e-10
0.064 2.36538e-10
0.066 2.70724e-10
0.068 3.09735e-10
0.07 3.54219e-10
0.072 4.04932e-10
0.074 4.62734e-10
0.076 5.28563e-10
0.078 6.03517e-10
0.08 6.88829e-10
0.082 7.85884e-10
0.084 8.96255e-10
0.086 1.02172e-09
0.088 1.16428e-09
0.09 1.32621e-09
0.092 1.51005e-09
0.094 1.71869e-09
0.096 1.95537e-09
0.098 2.22376e-09
0.1 2.52797e-09
0.102 2.87266e-09
0.104 3.26304e-09
0.106 3.70497e-09
0.108 4.20509e-09
0.11 4.7708e-09
0.112 5.41046e-09
0.114 6.13342e-09
0.116 6.95021e-09
0.118 7.87262e-09
0.12 8.91388e-09
0.122 1.00888e-08
0.124 1.14141e-08
0.126 1.29083e-08
0.128 1.45922e-08
0.13 1.64892e-08
0.132 1.86254e-08
0.134 2.10299e-08
0.136 2.37353e-08
0.138 2.67781e-08
0.14 3.01988e-08
0.142 3.40429e-08
0.144 3.8361e-08
0.146 4.32095e-08
0.148 4.86513e-08
0.15 5.47567e-08
0.152 6.16035e-08
0.154 6.92787e-08
0.156 7.7879e-08
0.158 8.7512e-08
0.16 9.82972e-08
0.162 1.10367e-07
0.164 1.2387e-07
0.166 1.38969e-07
0.168 1.55847e-07
0.17 1.74704e-07
0.172 1.95764e-07
0.174 2.19276e-07
0.176 2.45513e-07
0.178 2.7478e-07
0.18 3.07412e-07
0.182 3.43783e-07
0.184 3.84302e-07
0.186 4.29426e-07
0.188 4.79655e-07
0.19 5.35546e-07
0.192 5.97711e-07
0.194 6.66824e-07
0.196 7.43632e-07
0.198 8.28955e-07
0.2 9.23698e-07
0.202 1.02886e-06
0.204 1.14553e-06
0.206 1.27493e-06
0.208 1.41837e-06
0.21 1.57732e-06
0.212 1.75338e-06
0.214 1.94832e-06
0.216 2.16406e-06
0.218 2.40273e-06
0.22 2.66666e-06
0.222 2.95839e-06
0.224 3.28073e-06
0.226 3.63673e-06
0.228 4.02975e-06
0.23 4.46346e-06
0.232 4.94187e-06
0.234 5.46937e-06
0.236 6.05075e-06
0.238 6.69126e-06
0.24 7.39661e-06
0.242 8.17305e-06
0.244 9.02738e-06
0.246 9.96702e-06
0.248 1.10001e-05
0.25 1.21353e-05
0.252 1.33824e-05
0.254 1.47517e-05
0.256 1.62547e-05
0.258 1.79036e-05
0.26 1.97118e-05
0.262 2.16941e-05
0.264 2.38661e-05
0.266 2.62451e-05
0.268 2.88497e-05
0.27 3.17e-05
0.272 3.48181e-05
0.274 3.82276e-05
0.276 4.19542e-05
0.278 4.60256e-05
0.28 5.04719e-05
0.282 5.53257e-05
0.284 6.06219e-05
0.286 6.63986e-05
0.288 7.26967e-05
0.29 7.95604e-05
0.292 8.70372e-05
0.294 9.51787e-05
0.296 0.00010404
0.298 0.000113681
0.3 0.000124165
0.302 0.000135563
0.304 0.000147947
0.306 0.000161398
0.308 0.000176002
0.31 0.00019185
0.312 0.000209042
0.314 0.000227683
0.316 0.000247887
0.318 0.000269776
0.32 0.000293481
0.322 0.000319141
0.324 0.000346906
0.326 0.000376935
0.328 0.0004094
0.33 0.000444484
0.332 0.00048238
0.334 0.000523299
0.336 0.000567461
0.338 0.000615105
0.34 0.000666481
0.342 0.000721861
0.344 0.000781529
0.346 0.000845791
0.348 0.000914971
0.35 0.000989413
0.352 0.00106948
0.354 0.00115557
0.356 0.00124809
0.358 0.00134748
0.36 0.0014542
0.362 0.00156875
0.364 0.00169164
0.366 0.00182342
0.368 0.00196469
0.37 0.00211606
0.372 0.00227818
0.374 0.00245173
0.376 0.00263746
0.378 0.00283612
0.38 0.00304852
0.382 0.00327552
0.384 0.00351801
0.386 0.00377694
0.388 0.00405332
0.39 0.00434817
0.392 0.00466261
0.394 0.00499779
0.396 0.00535492
0.398 0.00573527
0.4 0.00614019
0.402 0.00657106
0.404 0.00702935
0.406 0.00751661
0.408 0.00803442
0.41 0.00858447
0.412 0.00916851
0.414 0.00978837
0.416 0.010446
0.418 0.0111433
0.42 0.0118824
0.422 0.0126654
0.424 0.0134947
0.426 0.0143725
0.428 0.0153012
0.43 0.0162835
0.432 0.0173219
0.434 0.0184192
0.436 0.0195782
0.438 0.0208017
0.44 0.0220929
0.442 0.0234548
0.444 0.0248907
0.446 0.026404
0.448 0.027998
0.45 0.0296765
0.452 0.0314429
0.454 0.0333012
0.456 0.0352552
0.458 0.037309
0.46 0.0394666
0.462 0.0417322
0.464 0.0441103
0.466 0.0466053
0.468 0.0492217
0.47 0.0519642
0.472 0.0548375
0.474 0.0578466
0.476 0.0609964
0.478 0.0642919
0.48 0.0677385
0.482 0.0713412
0.484 0.0751055
0.486 0.0790368
0.488 0.0831407
0.49 0.0874226
0.492 0.0918883
0.494 0.0965435
0.496 0.101394
0.498 0.106446
0.5 0.111704
0.502 0.117176
0.504 0.122866
0.506 0.128781
0.508 0.134927
0.51 0.14131
0.512 0.147935
0.514 0.154809
0.516 0.161938
0.518 0.169327
0.52 0.176983
0.522 0.184911
0.524 0.193117
0.526 0.201606
0.528 0.210384
0.53 0.219456
0.532 0.228829
0.534 0.238506
0.536 0.248493
0.538 0.258794
0.54 0.269415
0.542 0.28036
0.544 0.291632
0.546 0.303237
0.548 0.315177
0.55 0.327456
0.552 0.340078
0.554 0.353044
0.556 0.366359
0.558 0.380024
0.56 0.394041
0.562 0.408411
0.564 0.423136
0.566 0.438217
0.568 0.453654
0.57 0.469446
0.572 0.485595
0.574 0.502097
0.576 0.518953
0.578 0.536161
0.58 0.553717
0.582 0.57162
0.584 0.589865
0.586 0.60845
0.588 0.627369
0.59 0.646617
0.592 0.666189
0.594 0.68608
0.596 0.706282
0.598 0.726788
0.6 0.74759
0.602 0.76868
0.604 0.790048
0.606 0.811686
0.608 0.833584
0.61 0.855729
0.612 0.878112
0.614 0.90072
0.616 0.92354
0.618 0.94656
0.62 0.969765
0.622 0.993143
0.624 1.01668
0.626 1.04035
0.628 1.06415
0.63 1.08806
0.632 1.11207
0.634 1.13614
0.636 1.16028
0.638 1.18445
0.64 1.20864
0.642 1.23284
0.644 1.25701
0.646 1.28115
0.648 1.30523
0.65 1.32923
0.652 1.35313
0.654 1.37691
0.656 1.40054
0.658 1.42401
0.66 1.4473
0.662 1.47038
0.664 1.49323
0.666 1.51582
0.668 1.53815
0.67 1.56018
0.672 1.58189
0.674 1.60326
0.676 1.62427
0.678 1.6449
0.68 1.66512
0.682 1.68492
0.684 1.70427
0.686 1.72316
0.688 1.74156
0.69 1.75945
0.692 1.77681
0.694 1.79363
0.696 1.80988
0.698 1.82555
0.7 1.84061
0.702 1.85506
0.704 1.86888
0.706 1.88205
0.708 1.89455
0.71 1.90637
0.712 1.91749
0.714 1.92792
0.716 1.93762
0.718 1.94659
0.72 1.95482
0.722 1.9623
0.724 1.96903
0.726 1.97498
0.728 1.98016
0.73 1.98456
0.732 1.98818
0.734 1.99101
0.736 1.99304
0.738 1.99427
0.74 1.99471
0.742 1.99435
0.744 1.9932
0.746 1.99125
0.748 1.9885
0.75 1.98496
0.752 1.98064
0.754 1.97554
0.756 1.96966
0.758 1.96302
0.76 1.95561
0.762 1.94745
0.764 1.93856
0.766 1.92893
0.768 1.91858
0.77 1.90752
0.772 1.89577
0.774 1.88334
0.776 1.87024
0.778 1.85649
0.78 1.84211
0.782 1.8271
0.784 1.81149
0.786 1.7953
0.788 1.77854
0.79 1.76124
0.792 1.7434
0.794 1.72506
0.796 1.70623
0.798 1.68692
0.8 1.66717
0.802 1.647
0.804 1.62641
0.806 1.60544
0.808 1.58411
0.81 1.56244
0.812 1.54045
0.814 1.51816
0.816 1.4956
0.818 1.47279
0.82 1.44974
0.822 1.42649
0.824 1.40305
0.826 1.37944
0.828 1.35569
0.83 1.33182
0.832 1.30784
0.834 1.28379
0.836 1.25968
0.838 1.23553
0.84 1.21136
0.842 1.18719
0.844 1.16304
0.846 1.13893
0.848 1.11488
0.85 1.09091
0.852 1.06703
0.854 1.04325
0.856 1.01961
0.858 0.996109
0.86 0.972767
0.862 0.9496
0.864 0.926621
0.866 0.903845
0.868 0.881285
0.87 0.858954
0.872 0.836865
0.874 0.815029
0.876 0.793458
0.878 0.772162
0.88 0.751151
0.882 0.730435
0.884 0.710023
0.886 0.689923
0.888 0.670144
0.89 0.650692
0.892 0.631574
0.894 0.612796
0.896 0.594365
0.898 0.576286
0.9 0.558563
0.902 0.5412
0.904 0.524202
0.906 0.507571
0.908 0.491311
0.91 0.475424
0.912 0.459912
0.914 0.444777
0.916 0.43002
0.918 0.415642
0.92 0.401644
0.922 0.388025
0.924 0.374787
0.926 0.361927
0.928 0.349447
0.93 0.337344
0.932 0.325618
0.934 0.314268
0.936 0.303292
0.938 0.292688
0.94 0.282454
0.942 0.272588
0.944 0.263089
0.946 0.253954
0.948 0.24518
0.95 0.236765
0.952 0.228707
0.954 0.221003
0.956 0.21365
0.958 0.206647
0.96 0.199989
0.962 0.193676
0.964 0.187704
0.966 0.18207
0.968 0.176773
0.97 0.17181
0.972 0.167179
0.974 0.162877
0.976 0.158903
0.978 0.155255
0.98 0.15193
0.982 0.148927
0.984 0.146245
0.986 0.143881
0.988 0.141835
0.99 0.140106
0.992 0.138693
0.994 0.137595
0.996 0.13681
0.998 0.13634
