-1 3.98942
-0.998 3.98862
-0.996 3.98623
-0.994 3.98225
-0.992 3.97668
-0.99 3.96952
-0.988 3.9608
-0.986 3.95052
-0.984 3.93868
-0.982 3.92531
-0.98 3.91043
-0.978 3.89404
-0.976 3.87616
-0.974 3.85683
-0.972 3.83606
-0.97 3.81388
-0.968 3.7903
-0.966 3.76537
-0.964 3.7391
-0.962 3.71154
-0.96 3.6827
-0.958 3.65263
-0.956 3.62135
-0.954 3.5889
-0.952 3.55532
-0.95 3.52065
-0.948 3.48492
-0.946 3.44818
-0.944 3.41046
-0.942 3.3718
-0.94 3.33224
-0.938 3.29184
-0.936 3.25062
-0.934 3.20864
-0.932 3.16593
-0.93 3.12254
-0.928 3.07851
-0.926 3.03389
-0.924 2.98872
-0.922 2.94305
-0.92 2.89692
-0.918 2.85036
-0.916 2.80344
-0.914 2.75618
-0.912 2.70864
-0.91 2.66085
-0.908 2.61286
-0.906 2.56471
-0.904 2.51644
-0.902 2.46809
-0.9 2.41971
-0.898 2.37132
-0.896 2.32297
-0.894 2.2747
-0.892 2.22654
-0.89 2.17852
-0.888 2.13069
-0.886 2.08308
-0.884 2.03571
-0.882 1.98863
-0.88 1.94186
-0.878 1.89543
-0.876 1.84937
-0.874 1.80371
-0.872 1.75847
-0.87 1.71369
-0.868 1.66937
-0.866 1.62555
-0.864 1.58225
-0.862 1.53948
-0.86 1.49728
-0.858 1.45564
-0.856 1.4146
-0.854 1.37417
-0.852 1.33435
-0.85 1.29518
-0.848 1.25665
-0.846 1.21878
-0.844 1.18157
-0.842 1.14505
-0.84 1.10921
-0.838 1.07406
-0.836 1.03961
-0.834 1.00586
-0.832 0.972824
-0.83 0.940492
-0.828 0.908871
-0.826 0.877962
-0.824 0.847765
-0.822 0.818279
-0.82 0.789502
-0.818 0.761434
-0.816 0.734069
-0.814 0.707405
-0.812 0.681437
-0.81 0.656159
-0.808 0.631566
-0.806 0.607653
-0.804 0.58441
-0.802 0.561832
-0.8 0.53991
-0.798 0.518637
-0.796 0.498002
-0.794 0.477997
-0.792 0.458612
-0.79 0.439837
-0.788 0.421662
-0.786 0.404076
-0.784 0.387069
-0.782 0.37063
-0.78 0.354747
-0.778 0.339408
-0.776 0.324603
-0.774 0.31032
-0.772 0.296546
-0.77 0.283271
-0.768 0.270482
-0.766 0.258166
-0.764 0.246313
-0.762 0.23491
-0.76 0.223946
-0.758 0.213408
-0.756 0.203284
-0.754 0.193563
-0.752 0.184234
-0.75 0.175283
-0.748 0.166701
-0.746 0.158476
-0.744 0.150597
-0.742 0.143051
-0.74 0.13583
-0.738 0.128922
-0.736 0.122316
-0.734 0.116002
-0.732 0.10997
-0.73 0.10421
-0.728 0.0987119
-0.726 0.0934667
-0.724 0.0884648
-0.722 0.0836972
-0.72 0.0791548
-0.718 0.074829
-0.716 0.0707113
-0.714 0.0667935
-0.712 0.0630675
-0.71 0.0595255
-0.708 0.05616
-0.706 0.0529636
-0.704 0.0499292
-0.702 0.0470498
-0.7 0.0443187
-0.698 0.0417294
-0.696 0.0392757
-0.694 0.0369515
-0.692 0.0347509
-0.69 0.0326683
-0.688 0.0306983
-0.686 0.0288355
-0.684 0.0270749
-0.682 0.0254116
-0.68 0.023841
-0.678 0.0223585
-0.676 0.0209598
-0.674 0.0196408
-0.672 0.0183974
-0.67 0.0172258
-0.668 0.0161224
-0.666 0.0150836
-0.664 0.0141061
-0.662 0.0131867
-0.66 0.0123223
-0.658 0.0115099
-0.656 0.0107468
-0.654 0.0100303
-0.652 0.00935777
-0.65 0.00872688
-0.648 0.00813526
-0.646 0.00758072
-0.644 0.00706115
-0.642 0.00657456
-0.64 0.00611906
-0.638 0.00569283
-0.636 0.00529418
-0.634 0.00492147
-0.632 0.00457318
-0.63 0.00424783
-0.628 0.00394405
-0.626 0.00366053
-0.624 0.00339603
-0.622 0.00314939
-0.62 0.00291949
-0.618 0.00270529
-0.616 0.0025058
-0.614 0.0023201
-0.612 0.00214729
-0.61 0.00198657
-0.608 0.00183714
-0.606 0.00169827
-0.604 0.00156927
-0.602 0.00144949
-0.6 0.00133831
-0.598 0.00123517
-0.596 0.00113952
-0.594 0.00105086
-0.592 0.00096871
-0.59 0.000892624
-0.588 0.000822185
-0.586 0.000757001
-0.584 0.000696707
-0.582 0.000640959
-0.58 0.000589436
-0.578 0.000541837
-0.576 0.000497883
-0.574 0.000457312
-0.572 0.000419879
-0.57 0.000385355
-0.568 0.000353529
-0.566 0.000324202
-0.564 0.000297188
-0.562 0.000272317
-0.56 0.000249427
-0.558 0.00022837
-0.556 0.000209007
-0.554 0.000191209
-0.552 0.000174857
-0.55 0.000159839
-0.548 0.000146053
-0.546 0.000133402
-0.544 0.000121798
-0.542 0.00011116
-0.54 0.00010141
-0.538 9.24777e-05
-0.536 8.42988e-05
-0.534 7.68125e-05
-0.532 6.99631e-05
-0.53 6.36989e-05
-0.528 5.79724e-05
-0.526 5.27397e-05
-0.524 4.796e-05
-0.522 4.35961e-05
-0.52 3.96134e-05
-0.518 3.59802e-05
-0.516 3.26671e-05
-0.514 2.96472e-05
-0.512 2.68958e-05
-0.51 2.43899e-05
-0.508 2.21086e-05
-0.506 2.00328e-05
-0.504 1.81445e-05
-0.502 1.64277e-05
-0.5 1.48674e-05
-0.498 1.34499e-05
-0.496 1.21626e-05
-0.494 1.09942e-05
-0.492 9.93406e-06
-0.49 8.97255e-06
-0.488 8.10086e-06
-0.486 7.31092e-06
-0.484 6.59538e-06
-0.482 5.94749e-06
-0.48 5.3611e-06
-0.478 4.8306e-06
-0.476 4.35085e-06
-0.474 3.91717e-06
-0.472 3.52532e-06
-0.47 3.17139e-06
-0.468 2.85186e-06
-0.466 2.56349e-06
-0.464 2.30336e-06
-0.462 2.0688e-06
-0.46 1.85739e-06
-0.458 1.66691e-06
-0.456 1.49537e-06
-0.454 1.34094e-06
-0.452 1.20198e-06
-0.45 1.07699e-06
-0.448 9.64613e-07
-0.446 8.63615e-07
-0.444 7.72883e-07
-0.442 6.91406e-07
-0.44 6.18271e-07
-0.438 5.52651e-07
-0.436 4.93799e-07
-0.434 4.41037e-07
-0.432 3.93755e-07
-0.43 3.51401e-07
-0.428 3.13478e-07
-0.426 2.79535e-07
-0.424 2.49168e-07
-0.422 2.22011e-07
-0.42 1.97735e-07
-0.418 1.76043e-07
-0.416 1.56668e-07
-0.414 1.3937e-07
-0.412 1.23931e-07
-0.41 1.10159e-07
-0.408 9.78787e-08
-0.406 8.69323e-08
-0.404 7.71792e-08
-0.402 6.84929e-08
-0.4 6.07599e-08
-0.398 5.38784e-08
-0.396 4.77572e-08
-0.394 4.23145e-08
-0.392 3.74771e-08
-0.39 3.31794e-08
-0.388 2.93629e-08
-0.386 2.59749e-08
-0.384 2.29687e-08
-0.382 2.03022e-08
-0.38 1.79382e-08
-0.378 1.58431e-08
-0.376 1.3987e-08
-0.374 1.23435e-08
-0.372 1.08888e-08
-0.37 9.60161e-09
-0.368 8.46324e-09
-0.366 7.45684e-09
-0.364 6.56749e-09
-0.362 5.7819e-09
-0.36 5.08824e-09
-0.358 4.47601e-09
-0.356 3.93587e-09
-0.354 3.45953e-09
-0.352 3.03962e-09
-0.35 2.66961e-09
-0.348 2.34371e-09
-0.346 2.05677e-09
-0.344 1.80423e-09
-0.342 1.58207e-09
-0.34 1.38671e-09
-0.338 1.21499e-09
-0.336 1.06411e-09
-0.334 9.31588e-10
-0.332 8.15247e-10
-0.33 7.13148e-10
-0.328 6.2359e-10
-0.326 5.45059e-10
-0.324 4.76225e-10
-0.322 4.15922e-10
-0.32 3.63103e-10
-0.318 3.16871e-10
-0.316 2.76412e-10
-0.314 2.41026e-10
-0.312 2.10083e-10
-0.31 1.83042e-10
-0.308 1.59413e-10
-0.306 1.38778e-10
-0.304 1.20773e-10
-0.302 1.05055e-10
-0.3 9.13505e-11
-0.298 7.94029e-11
-0.296 6.8985e-11
-0.294 5.99165e-11
-0.292 5.20113e-11
-0.29 4.51377e-11
-0.288 3.91561e-11
-0.286 3.39514e-11
-0.284 2.94286e-11
-0.282 2.54967e-11
-0.28 2.20855e-11
-0.278 1.91151e-11
-0.276 1.65453e-11
-0.274 1.43109e-11
-0.272 1.2376e-11
-0.27 1.06963e-11
-0.268 9.24276e-12
-0.266 7.98112e-12
-0.264 6.8915e-12
-0.262 5.94428e-12
-0.26 5.13033e-12
-0.258 4.42355e-12
-0.256 3.81186e-12
-0.254 3.28763e-12
-0.252 2.82911e-12
-0.25 2.43531e-12
-0.248 2.09713e-12
-0.246 1.80274e-12
-0.244 1.5517e-12
-0.242 1.33043e-12
-0.24 1.14741e-12
-0.238 9.81927e-13
-0.236 8.45265e-13
-0.234 7.25261e-13
-0.232 6.23482e-13
-0.23 5.35688e-13
-0.228 4.57903e-13
-0.226 3.91986e-13
-0.224 3.37415e-13
-0.222 2.83184e-13
-0.22 2.47373e-13
-0.218 2.12183e-13
-0.216 1.81732e-13
-0.214 1.56739e-13
-0.212 1.31281e-13
-0.21 1.11584e-13
-0.208 9.8398e-14
-0.206 8.21851e-14
-0.204 7.1918e-14
-0.202 5.88794e-14
-0.2 5.0953e-14
-0.198 4.51316e-14
-0.196 3.56591e-14
-0.194 3.34257e-14
-0.192 2.89617e-14
-0.19 2.36696e-14
-0.188 1.87051e-14
-0.186 1.63903e-14
-0.184 1.62037e-14
-0.182 1.62814e-14
-0.18 9.58935e-15
-0.178 1.44649e-14
-0.176 6.37926e-15
-0.174 7.07864e-15
-0.172 6.4374e-15
-0.17 6.42262e-15
-0.168 3.11418e-15
-0.166 5.1419e-15
-0.164 5.12725e-15
-0.162 1.33752e-15
-0.16 4.22656e-15
-0.158 2.46336e-15
-0.156 3.08412e-15
-0.154 4.06441e-15
-0.152 6.21842e-15
-0.15 2.21654e-16
-0.148 2.13048e-15
-0.146 9.89815e-16
-0.144 4.61587e-15
-0.142 3.13687e-15
-0.14 3.94403e-15
-0.138 1.04464e-15
-0.136 1.89238e-15
-0.134 5.50283e-16
-0.132 2.64388e-15
-0.13 4.74311e-16
-0.128 3.15335e-15
-0.126 4.90115e-15
-0.124 -5.84514e-16
-0.122 1.41154e-15
-0.12 -3.32448e-15
-0.118 2.05434e-15
-0.116 -7.75295e-16
-0.114 -1.19057e-15
-0.112 2.70152e-15
-0.11 2.04912e-15
-0.108 2.34776e-15
-0.106 -1.09089e-15
-0.104 1.3717e-15
-0.102 1.12916e-15
-0.1 2.72339e-15
-0.098 3.66861e-15
-0.096 1.24375e-15
-0.094 3.26301e-15
-0.092 -2.23188e-15
-0.09 2.7669e-15
-0.088 1.93666e-15
-0.086 -1.357e-15
-0.084 1.29445e-16
-0.082 3.39733e-15
-0.08 -1.01495e-15
-0.078 -1.35068e-15
-0.076 1.39575e-15
-0.074 -3.91173e-16
-0.072 2.50711e-15
-0.07 1.7723e-15
-0.068 -2.65179e-16
-0.066 -1.90548e-16
-0.064 2.06089e-15
-0.062 -1.46923e-15
-0.06 1.26959e-15
-0.058 -3.78129e-17
-0.056 1.11642e-15
-0.054 -6.57569e-16
-0.052 -3.26958e-16
-0.05 1.53802e-16
-0.048 3.40556e-15
-0.046 2.82422e-15
-0.044 1.41897e-15
-0.042 -2.35399e-15
-0.04 2.03384e-15
-0.038 1.41817e-15
-0.036 8.27026e-16
-0.034 -1.73192e-15
-0.032 2.98297e-15
-0.03 7.84974e-17
-0.028 3.90648e-15
-0.026 5.29361e-16
-0.024 1.59023e-15
-0.022 6.34263e-16
-0.02 3.02764e-15
-0.018 -1.54179e-15
-0.016 -1.41275e-16
-0.014 1.02778e-15
-0.012 -1.90673e-15
-0.01 3.76411e-15
-0.008 -4.83398e-16
-0.006 -8.15825e-16
-0.004 -2.11471e-16
-0.002 2.93671e-15
0 -4.87598e-16
0.002 1.23432e-15
0.004 -2.20409e-15
0.006 2.92801e-15
0.008 1.99549e-15
0.01 5.3609e-16
0.012 6.15378e-16
0.014 3.23062e-16
0.016 -2.73418e-15
0.018 2.01324e-15
0.02 -3.43874e-15
0.022 2.51717e-16
0.024 2.71244e-15
0.026 1.85105e-15
0.028 1.92278e-15
0.03 1.84064e-15
0.032 2.46684e-15
0.034 -1.20353e-15
0.036 1.0835e-16
0.038 1.21808e-15
0.04 -3.52611e-17
0.042 1.50255e-15
0.044 -1.83403e-15
0.046 1.3093e-15
0.048 -1.80483e-15
0.05 5.57778e-15
0.052 2.74468e-15
0.054 1.63526e-15
0.056 -3.42391e-16
0.058 9.43551e-16
0.06 4.8131e-16
0.062 2.54429e-15
0.064 -1.97027e-16
0.066 -4.12049e-16
0.068 -8.34478e-16
0.07 -3.81889e-17
0.072 -9.27609e-16
0.074 -2.06256e-15
0.076 -1.50408e-15
0.078 -2.08822e-16
0.08 1.60338e-15
0.082 -4.5928e-16
0.084 -7.01567e-16
0.086 1.14034e-16
0.088 1.91129e-15
0.09 -1.75392e-15
0.092 2.73758e-15
0.094 -7.39327e-16
0.096 1.43288e-15
0.098 7.54695e-16
0.1 2.72997e-15
0.102 5.05487e-16
0.104 1.0581e-15
0.106 -2.88975e-16
0.108 -1.51415e-15
0.11 -1.4072e-15
0.112 3.55122e-15
0.114 -1.59992e-16
0.116 -2.42186e-15
0.118 -1.95962e-16
0.12 -1.99336e-15
0.122 1.04096e-15
0.124 5.35092e-16
0.126 3.96884e-15
0.128 -3.4089e-16
0.13 1.11607e-15
0.132 1.63e-15
0.134 -2.48124e-15
0.136 -2.37589e-15
0.138 -1.37865e-15
0.14 1.86031e-15
0.142 -6.37456e-18
0.144 -2.01278e-15
0.146 2.3804e-15
0.148 4.44674e-16
0.15 -3.89321e-17
0.152 1.69715e-15
0.154 1.13221e-15
0.156 1.21677e-15
0.158 3.8953e-16
0.16 3.33015e-15
0.162 1.44444e-15
0.164 3.0138e-15
0.166 5.84867e-15
0.168 3.58707e-15
0.17 3.9381e-15
0.172 8.00575e-16
0.174 8.81127e-15
0.176 6.94265e-15
0.178 1.12361e-14
0.18 1.10067e-14
0.182 7.09614e-15
0.184 1.55069e-14
0.186 1.4617e-14
0.188 1.72831e-14
0.19 2.13503e-14
0.192 2.8205e-14
0.194 2.99751e-14
0.196 3.85904e-14
0.198 4.24838e-14
0.2 5.26445e-14
0.202 5.61314e-14
0.204 6.77601e-14
0.206 8.19771e-14
0.208 9.38687e-14
0.21 1.11634e-13
0.212 1.31355e-13
0.214 1.50331e-13
0.216 1.79121e-13
0.218 2.06798e-13
0.22 2.45761e-13
0.222 2.83945e-13
0.224 3.34171e-13
0.226 3.90737e-13
0.228 4.58601e-13
0.23 5.33361e-13
0.232 6.22209e-13
0.234 7.21876e-13
0.236 8.4623e-13
0.238 9.81508e-13
0.24 1.14601e-12
0.242 1.32799e-12
0.244 1.55248e-12
0.246 1.79928e-12
0.248 2.09232e-12
0.25 2.43463e-12
0.252 2.82654e-12
0.254 3.28746e-12
0.256 3.8088e-12
0.258 4.42391e-12
0.26 5.12769e-12
0.262 5.94816e-12
0.264 6.88747e-12
0.266 7.97836e-12
0.268 9.23862e-12
0.27 1.06924e-11
0.272 1.23713e-11
0.274 1.43069e-11
0.276 1.65431e-11
0.278 1.91155e-11
0.28 2.20841e-11
0.282 2.54945e-11
0.284 2.94265e-11
0.286 3.39427e-11
0.288 3.91539e-11
0.29 4.51334e-11
0.292 5.20112e-11
0.294 5.99161e-11
0.296 6.89839e-11
0.298 7.93999e-11
0.3 9.1347e-11
0.302 1.05054e-10
0.304 1.20769e-10
0.306 1.38773e-10
0.308 1.59409e-10
0.31 1.83036e-10
0.312 2.10078e-10
0.314 2.41023e-10
0.316 2.76413e-10
0.318 3.16865e-10
0.32 3.63104e-10
0.322 4.15917e-10
0.324 4.76225e-10
0.326 5.45052e-10
0.328 6.23586e-10
0.33 7.13148e-10
0.332 8.15242e-10
0.334 9.31584e-10
0.336 1.0641e-09
0.338 1.21499e-09
0.34 1.38671e-09
0.342 1.58207e-09
0.344 1.80422e-09
0.346 2.05676e-09
0.348 2.3437e-09
0.35 2.66961e-09
0.352 3.03962e-09
0.354 3.45953e-09
0.356 3.93587e-09
0.358 4.47601e-09
0.36 5.08824e-09
0.362 5.78189e-09
0.364 6.56749e-09
0.366 7.45684e-09
0.368 8.46323e-09
0.37 9.60161e-09
0.372 1.08888e-08
0.374 1.23435e-08
0.376 1.3987e-08
0.378 1.5843e-08
0.38 1.79382e-08
0.382 2.03022e-08
0.384 2.29687e-08
0.386 2.59749e-08
0.388 2.93629e-08
0.39 3.31794e-08
0.392 3.74771e-08
0.394 4.23145e-08
0.396 4.77572e-08
0.398 5.38784e-08
0.4 6.07599e-08
0.402 6.84929e-08
0.404 7.71792e-08
0.406 8.69323e-08
0.408 9.78787e-08
0.41 1.10159e-07
0.412 1.23931e-07
0.414 1.3937e-07
0.416 1.56668e-07
0.418 1.76043e-07
0.42 1.97735e-07
0.422 2.22011e-07
0.424 2.49168e-07
0.426 2.79535e-07
0.428 3.13478e-07
0.43 3.51401e-07
0.432 3.93755e-07
0.434 4.41037e-07
0.436 4.93799e-07
0.438 5.52651e-07
0.44 6.18271e-07
0.442 6.91406e-07
0.444 7.72883e-07
0.446 8.63615e-07
0.448 9.64613e-07
0.45 1.07699e-06
0.452 1.20198e-06
0.454 1.34094e-06
0.456 1.49537e-06
0.458 1.66691e-06
0.46 1.85739e-06
0.462 2.0688e-06
0.464 2.30336e-06
0.466 2.56349e-06
0.468 2.85186e-06
0.47 3.17139e-06
0.472 3.52532e-06
0.474 3.91717e-06
0.476 4.35085e-06
0.478 4.8306e-06
0.48 5.3611e-06
0.482 5.94749e-06
0.484 6.59538e-06
0.486 7.31092e-06
0.488 8.10086e-06
0.49 8.97255e-06
0.492 9.93406e-06
0.494 1.09942e-05
0.496 1.21626e-05
0.498 1.34499e-05
0.5 1.48674e-05
0.502 1.64277e-05
0.504 1.81445e-05
0.506 2.00328e-05
0.508 2.21086e-05
0.51 2.43899e-05
0.512 2.68958e-05
0.514 2.96472e-05
0.516 3.26671e-05
0.518 3.59802e-05
0.52 3.96134e-05
0.522 4.35961e-05
0.524 4.796e-05
0.526 5.27397e-05
0.528 5.79724e-05
0.53 6.36989e-05
0.532 6.99631e-05
0.534 7.68125e-05
0.536 8.42988e-05
0.538 9.24777e-05
0.54 0.00010141
0.542 0.00011116
0.544 0.000121798
0.546 0.000133402
0.548 0.000146053
0.55 0.000159839
0.552 0.000174857
0.554 0.000191209
0.556 0.000209007
0.558 0.00022837
0.56 0.000249427
0.562 0.000272317
0.564 0.000297188
0.566 0.000324202
0.568 0.000353529
0.57 0.000385355
0.572 0.000419879
0.574 0.000457312
0.576 0.000497883
0.578 0.000541837
0.58 0.000589436
0.582 0.000640959
0.584 0.000696707
0.586 0.000757001
0.588 0.000822185
0.59 0.000892624
0.592 0.00096871
0.594 0.00105086
0.596 0.00113952
0.598 0.00123517
0.6 0.00133831
0.602 0.00144949
0.604 0.00156927
0.606 0.00169827
0.608 0.00183714
0.61 0.00198657
0.612 0.00214729
0.614 0.0023201
0.616 0.0025058
0.618 0.00270529
0.62 0.00291949
0.622 0.00314939
0.624 0.00339603
0.626 0.00366053
0.628 0.00394405
0.63 0.00424783
0.632 0.00457318
0.634 0.00492147
0.636 0.00529418
0.638 0.00569283
0.64 0.00611906
0.642 0.00657456
0.644 0.00706115
0.646 0.00758072
0.648 0.00813526
0.65 0.00872688
0.652 0.00935777
0.654 0.0100303
0.656 0.0107468
0.658 0.0115099
0.66 0.0123223
0.662 0.0131867
0.664 0.0141061
0.666 0.0150836
0.668 0.0161224
0.67 0.0172258
0.672 0.0183974
0.674 0.0196408
0.676 0.0209598
0.678 0.0223585
0.68 0.023841
0.682 0.0254116
0.684 0.0270749
0.686 0.0288355
0.688 0.0306983
0.69 0.0326683
0.692 0.0347509
0.694 0.0369515
0.696 0.0392757
0.698 0.0417294
0.7 0.0443187
0.702 0.0470498
0.704 0.0499292
0.706 0.0529636
0.708 0.05616
0.71 0.0595255
0.712 0.0630675
0.714 0.0667935
0.716 0.0707113
0.718 0.074829
0.72 0.0791548
0.722 0.0836972
0.724 0.0884648
0.726 0.0934667
0.728 0.0987119
0.73 0.10421
0.732 0.10997
0.734 0.116002
0.736 0.122316
0.738 0.128922
0.74 0.13583
0.742 0.143051
0.744 0.150597
0.746 0.158476
0.748 0.166701
0.75 0.175283
0.752 0.184234
0.754 0.193563
0.756 0.203284
0.758 0.213408
0.76 0.223946
0.762 0.23491
0.764 0.246313
0.766 0.258166
0.768 0.270482
0.77 0.283271
0.772 0.296546
0.774 0.31032
0.776 0.324603
0.778 0.339408
0.78 0.354747
0.782 0.37063
0.784 0.387069
0.786 0.404076
0.788 0.421662
0.79 0.439837
0.792 0.458612
0.794 0.477997
0.796 0.498002
0.798 0.518637
0.8 0.53991
0.802 0.561832
0.804 0.58441
0.806 0.607653
0.808 0.631566
0.81 0.656159
0.812 0.681437
0.814 0.707405
0.816 0.734069
0.818 0.761434
0.82 0.789502
0.822 0.818279
0.824 0.847765
0.826 0.877962
0.828 0.908871
0.83 0.940492
0.832 0.972824
0.834 1.00586
0.836 1.03961
0.838 1.07406
0.84 1.10921
0.842 1.14505
0.844 1.18157
0.846 1.21878
0.848 1.25665
0.85 1.29518
0.852 1.33435
0.854 1.37417
0.856 1.4146
0.858 1.45564
0.86 1.49728
0.862 1.53948
0.864 1.58225
0.866 1.62555
0.868 1.66937
0.87 1.71369
0.872 1.75847
0.874 1.80371
0.876 1.84937
0.878 1.89543
0.88 1.94186
0.882 1.98863
0.884 2.03571
0.886 2.08308
0.888 2.13069
0.89 2.17852
0.892 2.22654
0.894 2.2747
0.896 2.32297
0.898 2.37132
0.9 2.41971
0.902 2.46809
0.904 2.51644
0.906 2.56471
0.908 2.61286
0.91 2.66085
0.912 2.70864
0.914 2.75618
0.916 2.80344
0.918 2.85036
0.92 2.89692
0.922 2.94305
0.924 2.98872
0.926 3.03389
0.928 3.07851
0.93 3.12254
0.932 3.16593
0.934 3.20864
0.936 3.25062
0.938 3.29184
0.94 3.33224
0.942 3.3718
0.944 3.41046
0.946 3.44818
0.948 3.48492
0.95 3.52065
0.952 3.55532
0.954 3.5889
0.956 3.62135
0.958 3.65263
0.96 3.6827
0.962 3.71154
0.964 3.7391
0.966 3.76537
0.968 3.7903
0.97 3.81388
0.972 3.83606
0.974 3.85683
0.976 3.87616
0.978 3.89404
0.98 3.91043
0.982 3.92531
0.984 3.93868
0.986 3.95052
0.988 3.9608
0.99 3.96952
0.992 3.97668
0.994 3.98225
0.996 3.98623
0.998 3.98862
