-1 3.50278e-16
-0.998 3.554e-16
-0.996 3.70907e-16
-0.994 3.97227e-16
-0.992 4.35086e-16
-0.99 4.85527e-16
-0.988 5.49935e-16
-0.986 6.30075e-16
-0.984 7.28138e-16
-0.982 8.46794e-16
-0.98 9.89262e-16
-0.978 1.15939e-15
-0.976 1.36177e-15
-0.974 1.60182e-15
-0.972 1.88593e-15
-0.97 2.22168e-15
-0.968 2.61792e-15
-0.966 3.08508e-15
-0.964 3.6354e-15
-0.962 4.28322e-15
-0.96 5.04534e-15
-0.958 5.9414e-15
-0.956 6.99443e-15
-0.954 8.2313e-15
-0.952 9.68344e-15
-0.95 1.13876e-14
-0.948 1.33865e-14
-0.946 1.57303e-14
-0.944 1.84773e-14
-0.942 2.16955e-14
-0.94 2.54642e-14
-0.938 2.98757e-14
-0.936 3.50375e-14
-0.934 4.10748e-14
-0.932 4.81331e-14
-0.93 5.63819e-14
-0.928 6.6018e-14
-0.926 7.72701e-14
-0.924 9.04038e-14
-0.922 1.05728e-13
-0.92 1.23599e-13
-0.918 1.44435e-13
-0.916 1.68714e-13
-0.914 1.96997e-13
-0.912 2.29928e-13
-0.91 2.68257e-13
-0.908 3.12851e-13
-0.906 3.64712e-13
-0.904 4.25e-13
-0.902 4.95055e-13
-0.9 5.76427e-13
-0.898 6.70906e-13
-0.896 7.80559e-13
-0.894 9.07769e-13
-0.892 1.05529e-12
-0.89 1.22629e-12
-0.888 1.42444e-12
-0.886 1.65393e-12
-0.884 1.91964e-12
-0.882 2.22714e-12
-0.88 2.58286e-12
-0.878 2.9942e-12
-0.876 3.46966e-12
-0.874 4.01902e-12
-0.872 4.6535e-12
-0.87 5.38598e-12
-0.868 6.23126e-12
-0.866 7.20633e-12
-0.864 8.33064e-12
-0.862 9.6265e-12
-0.86 1.11195e-11
-0.858 1.28389e-11
-0.856 1.48183e-11
-0.854 1.70959e-11
-0.852 1.97158e-11
-0.85 2.27281e-11
-0.848 2.61901e-11
-0.846 3.01674e-11
-0.844 3.47348e-11
-0.842 3.99777e-11
-0.84 4.59936e-11
-0.838 5.28937e-11
-0.836 6.08045e-11
-0.834 6.98705e-11
-0.832 8.02562e-11
-0.83 9.21488e-11
-0.828 1.05761e-10
-0.826 1.21336e-10
-0.824 1.39149e-10
-0.822 1.59513e-10
-0.82 1.82784e-10
-0.818 2.09366e-10
-0.816 2.39719e-10
-0.814 2.74361e-10
-0.812 3.13885e-10
-0.81 3.58959e-10
-0.808 4.1034e-10
-0.806 4.6889e-10
-0.804 5.35578e-10
-0.802 6.11508e-10
-0.8 6.97922e-10
-0.798 7.9623e-10
-0.796 9.08022e-10
-0.794 1.03509e-09
-0.792 1.17948e-09
-0.79 1.34347e-09
-0.788 1.52964e-09
-0.786 1.74092e-09
-0.784 1.98059e-09
-0.782 2.25235e-09
-0.78 2.56038e-09
-0.778 2.90936e-09
-0.776 3.3046e-09
-0.774 3.75202e-09
-0.772 4.25832e-09
-0.77 4.83101e-09
-0.768 5.47852e-09
-0.766 6.21034e-09
-0.764 7.0371e-09
-0.762 7.97073e-09
-0.76 9.02462e-09
-0.758 1.02138e-08
-0.756 1.1555e-08
-0.754 1.30671e-08
-0.752 1.47712e-08
-0.75 1.66908e-08
-0.748 1.88523e-08
-0.746 2.12853e-08
-0.744 2.40227e-08
-0.742 2.71012e-08
-0.74 3.0562e-08
-0.738 3.4451e-08
-0.736 3.88193e-08
-0.734 4.3724e-08
-0.732 4.92288e-08
-0.73 5.54044e-08
-0.728 6.23297e-08
-0.726 7.00927e-08
-0.724 7.8791e-08
-0.722 8.85333e-08
-0.72 9.94404e-08
-0.718 1.11647e-07
-0.716 1.25301e-07
-0.714 1.40569e-07
-0.712 1.57635e-07
-0.71 1.76701e-07
-0.708 1.97995e-07
-0.706 2.21765e-07
-0.704 2.48291e-07
-0.702 2.77877e-07
-0.7 3.10865e-07
-0.698 3.4763e-07
-0.696 3.88588e-07
-0.694 4.34198e-07
-0.692 4.84967e-07
-0.69 5.41455e-07
-0.688 6.04282e-07
-0.686 6.74128e-07
-0.684 7.51748e-07
-0.682 8.37969e-07
-0.68 9.33705e-07
-0.678 1.03996e-06
-0.676 1.15785e-06
-0.674 1.28859e-06
-0.672 1.43351e-06
-0.67 1.59409e-06
-0.668 1.77196e-06
-0.666 1.96888e-06
-0.664 2.18682e-06
-0.662 2.4279e-06
-0.66 2.69448e-06
-0.658 2.98914e-06
-0.656 3.3147e-06
-0.654 3.67424e-06
-0.652 4.07115e-06
-0.65 4.50914e-06
-0.648 4.99225e-06
-0.646 5.52491e-06
-0.644 6.11196e-06
-0.642 6.75868e-06
-0.64 7.47084e-06
-0.638 8.25474e-06
-0.636 9.11724e-06
-0.634 1.00658e-05
-0.632 1.11087e-05
-0.63 1.22547e-05
-0.628 1.35135e-05
-0.626 1.48956e-05
-0.624 1.64126e-05
-0.622 1.80768e-05
-0.62 1.99017e-05
-0.618 2.19022e-05
-0.616 2.40941e-05
-0.614 2.64948e-05
-0.612 2.9123e-05
-0.61 3.19991e-05
-0.608 3.51452e-05
-0.606 3.85852e-05
-0.604 4.23449e-05
-0.602 4.64524e-05
-0.6 5.09379e-05
-0.598 5.58343e-05
-0.596 6.11768e-05
-0.594 6.70037e-05
-0.592 7.33563e-05
-0.59 8.0279e-05
-0.588 8.78199e-05
-0.586 9.60307e-05
-0.584 0.000104967
-0.582 0.000114689
-0.58 0.000125262
-0.578 0.000136755
-0.576 0.000149242
-0.574 0.000162804
-0.572 0.000177528
-0.57 0.000193506
-0.568 0.000210838
-0.566 0.00022963
-0.564 0.000249997
-0.562 0.000272062
-0.56 0.000295955
-0.558 0.000321819
-0.556 0.000349803
-0.554 0.000380068
-0.552 0.000412786
-0.55 0.000448141
-0.548 0.000486331
-0.546 0.000527563
-0.544 0.000572063
-0.542 0.000620068
-0.54 0.000671833
-0.538 0.000727627
-0.536 0.000787741
-0.534 0.00085248
-0.532 0.00092217
-0.53 0.000997158
-0.528 0.00107781
-0.526 0.00116453
-0.524 0.00125771
-0.522 0.00135781
-0.52 0.00146529
-0.518 0.00158065
-0.516 0.0017044
-0.514 0.00183711
-0.512 0.00197936
-0.51 0.00213177
-0.508 0.002295
-0.506 0.00246974
-0.504 0.00265673
-0.502 0.00285672
-0.5 0.00307054
-0.498 0.00329905
-0.496 0.00354315
-0.494 0.00380378
-0.492 0.00408195
-0.49 0.00437871
-0.488 0.00469517
-0.486 0.00503249
-0.484 0.00539189
-0.482 0.00577464
-0.48 0.00618208
-0.478 0.00661563
-0.476 0.00707676
-0.474 0.00756699
-0.472 0.00808795
-0.47 0.00864133
-0.468 0.00922887
-0.466 0.00985241
-0.464 0.0105139
-0.462 0.0112153
-0.46 0.0119587
-0.458 0.0127462
-0.456 0.0135803
-0.454 0.014463
-0.452 0.0153971
-0.45 0.0163849
-0.448 0.017429
-0.446 0.0185324
-0.444 0.0196976
-0.442 0.0209278
-0.44 0.0222259
-0.438 0.0235951
-0.436 0.0250386
-0.434 0.0265598
-0.432 0.0281622
-0.43 0.0298493
-0.428 0.0316248
-0.426 0.0334925
-0.424 0.0354563
-0.422 0.0375203
-0.42 0.0396885
-0.418 0.0419653
-0.416 0.0443549
-0.414 0.0468618
-0.412 0.0494907
-0.41 0.0522461
-0.408 0.0551328
-0.406 0.0581558
-0.404 0.06132
-0.402 0.0646305
-0.4 0.0680925
-0.398 0.0717113
-0.396 0.0754922
-0.394 0.0794407
-0.392 0.0835622
-0.39 0.0878624
-0.388 0.092347
-0.386 0.0970217
-0.384 0.101892
-0.382 0.106964
-0.38 0.112244
-0.378 0.117738
-0.376 0.123451
-0.374 0.129389
-0.372 0.135559
-0.37 0.141966
-0.368 0.148616
-0.366 0.155516
-0.364 0.162671
-0.362 0.170088
-0.36 0.177771
-0.358 0.185727
-0.356 0.193962
-0.354 0.20248
-0.352 0.211289
-0.35 0.220392
-0.348 0.229796
-0.346 0.239505
-0.344 0.249525
-0.342 0.25986
-0.34 0.270515
-0.338 0.281494
-0.336 0.292802
-0.334 0.304442
-0.332 0.316418
-0.33 0.328735
-0.328 0.341394
-0.326 0.354399
-0.324 0.367752
-0.322 0.381456
-0.32 0.395512
-0.318 0.409923
-0.316 0.424689
-0.314 0.439811
-0.312 0.45529
-0.31 0.471125
-0.308 0.487316
-0.306 0.503862
-0.304 0.520762
-0.302 0.538014
-0.3 0.555616
-0.298 0.573565
-0.296 0.591856
-0.294 0.610488
-0.292 0.629455
-0.29 0.648752
-0.288 0.668373
-0.286 0.688314
-0.284 0.708567
-0.282 0.729124
-0.28 0.749979
-0.278 0.771123
-0.276 0.792547
-0.274 0.814242
-0.272 0.836197
-0.27 0.858402
-0.268 0.880845
-0.266 0.903516
-0.264 0.926401
-0.262 0.949487
-0.26 0.972762
-0.258 0.996211
-0.256 1.01982
-0.254 1.04357
-0.252 1.06745
-0.25 1.09145
-0.248 1.11554
-0.246 1.13971
-0.244 1.16394
-0.242 1.18822
-0.24 1.21252
-0.238 1.23683
-0.236 1.26112
-0.234 1.28539
-0.232 1.3096
-0.23 1.33374
-0.228 1.35779
-0.226 1.38173
-0.224 1.40553
-0.222 1.42919
-0.22 1.45266
-0.218 1.47595
-0.216 1.49902
-0.214 1.52185
-0.212 1.54442
-0.21 1.56671
-0.208 1.5887
-0.206 1.61038
-0.204 1.63171
-0.202 1.65268
-0.2 1.67326
-0.198 1.69345
-0.196 1.71321
-0.194 1.73254
-0.192 1.7514
-0.19 1.76979
-0.188 1.78768
-0.186 1.80506
-0.184 1.82192
-0.182 1.83822
-0.18 1.85397
-0.178 1.86914
-0.176 1.88372
-0.174 1.8977
-0.172 1.91106
-0.17 1.92379
-0.168 1.93589
-0.166 1.94734
-0.164 1.95813
-0.162 1.96825
-0.16 1.9777
-0.158 1.98646
-0.156 1.99455
-0.154 2.00194
-0.152 2.00864
-0.15 2.01464
-0.148 2.01994
-0.146 2.02454
-0.144 2.02845
-0.142 2.03166
-0.14 2.03418
-0.138 2.036
-0.136 2.03715
-0.134 2.03761
-0.132 2.0374
-0.13 2.03653
-0.128 2.035
-0.126 2.03283
-0.124 2.03002
-0.122 2.0266
-0.12 2.02256
-0.118 2.01793
-0.116 2.01272
-0.114 2.00695
-0.112 2.00063
-0.11 1.99379
-0.108 1.98643
-0.106 1.97859
-0.104 1.97027
-0.102 1.96151
-0.1 1.95232
-0.098 1.94272
-0.096 1.93274
-0.094 1.92241
-0.092 1.91174
-0.09 1.90076
-0.088 1.88949
-0.086 1.87797
-0.084 1.86621
-0.082 1.85425
-0.08 1.84211
-0.078 1.82981
-0.076 1.81739
-0.074 1.80487
-0.072 1.79227
-0.07 1.77963
-0.068 1.76698
-0.066 1.75433
-0.064 1.74172
-0.062 1.72917
-0.06 1.71671
-0.058 1.70437
-0.056 1.69217
-0.054 1.68014
-0.052 1.6683
-0.05 1.65668
-0.048 1.64531
-0.046 1.6342
-0.044 1.62337
-0.042 1.61286
-0.04 1.60268
-0.038 1.59286
-0.036 1.58341
-0.034 1.57436
-0.032 1.56572
-0.03 1.55751
-0.028 1.54975
-0.026 1.54245
-0.024 1.53563
-0.022 1.5293
-0.02 1.52348
-0.018 1.51818
-0.016 1.51341
-0.014 1.50917
-0.012 1.50548
-0.01 1.50235
-0.008 1.49977
-0.006 1.49777
-0.004 1.49633
-0.002 1.49547
0 1.49518
0.002 1.49547
0.004 1.49633
0.006 1.49777
0.008 1.49977
0.01 1.50235
0.012 1.50548
0.014 1.50917
0.016 1.51341
0.018 1.51818
0.02 1.52348
0.022 1.5293
0.024 1.53563
0.026 1.54245
0.028 1.54975
0.03 1.55751
0.032 1.56572
0.034 1.57436
0.036 1.58341
0.038 1.59286
0.04 1.60268
0.042 1.61286
0.044 1.62337
0.046 1.6342
0.048 1.64531
0.05 1.65668
0.052 1.6683
0.054 1.68014
0.056 1.69217
0.058 1.70437
0.06 1.71671
0.062 1.72917
0.064 1.74172
0.066 1.75433
0.068 1.76698
0.07 1.77963
0.072 1.79227
0.074 1.80487
0.076 1.81739
0.078 1.82981
0.08 1.84211
0.082 1.85425
0.084 1.86621
0.086 1.87797
0.088 1.88949
0.09 1.90076
0.092 1.91174
0.094 1.92241
0.096 1.93274
0.098 1.94272
0.1 1.95232
0.102 1.96151
0.104 1.97027
0.106 1.97859
0.108 1.98643
0.11 1.99379
0.112 2.00063
0.114 2.00695
0.116 2.01272
0.118 2.01793
0.12 2.02256
0.122 2.0266
0.124 2.03002
0.126 2.03283
0.128 2.035
0.13 2.03653
0.132 2.0374
0.134 2.03761
0.136 2.03715
0.138 2.036
0.14 2.03418
0.142 2.03166
0.144 2.02845
0.146 2.02454
0.148 2.01994
0.15 2.01464
0.152 2.00864
0.154 2.00194
0.156 1.99455
0.158 1.98646
0.16 1.9777
0.162 1.96825
0.164 1.95813
0.166 1.94734
0.168 1.93589
0.17 1.92379
0.172 1.91106
0.174 1.8977
0.176 1.88372
0.178 1.86914
0.18 1.85397
0.182 1.83822
0.184 1.82192
0.186 1.80506
0.188 1.78768
0.19 1.76979
0.192 1.7514
0.194 1.73254
0.196 1.71321
0.198 1.69345
0.2 1.67326
0.202 1.65268
0.204 1.63171
0.206 1.61038
0.208 1.5887
0.21 1.56671
0.212 1.54442
0.214 1.52185
0.216 1.49902
0.218 1.47595
0.22 1.45266
0.222 1.42919
0.224 1.40553
0.226 1.38173
0.228 1.35779
0.23 1.33374
0.232 1.3096
0.234 1.28539
0.236 1.26112
0.238 1.23683
0.24 1.21252
0.242 1.18822
0.244 1.16394
0.246 1.13971
0.248 1.11554
0.25 1.09145
0.252 1.06745
0.254 1.04357
0.256 1.01982
0.258 0.996211
0.26 0.972762
0.262 0.949487
0.264 0.926401
0.266 0.903516
0.268 0.880845
0.27 0.858402
0.272 0.836197
0.274 0.814242
0.276 0.792547
0.278 0.771123
0.28 0.749979
0.282 0.729124
0.284 0.708567
0.286 0.688314
0.288 0.668373
0.29 0.648752
0.292 0.629455
0.294 0.610488
0.296 0.591856
0.298 0.573565
0.3 0.555616
0.302 0.538014
0.304 0.520762
0.306 0.503862
0.308 0.487316
0.31 0.471125
0.312 0.45529
0.314 0.439811
0.316 0.424689
0.318 0.409923
0.32 0.395512
0.322 0.381456
0.324 0.367752
0.326 0.354399
0.328 0.341394
0.33 0.328735
0.332 0.316418
0.334 0.304442
0.336 0.292802
0.338 0.281494
0.34 0.270515
0.342 0.25986
0.344 0.249525
0.346 0.239505
0.348 0.229796
0.35 0.220392
0.352 0.211289
0.354 0.20248
0.356 0.193962
0.358 0.185727
0.36 0.177771
0.362 0.170088
0.364 0.162671
0.366 0.155516
0.368 0.148616
0.37 0.141966
0.372 0.135559
0.374 0.129389
0.376 0.123451
0.378 0.117738
0.38 0.112244
0.382 0.106964
0.384 0.101892
0.386 0.0970217
0.388 0.092347
0.39 0.0878624
0.392 0.0835622
0.394 0.0794407
0.396 0.0754922
0.398 0.0717113
0.4 0.0680925
0.402 0.0646305
0.404 0.06132
0.406 0.0581558
0.408 0.0551328
0.41 0.0522461
0.412 0.0494907
0.414 0.0468618
0.416 0.0443549
0.418 0.0419653
0.42 0.0396885
0.422 0.0375203
0.424 0.0354563
0.426 0.0334925
0.428 0.0316248
0.43 0.0298493
0.432 0.0281622
0.434 0.0265598
0.436 0.0250386
0.438 0.0235951
0.44 0.0222259
0.442 0.0209278
0.444 0.0196976
0.446 0.0185324
0.448 0.017429
0.45 0.0163849
0.452 0.0153971
0.454 0.014463
0.456 0.0135803
0.458 0.0127462
0.46 0.0119587
0.462 0.0112153
0.464 0.0105139
0.466 0.00985241
0.468 0.00922887
0.47 0.00864133
0.472 0.00808795
0.474 0.00756699
0.476 0.00707676
0.478 0.00661563
0.48 0.00618208
0.482 0.00577464
0.484 0.00539189
0.486 0.00503249
0.488 0.00469517
0.49 0.00437871
0.492 0.00408195
0.494 0.00380378
0.496 0.00354315
0.498 0.00329905
0.5 0.00307054
0.502 0.00285672
0.504 0.00265673
0.506 0.00246974
0.508 0.002295
0.51 0.00213177
0.512 0.00197936
0.514 0.00183711
0.516 0.0017044
0.518 0.00158065
0.52 0.00146529
0.522 0.00135781
0.524 0.00125771
0.526 0.00116453
0.528 0.00107781
0.53 0.000997158
0.532 0.00092217
0.534 0.00085248
0.536 0.000787741
0.538 0.000727627
0.54 0.000671833
0.542 0.000620068
0.544 0.000572063
0.546 0.000527563
0.548 0.000486331
0.55 0.000448141
0.552 0.000412786
0.554 0.000380068
0.556 0.000349803
0.558 0.000321819
0.56 0.000295955
0.562 0.000272062
0.564 0.000249997
0.566 0.00022963
0.568 0.000210838
0.57 0.000193506
0.572 0.000177528
0.574 0.000162804
0.576 0.000149242
0.578 0.000136755
0.58 0.000125262
0.582 0.000114689
0.584 0.000104967
0.586 9.60307e-05
0.588 8.78199e-05
0.59 8.0279e-05
0.592 7.33563e-05
0.594 6.70037e-05
0.596 6.11768e-05
0.598 5.58343e-05
0.6 5.09379e-05
0.602 4.64524e-05
0.604 4.23449e-05
0.606 3.85852e-05
0.608 3.51452e-05
0.61 3.19991e-05
0.612 2.9123e-05
0.614 2.64948e-05
0.616 2.40941e-05
0.618 2.19022e-05
0.62 1.99017e-05
0.622 1.80768e-05
0.624 1.64126e-05
0.626 1.48956e-05
0.628 1.35135e-05
0.63 1.22547e-05
0.632 1.11087e-05
0.634 1.00658e-05
0.636 9.11724e-06
0.638 8.25474e-06
0.64 7.47084e-06
0.642 6.75868e-06
0.644 6.11196e-06
0.646 5.52491e-06
0.648 4.99225e-06
0.65 4.50914e-06
0.652 4.07115e-06
0.654 3.67424e-06
0.656 3.3147e-06
0.658 2.98914e-06
0.66 2.69448e-06
0.662 2.4279e-06
0.664 2.18682e-06
0.666 1.96888e-06
0.668 1.77196e-06
0.67 1.59409e-06
0.672 1.43351e-06
0.674 1.28859e-06
0.676 1.15785e-06
0.678 1.03996e-06
0.68 9.33705e-07
0.682 8.37969e-07
0.684 7.51748e-07
0.686 6.74128e-07
0.688 6.04282e-07
0.69 5.41455e-07
0.692 4.84967e-07
0.694 4.34198e-07
0.696 3.88588e-07
0.698 3.4763e-07
0.7 3.10865e-07
0.702 2.77877e-07
0.704 2.48291e-07
0.706 2.21765e-07
0.708 1.97995e-07
0.71 1.76701e-07
0.712 1.57635e-07
0.714 1.40569e-07
0.716 1.25301e-07
0.718 1.11647e-07
0.72 9.94404e-08
0.722 8.85333e-08
0.724 7.8791e-08
0.726 7.00927e-08
0.728 6.23297e-08
0.73 5.54044e-08
0.732 4.92288e-08
0.734 4.3724e-08
0.736 3.88193e-08
0.738 3.4451e-08
0.74 3.0562e-08
0.742 2.71012e-08
0.744 2.40227e-08
0.746 2.12853e-08
0.748 1.88523e-08
0.75 1.66908e-08
0.752 1.47712e-08
0.754 1.30671e-08
0.756 1.1555e-08
0.758 1.02138e-08
0.76 9.02462e-09
0.762 7.97073e-09
0.764 7.0371e-09
0.766 6.21034e-09
0.768 5.47852e-09
0.77 4.83101e-09
0.772 4.25832e-09
0.774 3.75202e-09
0.776 3.3046e-09
0.778 2.90936e-09
0.78 2.56038e-09
0.782 2.25235e-09
0.784 1.98059e-09
0.786 1.74092e-09
0.788 1.52964e-09
0.79 1.34347e-09
0.792 1.17948e-09
0.794 1.03509e-09
0.796 9.08022e-10
0.798 7.9623e-10
0.8 6.97922e-10
0.802 6.11508e-10
0.804 5.35578e-10
0.806 4.6889e-10
0.808 4.1034e-10
0.81 3.58959e-10
0.812 3.13885e-10
0.814 2.74361e-10
0.816 2.39719e-10
0.818 2.09366e-10
0.82 1.82784e-10
0.822 1.59513e-10
0.824 1.39149e-10
0.826 1.21336e-10
0.828 1.05761e-10
0.83 9.21488e-11
0.832 8.02562e-11
0.834 6.98705e-11
0.836 6.08045e-11
0.838 5.28937e-11
0.84 4.59936e-11
0.842 3.99777e-11
0.844 3.47348e-11
0.846 3.01674e-11
0.848 2.61901e-11
0.85 2.27281e-11
0.852 1.97158e-11
0.854 1.70959e-11
0.856 1.48183e-11
0.858 1.28389e-11
0.86 1.11195e-11
0.862 9.6265e-12
0.864 8.33064e-12
0.866 7.20633e-12
0.868 6.23126e-12
0.87 5.38598e-12
0.872 4.6535e-12
0.874 4.01902e-12
0.876 3.46966e-12
0.878 2.9942e-12
0.88 2.58286e-12
0.882 2.22714e-12
0.884 1.91964e-12
0.886 1.65393e-12
0.888 1.42444e-12
0.89 1.22629e-12
0.892 1.05529e-12
0.894 9.07769e-13
0.896 7.80559e-13
0.898 6.70906e-13
0.9 5.76427e-13
0.902 4.95055e-13
0.904 4.25e-13
0.906 3.64712e-13
0.908 3.12851e-13
0.91 2.68257e-13
0.912 2.29928e-13
0.914 1.96997e-13
0.916 1.68714e-13
0.918 1.44435e-13
0.92 1.23599e-13
0.922 1.05728e-13
0.924 9.04038e-14
0.926 7.72701e-14
0.928 6.6018e-14
0.93 5.63819e-14
0.932 4.81331e-14
0.934 4.10748e-14
0.936 3.50375e-14
0.938 2.98757e-14
0.94 2.54642e-14
0.942 2.16955e-14
0.944 1.84773e-14
0.946 1.57303e-14
0.948 1.33865e-14
0.95 1.13876e-14
0.952 9.68344e-15
0.954 8.2313e-15
0.956 6.99443e-15
0.958 5.9414e-15
0.96 5.04534e-15
0.962 4.28322e-15
0.964 3.6354e-15
0.966 3.08508e-15
0.968 2.61792e-15
0.97 2.22168e-15
0.972 1.88593e-15
0.974 1.60182e-15
0.976 1.36177e-15
0.978 1.15939e-15
0.98 9.89262e-16
0.982 8.46794e-16
0.984 7.28138e-16
0.986 6.30075e-16
0.988 5.49935e-16
0.99 4.85527e-16
0.992 4.35086e-16
0.994 3.97227e-16
0.996 3.70907e-16
0.998 3.554e-16
