-1 0.174845
-0.998 0.175029
-0.996 0.17558
-0.994 0.1765
-0.992 0.177787
-0.99 0.179443
-0.988 0.181468
-0.986 0.183862
-0.984 0.186628
-0.982 0.189764
-0.98 0.193274
-0.978 0.197157
-0.976 0.201415
-0.974 0.206048
-0.972 0.21106
-0.97 0.21645
-0.968 0.22222
-0.966 0.228372
-0.964 0.234907
-0.962 0.241827
-0.96 0.249133
-0.958 0.256827
-0.956 0.26491
-0.954 0.273384
-0.952 0.282249
-0.95 0.291508
-0.948 0.301162
-0.946 0.311211
-0.944 0.321656
-0.942 0.332499
-0.94 0.34374
-0.938 0.355379
-0.936 0.367417
-0.934 0.379854
-0.932 0.392689
-0.93 0.405923
-0.928 0.419554
-0.926 0.433582
-0.924 0.448005
-0.922 0.462822
-0.92 0.478031
-0.918 0.493629
-0.916 0.509614
-0.914 0.525983
-0.912 0.542732
-0.91 0.559857
-0.908 0.577355
-0.906 0.59522
-0.904 0.613447
-0.902 0.632031
-0.9 0.650965
-0.898 0.670243
-0.896 0.689857
-0.894 0.7098
-0.892 0.730063
-0.89 0.750638
-0.888 0.771516
-0.886 0.792686
-0.884 0.814138
-0.882 0.835862
-0.88 0.857845
-0.878 0.880077
-0.876 0.902543
-0.874 0.925232
-0.872 0.948129
-0.87 0.97122
-0.868 0.99449
-0.866 1.01792
-0.864 1.04151
-0.862 1.06522
-0.86 1.08905
-0.858 1.11298
-0.856 1.13699
-0.854 1.16106
-0.852 1.18517
-0.85 1.20931
-0.848 1.23345
-0.846 1.25758
-0.844 1.28167
-0.842 1.30571
-0.84 1.32967
-0.838 1.35354
-0.836 1.37728
-0.834 1.40089
-0.832 1.42433
-0.83 1.44759
-0.828 1.47065
-0.826 1.49347
-0.824 1.51605
-0.822 1.53836
-0.82 1.56037
-0.818 1.58206
-0.816 1.60342
-0.814 1.62442
-0.812 1.64503
-0.81 1.66525
-0.808 1.68504
-0.806 1.70438
-0.804 1.72325
-0.802 1.74164
-0.8 1.75953
-0.798 1.77688
-0.796 1.79369
-0.794 1.80994
-0.792 1.8256
-0.79 1.84066
-0.788 1.85511
-0.786 1.86892
-0.784 1.88208
-0.782 1.89458
-0.78 1.9064
-0.778 1.91752
-0.776 1.92794
-0.774 1.93764
-0.772 1.94661
-0.77 1.95484
-0.768 1.96232
-0.766 1.96904
-0.764 1.975
-0.762 1.98018
-0.76 1.98458
-0.758 1.98819
-0.756 1.99101
-0.754 1.99304
-0.752 1.99428
-0.75 1.99472
-0.748 1.99436
-0.746 1.9932
-0.744 1.99125
-0.742 1.9885
-0.74 1.98496
-0.738 1.98064
-0.736 1.97554
-0.734 1.96966
-0.732 1.96301
-0.73 1.95561
-0.728 1.94745
-0.726 1.93855
-0.724 1.92892
-0.722 1.91857
-0.72 1.90751
-0.718 1.89576
-0.716 1.88333
-0.714 1.87023
-0.712 1.85647
-0.71 1.84209
-0.708 1.82708
-0.706 1.81147
-0.704 1.79528
-0.702 1.77852
-0.7 1.76121
-0.698 1.74337
-0.696 1.72502
-0.694 1.70618
-0.692 1.68688
-0.69 1.66712
-0.688 1.64694
-0.686 1.62635
-0.684 1.60538
-0.682 1.58404
-0.68 1.56236
-0.678 1.54036
-0.676 1.51807
-0.674 1.4955
-0.672 1.47267
-0.67 1.44962
-0.668 1.42635
-0.666 1.4029
-0.664 1.37928
-0.662 1.35551
-0.66 1.33162
-0.658 1.30763
-0.656 1.28356
-0.654 1.25943
-0.652 1.23526
-0.65 1.21106
-0.648 1.18687
-0.646 1.16269
-0.644 1.13855
-0.642 1.11447
-0.64 1.09046
-0.638 1.06654
-0.636 1.04273
-0.634 1.01904
-0.632 0.995489
-0.63 0.972096
-0.628 0.948872
-0.626 0.925833
-0.624 0.902992
-0.622 0.880363
-0.62 0.857957
-0.618 0.835787
-0.616 0.813865
-0.614 0.7922
-0.612 0.770804
-0.61 0.749686
-0.608 0.728855
-0.606 0.708319
-0.604 0.688086
-0.602 0.668164
-0.6 0.64856
-0.598 0.629279
-0.596 0.610327
-0.594 0.591709
-0.592 0.573429
-0.59 0.555492
-0.588 0.537901
-0.586 0.520658
-0.584 0.503767
-0.582 0.487229
-0.58 0.471045
-0.578 0.455217
-0.576 0.439745
-0.574 0.424628
-0.572 0.409868
-0.57 0.395462
-0.568 0.38141
-0.566 0.36771
-0.564 0.35436
-0.562 0.341359
-0.56 0.328703
-0.558 0.31639
-0.556 0.304416
-0.554 0.292778
-0.552 0.281472
-0.55 0.270495
-0.548 0.259842
-0.546 0.249509
-0.544 0.239491
-0.542 0.229783
-0.54 0.22038
-0.538 0.211278
-0.536 0.202471
-0.534 0.193953
-0.532 0.185719
-0.53 0.177764
-0.528 0.170081
-0.526 0.162665
-0.524 0.155511
-0.522 0.148611
-0.52 0.141961
-0.518 0.135555
-0.516 0.129385
-0.514 0.123447
-0.512 0.117735
-0.51 0.112242
-0.508 0.106962
-0.506 0.10189
-0.504 0.0970197
-0.502 0.0923453
-0.5 0.0878609
-0.498 0.0835608
-0.496 0.0794394
-0.494 0.0754911
-0.492 0.0717103
-0.49 0.0680916
-0.488 0.0646297
-0.486 0.0613193
-0.484 0.0581551
-0.482 0.0551322
-0.48 0.0522455
-0.478 0.0494902
-0.476 0.0468614
-0.474 0.0443545
-0.472 0.0419649
-0.47 0.0396882
-0.468 0.03752
-0.466 0.0354561
-0.464 0.0334923
-0.462 0.0316246
-0.46 0.0298491
-0.458 0.028162
-0.456 0.0265597
-0.454 0.0250385
-0.452 0.023595
-0.45 0.0222258
-0.448 0.0209277
-0.446 0.0196975
-0.444 0.0185323
-0.442 0.017429
-0.44 0.0163848
-0.438 0.015397
-0.436 0.014463
-0.434 0.0135802
-0.432 0.0127462
-0.43 0.0119586
-0.428 0.0112152
-0.426 0.0105138
-0.424 0.00985238
-0.422 0.00922884
-0.42 0.0086413
-0.418 0.00808793
-0.416 0.00756697
-0.414 0.00707674
-0.412 0.00661562
-0.41 0.00618207
-0.408 0.00577462
-0.406 0.00539187
-0.404 0.00503248
-0.402 0.00469516
-0.4 0.0043787
-0.398 0.00408194
-0.396 0.00380377
-0.394 0.00354314
-0.392 0.00329904
-0.39 0.00307054
-0.388 0.00285671
-0.386 0.00265672
-0.384 0.00246974
-0.382 0.002295
-0.38 0.00213177
-0.378 0.00197936
-0.376 0.00183711
-0.374 0.0017044
-0.372 0.00158064
-0.37 0.00146529
-0.368 0.00135781
-0.366 0.00125771
-0.364 0.00116452
-0.362 0.00107781
-0.36 0.000997154
-0.358 0.000922166
-0.356 0.000852476
-0.354 0.000787737
-0.352 0.000727624
-0.35 0.000671829
-0.348 0.000620065
-0.346 0.00057206
-0.344 0.000527561
-0.342 0.000486328
-0.34 0.000448139
-0.338 0.000412784
-0.336 0.000380065
-0.334 0.0003498
-0.332 0.000321817
-0.33 0.000295954
-0.328 0.00027206
-0.326 0.000249995
-0.324 0.000229628
-0.322 0.000210836
-0.32 0.000193505
-0.318 0.000177527
-0.316 0.000162803
-0.314 0.000149241
-0.312 0.000136754
-0.31 0.000125261
-0.308 0.000114688
-0.306 0.000104966
-0.304 9.60298e-05
-0.302 8.78191e-05
-0.3 8.02782e-05
-0.298 7.33555e-05
-0.296 6.7003e-05
-0.294 6.11761e-05
-0.292 5.58337e-05
-0.29 5.09374e-05
-0.288 4.64518e-05
-0.286 4.23444e-05
-0.284 3.85847e-05
-0.282 3.51447e-05
-0.28 3.19987e-05
-0.278 2.91226e-05
-0.276 2.64944e-05
-0.274 2.40938e-05
-0.272 2.19019e-05
-0.27 1.99015e-05
-0.268 1.80765e-05
-0.266 1.64123e-05
-0.264 1.48954e-05
-0.262 1.35133e-05
-0.26 1.22545e-05
-0.258 1.11085e-05
-0.256 1.00657e-05
-0.254 9.11707e-06
-0.252 8.25458e-06
-0.25 7.47069e-06
-0.248 6.75854e-06
-0.246 6.11183e-06
-0.244 5.5248e-06
-0.242 4.99214e-06
-0.24 4.50904e-06
-0.238 4.07106e-06
-0.236 3.67416e-06
-0.234 3.31462e-06
-0.232 2.98907e-06
-0.23 2.69442e-06
-0.228 2.42784e-06
-0.226 2.18676e-06
-0.224 1.96883e-06
-0.222 1.77191e-06
-0.22 1.59405e-06
-0.218 1.43347e-06
-0.216 1.28855e-06
-0.214 1.15782e-06
-0.212 1.03993e-06
-0.21 9.33677e-07
-0.208 8.37943e-07
-0.206 7.51724e-07
-0.204 6.74106e-07
-0.202 6.04262e-07
-0.2 5.41437e-07
-0.198 4.8495e-07
-0.196 4.34182e-07
-0.194 3.88574e-07
-0.192 3.47618e-07
-0.19 3.10854e-07
-0.188 2.77867e-07
-0.186 2.48281e-07
-0.184 2.21756e-07
-0.182 1.97986e-07
-0.18 1.76694e-07
-0.178 1.57628e-07
-0.176 1.40563e-07
-0.174 1.25295e-07
-0.172 1.11642e-07
-0.17 9.94358e-08
-0.168 8.85291e-08
-0.166 7.87872e-08
-0.164 7.00892e-08
-0.162 6.23266e-08
-0.16 5.54015e-08
-0.158 4.92262e-08
-0.156 4.37217e-08
-0.154 3.88172e-08
-0.152 3.44491e-08
-0.15 3.05603e-08
-0.148 2.70996e-08
-0.146 2.40213e-08
-0.144 2.1284e-08
-0.142 1.88512e-08
-0.14 1.66898e-08
-0.138 1.47702e-08
-0.136 1.30662e-08
-0.134 1.15542e-08
-0.132 1.02131e-08
-0.13 9.02401e-09
-0.128 7.97018e-09
-0.126 7.0366e-09
-0.124 6.2099e-09
-0.122 5.47813e-09
-0.12 4.83065e-09
-0.118 4.258e-09
-0.116 3.75173e-09
-0.114 3.30434e-09
-0.112 2.90913e-09
-0.11 2.56017e-09
-0.108 2.25217e-09
-0.106 1.98043e-09
-0.104 1.74077e-09
-0.102 1.52951e-09
-0.1 1.34335e-09
-0.098 1.17938e-09
-0.096 1.035e-09
-0.094 9.0794e-10
-0.092 7.96158e-10
-0.09 6.97857e-10
-0.088 6.11452e-10
-0.086 5.35527e-10
-0.084 4.68845e-10
-0.082 4.10301e-10
-0.08 3.58922e-10
-0.078 3.13857e-10
-0.076 2.74335e-10
-0.074 2.39697e-10
-0.072 2.09349e-10
-0.07 1.82771e-10
-0.068 1.59503e-10
-0.066 1.3914e-10
-0.064 1.21335e-10
-0.062 1.05759e-10
-0.06 9.21522e-11
-0.058 8.02585e-11
-0.056 6.98788e-11
-0.054 6.08147e-11
-0.052 5.29135e-11
-0.05 4.60135e-11
-0.048 4.00042e-11
-0.046 3.47619e-11
-0.044 3.02076e-11
-0.042 2.62344e-11
-0.04 2.27819e-11
-0.038 1.97768e-11
-0.036 1.7175e-11
-0.034 1.49055e-11
-0.032 1.29442e-11
-0.03 1.1242e-11
-0.028 9.77164e-12
-0.026 8.49804e-12
-0.024 7.40098e-12
-0.022 6.46198e-12
-0.02 5.65278e-12
-0.018 4.97185e-12
-0.016 4.38436e-12
-0.014 3.89268e-12
-0.012 3.49268e-12
-0.01 3.16032e-12
-0.008 2.89828e-12
-0.006 2.7031e-12
-0.004 2.55985e-12
-0.002 2.48162e-12
0 2.45163e-12
0.002 2.48356e-12
0.004 2.56016e-12
0.006 2.70291e-12
0.008 2.89484e-12
0.01 3.16092e-12
0.012 3.48947e-12
0.014 3.89585e-12
0.016 4.37941e-12
0.018 4.96813e-12
0.02 5.65416e-12
0.022 6.45936e-12
0.024 7.39998e-12
0.026 8.50156e-12
0.028 9.76968e-12
0.03 1.12437e-11
0.032 1.29441e-11
0.034 1.49078e-11
0.036 1.71693e-11
0.038 1.97775e-11
0.04 2.27793e-11
0.042 2.62339e-11
0.044 3.02083e-11
0.046 3.47656e-11
0.048 4.00035e-11
0.05 4.60148e-11
0.052 5.29074e-11
0.054 6.08154e-11
0.056 6.98761e-11
0.058 8.02572e-11
0.06 9.21504e-11
0.062 1.05757e-10
0.064 1.21332e-10
0.066 1.39141e-10
0.068 1.59502e-10
0.07 1.82769e-10
0.072 2.09346e-10
0.074 2.39699e-10
0.076 2.74336e-10
0.078 3.13853e-10
0.08 3.58922e-10
0.082 4.10302e-10
0.084 4.68843e-10
0.086 5.35527e-10
0.088 6.1145e-10
0.09 6.97857e-10
0.092 7.96155e-10
0.094 9.0794e-10
0.096 1.035e-09
0.098 1.17937e-09
0.1 1.34335e-09
0.102 1.52951e-09
0.104 1.74077e-09
0.106 1.98042e-09
0.108 2.25217e-09
0.11 2.56017e-09
0.112 2.90914e-09
0.114 3.30434e-09
0.116 3.75173e-09
0.118 4.258e-09
0.12 4.83065e-09
0.122 5.47812e-09
0.124 6.2099e-09
0.126 7.0366e-09
0.128 7.97018e-09
0.13 9.02401e-09
0.132 1.02131e-08
0.134 1.15542e-08
0.136 1.30662e-08
0.138 1.47702e-08
0.14 1.66898e-08
0.142 1.88512e-08
0.144 2.1284e-08
0.146 2.40212e-08
0.148 2.70996e-08
0.15 3.05603e-08
0.152 3.44491e-08
0.154 3.88172e-08
0.156 4.37217e-08
0.158 4.92262e-08
0.16 5.54015e-08
0.162 6.23266e-08
0.164 7.00892e-08
0.166 7.87872e-08
0.168 8.85291e-08
0.17 9.94358e-08
0.172 1.11642e-07
0.174 1.25295e-07
0.176 1.40563e-07
0.178 1.57628e-07
0.18 1.76694e-07
0.182 1.97986e-07
0.184 2.21756e-07
0.186 2.48281e-07
0.188 2.77867e-07
0.19 3.10854e-07
0.192 3.47618e-07
0.194 3.88574e-07
0.196 4.34182e-07
0.198 4.8495e-07
0.2 5.41437e-07
0.202 6.04262e-07
0.204 6.74106e-07
0.206 7.51724e-07
0.208 8.37943e-07
0.21 9.33677e-07
0.212 1.03993e-06
0.214 1.15782e-06
0.216 1.28855e-06
0.218 1.43347e-06
0.22 1.59405e-06
0.222 1.77191e-06
0.224 1.96883e-06
0.226 2.18676e-06
0.228 2.42784e-06
0.23 2.69442e-06
0.232 2.98907e-06
0.234 3.31462e-06
0.236 3.67416e-06
0.238 4.07106e-06
0.24 4.50904e-06
0.242 4.99214e-06
0.244 5.5248e-06
0.246 6.11183e-06
0.248 6.75854e-06
0.25 7.47069e-06
0.252 8.25458e-06
0.254 9.11707e-06
0.256 1.00657e-05
0.258 1.11085e-05
0.26 1.22545e-05
0.262 1.35133e-05
0.264 1.48954e-05
0.266 1.64123e-05
0.268 1.80765e-05
0.27 1.99015e-05
0.272 2.19019e-05
0.274 2.40938e-05
0.276 2.64944e-05
0.278 2.91226e-05
0.28 3.19987e-05
0.282 3.51447e-05
0.284 3.85847e-05
0.286 4.23444e-05
0.288 4.64518e-05
0.29 5.09374e-05
0.292 5.58337e-05
0.294 6.11761e-05
0.296 6.7003e-05
0.298 7.33555e-05
0.3 8.02782e-05
0.302 8.78191e-05
0.304 9.60298e-05
0.306 0.000104966
0.308 0.000114688
0.31 0.000125261
0.312 0.000136754
0.314 0.000149241
0.316 0.000162803
0.318 0.000177527
0.32 0.000193505
0.322 0.000210836
0.324 0.000229628
0.326 0.000249995
0.328 0.00027206
0.33 0.000295954
0.332 0.000321817
0.334 0.0003498
0.336 0.000380065
0.338 0.000412784
0.34 0.000448139
0.342 0.000486328
0.344 0.000527561
0.346 0.00057206
0.348 0.000620065
0.35 0.000671829
0.352 0.000727624
0.354 0.000787737
0.356 0.000852476
0.358 0.000922166
0.36 0.000997154
0.362 0.00107781
0.364 0.00116452
0.366 0.00125771
0.368 0.00135781
0.37 0.00146529
0.372 0.00158064
0.374 0.0017044
0.376 0.00183711
0.378 0.00197936
0.38 0.00213177
0.382 0.002295
0.384 0.00246974
0.386 0.00265672
0.388 0.00285671
0.39 0.00307054
0.392 0.00329904
0.394 0.00354314
0.396 0.00380377
0.398 0.00408194
0.4 0.0043787
0.402 0.00469516
0.404 0.00503248
0.406 0.00539187
0.408 0.00577462
0.41 0.00618207
0.412 0.00661562
0.414 0.00707674
0.416 0.00756697
0.418 0.00808793
0.42 0.0086413
0.422 0.00922884
0.424 0.00985238
0.426 0.0105138
0.428 0.0112152
0.43 0.0119586
0.432 0.0127462
0.434 0.0135802
0.436 0.014463
0.438 0.015397
0.44 0.0163848
0.442 0.017429
0.444 0.0185323
0.446 0.0196975
0.448 0.0209277
0.45 0.0222258
0.452 0.023595
0.454 0.0250385
0.456 0.0265597
0.458 0.028162
0.46 0.0298491
0.462 0.0316246
0.464 0.0334923
0.466 0.0354561
0.468 0.03752
0.47 0.0396882
0.472 0.0419649
0.474 0.0443545
0.476 0.0468614
0.478 0.0494902
0.48 0.0522455
0.482 0.0551322
0.484 0.0581551
0.486 0.0613193
0.488 0.0646297
0.49 0.0680916
0.492 0.0717103
0.494 0.0754911
0.496 0.0794394
0.498 0.0835608
0.5 0.0878609
0.502 0.0923453
0.504 0.0970197
0.506 0.10189
0.508 0.106962
0.51 0.112242
0.512 0.117735
0.514 0.123447
0.516 0.129385
0.518 0.135555
0.52 0.141961
0.522 0.148611
0.524 0.155511
0.526 0.162665
0.528 0.170081
0.53 0.177764
0.532 0.185719
0.534 0.193953
0.536 0.202471
0.538 0.211278
0.54 0.22038
0.542 0.229783
0.544 0.239491
0.546 0.249509
0.548 0.259842
0.55 0.270495
0.552 0.281472
0.554 0.292778
0.556 0.304416
0.558 0.31639
0.56 0.328703
0.562 0.341359
0.564 0.35436
0.566 0.36771
0.568 0.38141
0.57 0.395462
0.572 0.409868
0.574 0.424628
0.576 0.439745
0.578 0.455217
0.58 0.471045
0.582 0.487229
0.584 0.503767
0.586 0.520658
0.588 0.537901
0.59 0.555492
0.592 0.573429
0.594 0.591709
0.596 0.610327
0.598 0.629279
0.6 0.64856
0.602 0.668164
0.604 0.688086
0.606 0.708319
0.608 0.728855
0.61 0.749686
0.612 0.770804
0.614 0.7922
0.616 0.813865
0.618 0.835787
0.62 0.857957
0.622 0.880363
0.624 0.902992
0.626 0.925833
0.628 0.948872
0.63 0.972096
0.632 0.995489
0.634 1.01904
0.636 1.04273
0.638 1.06654
0.64 1.09046
0.642 1.11447
0.644 1.13855
0.646 1.16269
0.648 1.18687
0.65 1.21106
0.652 1.23526
0.654 1.25943
0.656 1.28356
0.658 1.30763
0.66 1.33162
0.662 1.35551
0.664 1.37928
0.666 1.4029
0.668 1.42635
0.67 1.44962
0.672 1.47267
0.674 1.4955
0.676 1.51807
0.678 1.54036
0.68 1.56236
0.682 1.58404
0.684 1.60538
0.686 1.62635
0.688 1.64694
0.69 1.66712
0.692 1.68688
0.694 1.70618
0.696 1.72502
0.698 1.74337
0.7 1.76121
0.702 1.77852
0.704 1.79528
0.706 1.81147
0.708 1.82708
0.71 1.84209
0.712 1.85647
0.714 1.87023
0.716 1.88333
0.718 1.89576
0.72 1.90751
0.722 1.91857
0.724 1.92892
0.726 1.93855
0.728 1.94745
0.73 1.95561
0.732 1.96301
0.734 1.96966
0.736 1.97554
0.738 1.98064
0.74 1.98496
0.742 1.9885
0.744 1.99125
0.746 1.9932
0.748 1.99436
0.75 1.99472
0.752 1.99428
0.754 1.99304
0.756 1.99101
0.758 1.98819
0.76 1.98458
0.762 1.98018
0.764 1.975
0.766 1.96904
0.768 1.96232
0.77 1.95484
0.772 1.94661
0.774 1.93764
0.776 1.92794
0.778 1.91752
0.78 1.9064
0.782 1.89458
0.784 1.88208
0.786 1.86892
0.788 1.85511
0.79 1.84066
0.792 1.8256
0.794 1.80994
0.796 1.79369
0.798 1.77688
0.8 1.75953
0.802 1.74164
0.804 1.72325
0.806 1.70438
0.808 1.68504
0.81 1.66525
0.812 1.64503
0.814 1.62442
0.816 1.60342
0.818 1.58206
0.82 1.56037
0.822 1.53836
0.824 1.51605
0.826 1.49347
0.828 1.47065
0.83 1.44759
0.832 1.42433
0.834 1.40089
0.836 1.37728
0.838 1.35354
0.84 1.32967
0.842 1.30571
0.844 1.28167
0.846 1.25758
0.848 1.23345
0.85 1.20931
0.852 1.18517
0.854 1.16106
0.856 1.13699
0.858 1.11298
0.86 1.08905
0.862 1.06522
0.864 1.04151
0.866 1.01792
0.868 0.99449
0.87 0.97122
0.872 0.948129
0.874 0.925232
0.876 0.902543
0.878 0.880077
0.88 0.857845
0.882 0.835862
0.884 0.814138
0.886 0.792686
0.888 0.771516
0.89 0.750638
0.892 0.730063
0.894 0.7098
0.896 0.689857
0.898 0.670243
0.9 0.650965
0.902 0.632031
0.904 0.613447
0.906 0.59522
0.908 0.577355
0.91 0.559857
0.912 0.542732
0.914 0.525983
0.916 0.509614
0.918 0.493629
0.92 0.478031
0.922 0.462822
0.924 0.448005
0.926 0.433582
0.928 0.419554
0.93 0.405923
0.932 0.392689
0.934 0.379854
0.936 0.367417
0.938 0.355379
0.94 0.34374
0.942 0.332499
0.944 0.321656
0.946 0.311211
0.948 0.301162
0.95 0.291508
0.952 0.282249
0.954 0.273384
0.956 0.26491
0.958 0.256827
0.96 0.249133
0.962 0.241827
0.964 0.234907
0.966 0.228372
0.968 0.22222
0.97 0.21645
0.972 0.21106
0.974 0.206048
0.976 0.201415
0.978 0.197157
0.98 0.193274
0.982 0.189764
0.984 0.186628
0.986 0.183862
0.988 0.181468
0.99 0.179443
0.992 0.177787
0.994 0.1765
0.996 0.17558
0.998 0.175029
