-1 0.735325
-0.99 0.735265
-0.98 0.734836
-0.97 0.734274
-0.96 0.733373
-0.95 0.732295
-0.94 0.730942
-0.93 0.729335
-0.92 0.727552
-0.91 0.725408
-0.9 0.723213
-0.89 0.720532
-0.88 0.717937
-0.87 0.714735
-0.86 0.711732
-0.85 0.708053
-0.84 0.70461
-0.83 0.700523
-0.82 0.696586
-0.81 0.692181
-0.8 0.687695
-0.79 0.683042
-0.78 0.677998
-0.77 0.6731
-0.76 0.66758
-0.75 0.662344
-0.74 0.656518
-0.73 0.650797
-0.72 0.644836
-0.71 0.638559
-0.7 0.632481
-0.69 0.625786
-0.68 0.619397
-0.67 0.612577
-0.66 0.605658
-0.65 0.59886
-0.64 0.591495
-0.63 0.584492
-0.62 0.577075
-0.61 0.569549
-0.6 0.562253
-0.59 0.554374
-0.58 0.546818
-0.57 0.539096
-0.56 0.531011
-0.55 0.523366
-0.54 0.515266
-0.53 0.507127
-0.52 0.499333
-0.51 0.490983
-0.5 0.482837
-0.49 0.474909
-0.48 0.466424
-0.47 0.458269
-0.46 0.450281
-0.45 0.441744
-0.44 0.433565
-0.43 0.425615
-0.42 0.417105
-0.41 0.408867
-0.4 0.40104
-0.39 0.392682
-0.38 0.384338
-0.37 0.376621
-0.36 0.368625
-0.35 0.360221
-0.34 0.352404
-0.33 0.344916
-0.32 0.336838
-0.31 0.328682
-0.3 0.321296
-0.29 0.314087
-0.28 0.306203
-0.27 0.298188
-0.26 0.291013
-0.25 0.284411
-0.24 0.277289
-0.23 0.269349
-0.22 0.261545
-0.21 0.255075
-0.2 0.250387
-0.19 0.247116
-0.18 0.244623
-0.17 0.242441
-0.16 0.24037
-0.15 0.238376
-0.14 0.23648
-0.13 0.234697
-0.12 0.233035
-0.11 0.231498
-0.1 0.230087
-0.09 0.228804
-0.08 0.227651
-0.07 0.226629
-0.06 0.22574
-0.05 0.224986
-0.04 0.224367
-0.03 0.223885
-0.02 0.22354
-0.01 0.223333
0 0.223264
0.01 0.223333
0.02 0.22354
0.03 0.223885
0.04 0.224367
0.05 0.224986
0.06 0.22574
0.07 0.226629
0.08 0.227651
0.09 0.228804
0.1 0.230087
0.11 0.231498
0.12 0.233035
0.13 0.234697
0.14 0.23648
0.15 0.238376
0.16 0.24037
0.17 0.242441
0.18 0.244623
0.19 0.247116
0.2 0.250387
0.21 0.255075
0.22 0.261545
0.23 0.269349
0.24 0.277289
0.25 0.284411
0.26 0.291013
0.27 0.298188
0.28 0.306203
0.29 0.314087
0.3 0.321296
0.31 0.328682
0.32 0.336838
0.33 0.344916
0.34 0.352404
0.35 0.360221
0.36 0.368625
0.37 0.376621
0.38 0.384338
0.39 0.392682
0.4 0.40104
0.41 0.408867
0.42 0.417105
0.43 0.425615
0.44 0.433565
0.45 0.441744
0.46 0.450281
0.47 0.458269
0.48 0.466424
0.49 0.474909
0.5 0.482837
0.51 0.490983
0.52 0.499333
0.53 0.507127
0.54 0.515266
0.55 0.523366
0.56 0.531011
0.57 0.539096
0.58 0.546818
0.59 0.554374
0.6 0.562253
0.61 0.569549
0.62 0.577075
0.63 0.584492
0.64 0.591495
0.65 0.59886
0.66 0.605658
0.67 0.612577
0.68 0.619397
0.69 0.625786
0.7 0.632481
0.71 0.638559
0.72 0.644836
0.73 0.650797
0.74 0.656518
0.75 0.662344
0.76 0.66758
0.77 0.6731
0.78 0.677998
0.79 0.683042
0.8 0.687695
0.81 0.692181
0.82 0.696586
0.83 0.700523
0.84 0.70461
0.85 0.708053
0.86 0.711732
0.87 0.714735
0.88 0.717937
0.89 0.720532
0.9 0.723213
0.91 0.725408
0.92 0.727552
0.93 0.729335
0.94 0.730942
0.95 0.732295
0.96 0.733373
0.97 0.734274
0.98 0.734836
0.99 0.735265
