-1 0.780471
-0.99 0.780348
-0.98 0.779871
-0.97 0.779162
-0.96 0.778074
-0.95 0.776796
-0.94 0.775089
-0.93 0.773258
-0.92 0.77093
-0.91 0.768564
-0.9 0.765619
-0.89 0.76273
-0.88 0.759187
-0.87 0.755777
-0.86 0.751669
-0.85 0.747726
-0.84 0.743109
-0.83 0.738606
-0.82 0.73355
-0.81 0.728456
-0.8 0.723031
-0.79 0.71733
-0.78 0.711578
-0.77 0.705304
-0.76 0.699207
-0.75 0.692465
-0.74 0.685942
-0.73 0.678886
-0.72 0.671838
-0.71 0.6646
-0.7 0.657005
-0.69 0.649593
-0.68 0.641585
-0.67 0.633853
-0.66 0.625677
-0.65 0.61746
-0.64 0.60927
-0.63 0.600603
-0.62 0.59228
-0.61 0.583463
-0.6 0.574736
-0.59 0.566028
-0.58 0.556884
-0.57 0.548135
-0.56 0.538963
-0.55 0.52982
-0.54 0.520878
-0.53 0.511441
-0.52 0.502391
-0.51 0.493185
-0.5 0.483723
-0.49 0.474724
-0.48 0.46533
-0.47 0.455981
-0.46 0.446999
-0.45 0.437547
-0.44 0.428361
-0.43 0.419424
-0.42 0.410025
-0.41 0.401015
-0.4 0.392195
-0.39 0.38293
-0.38 0.374093
-0.37 0.365483
-0.36 0.356417
-0.35 0.347735
-0.34 0.339421
-0.33 0.330646
-0.32 0.322079
-0.31 0.31409
-0.3 0.305763
-0.29 0.297299
-0.28 0.289525
-0.27 0.281822
-0.26 0.273638
-0.25 0.265827
-0.24 0.258674
-0.23 0.251243
-0.22 0.243432
-0.21 0.236209
-0.2 0.229636
-0.19 0.222735
-0.18 0.215331
-0.17 0.208384
-0.16 0.202369
-0.15 0.196505
-0.14 0.189904
-0.13 0.182798
-0.12 0.176325
-0.11 0.171445
-0.1 0.168298
-0.09 0.166395
-0.08 0.16514
-0.07 0.164152
-0.06 0.163287
-0.05 0.162529
-0.04 0.161895
-0.03 0.161399
-0.02 0.161044
-0.01 0.160831
0 0.16076
0.01 0.160831
0.02 0.161044
0.03 0.161399
0.04 0.161895
0.05 0.162529
0.06 0.163287
0.07 0.164152
0.08 0.16514
0.09 0.166395
0.1 0.168298
0.11 0.171445
0.12 0.176325
0.13 0.182798
0.14 0.189904
0.15 0.196505
0.16 0.202369
0.17 0.208384
0.18 0.215331
0.19 0.222735
0.2 0.229636
0.21 0.236209
0.22 0.243432
0.23 0.251243
0.24 0.258674
0.25 0.265827
0.26 0.273638
0.27 0.281822
0.28 0.289525
0.29 0.297299
0.3 0.305763
0.31 0.31409
0.32 0.322079
0.33 0.330646
0.34 0.339421
0.35 0.347735
0.36 0.356417
0.37 0.365483
0.38 0.374093
0.39 0.38293
0.4 0.392195
0.41 0.401015
0.42 0.410025
0.43 0.419424
0.44 0.428361
0.45 0.437547
0.46 0.446999
0.47 0.455981
0.48 0.46533
0.49 0.474724
0.5 0.483723
0.51 0.493185
0.52 0.502391
0.53 0.511441
0.54 0.520878
0.55 0.52982
0.56 0.538963
0.57 0.548135
0.58 0.556884
0.59 0.566028
0.6 0.574736
0.61 0.583463
0.62 0.59228
0.63 0.600603
0.64 0.60927
0.65 0.61746
0.66 0.625677
0.67 0.633853
0.68 0.641585
0.69 0.649593
0.7 0.657005
0.71 0.6646
0.72 0.671838
0.73 0.678886
0.74 0.685942
0.75 0.692465
0.76 0.699207
0.77 0.705304
0.78 0.711578
0.79 0.71733
0.8 0.723031
0.81 0.728456
0.82 0.73355
0.83 0.738606
0.84 0.743109
0.85 0.747726
0.86 0.751669
0.87 0.755777
0.88 0.759187
0.89 0.76273
0.9 0.765619
0.91 0.768564
0.92 0.77093
0.93 0.773258
0.94 0.775089
0.95 0.776796
0.96 0.778074
0.97 0.779162
0.98 0.779871
0.99 0.780348
