-1 0.0239173
-0.998 0.0239615
-0.996 0.0240941
-0.994 0.0243154
-0.992 0.0246259
-0.99 0.0250261
-0.988 0.0255169
-0.986 0.0260993
-0.984 0.0267743
-0.982 0.0275433
-0.98 0.0284079
-0.978 0.0293696
-0.976 0.0304304
-0.974 0.0315922
-0.972 0.0328572
-0.97 0.0342278
-0.968 0.0357065
-0.966 0.037296
-0.964 0.0389992
-0.962 0.040819
-0.96 0.0427587
-0.958 0.0448216
-0.956 0.0470112
-0.954 0.0493311
-0.952 0.0517852
-0.95 0.0543773
-0.948 0.0571116
-0.946 0.0599922
-0.944 0.0630237
-0.942 0.0662104
-0.94 0.0695569
-0.938 0.0730681
-0.936 0.0767488
-0.934 0.0806039
-0.932 0.0846386
-0.93 0.088858
-0.928 0.0932674
-0.926 0.0978722
-0.924 0.102678
-0.922 0.10769
-0.92 0.112913
-0.918 0.118355
-0.916 0.124019
-0.914 0.129913
-0.912 0.136041
-0.91 0.142409
-0.908 0.149024
-0.906 0.155891
-0.904 0.163015
-0.902 0.170403
-0.9 0.17806
-0.898 0.185991
-0.896 0.194203
-0.894 0.2027
-0.892 0.211489
-0.89 0.220574
-0.888 0.22996
-0.886 0.239653
-0.884 0.249658
-0.882 0.259979
-0.88 0.27062
-0.878 0.281587
-0.876 0.292883
-0.874 0.304512
-0.872 0.316477
-0.87 0.328783
-0.868 0.341432
-0.866 0.354427
-0.864 0.367771
-0.862 0.381466
-0.86 0.395513
-0.858 0.409914
-0.856 0.424671
-0.854 0.439783
-0.852 0.455252
-0.85 0.471077
-0.848 0.487258
-0.846 0.503794
-0.844 0.520683
-0.842 0.537923
-0.84 0.555512
-0.838 0.573447
-0.836 0.591725
-0.834 0.610341
-0.832 0.629292
-0.83 0.648572
-0.828 0.668175
-0.826 0.688096
-0.824 0.708328
-0.822 0.728863
-0.82 0.749693
-0.818 0.770811
-0.816 0.792206
-0.814 0.81387
-0.812 0.835792
-0.81 0.857962
-0.808 0.880367
-0.806 0.902996
-0.804 0.925837
-0.802 0.948875
-0.8 0.972098
-0.798 0.995491
-0.796 1.01904
-0.794 1.04273
-0.792 1.06654
-0.79 1.09046
-0.788 1.11447
-0.786 1.13856
-0.784 1.16269
-0.782 1.18687
-0.78 1.21106
-0.778 1.23526
-0.776 1.25943
-0.774 1.28356
-0.772 1.30763
-0.77 1.33162
-0.768 1.35551
-0.766 1.37928
-0.764 1.4029
-0.762 1.42635
-0.76 1.44962
-0.758 1.47267
-0.756 1.4955
-0.754 1.51807
-0.752 1.54036
-0.75 1.56236
-0.748 1.58404
-0.746 1.60538
-0.744 1.62635
-0.742 1.64694
-0.74 1.66712
-0.738 1.68688
-0.736 1.70618
-0.734 1.72502
-0.732 1.74337
-0.73 1.76121
-0.728 1.77852
-0.726 1.79528
-0.724 1.81147
-0.722 1.82708
-0.72 1.84209
-0.718 1.85647
-0.716 1.87023
-0.714 1.88333
-0.712 1.89576
-0.71 1.90751
-0.708 1.91857
-0.706 1.92892
-0.704 1.93855
-0.702 1.94745
-0.7 1.9556
-0.698 1.96301
-0.696 1.96966
-0.694 1.97553
-0.692 1.98064
-0.69 1.98496
-0.688 1.9885
-0.686 1.99124
-0.684 1.99319
-0.682 1.99435
-0.68 1.99471
-0.678 1.99427
-0.676 1.99304
-0.674 1.991
-0.672 1.98818
-0.67 1.98456
-0.668 1.98016
-0.666 1.97498
-0.664 1.96903
-0.662 1.9623
-0.66 1.95482
-0.658 1.94659
-0.656 1.93762
-0.654 1.92791
-0.652 1.91749
-0.65 1.90637
-0.648 1.89455
-0.646 1.88204
-0.644 1.86888
-0.642 1.85506
-0.64 1.84061
-0.638 1.82555
-0.636 1.80988
-0.634 1.79363
-0.632 1.77681
-0.63 1.75945
-0.628 1.74156
-0.626 1.72316
-0.624 1.70427
-0.622 1.68492
-0.62 1.66512
-0.618 1.6449
-0.616 1.62427
-0.614 1.60326
-0.612 1.58189
-0.61 1.56018
-0.608 1.53815
-0.606 1.51582
-0.604 1.49323
-0.602 1.47038
-0.6 1.4473
-0.598 1.42401
-0.596 1.40054
-0.594 1.37691
-0.592 1.35313
-0.59 1.32923
-0.588 1.30523
-0.586 1.28115
-0.584 1.25701
-0.582 1.23284
-0.58 1.20864
-0.578 1.18445
-0.576 1.16028
-0.574 1.13614
-0.572 1.11207
-0.57 1.08806
-0.568 1.06415
-0.566 1.04035
-0.564 1.01668
-0.562 0.993143
-0.56 0.969765
-0.558 0.94656
-0.556 0.92354
-0.554 0.90072
-0.552 0.878112
-0.55 0.855729
-0.548 0.833584
-0.546 0.811686
-0.544 0.790048
-0.542 0.76868
-0.54 0.74759
-0.538 0.726788
-0.536 0.706282
-0.534 0.68608
-0.532 0.666189
-0.53 0.646617
-0.528 0.627369
-0.526 0.60845
-0.524 0.589865
-0.522 0.57162
-0.52 0.553717
-0.518 0.536161
-0.516 0.518953
-0.514 0.502097
-0.512 0.485595
-0.51 0.469446
-0.508 0.453654
-0.506 0.438217
-0.504 0.423136
-0.502 0.408411
-0.5 0.394041
-0.498 0.380024
-0.496 0.366359
-0.494 0.353044
-0.492 0.340078
-0.49 0.327456
-0.488 0.315177
-0.486 0.303237
-0.484 0.291632
-0.482 0.28036
-0.48 0.269415
-0.478 0.258794
-0.476 0.248493
-0.474 0.238506
-0.472 0.228829
-0.47 0.219457
-0.468 0.210384
-0.466 0.201606
-0.464 0.193117
-0.462 0.184911
-0.46 0.176983
-0.458 0.169327
-0.456 0.161938
-0.454 0.154809
-0.452 0.147935
-0.45 0.14131
-0.448 0.134927
-0.446 0.128781
-0.444 0.122866
-0.442 0.117176
-0.44 0.111704
-0.438 0.106446
-0.436 0.101394
-0.434 0.0965435
-0.432 0.0918883
-0.43 0.0874226
-0.428 0.0831407
-0.426 0.0790368
-0.424 0.0751055
-0.422 0.0713412
-0.42 0.0677385
-0.418 0.0642919
-0.416 0.0609964
-0.414 0.0578466
-0.412 0.0548375
-0.41 0.0519642
-0.408 0.0492217
-0.406 0.0466053
-0.404 0.0441103
-0.402 0.0417322
-0.4 0.0394666
-0.398 0.037309
-0.396 0.0352552
-0.394 0.0333012
-0.392 0.0314429
-0.39 0.0296765
-0.388 0.027998
-0.386 0.026404
-0.384 0.0248907
-0.382 0.0234548
-0.38 0.0220929
-0.378 0.0208017
-0.376 0.0195782
-0.374 0.0184192
-0.372 0.0173219
-0.37 0.0162835
-0.368 0.0153012
-0.366 0.0143725
-0.364 0.0134947
-0.362 0.0126654
-0.36 0.0118824
-0.358 0.0111433
-0.356 0.010446
-0.354 0.00978837
-0.352 0.00916851
-0.35 0.00858447
-0.348 0.00803442
-0.346 0.00751661
-0.344 0.00702935
-0.342 0.00657106
-0.34 0.00614018
-0.338 0.00573527
-0.336 0.00535492
-0.334 0.00499779
-0.332 0.00466261
-0.33 0.00434817
-0.328 0.00405332
-0.326 0.00377694
-0.324 0.00351801
-0.322 0.00327552
-0.32 0.00304852
-0.318 0.00283612
-0.316 0.00263746
-0.314 0.00245173
-0.312 0.00227818
-0.31 0.00211606
-0.308 0.00196469
-0.306 0.00182342
-0.304 0.00169164
-0.302 0.00156874
-0.3 0.0014542
-0.298 0.00134748
-0.296 0.00124809
-0.294 0.00115557
-0.292 0.00106948
-0.29 0.000989413
-0.288 0.00091497
-0.286 0.000845791
-0.284 0.000781529
-0.282 0.000721861
-0.28 0.000666481
-0.278 0.000615105
-0.276 0.000567461
-0.274 0.000523299
-0.272 0.00048238
-0.27 0.000444483
-0.268 0.0004094
-0.266 0.000376935
-0.264 0.000346906
-0.262 0.000319141
-0.26 0.000293481
-0.258 0.000269776
-0.256 0.000247887
-0.254 0.000227683
-0.252 0.000209042
-0.25 0.00019185
-0.248 0.000176002
-0.246 0.000161398
-0.244 0.000147947
-0.242 0.000135563
-0.24 0.000124165
-0.238 0.000113681
-0.236 0.00010404
-0.234 9.51786e-05
-0.232 8.70372e-05
-0.23 7.95603e-05
-0.228 7.26967e-05
-0.226 6.63986e-05
-0.224 6.06219e-05
-0.222 5.53256e-05
-0.22 5.04719e-05
-0.218 4.60255e-05
-0.216 4.19541e-05
-0.214 3.82276e-05
-0.212 3.48181e-05
-0.21 3.17e-05
-0.208 2.88496e-05
-0.206 2.62451e-05
-0.204 2.38661e-05
-0.202 2.16941e-05
-0.2 1.97118e-05
-0.198 1.79035e-05
-0.196 1.62547e-05
-0.194 1.47517e-05
-0.192 1.33824e-05
-0.19 1.21353e-05
-0.188 1.10001e-05
-0.186 9.96701e-06
-0.184 9.02737e-06
-0.182 8.17304e-06
-0.18 7.39661e-06
-0.178 6.69126e-06
-0.176 6.05075e-06
-0.174 5.46936e-06
-0.172 4.94186e-06
-0.17 4.46345e-06
-0.168 4.02974e-06
-0.166 3.63672e-06
-0.164 3.28072e-06
-0.162 2.95839e-06
-0.16 2.66665e-06
-0.158 2.40273e-06
-0.156 2.16406e-06
-0.154 1.94832e-06
-0.152 1.75338e-06
-0.15 1.57732e-06
-0.148 1.41837e-06
-0.146 1.27492e-06
-0.144 1.14553e-06
-0.142 1.02886e-06
-0.14 9.23696e-07
-0.138 8.28953e-07
-0.136 7.43631e-07
-0.134 6.66823e-07
-0.132 5.9771e-07
-0.13 5.35545e-07
-0.128 4.79655e-07
-0.126 4.29425e-07
-0.124 3.84301e-07
-0.122 3.43782e-07
-0.12 3.07412e-07
-0.118 2.74779e-07
-0.116 2.45513e-07
-0.114 2.19276e-07
-0.112 1.95764e-07
-0.11 1.74704e-07
-0.108 1.55846e-07
-0.106 1.38969e-07
-0.104 1.2387e-07
-0.102 1.10367e-07
-0.1 9.82971e-08
-0.098 8.7512e-08
-0.096 7.7879e-08
-0.094 6.92787e-08
-0.092 6.16035e-08
-0.09 5.47568e-08
-0.088 4.86515e-08
-0.086 4.32097e-08
-0.084 3.83613e-08
-0.082 3.40433e-08
-0.08 3.01993e-08
-0.078 2.67786e-08
-0.076 2.3736e-08
-0.074 2.10307e-08
-0.072 1.86264e-08
-0.07 1.64904e-08
-0.068 1.45935e-08
-0.066 1.29098e-08
-0.064 1.14159e-08
-0.062 1.0091e-08
-0.06 8.9164e-09
-0.058 7.87554e-09
-0.056 6.9536e-09
-0.054 6.13736e-09
-0.052 5.41502e-09
-0.05 4.77609e-09
-0.048 4.21121e-09
-0.046 3.71206e-09
-0.044 3.27123e-09
-0.042 2.88214e-09
-0.04 2.53892e-09
-0.038 2.23641e-09
-0.036 1.96997e-09
-0.034 1.73554e-09
-0.032 1.52948e-09
-0.03 1.34861e-09
-0.028 1.1901e-09
-0.026 1.05146e-09
-0.024 9.30503e-10
-0.022 8.25295e-10
-0.02 7.3418e-10
-0.018 6.55673e-10
-0.016 5.88524e-10
-0.014 5.31631e-10
-0.012 4.84086e-10
-0.01 4.45103e-10
-0.008 4.14043e-10
-0.006 3.90402e-10
-0.004 3.73792e-10
-0.002 3.63925e-10
0 3.60661e-10
0.002 3.63924e-10
0.004 3.73789e-10
0.006 3.90402e-10
0.008 4.14044e-10
0.01 4.45102e-10
0.012 4.84088e-10
0.014 5.3163e-10
0.016 5.88521e-10
0.018 6.55672e-10
0.02 7.3418e-10
0.022 8.25297e-10
0.024 9.30503e-10
0.026 1.05146e-09
0.028 1.1901e-09
0.03 1.34861e-09
0.032 1.52948e-09
0.034 1.73554e-09
0.036 1.96997e-09
0.038 2.23641e-09
0.04 2.53892e-09
0.042 2.88213e-09
0.044 3.27123e-09
0.046 3.71206e-09
0.048 4.21121e-09
0.05 4.77609e-09
0.052 5.41502e-09
0.054 6.13735e-09
0.056 6.9536e-09
0.058 7.87554e-09
0.06 8.9164e-09
0.062 1.0091e-08
0.064 1.14159e-08
0.066 1.29098e-08
0.068 1.45935e-08
0.07 1.64904e-08
0.072 1.86264e-08
0.074 2.10307e-08
0.076 2.3736e-08
0.078 2.67786e-08
0.08 3.01993e-08
0.082 3.40433e-08
0.084 3.83613e-08
0.086 4.32097e-08
0.088 4.86515e-08
0.09 5.47568e-08
0.092 6.16035e-08
0.094 6.92787e-08
0.096 7.7879e-08
0.098 8.75119e-08
0.1 9.82971e-08
0.102 1.10367e-07
0.104 1.2387e-07
0.106 1.38969e-07
0.108 1.55846e-07
0.11 1.74704e-07
0.112 1.95764e-07
0.114 2.19276e-07
0.116 2.45513e-07
0.118 2.74779e-07
0.12 3.07412e-07
0.122 3.43782e-07
0.124 3.84301e-07
0.126 4.29425e-07
0.128 4.79655e-07
0.13 5.35545e-07
0.132 5.9771e-07
0.134 6.66823e-07
0.136 7.43631e-07
0.138 8.28953e-07
0.14 9.23696e-07
0.142 1.02886e-06
0.144 1.14553e-06
0.146 1.27492e-06
0.148 1.41837e-06
0.15 1.57732e-06
0.152 1.75338e-06
0.154 1.94832e-06
0.156 2.16406e-06
0.158 2.40273e-06
0.16 2.66665e-06
0.162 2.95839e-06
0.164 3.28072e-06
0.166 3.63672e-06
0.168 4.02974e-06
0.17 4.46345e-06
0.172 4.94186e-06
0.174 5.46936e-06
0.176 6.05075e-06
0.178 6.69126e-06
0.18 7.39661e-06
0.182 8.17304e-06
0.184 9.02737e-06
0.186 9.96701e-06
0.188 1.10001e-05
0.19 1.21353e-05
0.192 1.33824e-05
0.194 1.47517e-05
0.196 1.62547e-05
0.198 1.79035e-05
0.2 1.97118e-05
0.202 2.16941e-05
0.204 2.38661e-05
0.206 2.62451e-05
0.208 2.88496e-05
0.21 3.17e-05
0.212 3.48181e-05
0.214 3.82276e-05
0.216 4.19541e-05
0.218 4.60255e-05
0.22 5.04719e-05
0.222 5.53256e-05
0.224 6.06219e-05
0.226 6.63986e-05
0.228 7.26967e-05
0.23 7.95603e-05
0.232 8.70372e-05
0.234 9.51786e-05
0.236 0.00010404
0.238 0.000113681
0.24 0.000124165
0.242 0.000135563
0.244 0.000147947
0.246 0.000161398
0.248 0.000176002
0.25 0.00019185
0.252 0.000209042
0.254 0.000227683
0.256 0.000247887
0.258 0.000269776
0.26 0.000293481
0.262 0.000319141
0.264 0.000346906
0.266 0.000376935
0.268 0.0004094
0.27 0.000444483
0.272 0.00048238
0.274 0.000523299
0.276 0.000567461
0.278 0.000615105
0.28 0.000666481
0.282 0.000721861
0.284 0.000781529
0.286 0.000845791
0.288 0.00091497
0.29 0.000989413
0.292 0.00106948
0.294 0.00115557
0.296 0.00124809
0.298 0.00134748
0.3 0.0014542
0.302 0.00156874
0.304 0.00169164
0.306 0.00182342
0.308 0.00196469
0.31 0.00211606
0.312 0.00227818
0.314 0.00245173
0.316 0.00263746
0.318 0.00283612
0.32 0.00304852
0.322 0.00327552
0.324 0.00351801
0.326 0.00377694
0.328 0.00405332
0.33 0.00434817
0.332 0.00466261
0.334 0.00499779
0.336 0.00535492
0.338 0.00573527
0.34 0.00614018
0.342 0.00657106
0.344 0.00702935
0.346 0.00751661
0.348 0.00803442
0.35 0.00858447
0.352 0.00916851
0.354 0.00978837
0.356 0.010446
0.358 0.0111433
0.36 0.0118824
0.362 0.0126654
0.364 0.0134947
0.366 0.0143725
0.368 0.0153012
0.37 0.0162835
0.372 0.0173219
0.374 0.0184192
0.376 0.0195782
0.378 0.0208017
0.38 0.0220929
0.382 0.0234548
0.384 0.0248907
0.386 0.026404
0.388 0.027998
0.39 0.0296765
0.392 0.0314429
0.394 0.0333012
0.396 0.0352552
0.398 0.037309
0.4 0.0394666
0.402 0.0417322
0.404 0.0441103
0.406 0.0466053
0.408 0.0492217
0.41 0.0519642
0.412 0.0548375
0.414 0.0578466
0.416 0.0609964
0.418 0.0642919
0.42 0.0677385
0.422 0.0713412
0.424 0.0751055
0.426 0.0790368
0.428 0.0831407
0.43 0.0874226
0.432 0.0918883
0.434 0.0965435
0.436 0.101394
0.438 0.106446
0.44 0.111704
0.442 0.117176
0.444 0.122866
0.446 0.128781
0.448 0.134927
0.45 0.14131
0.452 0.147935
0.454 0.154809
0.456 0.161938
0.458 0.169327
0.46 0.176983
0.462 0.184911
0.464 0.193117
0.466 0.201606
0.468 0.210384
0.47 0.219457
0.472 0.228829
0.474 0.238506
0.476 0.248493
0.478 0.258794
0.48 0.269415
0.482 0.28036
0.484 0.291632
0.486 0.303237
0.488 0.315177
0.49 0.327456
0.492 0.340078
0.494 0.353044
0.496 0.366359
0.498 0.380024
0.5 0.394041
0.502 0.408411
0.504 0.423136
0.506 0.438217
0.508 0.453654
0.51 0.469446
0.512 0.485595
0.514 0.502097
0.516 0.518953
0.518 0.536161
0.52 0.553717
0.522 0.57162
0.524 0.589865
0.526 0.60845
0.528 0.627369
0.53 0.646617
0.532 0.666189
0.534 0.68608
0.536 0.706282
0.538 0.726788
0.54 0.74759
0.542 0.76868
0.544 0.790048
0.546 0.811686
0.548 0.833584
0.55 0.855729
0.552 0.878112
0.554 0.90072
0.556 0.92354
0.558 0.94656
0.56 0.969765
0.562 0.993143
0.564 1.01668
0.566 1.04035
0.568 1.06415
0.57 1.08806
0.572 1.11207
0.574 1.13614
0.576 1.16028
0.578 1.18445
0.58 1.20864
0.582 1.23284
0.584 1.25701
0.586 1.28115
0.588 1.30523
0.59 1.32923
0.592 1.35313
0.594 1.37691
0.596 1.40054
0.598 1.42401
0.6 1.4473
0.602 1.47038
0.604 1.49323
0.606 1.51582
0.608 1.53815
0.61 1.56018
0.612 1.58189
0.614 1.60326
0.616 1.62427
0.618 1.6449
0.62 1.66512
0.622 1.68492
0.624 1.70427
0.626 1.72316
0.628 1.74156
0.63 1.75945
0.632 1.77681
0.634 1.79363
0.636 1.80988
0.638 1.82555
0.64 1.84061
0.642 1.85506
0.644 1.86888
0.646 1.88204
0.648 1.89455
0.65 1.90637
0.652 1.91749
0.654 1.92791
0.656 1.93762
0.658 1.94659
0.66 1.95482
0.662 1.9623
0.664 1.96903
0.666 1.97498
0.668 1.98016
0.67 1.98456
0.672 1.98818
0.674 1.991
0.676 1.99304
0.678 1.99427
0.68 1.99471
0.682 1.99435
0.684 1.99319
0.686 1.99124
0.688 1.9885
0.69 1.98496
0.692 1.98064
0.694 1.97553
0.696 1.96966
0.698 1.96301
0.7 1.9556
0.702 1.94745
0.704 1.93855
0.706 1.92892
0.708 1.91857
0.71 1.90751
0.712 1.89576
0.714 1.88333
0.716 1.87023
0.718 1.85647
0.72 1.84209
0.722 1.82708
0.724 1.81147
0.726 1.79528
0.728 1.77852
0.73 1.76121
0.732 1.74337
0.734 1.72502
0.736 1.70618
0.738 1.68688
0.74 1.66712
0.742 1.64694
0.744 1.62635
0.746 1.60538
0.748 1.58404
0.75 1.56236
0.752 1.54036
0.754 1.51807
0.756 1.4955
0.758 1.47267
0.76 1.44962
0.762 1.42635
0.764 1.4029
0.766 1.37928
0.768 1.35551
0.77 1.33162
0.772 1.30763
0.774 1.28356
0.776 1.25943
0.778 1.23526
0.78 1.21106
0.782 1.18687
0.784 1.16269
0.786 1.13856
0.788 1.11447
0.79 1.09046
0.792 1.06654
0.794 1.04273
0.796 1.01904
0.798 0.995491
0.8 0.972098
0.802 0.948875
0.804 0.925837
0.806 0.902996
0.808 0.880367
0.81 0.857962
0.812 0.835792
0.814 0.81387
0.816 0.792206
0.818 0.770811
0.82 0.749693
0.822 0.728863
0.824 0.708328
0.826 0.688096
0.828 0.668175
0.83 0.648572
0.832 0.629292
0.834 0.610341
0.836 0.591725
0.838 0.573447
0.84 0.555512
0.842 0.537923
0.844 0.520683
0.846 0.503794
0.848 0.487258
0.85 0.471077
0.852 0.455252
0.854 0.439783
0.856 0.424671
0.858 0.409914
0.86 0.395513
0.862 0.381466
0.864 0.367771
0.866 0.354427
0.868 0.341432
0.87 0.328783
0.872 0.316477
0.874 0.304512
0.876 0.292883
0.878 0.281587
0.88 0.27062
0.882 0.259979
0.884 0.249658
0.886 0.239653
0.888 0.22996
0.89 0.220574
0.892 0.211489
0.894 0.2027
0.896 0.194203
0.898 0.185991
0.9 0.17806
0.902 0.170403
0.904 0.163015
0.906 0.155891
0.908 0.149024
0.91 0.142409
0.912 0.136041
0.914 0.129913
0.916 0.124019
0.918 0.118355
0.92 0.112913
0.922 0.10769
0.924 0.102678
0.926 0.0978722
0.928 0.0932674
0.93 0.088858
0.932 0.0846386
0.934 0.0806039
0.936 0.0767488
0.938 0.0730681
0.94 0.0695569
0.942 0.0662104
0.944 0.0630237
0.946 0.0599922
0.948 0.0571116
0.95 0.0543773
0.952 0.0517852
0.954 0.0493311
0.956 0.0470112
0.958 0.0448216
0.96 0.0427587
0.962 0.040819
0.964 0.0389992
0.966 0.037296
0.968 0.0357065
0.97 0.0342278
0.972 0.0328572
0.974 0.0315922
0.976 0.0304304
0.978 0.0293696
0.98 0.0284079
0.982 0.0275433
0.984 0.0267743
0.986 0.0260993
0.988 0.0255169
0.99 0.0250261
0.992 0.0246259
0.994 0.0243154
0.996 0.0240941
0.998 0.0239615
