-1 0.00133297
-0.998 0.00133697
-0.996 0.00134899
-0.994 0.00136909
-0.992 0.00139735
-0.99 0.0014339
-0.988 0.00147889
-0.986 0.00153251
-0.984 0.001595
-0.982 0.00166662
-0.98 0.00174769
-0.978 0.00183853
-0.976 0.00193953
-0.974 0.00205111
-0.972 0.00217374
-0.97 0.00230791
-0.968 0.00245418
-0.966 0.00261314
-0.964 0.00278541
-0.962 0.00297168
-0.96 0.00317269
-0.958 0.0033892
-0.956 0.00362205
-0.954 0.00387213
-0.952 0.00414036
-0.95 0.00442773
-0.948 0.00473531
-0.946 0.00506419
-0.944 0.00541554
-0.942 0.0057906
-0.94 0.00619066
-0.938 0.00661709
-0.936 0.00707131
-0.934 0.00755484
-0.932 0.00806924
-0.93 0.00861617
-0.928 0.00919736
-0.926 0.00981462
-0.924 0.0104698
-0.922 0.011165
-0.92 0.0119021
-0.918 0.0126833
-0.916 0.0135109
-0.914 0.0143872
-0.912 0.0153146
-0.91 0.0162957
-0.908 0.017333
-0.906 0.0184292
-0.904 0.0195872
-0.902 0.0208099
-0.9 0.0221003
-0.898 0.0234615
-0.896 0.0248968
-0.894 0.0264094
-0.892 0.028003
-0.89 0.0296809
-0.888 0.031447
-0.886 0.0333049
-0.884 0.0352585
-0.882 0.0373119
-0.88 0.0394692
-0.878 0.0417346
-0.876 0.0441125
-0.874 0.0466072
-0.872 0.0492234
-0.87 0.0519657
-0.868 0.0548389
-0.866 0.0578478
-0.864 0.0609975
-0.862 0.0642929
-0.86 0.0677394
-0.858 0.071342
-0.856 0.0751063
-0.854 0.0790375
-0.852 0.0831413
-0.85 0.0874231
-0.848 0.0918888
-0.846 0.0965439
-0.844 0.101394
-0.842 0.106446
-0.84 0.111704
-0.838 0.117176
-0.836 0.122866
-0.834 0.128781
-0.832 0.134927
-0.83 0.14131
-0.828 0.147935
-0.826 0.154809
-0.824 0.161938
-0.822 0.169327
-0.82 0.176983
-0.818 0.184911
-0.816 0.193117
-0.814 0.201606
-0.812 0.210384
-0.81 0.219457
-0.808 0.228829
-0.806 0.238506
-0.804 0.248493
-0.802 0.258794
-0.8 0.269415
-0.798 0.28036
-0.796 0.291632
-0.794 0.303237
-0.792 0.315177
-0.79 0.327456
-0.788 0.340078
-0.786 0.353044
-0.784 0.366359
-0.782 0.380024
-0.78 0.394041
-0.778 0.408411
-0.776 0.423136
-0.774 0.438217
-0.772 0.453654
-0.77 0.469446
-0.768 0.485595
-0.766 0.502097
-0.764 0.518953
-0.762 0.536161
-0.76 0.553717
-0.758 0.57162
-0.756 0.589865
-0.754 0.60845
-0.752 0.627369
-0.75 0.646617
-0.748 0.666189
-0.746 0.68608
-0.744 0.706282
-0.742 0.726788
-0.74 0.74759
-0.738 0.76868
-0.736 0.790048
-0.734 0.811686
-0.732 0.833584
-0.73 0.855729
-0.728 0.878112
-0.726 0.90072
-0.724 0.92354
-0.722 0.94656
-0.72 0.969765
-0.718 0.993143
-0.716 1.01668
-0.714 1.04035
-0.712 1.06415
-0.71 1.08806
-0.708 1.11207
-0.706 1.13614
-0.704 1.16028
-0.702 1.18445
-0.7 1.20864
-0.698 1.23284
-0.696 1.25701
-0.694 1.28115
-0.692 1.30523
-0.69 1.32923
-0.688 1.35313
-0.686 1.37691
-0.684 1.40054
-0.682 1.42401
-0.68 1.4473
-0.678 1.47038
-0.676 1.49323
-0.674 1.51582
-0.672 1.53815
-0.67 1.56018
-0.668 1.58189
-0.666 1.60326
-0.664 1.62427
-0.662 1.6449
-0.66 1.66512
-0.658 1.68492
-0.656 1.70427
-0.654 1.72316
-0.652 1.74156
-0.65 1.75945
-0.648 1.77681
-0.646 1.79363
-0.644 1.80988
-0.642 1.82555
-0.64 1.84061
-0.638 1.85506
-0.636 1.86888
-0.634 1.88204
-0.632 1.89455
-0.63 1.90637
-0.628 1.91749
-0.626 1.92791
-0.624 1.93762
-0.622 1.94659
-0.62 1.95482
-0.618 1.9623
-0.616 1.96903
-0.614 1.97498
-0.612 1.98016
-0.61 1.98456
-0.608 1.98818
-0.606 1.991
-0.604 1.99304
-0.602 1.99427
-0.6 1.99471
-0.598 1.99435
-0.596 1.99319
-0.594 1.99124
-0.592 1.9885
-0.59 1.98496
-0.588 1.98064
-0.586 1.97553
-0.584 1.96966
-0.582 1.96301
-0.58 1.9556
-0.578 1.94745
-0.576 1.93855
-0.574 1.92892
-0.572 1.91857
-0.57 1.90751
-0.568 1.89576
-0.566 1.88332
-0.564 1.87023
-0.562 1.85647
-0.56 1.84209
-0.558 1.82708
-0.556 1.81147
-0.554 1.79528
-0.552 1.77852
-0.55 1.76121
-0.548 1.74337
-0.546 1.72502
-0.544 1.70618
-0.542 1.68688
-0.54 1.66712
-0.538 1.64694
-0.536 1.62635
-0.534 1.60538
-0.532 1.58404
-0.53 1.56236
-0.528 1.54036
-0.526 1.51807
-0.524 1.4955
-0.522 1.47267
-0.52 1.44962
-0.518 1.42635
-0.516 1.4029
-0.514 1.37928
-0.512 1.35551
-0.51 1.33162
-0.508 1.30763
-0.506 1.28356
-0.504 1.25943
-0.502 1.23526
-0.5 1.21106
-0.498 1.18687
-0.496 1.16269
-0.494 1.13855
-0.492 1.11447
-0.49 1.09046
-0.488 1.06654
-0.486 1.04273
-0.484 1.01904
-0.482 0.995489
-0.48 0.972096
-0.478 0.948872
-0.476 0.925833
-0.474 0.902992
-0.472 0.880363
-0.47 0.857957
-0.468 0.835787
-0.466 0.813865
-0.464 0.7922
-0.462 0.770804
-0.46 0.749686
-0.458 0.728855
-0.456 0.708319
-0.454 0.688086
-0.452 0.668164
-0.45 0.64856
-0.448 0.629279
-0.446 0.610327
-0.444 0.591709
-0.442 0.573429
-0.44 0.555492
-0.438 0.537901
-0.436 0.520658
-0.434 0.503767
-0.432 0.487229
-0.43 0.471045
-0.428 0.455217
-0.426 0.439745
-0.424 0.424628
-0.422 0.409868
-0.42 0.395462
-0.418 0.38141
-0.416 0.36771
-0.414 0.35436
-0.412 0.341359
-0.41 0.328703
-0.408 0.31639
-0.406 0.304416
-0.404 0.292778
-0.402 0.281472
-0.4 0.270495
-0.398 0.259842
-0.396 0.249509
-0.394 0.239491
-0.392 0.229783
-0.39 0.22038
-0.388 0.211278
-0.386 0.202471
-0.384 0.193953
-0.382 0.185719
-0.38 0.177764
-0.378 0.170081
-0.376 0.162665
-0.374 0.155511
-0.372 0.148611
-0.37 0.141961
-0.368 0.135555
-0.366 0.129385
-0.364 0.123447
-0.362 0.117735
-0.36 0.112242
-0.358 0.106962
-0.356 0.10189
-0.354 0.0970197
-0.352 0.0923453
-0.35 0.0878609
-0.348 0.0835608
-0.346 0.0794394
-0.344 0.0754911
-0.342 0.0717103
-0.34 0.0680916
-0.338 0.0646297
-0.336 0.0613193
-0.334 0.0581551
-0.332 0.0551322
-0.33 0.0522455
-0.328 0.0494902
-0.326 0.0468614
-0.324 0.0443545
-0.322 0.0419649
-0.32 0.0396882
-0.318 0.03752
-0.316 0.0354561
-0.314 0.0334923
-0.312 0.0316246
-0.31 0.0298491
-0.308 0.028162
-0.306 0.0265597
-0.304 0.0250385
-0.302 0.023595
-0.3 0.0222258
-0.298 0.0209277
-0.296 0.0196975
-0.294 0.0185323
-0.292 0.017429
-0.29 0.0163848
-0.288 0.015397
-0.286 0.014463
-0.284 0.0135802
-0.282 0.0127462
-0.28 0.0119586
-0.278 0.0112152
-0.276 0.0105138
-0.274 0.00985238
-0.272 0.00922884
-0.27 0.0086413
-0.268 0.00808793
-0.266 0.00756697
-0.264 0.00707674
-0.262 0.00661562
-0.26 0.00618207
-0.258 0.00577462
-0.256 0.00539187
-0.254 0.00503248
-0.252 0.00469516
-0.25 0.0043787
-0.248 0.00408194
-0.246 0.00380377
-0.244 0.00354314
-0.242 0.00329904
-0.24 0.00307053
-0.238 0.00285671
-0.236 0.00265672
-0.234 0.00246974
-0.232 0.002295
-0.23 0.00213177
-0.228 0.00197935
-0.226 0.0018371
-0.224 0.0017044
-0.222 0.00158064
-0.22 0.00146529
-0.218 0.00135781
-0.216 0.00125771
-0.214 0.00116452
-0.212 0.00107781
-0.21 0.000997154
-0.208 0.000922165
-0.206 0.000852476
-0.204 0.000787737
-0.202 0.000727624
-0.2 0.000671829
-0.198 0.000620065
-0.196 0.00057206
-0.194 0.00052756
-0.192 0.000486328
-0.19 0.000448139
-0.188 0.000412783
-0.186 0.000380065
-0.184 0.0003498
-0.182 0.000321817
-0.18 0.000295953
-0.178 0.00027206
-0.176 0.000249995
-0.174 0.000229628
-0.172 0.000210836
-0.17 0.000193504
-0.168 0.000177527
-0.166 0.000162803
-0.164 0.000149241
-0.162 0.000136753
-0.16 0.000125261
-0.158 0.000114688
-0.156 0.000104966
-0.154 9.60297e-05
-0.152 8.7819e-05
-0.15 8.02781e-05
-0.148 7.33554e-05
-0.146 6.70029e-05
-0.144 6.11761e-05
-0.142 5.58336e-05
-0.14 5.09373e-05
-0.138 4.64518e-05
-0.136 4.23443e-05
-0.134 3.85846e-05
-0.132 3.51447e-05
-0.13 3.19986e-05
-0.128 2.91225e-05
-0.126 2.64944e-05
-0.124 2.40937e-05
-0.122 2.19019e-05
-0.12 1.99014e-05
-0.118 1.80765e-05
-0.116 1.64123e-05
-0.114 1.48954e-05
-0.112 1.35132e-05
-0.11 1.22545e-05
-0.108 1.11085e-05
-0.106 1.00657e-05
-0.104 9.11709e-06
-0.102 8.2546e-06
-0.1 7.47072e-06
-0.098 6.75858e-06
-0.096 6.11188e-06
-0.094 5.52485e-06
-0.092 4.99221e-06
-0.09 4.50912e-06
-0.088 4.07116e-06
-0.086 3.67427e-06
-0.084 3.31475e-06
-0.082 2.98922e-06
-0.08 2.69459e-06
-0.078 2.42804e-06
-0.076 2.18699e-06
-0.074 1.9691e-06
-0.072 1.77222e-06
-0.07 1.5944e-06
-0.068 1.43387e-06
-0.066 1.28901e-06
-0.064 1.15835e-06
-0.062 1.04054e-06
-0.06 9.34371e-07
-0.058 8.38735e-07
-0.056 7.52628e-07
-0.054 6.75138e-07
-0.052 6.05438e-07
-0.05 5.42778e-07
-0.048 4.86477e-07
-0.046 4.35921e-07
-0.044 3.90553e-07
-0.042 3.49868e-07
-0.04 3.13412e-07
-0.038 2.80774e-07
-0.036 2.51584e-07
-0.034 2.25507e-07
-0.032 2.02243e-07
-0.03 1.81523e-07
-0.028 1.63105e-07
-0.026 1.46772e-07
-0.024 1.32331e-07
-0.022 1.19611e-07
-0.02 1.08459e-07
-0.018 9.87415e-08
-0.016 9.03408e-08
-0.014 8.31549e-08
-0.012 7.70963e-08
-0.01 7.20908e-08
-0.008 6.80769e-08
-0.006 6.50053e-08
-0.004 6.2838e-08
-0.002 6.15482e-08
0 6.11201e-08
0.002 6.15482e-08
0.004 6.2838e-08
0.006 6.50053e-08
0.008 6.80769e-08
0.01 7.20908e-08
0.012 7.70963e-08
0.014 8.31549e-08
0.016 9.03408e-08
0.018 9.87415e-08
0.02 1.08459e-07
0.022 1.19611e-07
0.024 1.32331e-07
0.026 1.46772e-07
0.028 1.63105e-07
0.03 1.81523e-07
0.032 2.02243e-07
0.034 2.25507e-07
0.036 2.51584e-07
0.038 2.80774e-07
0.04 3.13412e-07
0.042 3.49868e-07
0.044 3.90553e-07
0.046 4.35921e-07
0.048 4.86477e-07
0.05 5.42778e-07
0.052 6.05438e-07
0.054 6.75138e-07
0.056 7.52628e-07
0.058 8.38735e-07
0.06 9.34371e-07
0.062 1.04054e-06
0.064 1.15835e-06
0.066 1.28901e-06
0.068 1.43387e-06
0.07 1.5944e-06
0.072 1.77222e-06
0.074 1.9691e-06
0.076 2.18699e-06
0.078 2.42804e-06
0.08 2.69459e-06
0.082 2.98922e-06
0.084 3.31475e-06
0.086 3.67427e-06
0.088 4.07116e-06
0.09 4.50912e-06
0.092 4.99221e-06
0.094 5.52485e-06
0.096 6.11188e-06
0.098 6.75858e-06
0.1 7.47072e-06
0.102 8.2546e-06
0.104 9.11709e-06
0.106 1.00657e-05
0.108 1.11085e-05
0.11 1.22545e-05
0.112 1.35132e-05
0.114 1.48954e-05
0.116 1.64123e-05
0.118 1.80765e-05
0.12 1.99014e-05
0.122 2.19019e-05
0.124 2.40937e-05
0.126 2.64944e-05
0.128 2.91225e-05
0.13 3.19986e-05
0.132 3.51447e-05
0.134 3.85846e-05
0.136 4.23443e-05
0.138 4.64518e-05
0.14 5.09373e-05
0.142 5.58336e-05
0.144 6.11761e-05
0.146 6.70029e-05
0.148 7.33554e-05
0.15 8.02781e-05
0.152 8.7819e-05
0.154 9.60297e-05
0.156 0.000104966
0.158 0.000114688
0.16 0.000125261
0.162 0.000136753
0.164 0.000149241
0.166 0.000162803
0.168 0.000177527
0.17 0.000193504
0.172 0.000210836
0.174 0.000229628
0.176 0.000249995
0.178 0.00027206
0.18 0.000295953
0.182 0.000321817
0.184 0.0003498
0.186 0.000380065
0.188 0.000412783
0.19 0.000448139
0.192 0.000486328
0.194 0.00052756
0.196 0.00057206
0.198 0.000620065
0.2 0.000671829
0.202 0.000727624
0.204 0.000787737
0.206 0.000852476
0.208 0.000922165
0.21 0.000997154
0.212 0.00107781
0.214 0.00116452
0.216 0.00125771
0.218 0.00135781
0.22 0.00146529
0.222 0.00158064
0.224 0.0017044
0.226 0.0018371
0.228 0.00197935
0.23 0.00213177
0.232 0.002295
0.234 0.00246974
0.236 0.00265672
0.238 0.00285671
0.24 0.00307053
0.242 0.00329904
0.244 0.00354314
0.246 0.00380377
0.248 0.00408194
0.25 0.0043787
0.252 0.00469516
0.254 0.00503248
0.256 0.00539187
0.258 0.00577462
0.26 0.00618207
0.262 0.00661562
0.264 0.00707674
0.266 0.00756697
0.268 0.00808793
0.27 0.0086413
0.272 0.00922884
0.274 0.00985238
0.276 0.0105138
0.278 0.0112152
0.28 0.0119586
0.282 0.0127462
0.284 0.0135802
0.286 0.014463
0.288 0.015397
0.29 0.0163848
0.292 0.017429
0.294 0.0185323
0.296 0.0196975
0.298 0.0209277
0.3 0.0222258
0.302 0.023595
0.304 0.0250385
0.306 0.0265597
0.308 0.028162
0.31 0.0298491
0.312 0.0316246
0.314 0.0334923
0.316 0.0354561
0.318 0.03752
0.32 0.0396882
0.322 0.0419649
0.324 0.0443545
0.326 0.0468614
0.328 0.0494902
0.33 0.0522455
0.332 0.0551322
0.334 0.0581551
0.336 0.0613193
0.338 0.0646297
0.34 0.0680916
0.342 0.0717103
0.344 0.0754911
0.346 0.0794394
0.348 0.0835608
0.35 0.0878609
0.352 0.0923453
0.354 0.0970197
0.356 0.10189
0.358 0.106962
0.36 0.112242
0.362 0.117735
0.364 0.123447
0.366 0.129385
0.368 0.135555
0.37 0.141961
0.372 0.148611
0.374 0.155511
0.376 0.162665
0.378 0.170081
0.38 0.177764
0.382 0.185719
0.384 0.193953
0.386 0.202471
0.388 0.211278
0.39 0.22038
0.392 0.229783
0.394 0.239491
0.396 0.249509
0.398 0.259842
0.4 0.270495
0.402 0.281472
0.404 0.292778
0.406 0.304416
0.408 0.31639
0.41 0.328703
0.412 0.341359
0.414 0.35436
0.416 0.36771
0.418 0.38141
0.42 0.395462
0.422 0.409868
0.424 0.424628
0.426 0.439745
0.428 0.455217
0.43 0.471045
0.432 0.487229
0.434 0.503767
0.436 0.520658
0.438 0.537901
0.44 0.555492
0.442 0.573429
0.444 0.591709
0.446 0.610327
0.448 0.629279
0.45 0.64856
0.452 0.668164
0.454 0.688086
0.456 0.708319
0.458 0.728855
0.46 0.749686
0.462 0.770804
0.464 0.7922
0.466 0.813865
0.468 0.835787
0.47 0.857957
0.472 0.880363
0.474 0.902992
0.476 0.925833
0.478 0.948872
0.48 0.972096
0.482 0.995489
0.484 1.01904
0.486 1.04273
0.488 1.06654
0.49 1.09046
0.492 1.11447
0.494 1.13855
0.496 1.16269
0.498 1.18687
0.5 1.21106
0.502 1.23526
0.504 1.25943
0.506 1.28356
0.508 1.30763
0.51 1.33162
0.512 1.35551
0.514 1.37928
0.516 1.4029
0.518 1.42635
0.52 1.44962
0.522 1.47267
0.524 1.4955
0.526 1.51807
0.528 1.54036
0.53 1.56236
0.532 1.58404
0.534 1.60538
0.536 1.62635
0.538 1.64694
0.54 1.66712
0.542 1.68688
0.544 1.70618
0.546 1.72502
0.548 1.74337
0.55 1.76121
0.552 1.77852
0.554 1.79528
0.556 1.81147
0.558 1.82708
0.56 1.84209
0.562 1.85647
0.564 1.87023
0.566 1.88332
0.568 1.89576
0.57 1.90751
0.572 1.91857
0.574 1.92892
0.576 1.93855
0.578 1.94745
0.58 1.9556
0.582 1.96301
0.584 1.96966
0.586 1.97553
0.588 1.98064
0.59 1.98496
0.592 1.9885
0.594 1.99124
0.596 1.99319
0.598 1.99435
0.6 1.99471
0.602 1.99427
0.604 1.99304
0.606 1.991
0.608 1.98818
0.61 1.98456
0.612 1.98016
0.614 1.97498
0.616 1.96903
0.618 1.9623
0.62 1.95482
0.622 1.94659
0.624 1.93762
0.626 1.92791
0.628 1.91749
0.63 1.90637
0.632 1.89455
0.634 1.88204
0.636 1.86888
0.638 1.85506
0.64 1.84061
0.642 1.82555
0.644 1.80988
0.646 1.79363
0.648 1.77681
0.65 1.75945
0.652 1.74156
0.654 1.72316
0.656 1.70427
0.658 1.68492
0.66 1.66512
0.662 1.6449
0.664 1.62427
0.666 1.60326
0.668 1.58189
0.67 1.56018
0.672 1.53815
0.674 1.51582
0.676 1.49323
0.678 1.47038
0.68 1.4473
0.682 1.42401
0.684 1.40054
0.686 1.37691
0.688 1.35313
0.69 1.32923
0.692 1.30523
0.694 1.28115
0.696 1.25701
0.698 1.23284
0.7 1.20864
0.702 1.18445
0.704 1.16028
0.706 1.13614
0.708 1.11207
0.71 1.08806
0.712 1.06415
0.714 1.04035
0.716 1.01668
0.718 0.993143
0.72 0.969765
0.722 0.94656
0.724 0.92354
0.726 0.90072
0.728 0.878112
0.73 0.855729
0.732 0.833584
0.734 0.811686
0.736 0.790048
0.738 0.76868
0.74 0.74759
0.742 0.726788
0.744 0.706282
0.746 0.68608
0.748 0.666189
0.75 0.646617
0.752 0.627369
0.754 0.60845
0.756 0.589865
0.758 0.57162
0.76 0.553717
0.762 0.536161
0.764 0.518953
0.766 0.502097
0.768 0.485595
0.77 0.469446
0.772 0.453654
0.774 0.438217
0.776 0.423136
0.778 0.408411
0.78 0.394041
0.782 0.380024
0.784 0.366359
0.786 0.353044
0.788 0.340078
0.79 0.327456
0.792 0.315177
0.794 0.303237
0.796 0.291632
0.798 0.28036
0.8 0.269415
0.802 0.258794
0.804 0.248493
0.806 0.238506
0.808 0.228829
0.81 0.219457
0.812 0.210384
0.814 0.201606
0.816 0.193117
0.818 0.184911
0.82 0.176983
0.822 0.169327
0.824 0.161938
0.826 0.154809
0.828 0.147935
0.83 0.14131
0.832 0.134927
0.834 0.128781
0.836 0.122866
0.838 0.117176
0.84 0.111704
0.842 0.106446
0.844 0.101394
0.846 0.0965439
0.848 0.0918888
0.85 0.0874231
0.852 0.0831413
0.854 0.0790375
0.856 0.0751063
0.858 0.071342
0.86 0.0677394
0.862 0.0642929
0.864 0.0609975
0.866 0.0578478
0.868 0.0548389
0.87 0.0519657
0.872 0.0492234
0.874 0.0466072
0.876 0.0441125
0.878 0.0417346
0.88 0.0394692
0.882 0.0373119
0.884 0.0352585
0.886 0.0333049
0.888 0.031447
0.89 0.0296809
0.892 0.028003
0.894 0.0264094
0.896 0.0248968
0.898 0.0234615
0.9 0.0221003
0.902 0.0208099
0.904 0.0195872
0.906 0.0184292
0.908 0.017333
0.91 0.0162957
0.912 0.0153146
0.914 0.0143872
0.916 0.0135109
0.918 0.0126833
0.92 0.0119021
0.922 0.011165
0.924 0.0104698
0.926 0.00981462
0.928 0.00919736
0.93 0.00861617
0.932 0.00806924
0.934 0.00755484
0.936 0.00707131
0.938 0.00661709
0.94 0.00619066
0.942 0.0057906
0.944 0.00541554
0.946 0.00506419
0.948 0.00473531
0.95 0.00442773
0.952 0.00414036
0.954 0.00387213
0.956 0.00362205
0.958 0.0033892
0.96 0.00317269
0.962 0.00297168
0.964 0.00278541
0.966 0.00261314
0.968 0.00245418
0.97 0.00230791
0.972 0.00217374
0.974 0.00205111
0.976 0.00193953
0.978 0.00183853
0.98 0.00174769
0.982 0.00166662
0.984 0.001595
0.986 0.00153251
0.988 0.00147889
0.99 0.0014339
0.992 0.00139735
0.994 0.00136909
0.996 0.00134899
0.998 0.00133697
