-1 0.761749
-0.99 0.761822
-0.98 0.761196
-0.97 0.760715
-0.96 0.759544
-0.95 0.758504
-0.94 0.756799
-0.93 0.755196
-0.92 0.752977
-0.91 0.750801
-0.9 0.748097
-0.89 0.745338
-0.88 0.742183
-0.87 0.738828
-0.86 0.735256
-0.85 0.731305
-0.84 0.727338
-0.83 0.722813
-0.82 0.718444
-0.81 0.713408
-0.8 0.708592
-0.79 0.703146
-0.78 0.697812
-0.77 0.692069
-0.76 0.686163
-0.75 0.680193
-0.74 0.673737
-0.73 0.667507
-0.72 0.660643
-0.71 0.654015
-0.7 0.646953
-0.69 0.639792
-0.68 0.632651
-0.67 0.625
-0.66 0.617671
-0.65 0.609795
-0.64 0.60203
-0.63 0.594184
-0.62 0.585926
-0.61 0.578026
-0.6 0.5696
-0.59 0.5613
-0.58 0.553031
-0.57 0.544296
-0.56 0.535977
-0.55 0.527288
-0.54 0.518507
-0.53 0.51006
-0.52 0.501085
-0.51 0.492364
-0.5 0.483745
-0.49 0.474651
-0.48 0.466003
-0.47 0.457256
-0.46 0.448157
-0.45 0.43958
-0.44 0.430804
-0.43 0.421753
-0.42 0.413263
-0.41 0.404572
-0.4 0.395595
-0.39 0.387203
-0.38 0.378721
-0.37 0.369848
-0.36 0.361528
-0.35 0.353372
-0.34 0.344704
-0.33 0.336366
-0.32 0.328564
-0.31 0.320343
-0.3 0.311951
-0.29 0.304268
-0.28 0.296752
-0.27 0.288662
-0.26 0.280704
-0.25 0.273551
-0.24 0.266464
-0.23 0.25873
-0.22 0.251013
-0.21 0.244194
-0.2 0.237899
-0.19 0.231068
-0.18 0.22348
-0.17 0.2161
-0.16 0.210084
-0.15 0.205852
-0.14 0.203046
-0.13 0.201042
-0.12 0.199376
-0.11 0.197845
-0.1 0.196411
-0.09 0.19509
-0.08 0.193899
-0.07 0.192845
-0.06 0.191929
-0.05 0.191152
-0.04 0.190515
-0.03 0.190019
-0.02 0.189664
-0.01 0.189451
0 0.18938
0.01 0.189451
0.02 0.189664
0.03 0.190019
0.04 0.190515
0.05 0.191152
0.06 0.191929
0.07 0.192845
0.08 0.193899
0.09 0.19509
0.1 0.196411
0.11 0.197845
0.12 0.199376
0.13 0.201042
0.14 0.203046
0.15 0.205852
0.16 0.210084
0.17 0.2161
0.18 0.22348
0.19 0.231068
0.2 0.237899
0.21 0.244194
0.22 0.251013
0.23 0.25873
0.24 0.266464
0.25 0.273551
0.26 0.280704
0.27 0.288662
0.28 0.296752
0.29 0.304268
0.3 0.311951
0.31 0.320343
0.32 0.328564
0.33 0.336366
0.34 0.344704
0.35 0.353372
0.36 0.361528
0.37 0.369848
0.38 0.378721
0.39 0.387203
0.4 0.395595
0.41 0.404572
0.42 0.413263
0.43 0.421753
0.44 0.430804
0.45 0.43958
0.46 0.448157
0.47 0.457256
0.48 0.466003
0.49 0.474651
0.5 0.483745
0.51 0.492364
0.52 0.501085
0.53 0.51006
0.54 0.518507
0.55 0.527288
0.56 0.535977
0.57 0.544296
0.58 0.553031
0.59 0.5613
0.6 0.5696
0.61 0.578026
0.62 0.585926
0.63 0.594184
0.64 0.60203
0.65 0.609795
0.66 0.617671
0.67 0.625
0.68 0.632651
0.69 0.639792
0.7 0.646953
0.71 0.654015
0.72 0.660643
0.73 0.667507
0.74 0.673737
0.75 0.680193
0.76 0.686163
0.77 0.692069
0.78 0.697812
0.79 0.703146
0.8 0.708592
0.81 0.713408
0.82 0.718444
0.83 0.722813
0.84 0.727338
0.85 0.731305
0.86 0.735256
0.87 0.738828
0.88 0.742183
0.89 0.745338
0.9 0.748097
0.91 0.750801
0.92 0.752977
0.93 0.755196
0.94 0.756799
0.95 0.758504
0.96 0.759544
0.97 0.760715
0.98 0.761196
0.99 0.761822
