-1 1.37775e-09
-0.998 1.38951e-09
-0.996 1.42492e-09
-0.994 1.48456e-09
-0.992 1.56933e-09
-0.99 1.68055e-09
-0.988 1.81991e-09
-0.986 1.98955e-09
-0.984 2.19205e-09
-0.982 2.4305e-09
-0.98 2.70849e-09
-0.978 3.03023e-09
-0.976 3.40053e-09
-0.974 3.82492e-09
-0.972 4.30969e-09
-0.97 4.862e-09
-0.968 5.48996e-09
-0.966 6.20271e-09
-0.964 7.01059e-09
-0.962 7.92524e-09
-0.96 8.95975e-09
-0.958 1.01288e-08
-0.956 1.1449e-08
-0.954 1.29387e-08
-0.952 1.46188e-08
-0.95 1.65125e-08
-0.948 1.86458e-08
-0.946 2.10478e-08
-0.944 2.37511e-08
-0.942 2.6792e-08
-0.94 3.02112e-08
-0.938 3.4054e-08
-0.936 3.83709e-08
-0.934 4.32185e-08
-0.932 4.86596e-08
-0.93 5.47643e-08
-0.928 6.16106e-08
-0.926 6.92855e-08
-0.924 7.78856e-08
-0.922 8.75184e-08
-0.92 9.83036e-08
-0.918 1.10374e-07
-0.916 1.23877e-07
-0.914 1.38976e-07
-0.912 1.55854e-07
-0.91 1.74711e-07
-0.908 1.95772e-07
-0.906 2.19284e-07
-0.904 2.45522e-07
-0.902 2.74789e-07
-0.9 3.07423e-07
-0.898 3.43794e-07
-0.896 3.84314e-07
-0.894 4.29439e-07
-0.892 4.7967e-07
-0.89 5.35562e-07
-0.888 5.97728e-07
-0.886 6.66843e-07
-0.884 7.43652e-07
-0.882 8.28976e-07
-0.88 9.23722e-07
-0.878 1.02888e-06
-0.876 1.14556e-06
-0.874 1.27496e-06
-0.872 1.4184e-06
-0.87 1.57736e-06
-0.868 1.75342e-06
-0.866 1.94836e-06
-0.864 2.16411e-06
-0.862 2.40278e-06
-0.86 2.66671e-06
-0.858 2.95845e-06
-0.856 3.28079e-06
-0.854 3.6368e-06
-0.852 4.02982e-06
-0.85 4.46354e-06
-0.848 4.94196e-06
-0.846 5.46946e-06
-0.844 6.05086e-06
-0.842 6.69137e-06
-0.84 7.39673e-06
-0.838 8.17318e-06
-0.836 9.02751e-06
-0.834 9.96717e-06
-0.832 1.10002e-05
-0.83 1.21355e-05
-0.828 1.33826e-05
-0.826 1.47519e-05
-0.824 1.62549e-05
-0.822 1.79038e-05
-0.82 1.97121e-05
-0.818 2.16943e-05
-0.816 2.38664e-05
-0.814 2.62454e-05
-0.812 2.885e-05
-0.81 3.17004e-05
-0.808 3.48185e-05
-0.806 3.8228e-05
-0.804 4.19546e-05
-0.802 4.6026e-05
-0.8 5.04724e-05
-0.798 5.53262e-05
-0.796 6.06225e-05
-0.794 6.63992e-05
-0.792 7.26973e-05
-0.79 7.9561e-05
-0.788 8.70379e-05
-0.786 9.51794e-05
-0.784 0.000104041
-0.782 0.000113682
-0.78 0.000124166
-0.778 0.000135564
-0.776 0.000147948
-0.774 0.000161399
-0.772 0.000176003
-0.77 0.000191851
-0.768 0.000209043
-0.766 0.000227684
-0.764 0.000247889
-0.762 0.000269778
-0.76 0.000293483
-0.758 0.000319143
-0.756 0.000346907
-0.754 0.000376937
-0.752 0.000409402
-0.75 0.000444485
-0.748 0.000482382
-0.746 0.000523301
-0.744 0.000567464
-0.742 0.000615107
-0.74 0.000666484
-0.738 0.000721863
-0.736 0.000781532
-0.734 0.000845794
-0.732 0.000914973
-0.73 0.000989416
-0.728 0.00106949
-0.726 0.00115558
-0.724 0.0012481
-0.722 0.00134748
-0.72 0.0014542
-0.718 0.00156875
-0.716 0.00169164
-0.714 0.00182343
-0.712 0.0019647
-0.71 0.00211606
-0.708 0.00227818
-0.706 0.00245174
-0.704 0.00263746
-0.702 0.00283612
-0.7 0.00304852
-0.698 0.00327552
-0.696 0.00351801
-0.694 0.00377695
-0.692 0.00405332
-0.69 0.00434818
-0.688 0.00466261
-0.686 0.00499779
-0.684 0.00535492
-0.682 0.00573528
-0.68 0.00614019
-0.678 0.00657106
-0.676 0.00702936
-0.674 0.00751661
-0.672 0.00803443
-0.67 0.00858448
-0.668 0.00916851
-0.666 0.00978837
-0.664 0.010446
-0.662 0.0111433
-0.66 0.0118824
-0.658 0.0126654
-0.656 0.0134947
-0.654 0.0143725
-0.652 0.0153013
-0.65 0.0162835
-0.648 0.017322
-0.646 0.0184192
-0.644 0.0195782
-0.642 0.0208017
-0.64 0.0220929
-0.638 0.0234548
-0.636 0.0248907
-0.634 0.026404
-0.632 0.027998
-0.63 0.0296765
-0.628 0.0314429
-0.626 0.0333012
-0.624 0.0352552
-0.622 0.037309
-0.62 0.0394666
-0.618 0.0417322
-0.616 0.0441103
-0.614 0.0466053
-0.612 0.0492217
-0.61 0.0519641
-0.608 0.0548375
-0.606 0.0578466
-0.604 0.0609963
-0.602 0.0642919
-0.6 0.0677384
-0.598 0.0713412
-0.596 0.0751055
-0.594 0.0790368
-0.592 0.0831407
-0.59 0.0874226
-0.588 0.0918883
-0.586 0.0965435
-0.584 0.101394
-0.582 0.106446
-0.58 0.111704
-0.578 0.117176
-0.576 0.122866
-0.574 0.128781
-0.572 0.134927
-0.57 0.14131
-0.568 0.147935
-0.566 0.154809
-0.564 0.161938
-0.562 0.169327
-0.56 0.176983
-0.558 0.184911
-0.556 0.193117
-0.554 0.201606
-0.552 0.210384
-0.55 0.219456
-0.548 0.228829
-0.546 0.238506
-0.544 0.248493
-0.542 0.258794
-0.54 0.269415
-0.538 0.28036
-0.536 0.291632
-0.534 0.303237
-0.532 0.315177
-0.53 0.327456
-0.528 0.340078
-0.526 0.353044
-0.524 0.366359
-0.522 0.380024
-0.52 0.394041
-0.518 0.408411
-0.516 0.423136
-0.514 0.438217
-0.512 0.453654
-0.51 0.469446
-0.508 0.485595
-0.506 0.502097
-0.504 0.518953
-0.502 0.536161
-0.5 0.553717
-0.498 0.57162
-0.496 0.589865
-0.494 0.60845
-0.492 0.627369
-0.49 0.646617
-0.488 0.666189
-0.486 0.68608
-0.484 0.706282
-0.482 0.726787
-0.48 0.74759
-0.478 0.76868
-0.476 0.790048
-0.474 0.811686
-0.472 0.833584
-0.47 0.855729
-0.468 0.878112
-0.466 0.90072
-0.464 0.92354
-0.462 0.94656
-0.46 0.969765
-0.458 0.993143
-0.456 1.01668
-0.454 1.04035
-0.452 1.06415
-0.45 1.08806
-0.448 1.11207
-0.446 1.13614
-0.444 1.16028
-0.442 1.18445
-0.44 1.20864
-0.438 1.23284
-0.436 1.25701
-0.434 1.28115
-0.432 1.30523
-0.43 1.32923
-0.428 1.35313
-0.426 1.37691
-0.424 1.40054
-0.422 1.42401
-0.42 1.4473
-0.418 1.47038
-0.416 1.49323
-0.414 1.51582
-0.412 1.53815
-0.41 1.56018
-0.408 1.58189
-0.406 1.60326
-0.404 1.62427
-0.402 1.6449
-0.4 1.66512
-0.398 1.68492
-0.396 1.70427
-0.394 1.72316
-0.392 1.74156
-0.39 1.75945
-0.388 1.77681
-0.386 1.79363
-0.384 1.80988
-0.382 1.82555
-0.38 1.84061
-0.378 1.85506
-0.376 1.86888
-0.374 1.88204
-0.372 1.89455
-0.37 1.90637
-0.368 1.91749
-0.366 1.92791
-0.364 1.93762
-0.362 1.94659
-0.36 1.95482
-0.358 1.9623
-0.356 1.96903
-0.354 1.97498
-0.352 1.98016
-0.35 1.98456
-0.348 1.98818
-0.346 1.991
-0.344 1.99304
-0.342 1.99427
-0.34 1.99471
-0.338 1.99435
-0.336 1.99319
-0.334 1.99124
-0.332 1.9885
-0.33 1.98496
-0.328 1.98064
-0.326 1.97553
-0.324 1.96966
-0.322 1.96301
-0.32 1.9556
-0.318 1.94745
-0.316 1.93855
-0.314 1.92892
-0.312 1.91857
-0.31 1.90751
-0.308 1.89576
-0.306 1.88332
-0.304 1.87023
-0.302 1.85647
-0.3 1.84209
-0.298 1.82708
-0.296 1.81147
-0.294 1.79528
-0.292 1.77852
-0.29 1.76121
-0.288 1.74337
-0.286 1.72502
-0.284 1.70618
-0.282 1.68688
-0.28 1.66712
-0.278 1.64694
-0.276 1.62635
-0.274 1.60538
-0.272 1.58404
-0.27 1.56236
-0.268 1.54036
-0.266 1.51807
-0.264 1.4955
-0.262 1.47267
-0.26 1.44962
-0.258 1.42635
-0.256 1.4029
-0.254 1.37928
-0.252 1.35551
-0.25 1.33162
-0.248 1.30763
-0.246 1.28356
-0.244 1.25943
-0.242 1.23526
-0.24 1.21106
-0.238 1.18687
-0.236 1.16269
-0.234 1.13855
-0.232 1.11447
-0.23 1.09046
-0.228 1.06654
-0.226 1.04273
-0.224 1.01904
-0.222 0.995489
-0.22 0.972096
-0.218 0.948873
-0.216 0.925834
-0.214 0.902993
-0.212 0.880363
-0.21 0.857958
-0.208 0.835788
-0.206 0.813865
-0.204 0.792201
-0.202 0.770805
-0.2 0.749687
-0.198 0.728856
-0.196 0.70832
-0.194 0.688088
-0.192 0.668166
-0.19 0.648561
-0.188 0.62928
-0.186 0.610329
-0.184 0.591711
-0.182 0.573431
-0.18 0.555495
-0.178 0.537904
-0.176 0.520662
-0.174 0.503771
-0.172 0.487233
-0.17 0.47105
-0.168 0.455222
-0.166 0.43975
-0.164 0.424634
-0.162 0.409874
-0.16 0.395469
-0.158 0.381418
-0.156 0.367719
-0.154 0.35437
-0.152 0.34137
-0.15 0.328715
-0.148 0.316403
-0.146 0.304431
-0.144 0.292794
-0.142 0.28149
-0.14 0.270515
-0.138 0.259864
-0.136 0.249533
-0.134 0.239517
-0.132 0.229812
-0.13 0.220412
-0.128 0.211313
-0.126 0.202509
-0.124 0.193995
-0.122 0.185765
-0.12 0.177815
-0.118 0.170137
-0.116 0.162726
-0.114 0.155578
-0.112 0.148685
-0.11 0.142042
-0.108 0.135642
-0.106 0.129481
-0.104 0.123552
-0.102 0.117849
-0.1 0.112367
-0.098 0.107099
-0.096 0.102039
-0.094 0.0971825
-0.092 0.0925228
-0.09 0.0880544
-0.088 0.0837716
-0.086 0.079669
-0.084 0.0757411
-0.082 0.0719824
-0.08 0.0683876
-0.078 0.0649515
-0.076 0.0616691
-0.074 0.0585352
-0.072 0.055545
-0.07 0.0526937
-0.068 0.0499765
-0.066 0.047389
-0.064 0.0449266
-0.062 0.042585
-0.06 0.04036
-0.058 0.0382476
-0.056 0.0362438
-0.054 0.0343447
-0.052 0.0325467
-0.05 0.0308462
-0.048 0.0292398
-0.046 0.0277242
-0.044 0.0262962
-0.042 0.0249528
-0.04 0.0236911
-0.038 0.0225083
-0.036 0.0214019
-0.034 0.0203694
-0.032 0.0194083
-0.03 0.0185166
-0.028 0.017692
-0.026 0.0169327
-0.024 0.0162369
-0.022 0.0156029
-0.02 0.0150292
-0.018 0.0145143
-0.016 0.014057
-0.014 0.0136561
-0.012 0.0133108
-0.01 0.01302
-0.008 0.0127831
-0.006 0.0125994
-0.004 0.0124686
-0.002 0.0123902
0 0.0123641
0.002 0.0123902
0.004 0.0124686
0.006 0.0125994
0.008 0.0127831
0.01 0.01302
0.012 0.0133108
0.014 0.0136561
0.016 0.014057
0.018 0.0145143
0.02 0.0150292
0.022 0.0156029
0.024 0.0162369
0.026 0.0169327
0.028 0.017692
0.03 0.0185166
0.032 0.0194083
0.034 0.0203694
0.036 0.0214019
0.038 0.0225083
0.04 0.0236911
0.042 0.0249528
0.044 0.0262962
0.046 0.0277242
0.048 0.0292398
0.05 0.0308462
0.052 0.0325467
0.054 0.0343447
0.056 0.0362438
0.058 0.0382476
0.06 0.04036
0.062 0.042585
0.064 0.0449266
0.066 0.047389
0.068 0.0499765
0.07 0.0526937
0.072 0.055545
0.074 0.0585352
0.076 0.0616691
0.078 0.0649515
0.08 0.0683876
0.082 0.0719824
0.084 0.0757411
0.086 0.079669
0.088 0.0837716
0.09 0.0880544
0.092 0.0925228
0.094 0.0971825
0.096 0.102039
0.098 0.107099
0.1 0.112367
0.102 0.117849
0.104 0.123552
0.106 0.129481
0.108 0.135642
0.11 0.142042
0.112 0.148685
0.114 0.155578
0.116 0.162726
0.118 0.170137
0.12 0.177815
0.122 0.185765
0.124 0.193995
0.126 0.202509
0.128 0.211313
0.13 0.220412
0.132 0.229812
0.134 0.239517
0.136 0.249533
0.138 0.259864
0.14 0.270515
0.142 0.28149
0.144 0.292794
0.146 0.304431
0.148 0.316403
0.15 0.328715
0.152 0.34137
0.154 0.35437
0.156 0.367719
0.158 0.381418
0.16 0.395469
0.162 0.409874
0.164 0.424634
0.166 0.43975
0.168 0.455222
0.17 0.47105
0.172 0.487233
0.174 0.503771
0.176 0.520662
0.178 0.537904
0.18 0.555495
0.182 0.573431
0.184 0.591711
0.186 0.610329
0.188 0.62928
0.19 0.648561
0.192 0.668166
0.194 0.688088
0.196 0.70832
0.198 0.728856
0.2 0.749687
0.202 0.770805
0.204 0.792201
0.206 0.813865
0.208 0.835788
0.21 0.857958
0.212 0.880363
0.214 0.902993
0.216 0.925834
0.218 0.948873
0.22 0.972096
0.222 0.995489
0.224 1.01904
0.226 1.04273
0.228 1.06654
0.23 1.09046
0.232 1.11447
0.234 1.13855
0.236 1.16269
0.238 1.18687
0.24 1.21106
0.242 1.23526
0.244 1.25943
0.246 1.28356
0.248 1.30763
0.25 1.33162
0.252 1.35551
0.254 1.37928
0.256 1.4029
0.258 1.42635
0.26 1.44962
0.262 1.47267
0.264 1.4955
0.266 1.51807
0.268 1.54036
0.27 1.56236
0.272 1.58404
0.274 1.60538
0.276 1.62635
0.278 1.64694
0.28 1.66712
0.282 1.68688
0.284 1.70618
0.286 1.72502
0.288 1.74337
0.29 1.76121
0.292 1.77852
0.294 1.79528
0.296 1.81147
0.298 1.82708
0.3 1.84209
0.302 1.85647
0.304 1.87023
0.306 1.88332
0.308 1.89576
0.31 1.90751
0.312 1.91857
0.314 1.92892
0.316 1.93855
0.318 1.94745
0.32 1.9556
0.322 1.96301
0.324 1.96966
0.326 1.97553
0.328 1.98064
0.33 1.98496
0.332 1.9885
0.334 1.99124
0.336 1.99319
0.338 1.99435
0.34 1.99471
0.342 1.99427
0.344 1.99304
0.346 1.991
0.348 1.98818
0.35 1.98456
0.352 1.98016
0.354 1.97498
0.356 1.96903
0.358 1.9623
0.36 1.95482
0.362 1.94659
0.364 1.93762
0.366 1.92791
0.368 1.91749
0.37 1.90637
0.372 1.89455
0.374 1.88204
0.376 1.86888
0.378 1.85506
0.38 1.84061
0.382 1.82555
0.384 1.80988
0.386 1.79363
0.388 1.77681
0.39 1.75945
0.392 1.74156
0.394 1.72316
0.396 1.70427
0.398 1.68492
0.4 1.66512
0.402 1.6449
0.404 1.62427
0.406 1.60326
0.408 1.58189
0.41 1.56018
0.412 1.53815
0.414 1.51582
0.416 1.49323
0.418 1.47038
0.42 1.4473
0.422 1.42401
0.424 1.40054
0.426 1.37691
0.428 1.35313
0.43 1.32923
0.432 1.30523
0.434 1.28115
0.436 1.25701
0.438 1.23284
0.44 1.20864
0.442 1.18445
0.444 1.16028
0.446 1.13614
0.448 1.11207
0.45 1.08806
0.452 1.06415
0.454 1.04035
0.456 1.01668
0.458 0.993143
0.46 0.969765
0.462 0.94656
0.464 0.92354
0.466 0.90072
0.468 0.878112
0.47 0.855729
0.472 0.833584
0.474 0.811686
0.476 0.790048
0.478 0.76868
0.48 0.74759
0.482 0.726787
0.484 0.706282
0.486 0.68608
0.488 0.666189
0.49 0.646617
0.492 0.627369
0.494 0.60845
0.496 0.589865
0.498 0.57162
0.5 0.553717
0.502 0.536161
0.504 0.518953
0.506 0.502097
0.508 0.485595
0.51 0.469446
0.512 0.453654
0.514 0.438217
0.516 0.423136
0.518 0.408411
0.52 0.394041
0.522 0.380024
0.524 0.366359
0.526 0.353044
0.528 0.340078
0.53 0.327456
0.532 0.315177
0.534 0.303237
0.536 0.291632
0.538 0.28036
0.54 0.269415
0.542 0.258794
0.544 0.248493
0.546 0.238506
0.548 0.228829
0.55 0.219456
0.552 0.210384
0.554 0.201606
0.556 0.193117
0.558 0.184911
0.56 0.176983
0.562 0.169327
0.564 0.161938
0.566 0.154809
0.568 0.147935
0.57 0.14131
0.572 0.134927
0.574 0.128781
0.576 0.122866
0.578 0.117176
0.58 0.111704
0.582 0.106446
0.584 0.101394
0.586 0.0965435
0.588 0.0918883
0.59 0.0874226
0.592 0.0831407
0.594 0.0790368
0.596 0.0751055
0.598 0.0713412
0.6 0.0677384
0.602 0.0642919
0.604 0.0609963
0.606 0.0578466
0.608 0.0548375
0.61 0.0519641
0.612 0.0492217
0.614 0.0466053
0.616 0.0441103
0.618 0.0417322
0.62 0.0394666
0.622 0.037309
0.624 0.0352552
0.626 0.0333012
0.628 0.0314429
0.63 0.0296765
0.632 0.027998
0.634 0.026404
0.636 0.0248907
0.638 0.0234548
0.64 0.0220929
0.642 0.0208017
0.644 0.0195782
0.646 0.0184192
0.648 0.017322
0.65 0.0162835
0.652 0.0153013
0.654 0.0143725
0.656 0.0134947
0.658 0.0126654
0.66 0.0118824
0.662 0.0111433
0.664 0.010446
0.666 0.00978837
0.668 0.00916851
0.67 0.00858448
0.672 0.00803443
0.674 0.00751661
0.676 0.00702936
0.678 0.00657106
0.68 0.00614019
0.682 0.00573528
0.684 0.00535492
0.686 0.00499779
0.688 0.00466261
0.69 0.00434818
0.692 0.00405332
0.694 0.00377695
0.696 0.00351801
0.698 0.00327552
0.7 0.00304852
0.702 0.00283612
0.704 0.00263746
0.706 0.00245174
0.708 0.00227818
0.71 0.00211606
0.712 0.0019647
0.714 0.00182343
0.716 0.00169164
0.718 0.00156875
0.72 0.0014542
0.722 0.00134748
0.724 0.0012481
0.726 0.00115558
0.728 0.00106949
0.73 0.000989416
0.732 0.000914973
0.734 0.000845794
0.736 0.000781532
0.738 0.000721863
0.74 0.000666484
0.742 0.000615107
0.744 0.000567464
0.746 0.000523301
0.748 0.000482382
0.75 0.000444485
0.752 0.000409402
0.754 0.000376937
0.756 0.000346907
0.758 0.000319143
0.76 0.000293483
0.762 0.000269778
0.764 0.000247889
0.766 0.000227684
0.768 0.000209043
0.77 0.000191851
0.772 0.000176003
0.774 0.000161399
0.776 0.000147948
0.778 0.000135564
0.78 0.000124166
0.782 0.000113682
0.784 0.000104041
0.786 9.51794e-05
0.788 8.70379e-05
0.79 7.9561e-05
0.792 7.26973e-05
0.794 6.63992e-05
0.796 6.06225e-05
0.798 5.53262e-05
0.8 5.04724e-05
0.802 4.6026e-05
0.804 4.19546e-05
0.806 3.8228e-05
0.808 3.48185e-05
0.81 3.17004e-05
0.812 2.885e-05
0.814 2.62454e-05
0.816 2.38664e-05
0.818 2.16943e-05
0.82 1.97121e-05
0.822 1.79038e-05
0.824 1.62549e-05
0.826 1.47519e-05
0.828 1.33826e-05
0.83 1.21355e-05
0.832 1.10002e-05
0.834 9.96717e-06
0.836 9.02751e-06
0.838 8.17318e-06
0.84 7.39673e-06
0.842 6.69137e-06
0.844 6.05086e-06
0.846 5.46946e-06
0.848 4.94196e-06
0.85 4.46354e-06
0.852 4.02982e-06
0.854 3.6368e-06
0.856 3.28079e-06
0.858 2.95845e-06
0.86 2.66671e-06
0.862 2.40278e-06
0.864 2.16411e-06
0.866 1.94836e-06
0.868 1.75342e-06
0.87 1.57736e-06
0.872 1.4184e-06
0.874 1.27496e-06
0.876 1.14556e-06
0.878 1.02888e-06
0.88 9.23722e-07
0.882 8.28976e-07
0.884 7.43652e-07
0.886 6.66843e-07
0.888 5.97728e-07
0.89 5.35562e-07
0.892 4.7967e-07
0.894 4.29439e-07
0.896 3.84314e-07
0.898 3.43794e-07
0.9 3.07423e-07
0.902 2.74789e-07
0.904 2.45522e-07
0.906 2.19284e-07
0.908 1.95772e-07
0.91 1.74711e-07
0.912 1.55854e-07
0.914 1.38976e-07
0.916 1.23877e-07
0.918 1.10374e-07
0.92 9.83035e-08
0.922 8.75184e-08
0.924 7.78856e-08
0.926 6.92855e-08
0.928 6.16106e-08
0.93 5.47643e-08
0.932 4.86596e-08
0.934 4.32185e-08
0.936 3.83709e-08
0.938 3.4054e-08
0.94 3.02112e-08
0.942 2.6792e-08
0.944 2.37511e-08
0.946 2.10478e-08
0.948 1.86458e-08
0.95 1.65125e-08
0.952 1.46188e-08
0.954 1.29387e-08
0.956 1.1449e-08
0.958 1.01288e-08
0.96 8.95975e-09
0.962 7.92524e-09
0.964 7.0106e-09
0.966 6.20271e-09
0.968 5.48995e-09
0.97 4.862e-09
0.972 4.30969e-09
0.974 3.82492e-09
0.976 3.40053e-09
0.978 3.03023e-09
0.98 2.7085e-09
0.982 2.4305e-09
0.984 2.19206e-09
0.986 1.98954e-09
0.988 1.81991e-09
0.99 1.68055e-09
0.992 1.56933e-09
0.994 1.48456e-09
0.996 1.42492e-09
0.998 1.3895e-09
