0 1.28562e-17
0.01 0.0627707
0.02 0.125294
0.03 0.187322
0.04 0.248611
0.05 0.308919
0.06 0.368008
0.07 0.425645
0.08 0.481602
0.09 0.535658
0.1 0.5876
0.11 0.637223
0.12 0.684331
0.13 0.728738
0.14 0.77027
0.15 0.808761
0.16 0.844061
0.17 0.87603
0.18 0.904541
0.19 0.929483
0.2 0.950756
0.21 0.968277
0.22 0.981977
0.23 0.991801
0.24 0.997712
0.25 0.999684
0.26 0.997712
0.27 0.991801
0.28 0.981977
0.29 0.968277
0.3 0.950756
0.31 0.929483
0.32 0.904541
0.33 0.87603
0.34 0.844061
0.35 0.808761
0.36 0.77027
0.37 0.728738
0.38 0.684331
0.39 0.637223
0.4 0.5876
0.41 0.535658
0.42 0.481602
0.43 0.425645
0.44 0.368008
0.45 0.308919
0.46 0.248611
0.47 0.187322
0.48 0.125294
0.49 0.0627707
0.5 1.21836e-16
0.51 -0.0627707
0.52 -0.125294
0.53 -0.187322
0.54 -0.248611
0.55 -0.308919
0.56 -0.368008
0.57 -0.425645
0.58 -0.481602
0.59 -0.535658
0.6 -0.5876
0.61 -0.637223
0.62 -0.684331
0.63 -0.728738
0.64 -0.77027
0.65 -0.808761
0.66 -0.844061
0.67 -0.87603
0.68 -0.904541
0.69 -0.929483
0.7 -0.950756
0.71 -0.968277
0.72 -0.981977
0.73 -0.991801
0.74 -0.997712
0.75 -0.999684
0.76 -0.997712
0.77 -0.991801
0.78 -0.981977
0.79 -0.968277
0.8 -0.950756
0.81 -0.929483
0.82 -0.904541
0.83 -0.87603
0.84 -0.844061
0.85 -0.808761
0.86 -0.77027
0.87 -0.728738
0.88 -0.684331
0.89 -0.637223
0.9 -0.5876
0.91 -0.535658
0.92 -0.481602
0.93 -0.425645
0.94 -0.368008
0.95 -0.308919
0.96 -0.248611
0.97 -0.187322
0.98 -0.125294
0.99 -0.0627707
