-1 0.192772
-0.99 0.192527
-0.98 0.19302
-0.97 0.193172
-0.96 0.193738
-0.95 0.194493
-0.94 0.194926
-0.93 0.196373
-0.92 0.196858
-0.91 0.198364
-0.9 0.19989
-0.89 0.200666
-0.88 0.202794
-0.87 0.2049
-0.86 0.20577
-0.85 0.207588
-0.84 0.211918
-0.83 0.218009
-0.82 0.224696
-0.81 0.231503
-0.8 0.238388
-0.79 0.245377
-0.78 0.252479
-0.77 0.25969
-0.76 0.26701
-0.75 0.274435
-0.74 0.281962
-0.73 0.289589
-0.72 0.297313
-0.71 0.305131
-0.7 0.31304
-0.69 0.321035
-0.68 0.329114
-0.67 0.337272
-0.66 0.345506
-0.65 0.353811
-0.64 0.362183
-0.63 0.370618
-0.62 0.37911
-0.61 0.387654
-0.6 0.396246
-0.59 0.404881
-0.58 0.413552
-0.57 0.422255
-0.56 0.430984
-0.55 0.439733
-0.54 0.448495
-0.53 0.457265
-0.52 0.466037
-0.51 0.474804
-0.5 0.48356
-0.49 0.492297
-0.48 0.501011
-0.47 0.509692
-0.46 0.518336
-0.45 0.526935
-0.44 0.535481
-0.43 0.543969
-0.42 0.55239
-0.41 0.560738
-0.4 0.569006
-0.39 0.577185
-0.38 0.585271
-0.37 0.593254
-0.36 0.601128
-0.35 0.608885
-0.34 0.61652
-0.33 0.624024
-0.32 0.63139
-0.31 0.638612
-0.3 0.645683
-0.29 0.652596
-0.28 0.659345
-0.27 0.665922
-0.26 0.672322
-0.25 0.678538
-0.24 0.684564
-0.23 0.690393
-0.22 0.696021
-0.21 0.701441
-0.2 0.706648
-0.19 0.711637
-0.18 0.716402
-0.17 0.720939
-0.16 0.725242
-0.15 0.729308
-0.14 0.733132
-0.13 0.73671
-0.12 0.740039
-0.11 0.743114
-0.1 0.745934
-0.09 0.748493
-0.08 0.750791
-0.07 0.752824
-0.06 0.754591
-0.05 0.756089
-0.04 0.757317
-0.03 0.758273
-0.02 0.758957
-0.01 0.759367
0 0.759504
0.01 0.759367
0.02 0.758957
0.03 0.758273
0.04 0.757317
0.05 0.756089
0.06 0.754591
0.07 0.752824
0.08 0.750791
0.09 0.748493
0.1 0.745934
0.11 0.743114
0.12 0.740039
0.13 0.73671
0.14 0.733132
0.15 0.729308
0.16 0.725242
0.17 0.720939
0.18 0.716402
0.19 0.711637
0.2 0.706648
0.21 0.701441
0.22 0.696021
0.23 0.690393
0.24 0.684564
0.25 0.678538
0.26 0.672322
0.27 0.665922
0.28 0.659345
0.29 0.652596
0.3 0.645683
0.31 0.638612
0.32 0.63139
0.33 0.624024
0.34 0.61652
0.35 0.608885
0.36 0.601128
0.37 0.593254
0.38 0.585271
0.39 0.577185
0.4 0.569006
0.41 0.560738
0.42 0.55239
0.43 0.543969
0.44 0.535481
0.45 0.526935
0.46 0.518336
0.47 0.509692
0.48 0.501011
0.49 0.492297
0.5 0.48356
0.51 0.474804
0.52 0.466037
0.53 0.457265
0.54 0.448495
0.55 0.439733
0.56 0.430984
0.57 0.422255
0.58 0.413552
0.59 0.404881
0.6 0.396246
0.61 0.387654
0.62 0.37911
0.63 0.370618
0.64 0.362183
0.65 0.353811
0.66 0.345506
0.67 0.337272
0.68 0.329114
0.69 0.321035
0.7 0.31304
0.71 0.305131
0.72 0.297313
0.73 0.289589
0.74 0.281962
0.75 0.274435
0.76 0.26701
0.77 0.25969
0.78 0.252479
0.79 0.245377
0.8 0.238388
0.81 0.231503
0.82 0.224696
0.83 0.218009
0.84 0.211918
0.85 0.207588
0.86 0.20577
0.87 0.2049
0.88 0.202794
0.89 0.200666
0.9 0.19989
0.91 0.198364
0.92 0.196858
0.93 0.196373
0.94 0.194926
0.95 0.194493
0.96 0.193738
0.97 0.193172
0.98 0.19302
0.99 0.192527
