-1 0.228496
-0.99 0.228148
-0.98 0.22876
-0.97 0.228722
-0.96 0.22953
-0.95 0.229905
-0.94 0.230754
-0.93 0.231722
-0.92 0.232444
-0.91 0.234047
-0.9 0.234832
-0.89 0.236536
-0.88 0.238145
-0.87 0.239311
-0.86 0.241632
-0.85 0.243423
-0.84 0.244846
-0.83 0.247558
-0.82 0.250143
-0.81 0.25155
-0.8 0.253611
-0.79 0.257951
-0.78 0.264176
-0.77 0.271181
-0.76 0.278355
-0.75 0.285573
-0.74 0.292854
-0.73 0.300214
-0.72 0.307652
-0.71 0.315164
-0.7 0.322747
-0.69 0.330396
-0.68 0.338109
-0.67 0.345881
-0.66 0.353708
-0.65 0.361587
-0.64 0.369513
-0.63 0.377482
-0.62 0.385489
-0.61 0.39353
-0.6 0.4016
-0.59 0.409694
-0.58 0.417807
-0.57 0.425934
-0.56 0.43407
-0.55 0.442209
-0.54 0.450346
-0.53 0.458476
-0.52 0.466593
-0.51 0.474692
-0.5 0.482766
-0.49 0.49081
-0.48 0.498819
-0.47 0.506785
-0.46 0.514704
-0.45 0.522569
-0.44 0.530374
-0.43 0.538113
-0.42 0.545781
-0.41 0.553371
-0.4 0.560877
-0.39 0.568293
-0.38 0.575613
-0.37 0.582831
-0.36 0.589941
-0.35 0.596937
-0.34 0.603814
-0.33 0.610564
-0.32 0.617184
-0.31 0.623666
-0.3 0.630005
-0.29 0.636196
-0.28 0.642234
-0.27 0.648112
-0.26 0.653826
-0.25 0.65937
-0.24 0.66474
-0.23 0.669931
-0.22 0.674938
-0.21 0.679756
-0.2 0.684381
-0.19 0.688809
-0.18 0.693036
-0.17 0.697057
-0.16 0.700869
-0.15 0.704469
-0.14 0.707852
-0.13 0.711017
-0.12 0.713959
-0.11 0.716676
-0.1 0.719166
-0.09 0.721426
-0.08 0.723454
-0.07 0.725248
-0.06 0.726806
-0.05 0.728127
-0.04 0.729209
-0.03 0.730052
-0.02 0.730655
-0.01 0.731017
0 0.731138
0.01 0.731017
0.02 0.730655
0.03 0.730052
0.04 0.729209
0.05 0.728127
0.06 0.726806
0.07 0.725248
0.08 0.723454
0.09 0.721426
0.1 0.719166
0.11 0.716676
0.12 0.713959
0.13 0.711017
0.14 0.707852
0.15 0.704469
0.16 0.700869
0.17 0.697057
0.18 0.693036
0.19 0.688809
0.2 0.684381
0.21 0.679756
0.22 0.674938
0.23 0.669931
0.24 0.66474
0.25 0.65937
0.26 0.653826
0.27 0.648112
0.28 0.642234
0.29 0.636196
0.3 0.630005
0.31 0.623666
0.32 0.617184
0.33 0.610564
0.34 0.603814
0.35 0.596937
0.36 0.589941
0.37 0.582831
0.38 0.575613
0.39 0.568293
0.4 0.560877
0.41 0.553371
0.42 0.545781
0.43 0.538113
0.44 0.530374
0.45 0.522569
0.46 0.514704
0.47 0.506785
0.48 0.498819
0.49 0.49081
0.5 0.482766
0.51 0.474692
0.52 0.466593
0.53 0.458476
0.54 0.450346
0.55 0.442209
0.56 0.43407
0.57 0.425934
0.58 0.417807
0.59 0.409694
0.6 0.4016
0.61 0.39353
0.62 0.385489
0.63 0.377482
0.64 0.369513
0.65 0.361587
0.66 0.353708
0.67 0.345881
0.68 0.338109
0.69 0.330396
0.7 0.322747
0.71 0.315164
0.72 0.307652
0.73 0.300214
0.74 0.292854
0.75 0.285573
0.76 0.278355
0.77 0.271181
0.78 0.264176
0.79 0.257951
0.8 0.253611
0.81 0.25155
0.82 0.250143
0.83 0.247558
0.84 0.244846
0.85 0.243423
0.86 0.241632
0.87 0.239311
0.88 0.238145
0.89 0.236536
0.9 0.234832
0.91 0.234047
0.92 0.232444
0.93 0.231722
0.94 0.230754
0.95 0.229905
0.96 0.22953
0.97 0.228722
0.98 0.22876
0.99 0.228148
