-1 0.154659
-0.99 0.154419
-0.98 0.155028
-0.97 0.15483
-0.96 0.156025
-0.95 0.155961
-0.94 0.157047
-0.93 0.158459
-0.92 0.158449
-0.91 0.1599
-0.9 0.164141
-0.89 0.169797
-0.88 0.175768
-0.87 0.18183
-0.86 0.188009
-0.85 0.194322
-0.84 0.20077
-0.83 0.207352
-0.82 0.214067
-0.81 0.220913
-0.8 0.227891
-0.79 0.234997
-0.78 0.242232
-0.77 0.249593
-0.76 0.257077
-0.75 0.264684
-0.74 0.272411
-0.73 0.280254
-0.72 0.288212
-0.71 0.296282
-0.7 0.304459
-0.69 0.312741
-0.68 0.321124
-0.67 0.329605
-0.66 0.338178
-0.65 0.34684
-0.64 0.355587
-0.63 0.364414
-0.62 0.373315
-0.61 0.382285
-0.6 0.39132
-0.59 0.400414
-0.58 0.409561
-0.57 0.418754
-0.56 0.427989
-0.55 0.437258
-0.54 0.446556
-0.53 0.455875
-0.52 0.465208
-0.51 0.47455
-0.5 0.483892
-0.49 0.493227
-0.48 0.502548
-0.47 0.511847
-0.46 0.521117
-0.45 0.530351
-0.44 0.539539
-0.43 0.548675
-0.42 0.557749
-0.41 0.566755
-0.4 0.575684
-0.39 0.584528
-0.38 0.593279
-0.37 0.601928
-0.36 0.610468
-0.35 0.618889
-0.34 0.627185
-0.33 0.635346
-0.32 0.643365
-0.31 0.651234
-0.3 0.658945
-0.29 0.66649
-0.28 0.673861
-0.27 0.68105
-0.26 0.688051
-0.25 0.694855
-0.24 0.701456
-0.23 0.707846
-0.22 0.714019
-0.21 0.719967
-0.2 0.725686
-0.19 0.731167
-0.18 0.736405
-0.17 0.741395
-0.16 0.74613
-0.15 0.750607
-0.14 0.754818
-0.13 0.75876
-0.12 0.762429
-0.11 0.76582
-0.1 0.768929
-0.09 0.771753
-0.08 0.774288
-0.07 0.776532
-0.06 0.778482
-0.05 0.780136
-0.04 0.781492
-0.03 0.782548
-0.02 0.783303
-0.01 0.783757
0 0.783908
0.01 0.783757
0.02 0.783303
0.03 0.782548
0.04 0.781492
0.05 0.780136
0.06 0.778482
0.07 0.776532
0.08 0.774288
0.09 0.771753
0.1 0.768929
0.11 0.76582
0.12 0.762429
0.13 0.75876
0.14 0.754818
0.15 0.750607
0.16 0.74613
0.17 0.741395
0.18 0.736405
0.19 0.731167
0.2 0.725686
0.21 0.719967
0.22 0.714019
0.23 0.707846
0.24 0.701456
0.25 0.694855
0.26 0.688051
0.27 0.68105
0.28 0.673861
0.29 0.66649
0.3 0.658945
0.31 0.651234
0.32 0.643365
0.33 0.635346
0.34 0.627185
0.35 0.618889
0.36 0.610468
0.37 0.601928
0.38 0.593279
0.39 0.584528
0.4 0.575684
0.41 0.566755
0.42 0.557749
0.43 0.548675
0.44 0.539539
0.45 0.530351
0.46 0.521117
0.47 0.511847
0.48 0.502548
0.49 0.493227
0.5 0.483892
0.51 0.47455
0.52 0.465208
0.53 0.455875
0.54 0.446556
0.55 0.437258
0.56 0.427989
0.57 0.418754
0.58 0.409561
0.59 0.400414
0.6 0.39132
0.61 0.382285
0.62 0.373315
0.63 0.364414
0.64 0.355587
0.65 0.34684
0.66 0.338178
0.67 0.329605
0.68 0.321124
0.69 0.312741
0.7 0.304459
0.71 0.296282
0.72 0.288212
0.73 0.280254
0.74 0.272411
0.75 0.264684
0.76 0.257077
0.77 0.249593
0.78 0.242232
0.79 0.234997
0.8 0.227891
0.81 0.220913
0.82 0.214067
0.83 0.207352
0.84 0.20077
0.85 0.194322
0.86 0.188009
0.87 0.18183
0.88 0.175768
0.89 0.169797
0.9 0.164141
0.91 0.1599
0.92 0.158449
0.93 0.158459
0.94 0.157047
0.95 0.155961
0.96 0.156025
0.97 0.15483
0.98 0.155028
0.99 0.154419
