-1 0.175722
-0.998 0.175906
-0.996 0.176459
-0.994 0.177381
-0.992 0.178672
-0.99 0.180333
-0.988 0.182364
-0.986 0.184767
-0.984 0.18754
-0.982 0.190687
-0.98 0.194207
-0.978 0.198101
-0.976 0.202372
-0.974 0.20702
-0.972 0.212046
-0.97 0.217452
-0.968 0.223239
-0.966 0.229409
-0.964 0.235963
-0.962 0.242902
-0.96 0.250229
-0.958 0.257945
-0.956 0.26605
-0.954 0.274547
-0.952 0.283437
-0.95 0.292721
-0.948 0.3024
-0.946 0.312475
-0.944 0.322948
-0.942 0.333819
-0.94 0.345088
-0.938 0.356756
-0.936 0.368823
-0.934 0.38129
-0.932 0.394156
-0.93 0.40742
-0.928 0.421083
-0.926 0.435142
-0.924 0.449597
-0.922 0.464446
-0.92 0.479687
-0.918 0.495317
-0.916 0.511334
-0.914 0.527735
-0.912 0.544516
-0.91 0.561674
-0.908 0.579204
-0.906 0.5971
-0.904 0.615359
-0.902 0.633974
-0.9 0.652938
-0.898 0.672246
-0.896 0.69189
-0.894 0.711862
-0.892 0.732154
-0.89 0.752756
-0.888 0.773661
-0.886 0.794857
-0.884 0.816334
-0.882 0.838082
-0.88 0.860089
-0.878 0.882342
-0.876 0.90483
-0.874 0.927538
-0.872 0.950453
-0.87 0.973561
-0.868 0.996847
-0.866 1.0203
-0.864 1.04389
-0.862 1.06762
-0.86 1.09146
-0.858 1.11539
-0.856 1.13941
-0.854 1.16348
-0.852 1.1876
-0.85 1.21174
-0.848 1.23588
-0.846 1.26
-0.844 1.28409
-0.842 1.30812
-0.84 1.33207
-0.838 1.35592
-0.836 1.37966
-0.834 1.40325
-0.832 1.42667
-0.83 1.44991
-0.828 1.47294
-0.826 1.49575
-0.824 1.5183
-0.822 1.54057
-0.82 1.56256
-0.818 1.58422
-0.816 1.60554
-0.814 1.6265
-0.812 1.64708
-0.81 1.66725
-0.808 1.68699
-0.806 1.70629
-0.804 1.72512
-0.802 1.74346
-0.8 1.76129
-0.798 1.77859
-0.796 1.79534
-0.794 1.81153
-0.792 1.82714
-0.79 1.84214
-0.788 1.85652
-0.786 1.87027
-0.784 1.88336
-0.782 1.89579
-0.78 1.90754
-0.778 1.9186
-0.776 1.92894
-0.774 1.93857
-0.772 1.94747
-0.77 1.95562
-0.768 1.96303
-0.766 1.96967
-0.764 1.97555
-0.762 1.98065
-0.76 1.98497
-0.758 1.98851
-0.756 1.99125
-0.754 1.9932
-0.752 1.99436
-0.75 1.99472
-0.748 1.99428
-0.746 1.99304
-0.744 1.99101
-0.742 1.98818
-0.74 1.98457
-0.738 1.98017
-0.736 1.97498
-0.734 1.96903
-0.732 1.96231
-0.73 1.95482
-0.728 1.94659
-0.726 1.93762
-0.724 1.92792
-0.722 1.9175
-0.72 1.90637
-0.718 1.89455
-0.716 1.88205
-0.714 1.86888
-0.712 1.85506
-0.71 1.84061
-0.708 1.82555
-0.706 1.80988
-0.704 1.79363
-0.702 1.77681
-0.7 1.75945
-0.698 1.74156
-0.696 1.72316
-0.694 1.70427
-0.692 1.68492
-0.69 1.66512
-0.688 1.6449
-0.686 1.62427
-0.684 1.60326
-0.682 1.58189
-0.68 1.56018
-0.678 1.53815
-0.676 1.51582
-0.674 1.49323
-0.672 1.47038
-0.67 1.4473
-0.668 1.42401
-0.666 1.40054
-0.664 1.37691
-0.662 1.35313
-0.66 1.32923
-0.658 1.30523
-0.656 1.28115
-0.654 1.25701
-0.652 1.23284
-0.65 1.20864
-0.648 1.18445
-0.646 1.16028
-0.644 1.13614
-0.642 1.11207
-0.64 1.08806
-0.638 1.06415
-0.636 1.04035
-0.634 1.01668
-0.632 0.993143
-0.63 0.969765
-0.628 0.94656
-0.626 0.92354
-0.624 0.90072
-0.622 0.878112
-0.62 0.855729
-0.618 0.833584
-0.616 0.811686
-0.614 0.790048
-0.612 0.76868
-0.61 0.74759
-0.608 0.726788
-0.606 0.706282
-0.604 0.68608
-0.602 0.666189
-0.6 0.646617
-0.598 0.627369
-0.596 0.60845
-0.594 0.589865
-0.592 0.57162
-0.59 0.553717
-0.588 0.536161
-0.586 0.518953
-0.584 0.502097
-0.582 0.485595
-0.58 0.469446
-0.578 0.453654
-0.576 0.438217
-0.574 0.423136
-0.572 0.408411
-0.57 0.394041
-0.568 0.380024
-0.566 0.366359
-0.564 0.353044
-0.562 0.340078
-0.56 0.327456
-0.558 0.315177
-0.556 0.303237
-0.554 0.291632
-0.552 0.28036
-0.55 0.269415
-0.548 0.258794
-0.546 0.248493
-0.544 0.238506
-0.542 0.228829
-0.54 0.219456
-0.538 0.210384
-0.536 0.201606
-0.534 0.193117
-0.532 0.184911
-0.53 0.176983
-0.528 0.169327
-0.526 0.161938
-0.524 0.154809
-0.522 0.147935
-0.52 0.14131
-0.518 0.134927
-0.516 0.128781
-0.514 0.122866
-0.512 0.117176
-0.51 0.111704
-0.508 0.106446
-0.506 0.101394
-0.504 0.0965435
-0.502 0.0918883
-0.5 0.0874226
-0.498 0.0831407
-0.496 0.0790368
-0.494 0.0751055
-0.492 0.0713412
-0.49 0.0677385
-0.488 0.0642919
-0.486 0.0609964
-0.484 0.0578466
-0.482 0.0548375
-0.48 0.0519642
-0.478 0.0492217
-0.476 0.0466053
-0.474 0.0441103
-0.472 0.0417322
-0.47 0.0394666
-0.468 0.037309
-0.466 0.0352552
-0.464 0.0333012
-0.462 0.0314429
-0.46 0.0296765
-0.458 0.027998
-0.456 0.026404
-0.454 0.0248907
-0.452 0.0234548
-0.45 0.0220929
-0.448 0.0208017
-0.446 0.0195782
-0.444 0.0184192
-0.442 0.0173219
-0.44 0.0162835
-0.438 0.0153012
-0.436 0.0143725
-0.434 0.0134947
-0.432 0.0126654
-0.43 0.0118824
-0.428 0.0111433
-0.426 0.010446
-0.424 0.00978837
-0.422 0.00916851
-0.42 0.00858447
-0.418 0.00803442
-0.416 0.00751661
-0.414 0.00702935
-0.412 0.00657106
-0.41 0.00614019
-0.408 0.00573527
-0.406 0.00535492
-0.404 0.00499779
-0.402 0.00466261
-0.4 0.00434817
-0.398 0.00405332
-0.396 0.00377694
-0.394 0.00351801
-0.392 0.00327552
-0.39 0.00304852
-0.388 0.00283612
-0.386 0.00263746
-0.384 0.00245173
-0.382 0.00227818
-0.38 0.00211606
-0.378 0.00196469
-0.376 0.00182342
-0.374 0.00169164
-0.372 0.00156875
-0.37 0.0014542
-0.368 0.00134748
-0.366 0.00124809
-0.364 0.00115557
-0.362 0.00106948
-0.36 0.000989413
-0.358 0.000914971
-0.356 0.000845791
-0.354 0.000781529
-0.352 0.000721861
-0.35 0.000666482
-0.348 0.000615105
-0.346 0.000567461
-0.344 0.000523299
-0.342 0.00048238
-0.34 0.000444484
-0.338 0.0004094
-0.336 0.000376935
-0.334 0.000346906
-0.332 0.000319141
-0.33 0.000293481
-0.328 0.000269776
-0.326 0.000247887
-0.324 0.000227683
-0.322 0.000209042
-0.32 0.00019185
-0.318 0.000176002
-0.316 0.000161398
-0.314 0.000147947
-0.312 0.000135563
-0.31 0.000124165
-0.308 0.000113681
-0.306 0.00010404
-0.304 9.51787e-05
-0.302 8.70372e-05
-0.3 7.95604e-05
-0.298 7.26967e-05
-0.296 6.63986e-05
-0.294 6.06219e-05
-0.292 5.53257e-05
-0.29 5.04719e-05
-0.288 4.60256e-05
-0.286 4.19542e-05
-0.284 3.82276e-05
-0.282 3.48181e-05
-0.28 3.17001e-05
-0.278 2.88497e-05
-0.276 2.62451e-05
-0.274 2.38661e-05
-0.272 2.16941e-05
-0.27 1.97118e-05
-0.268 1.79036e-05
-0.266 1.62547e-05
-0.264 1.47517e-05
-0.262 1.33824e-05
-0.26 1.21353e-05
-0.258 1.10001e-05
-0.256 9.96702e-06
-0.254 9.02738e-06
-0.252 8.17305e-06
-0.25 7.39661e-06
-0.248 6.69126e-06
-0.246 6.05076e-06
-0.244 5.46937e-06
-0.242 4.94187e-06
-0.24 4.46346e-06
-0.238 4.02975e-06
-0.236 3.63673e-06
-0.234 3.28073e-06
-0.232 2.95839e-06
-0.23 2.66666e-06
-0.228 2.40273e-06
-0.226 2.16406e-06
-0.224 1.94832e-06
-0.222 1.75338e-06
-0.22 1.57732e-06
-0.218 1.41837e-06
-0.216 1.27493e-06
-0.214 1.14553e-06
-0.212 1.02886e-06
-0.21 9.23698e-07
-0.208 8.28955e-07
-0.206 7.43632e-07
-0.204 6.66824e-07
-0.202 5.97711e-07
-0.2 5.35547e-07
-0.198 4.79656e-07
-0.196 4.29426e-07
-0.194 3.84302e-07
-0.192 3.43783e-07
-0.19 3.07412e-07
-0.188 2.7478e-07
-0.186 2.45513e-07
-0.184 2.19276e-07
-0.182 1.95765e-07
-0.18 1.74704e-07
-0.178 1.55847e-07
-0.176 1.38969e-07
-0.174 1.2387e-07
-0.172 1.10367e-07
-0.17 9.82973e-08
-0.168 8.75121e-08
-0.166 7.78791e-08
-0.164 6.92787e-08
-0.162 6.16035e-08
-0.16 5.47567e-08
-0.158 4.86514e-08
-0.156 4.32095e-08
-0.154 3.8361e-08
-0.152 3.40429e-08
-0.15 3.01988e-08
-0.148 2.67781e-08
-0.146 2.37353e-08
-0.144 2.10299e-08
-0.142 1.86254e-08
-0.14 1.64892e-08
-0.138 1.45922e-08
-0.136 1.29083e-08
-0.134 1.14141e-08
-0.132 1.00888e-08
-0.13 8.91389e-09
-0.128 7.87263e-09
-0.126 6.95021e-09
-0.124 6.13343e-09
-0.122 5.41046e-09
-0.12 4.77081e-09
-0.118 4.20509e-09
-0.116 3.70497e-09
-0.114 3.26303e-09
-0.112 2.87266e-09
-0.11 2.52798e-09
-0.108 2.22376e-09
-0.106 1.95537e-09
-0.104 1.71869e-09
-0.102 1.51005e-09
-0.1 1.32621e-09
-0.098 1.16428e-09
-0.096 1.02172e-09
-0.094 8.96253e-10
-0.092 7.85881e-10
-0.09 6.88826e-10
-0.088 6.03513e-10
-0.086 5.28559e-10
-0.084 4.62727e-10
-0.082 4.04931e-10
-0.08 3.54211e-10
-0.078 3.09727e-10
-0.076 2.70714e-10
-0.074 2.3652e-10
-0.072 2.06573e-10
-0.07 1.80335e-10
-0.068 1.57372e-10
-0.066 1.37275e-10
-0.064 1.19702e-10
-0.062 1.04335e-10
-0.06 9.09062e-11
-0.058 7.91766e-11
-0.056 6.89294e-11
-0.054 5.9988e-11
-0.052 5.21842e-11
-0.05 4.53876e-11
-0.048 3.94526e-11
-0.046 3.4288e-11
-0.044 2.97869e-11
-0.042 2.5871e-11
-0.04 2.24677e-11
-0.038 1.95031e-11
-0.036 1.69331e-11
-0.034 1.46975e-11
-0.032 1.27603e-11
-0.03 1.10841e-11
-0.028 9.63104e-12
-0.026 8.38e-12
-0.024 7.29967e-12
-0.022 6.37184e-12
-0.02 5.575e-12
-0.018 4.89534e-12
-0.016 4.31987e-12
-0.014 3.83923e-12
-0.012 3.43773e-12
-0.01 3.1112e-12
-0.008 2.85771e-12
-0.006 2.65892e-12
-0.004 2.52662e-12
-0.002 2.44001e-12
0 2.41797e-12
0.002 2.44089e-12
0.004 2.5271e-12
0.006 2.65951e-12
0.008 2.85887e-12
0.01 3.11507e-12
0.012 3.4383e-12
0.014 3.83652e-12
0.016 4.32379e-12
0.018 4.89657e-12
0.02 5.57203e-12
0.022 6.37009e-12
0.024 7.29468e-12
0.026 8.38085e-12
0.028 9.62856e-12
0.03 1.1086e-11
0.032 1.27618e-11
0.034 1.47001e-11
0.036 1.69313e-11
0.038 1.95032e-11
0.04 2.24634e-11
0.042 2.58763e-11
0.044 2.97869e-11
0.046 3.42885e-11
0.048 3.94526e-11
0.05 4.53815e-11
0.052 5.21851e-11
0.054 5.99891e-11
0.056 6.89277e-11
0.058 7.91746e-11
0.06 9.09034e-11
0.062 1.04332e-10
0.064 1.19705e-10
0.066 1.37279e-10
0.068 1.57373e-10
0.07 1.80338e-10
0.072 2.0657e-10
0.074 2.3652e-10
0.076 2.70713e-10
0.078 3.09724e-10
0.08 3.54211e-10
0.082 4.04927e-10
0.084 4.62727e-10
0.086 5.28556e-10
0.088 6.0351e-10
0.09 6.88823e-10
0.092 7.85883e-10
0.094 8.96256e-10
0.096 1.02172e-09
0.098 1.16428e-09
0.1 1.32621e-09
0.102 1.51005e-09
0.104 1.71869e-09
0.106 1.95538e-09
0.108 2.22376e-09
0.11 2.52798e-09
0.112 2.87266e-09
0.114 3.26303e-09
0.116 3.70497e-09
0.118 4.20509e-09
0.12 4.7708e-09
0.122 5.41046e-09
0.124 6.13342e-09
0.126 6.95021e-09
0.128 7.87262e-09
0.13 8.91388e-09
0.132 1.00888e-08
0.134 1.14141e-08
0.136 1.29083e-08
0.138 1.45922e-08
0.14 1.64892e-08
0.142 1.86254e-08
0.144 2.10299e-08
0.146 2.37353e-08
0.148 2.67781e-08
0.15 3.01988e-08
0.152 3.40429e-08
0.154 3.8361e-08
0.156 4.32095e-08
0.158 4.86514e-08
0.16 5.47567e-08
0.162 6.16035e-08
0.164 6.92787e-08
0.166 7.78791e-08
0.168 8.75121e-08
0.17 9.82973e-08
0.172 1.10367e-07
0.174 1.2387e-07
0.176 1.38969e-07
0.178 1.55847e-07
0.18 1.74704e-07
0.182 1.95765e-07
0.184 2.19276e-07
0.186 2.45513e-07
0.188 2.7478e-07
0.19 3.07412e-07
0.192 3.43783e-07
0.194 3.84302e-07
0.196 4.29426e-07
0.198 4.79656e-07
0.2 5.35547e-07
0.202 5.97711e-07
0.204 6.66824e-07
0.206 7.43632e-07
0.208 8.28955e-07
0.21 9.23698e-07
0.212 1.02886e-06
0.214 1.14553e-06
0.216 1.27493e-06
0.218 1.41837e-06
0.22 1.57732e-06
0.222 1.75338e-06
0.224 1.94832e-06
0.226 2.16406e-06
0.228 2.40273e-06
0.23 2.66666e-06
0.232 2.95839e-06
0.234 3.28073e-06
0.236 3.63673e-06
0.238 4.02975e-06
0.24 4.46346e-06
0.242 4.94187e-06
0.244 5.46937e-06
0.246 6.05076e-06
0.248 6.69126e-06
0.25 7.39661e-06
0.252 8.17305e-06
0.254 9.02738e-06
0.256 9.96702e-06
0.258 1.10001e-05
0.26 1.21353e-05
0.262 1.33824e-05
0.264 1.47517e-05
0.266 1.62547e-05
0.268 1.79036e-05
0.27 1.97118e-05
0.272 2.16941e-05
0.274 2.38661e-05
0.276 2.62451e-05
0.278 2.88497e-05
0.28 3.17001e-05
0.282 3.48181e-05
0.284 3.82276e-05
0.286 4.19542e-05
0.288 4.60256e-05
0.29 5.04719e-05
0.292 5.53257e-05
0.294 6.06219e-05
0.296 6.63986e-05
0.298 7.26967e-05
0.3 7.95604e-05
0.302 8.70372e-05
0.304 9.51787e-05
0.306 0.00010404
0.308 0.000113681
0.31 0.000124165
0.312 0.000135563
0.314 0.000147947
0.316 0.000161398
0.318 0.000176002
0.32 0.00019185
0.322 0.000209042
0.324 0.000227683
0.326 0.000247887
0.328 0.000269776
0.33 0.000293481
0.332 0.000319141
0.334 0.000346906
0.336 0.000376935
0.338 0.0004094
0.34 0.000444484
0.342 0.00048238
0.344 0.000523299
0.346 0.000567461
0.348 0.000615105
0.35 0.000666482
0.352 0.000721861
0.354 0.000781529
0.356 0.000845791
0.358 0.000914971
0.36 0.000989413
0.362 0.00106948
0.364 0.00115557
0.366 0.00124809
0.368 0.00134748
0.37 0.0014542
0.372 0.00156875
0.374 0.00169164
0.376 0.00182342
0.378 0.00196469
0.38 0.00211606
0.382 0.00227818
0.384 0.00245173
0.386 0.00263746
0.388 0.00283612
0.39 0.00304852
0.392 0.00327552
0.394 0.00351801
0.396 0.00377694
0.398 0.00405332
0.4 0.00434817
0.402 0.00466261
0.404 0.00499779
0.406 0.00535492
0.408 0.00573527
0.41 0.00614019
0.412 0.00657106
0.414 0.00702935
0.416 0.00751661
0.418 0.00803442
0.42 0.00858447
0.422 0.00916851
0.424 0.00978837
0.426 0.010446
0.428 0.0111433
0.43 0.0118824
0.432 0.0126654
0.434 0.0134947
0.436 0.0143725
0.438 0.0153012
0.44 0.0162835
0.442 0.0173219
0.444 0.0184192
0.446 0.0195782
0.448 0.0208017
0.45 0.0220929
0.452 0.0234548
0.454 0.0248907
0.456 0.026404
0.458 0.027998
0.46 0.0296765
0.462 0.0314429
0.464 0.0333012
0.466 0.0352552
0.468 0.037309
0.47 0.0394666
0.472 0.0417322
0.474 0.0441103
0.476 0.0466053
0.478 0.0492217
0.48 0.0519642
0.482 0.0548375
0.484 0.0578466
0.486 0.0609964
0.488 0.0642919
0.49 0.0677385
0.492 0.0713412
0.494 0.0751055
0.496 0.0790368
0.498 0.0831407
0.5 0.0874226
0.502 0.0918883
0.504 0.0965435
0.506 0.101394
0.508 0.106446
0.51 0.111704
0.512 0.117176
0.514 0.122866
0.516 0.128781
0.518 0.134927
0.52 0.14131
0.522 0.147935
0.524 0.154809
0.526 0.161938
0.528 0.169327
0.53 0.176983
0.532 0.184911
0.534 0.193117
0.536 0.201606
0.538 0.210384
0.54 0.219456
0.542 0.228829
0.544 0.238506
0.546 0.248493
0.548 0.258794
0.55 0.269415
0.552 0.28036
0.554 0.291632
0.556 0.303237
0.558 0.315177
0.56 0.327456
0.562 0.340078
0.564 0.353044
0.566 0.366359
0.568 0.380024
0.57 0.394041
0.572 0.408411
0.574 0.423136
0.576 0.438217
0.578 0.453654
0.58 0.469446
0.582 0.485595
0.584 0.502097
0.586 0.518953
0.588 0.536161
0.59 0.553717
0.592 0.57162
0.594 0.589865
0.596 0.60845
0.598 0.627369
0.6 0.646617
0.602 0.666189
0.604 0.68608
0.606 0.706282
0.608 0.726788
0.61 0.74759
0.612 0.76868
0.614 0.790048
0.616 0.811686
0.618 0.833584
0.62 0.855729
0.622 0.878112
0.624 0.90072
0.626 0.92354
0.628 0.94656
0.63 0.969765
0.632 0.993143
0.634 1.01668
0.636 1.04035
0.638 1.06415
0.64 1.08806
0.642 1.11207
0.644 1.13614
0.646 1.16028
0.648 1.18445
0.65 1.20864
0.652 1.23284
0.654 1.25701
0.656 1.28115
0.658 1.30523
0.66 1.32923
0.662 1.35313
0.664 1.37691
0.666 1.40054
0.668 1.42401
0.67 1.4473
0.672 1.47038
0.674 1.49323
0.676 1.51582
0.678 1.53815
0.68 1.56018
0.682 1.58189
0.684 1.60326
0.686 1.62427
0.688 1.6449
0.69 1.66512
0.692 1.68492
0.694 1.70427
0.696 1.72316
0.698 1.74156
0.7 1.75945
0.702 1.77681
0.704 1.79363
0.706 1.80988
0.708 1.82555
0.71 1.84061
0.712 1.85506
0.714 1.86888
0.716 1.88205
0.718 1.89455
0.72 1.90637
0.722 1.9175
0.724 1.92792
0.726 1.93762
0.728 1.94659
0.73 1.95482
0.732 1.96231
0.734 1.96903
0.736 1.97498
0.738 1.98017
0.74 1.98457
0.742 1.98818
0.744 1.99101
0.746 1.99304
0.748 1.99428
0.75 1.99472
0.752 1.99436
0.754 1.9932
0.756 1.99125
0.758 1.98851
0.76 1.98497
0.762 1.98065
0.764 1.97555
0.766 1.96967
0.768 1.96303
0.77 1.95562
0.772 1.94747
0.774 1.93857
0.776 1.92894
0.778 1.9186
0.78 1.90754
0.782 1.89579
0.784 1.88336
0.786 1.87027
0.788 1.85652
0.79 1.84214
0.792 1.82714
0.794 1.81153
0.796 1.79534
0.798 1.77859
0.8 1.76129
0.802 1.74346
0.804 1.72512
0.806 1.70629
0.808 1.68699
0.81 1.66725
0.812 1.64708
0.814 1.6265
0.816 1.60554
0.818 1.58422
0.82 1.56256
0.822 1.54057
0.824 1.5183
0.826 1.49575
0.828 1.47294
0.83 1.44991
0.832 1.42667
0.834 1.40325
0.836 1.37966
0.838 1.35592
0.84 1.33207
0.842 1.30812
0.844 1.28409
0.846 1.26
0.848 1.23588
0.85 1.21174
0.852 1.1876
0.854 1.16348
0.856 1.13941
0.858 1.11539
0.86 1.09146
0.862 1.06762
0.864 1.04389
0.866 1.0203
0.868 0.996847
0.87 0.973561
0.872 0.950453
0.874 0.927538
0.876 0.90483
0.878 0.882342
0.88 0.860089
0.882 0.838082
0.884 0.816334
0.886 0.794857
0.888 0.773661
0.89 0.752756
0.892 0.732154
0.894 0.711862
0.896 0.69189
0.898 0.672246
0.9 0.652938
0.902 0.633974
0.904 0.615359
0.906 0.5971
0.908 0.579204
0.91 0.561674
0.912 0.544516
0.914 0.527735
0.916 0.511334
0.918 0.495317
0.92 0.479687
0.922 0.464446
0.924 0.449597
0.926 0.435142
0.928 0.421083
0.93 0.40742
0.932 0.394156
0.934 0.38129
0.936 0.368823
0.938 0.356756
0.94 0.345088
0.942 0.333819
0.944 0.322948
0.946 0.312475
0.948 0.3024
0.95 0.292721
0.952 0.283437
0.954 0.274547
0.956 0.26605
0.958 0.257945
0.96 0.250229
0.962 0.242902
0.964 0.235963
0.966 0.229409
0.968 0.223239
0.97 0.217452
0.972 0.212046
0.974 0.20702
0.976 0.202372
0.978 0.198101
0.98 0.194207
0.982 0.190687
0.984 0.18754
0.986 0.184767
0.988 0.182364
0.99 0.180333
0.992 0.178672
0.994 0.177381
0.996 0.176459
0.998 0.175906
