-1 0.631344
-0.99 0.63151
-0.98 0.631077
-0.97 0.630968
-0.96 0.630278
-0.95 0.629883
-0.94 0.628951
-0.93 0.628252
-0.92 0.627103
-0.91 0.626072
-0.9 0.624739
-0.89 0.623345
-0.88 0.62186
-0.87 0.620083
-0.86 0.618455
-0.85 0.616309
-0.84 0.614503
-0.83 0.61206
-0.82 0.609978
-0.81 0.607367
-0.8 0.604878
-0.79 0.60222
-0.78 0.599257
-0.77 0.59655
-0.76 0.593218
-0.75 0.590273
-0.74 0.586833
-0.73 0.583399
-0.72 0.580025
-0.71 0.576105
-0.7 0.572606
-0.69 0.568566
-0.68 0.564547
-0.67 0.560657
-0.66 0.556153
-0.65 0.552062
-0.64 0.547631
-0.63 0.542899
-0.62 0.538593
-0.61 0.533684
-0.6 0.5288
-0.59 0.524197
-0.58 0.518919
-0.57 0.513856
-0.56 0.508974
-0.55 0.503406
-0.54 0.498101
-0.53 0.493015
-0.52 0.487224
-0.51 0.481593
-0.5 0.476369
-0.49 0.470491
-0.48 0.464438
-0.47 0.45901
-0.46 0.453295
-0.45 0.446903
-0.44 0.440918
-0.43 0.435436
-0.42 0.429334
-0.41 0.422633
-0.4 0.416484
-0.39 0.411023
-0.38 0.405109
-0.37 0.398171
-0.36 0.391103
-0.35 0.385235
-0.34 0.381108
-0.33 0.378335
-0.32 0.376227
-0.31 0.374299
-0.3 0.372364
-0.29 0.370403
-0.28 0.36844
-0.27 0.366491
-0.26 0.364566
-0.25 0.362669
-0.24 0.360805
-0.23 0.358978
-0.22 0.357192
-0.21 0.355451
-0.2 0.353761
-0.19 0.352125
-0.18 0.350548
-0.17 0.349033
-0.16 0.347583
-0.15 0.346203
-0.14 0.344896
-0.13 0.343664
-0.12 0.342512
-0.11 0.341441
-0.1 0.340454
-0.09 0.339554
-0.08 0.338743
-0.07 0.338023
-0.06 0.337395
-0.05 0.336861
-0.04 0.336422
-0.03 0.33608
-0.02 0.335835
-0.01 0.335688
0 0.335639
0.01 0.335688
0.02 0.335835
0.03 0.33608
0.04 0.336422
0.05 0.336861
0.06 0.337395
0.07 0.338023
0.08 0.338743
0.09 0.339554
0.1 0.340454
0.11 0.341441
0.12 0.342512
0.13 0.343664
0.14 0.344896
0.15 0.346203
0.16 0.347583
0.17 0.349033
0.18 0.350548
0.19 0.352125
0.2 0.353761
0.21 0.355451
0.22 0.357192
0.23 0.358978
0.24 0.360805
0.25 0.362669
0.26 0.364566
0.27 0.366491
0.28 0.36844
0.29 0.370403
0.3 0.372364
0.31 0.374299
0.32 0.376227
0.33 0.378335
0.34 0.381108
0.35 0.385235
0.36 0.391103
0.37 0.398171
0.38 0.405109
0.39 0.411023
0.4 0.416484
0.41 0.422633
0.42 0.429334
0.43 0.435436
0.44 0.440918
0.45 0.446903
0.46 0.453295
0.47 0.45901
0.48 0.464438
0.49 0.470491
0.5 0.476369
0.51 0.481593
0.52 0.487224
0.53 0.493015
0.54 0.498101
0.55 0.503406
0.56 0.508974
0.57 0.513856
0.58 0.518919
0.59 0.524197
0.6 0.5288
0.61 0.533684
0.62 0.538593
0.63 0.542899
0.64 0.547631
0.65 0.552062
0.66 0.556153
0.67 0.560657
0.68 0.564547
0.69 0.568566
0.7 0.572606
0.71 0.576105
0.72 0.580025
0.73 0.583399
0.74 0.586833
0.75 0.590273
0.76 0.593218
0.77 0.59655
0.78 0.599257
0.79 0.60222
0.8 0.604878
0.81 0.607367
0.82 0.609978
0.83 0.61206
0.84 0.614503
0.85 0.616309
0.86 0.618455
0.87 0.620083
0.88 0.62186
0.89 0.623345
0.9 0.624739
0.91 0.626072
0.92 0.627103
0.93 0.628252
0.94 0.628951
0.95 0.629883
0.96 0.630278
0.97 0.630968
0.98 0.631077
0.99 0.63151
