-1 0.617598
-0.99 0.617289
-0.98 0.617358
-0.97 0.616806
-0.96 0.616637
-0.95 0.615843
-0.94 0.615433
-0.93 0.614406
-0.92 0.613737
-0.91 0.612504
-0.9 0.611544
-0.89 0.610147
-0.88 0.608849
-0.87 0.607335
-0.86 0.605661
-0.85 0.604057
-0.84 0.602007
-0.83 0.600281
-0.82 0.59793
-0.81 0.59597
-0.8 0.593467
-0.79 0.591113
-0.78 0.588603
-0.77 0.585774
-0.76 0.583245
-0.75 0.580079
-0.74 0.577292
-0.73 0.574089
-0.72 0.570782
-0.71 0.567674
-0.7 0.563941
-0.69 0.560616
-0.68 0.556907
-0.67 0.552987
-0.66 0.549414
-0.65 0.545182
-0.64 0.541185
-0.63 0.537197
-0.62 0.532614
-0.61 0.52848
-0.6 0.524075
-0.59 0.519228
-0.58 0.514889
-0.57 0.510148
-0.56 0.505035
-0.55 0.500459
-0.54 0.495498
-0.53 0.490083
-0.52 0.485226
-0.51 0.480189
-0.5 0.474489
-0.49 0.469209
-0.48 0.464206
-0.47 0.458453
-0.46 0.452552
-0.45 0.447348
-0.44 0.442015
-0.43 0.435825
-0.42 0.429673
-0.41 0.42436
-0.4 0.419119
-0.39 0.4129
-0.38 0.406021
-0.37 0.399831
-0.36 0.395289
-0.35 0.392327
-0.34 0.390288
-0.33 0.388568
-0.32 0.386871
-0.31 0.385132
-0.3 0.383366
-0.29 0.381595
-0.28 0.379832
-0.27 0.37808
-0.26 0.376346
-0.25 0.374632
-0.24 0.372945
-0.23 0.371287
-0.22 0.369664
-0.21 0.368081
-0.2 0.36654
-0.19 0.365047
-0.18 0.363605
-0.17 0.362218
-0.16 0.36089
-0.15 0.359624
-0.14 0.358424
-0.13 0.357293
-0.12 0.356233
-0.11 0.355247
-0.1 0.354339
-0.09 0.353509
-0.08 0.352761
-0.07 0.352097
-0.06 0.351518
-0.05 0.351025
-0.04 0.35062
-0.03 0.350304
-0.02 0.350077
-0.01 0.349941
0 0.349896
0.01 0.349941
0.02 0.350077
0.03 0.350304
0.04 0.35062
0.05 0.351025
0.06 0.351518
0.07 0.352097
0.08 0.352761
0.09 0.353509
0.1 0.354339
0.11 0.355247
0.12 0.356233
0.13 0.357293
0.14 0.358424
0.15 0.359624
0.16 0.36089
0.17 0.362218
0.18 0.363605
0.19 0.365047
0.2 0.36654
0.21 0.368081
0.22 0.369664
0.23 0.371287
0.24 0.372945
0.25 0.374632
0.26 0.376346
0.27 0.37808
0.28 0.379832
0.29 0.381595
0.3 0.383366
0.31 0.385132
0.32 0.386871
0.33 0.388568
0.34 0.390288
0.35 0.392327
0.36 0.395289
0.37 0.399831
0.38 0.406021
0.39 0.4129
0.4 0.419119
0.41 0.42436
0.42 0.429673
0.43 0.435825
0.44 0.442015
0.45 0.447348
0.46 0.452552
0.47 0.458453
0.48 0.464206
0.49 0.469209
0.5 0.474489
0.51 0.480189
0.52 0.485226
0.53 0.490083
0.54 0.495498
0.55 0.500459
0.56 0.505035
0.57 0.510148
0.58 0.514889
0.59 0.519228
0.6 0.524075
0.61 0.52848
0.62 0.532614
0.63 0.537197
0.64 0.541185
0.65 0.545182
0.66 0.549414
0.67 0.552987
0.68 0.556907
0.69 0.560616
0.7 0.563941
0.71 0.567674
0.72 0.570782
0.73 0.574089
0.74 0.577292
0.75 0.580079
0.76 0.583245
0.77 0.585774
0.78 0.588603
0.79 0.591113
0.8 0.593467
0.81 0.59597
0.82 0.59793
0.83 0.600281
0.84 0.602007
0.85 0.604057
0.86 0.605661
0.87 0.607335
0.88 0.608849
0.89 0.610147
0.9 0.611544
0.91 0.612504
0.92 0.613737
0.93 0.614406
0.94 0.615433
0.95 0.615843
0.96 0.616637
0.97 0.616806
0.98 0.617358
0.99 0.617289
