-1 2.41729
-0.998 2.41729
-0.996 2.41729
-0.994 2.41729
-0.992 2.41729
-0.99 2.41729
-0.988 2.41728
-0.986 2.41726
-0.984 2.41722
-0.982 2.41716
-0.98 2.41706
-0.978 2.41694
-0.976 2.41677
-0.974 2.41654
-0.972 2.41626
-0.97 2.41591
-0.968 2.41547
-0.966 2.41495
-0.964 2.41432
-0.962 2.41358
-0.96 2.41271
-0.958 2.41171
-0.956 2.41056
-0.954 2.40924
-0.952 2.40775
-0.95 2.40606
-0.948 2.40418
-0.946 2.40208
-0.944 2.39974
-0.942 2.39717
-0.94 2.39433
-0.938 2.39122
-0.936 2.38783
-0.934 2.38414
-0.932 2.38014
-0.93 2.37581
-0.928 2.37115
-0.926 2.36613
-0.924 2.36075
-0.922 2.355
-0.92 2.34886
-0.918 2.34233
-0.916 2.33538
-0.914 2.32803
-0.912 2.32024
-0.91 2.31202
-0.908 2.30336
-0.906 2.29424
-0.904 2.28467
-0.902 2.27463
-0.9 2.26413
-0.898 2.25315
-0.896 2.24169
-0.894 2.22975
-0.892 2.21733
-0.89 2.20442
-0.888 2.19102
-0.886 2.17714
-0.884 2.16277
-0.882 2.14792
-0.88 2.13259
-0.878 2.11677
-0.876 2.10049
-0.874 2.08373
-0.872 2.0665
-0.87 2.04882
-0.868 2.03069
-0.866 2.01211
-0.864 1.99309
-0.862 1.97365
-0.86 1.95379
-0.858 1.93353
-0.856 1.91286
-0.854 1.89182
-0.852 1.8704
-0.85 1.84863
-0.848 1.82651
-0.846 1.80406
-0.844 1.78129
-0.842 1.75822
-0.84 1.73486
-0.838 1.71123
-0.836 1.68735
-0.834 1.66322
-0.832 1.63888
-0.83 1.61433
-0.828 1.58959
-0.826 1.56467
-0.824 1.53961
-0.822 1.5144
-0.82 1.48908
-0.818 1.46366
-0.816 1.43815
-0.814 1.41258
-0.812 1.38695
-0.81 1.3613
-0.808 1.33563
-0.806 1.30997
-0.804 1.28432
-0.802 1.25871
-0.8 1.23316
-0.798 1.20767
-0.796 1.18227
-0.794 1.15697
-0.792 1.13179
-0.79 1.10674
-0.788 1.08184
-0.786 1.0571
-0.784 1.03253
-0.782 1.00815
-0.78 0.983978
-0.778 0.960015
-0.776 0.936279
-0.774 0.912781
-0.772 0.889531
-0.77 0.866542
-0.768 0.843822
-0.766 0.821381
-0.764 0.79923
-0.762 0.777375
-0.76 0.755826
-0.758 0.73459
-0.756 0.713674
-0.754 0.693084
-0.752 0.672827
-0.75 0.652908
-0.748 0.633332
-0.746 0.614104
-0.744 0.595227
-0.742 0.576705
-0.74 0.558541
-0.738 0.540737
-0.736 0.523296
-0.734 0.506219
-0.732 0.489507
-0.73 0.473161
-0.728 0.457182
-0.726 0.441568
-0.724 0.42632
-0.722 0.411436
-0.72 0.396916
-0.718 0.382757
-0.716 0.368958
-0.714 0.355516
-0.712 0.342428
-0.71 0.329692
-0.708 0.317305
-0.706 0.305262
-0.704 0.293559
-0.702 0.282194
-0.7 0.271162
-0.698 0.260457
-0.696 0.250076
-0.694 0.240014
-0.692 0.230265
-0.69 0.220825
-0.688 0.211687
-0.686 0.202847
-0.684 0.1943
-0.682 0.186038
-0.68 0.178057
-0.678 0.170351
-0.676 0.162913
-0.674 0.155738
-0.672 0.14882
-0.67 0.142153
-0.668 0.135731
-0.666 0.129547
-0.664 0.123595
-0.662 0.11787
-0.66 0.112366
-0.658 0.107076
-0.656 0.101994
-0.654 0.0971149
-0.652 0.0924323
-0.65 0.0879404
-0.648 0.0836335
-0.646 0.0795058
-0.644 0.0755517
-0.642 0.0717656
-0.64 0.0681421
-0.638 0.0646757
-0.636 0.0613612
-0.634 0.0581934
-0.632 0.055167
-0.63 0.0522772
-0.628 0.049519
-0.626 0.0468876
-0.624 0.0443784
-0.622 0.0419866
-0.62 0.0397079
-0.618 0.0375379
-0.616 0.0354723
-0.614 0.033507
-0.612 0.0316379
-0.61 0.0298612
-0.608 0.028173
-0.606 0.0265696
-0.604 0.0250475
-0.602 0.0236032
-0.6 0.0222332
-0.598 0.0209344
-0.596 0.0197036
-0.594 0.0185377
-0.592 0.0174339
-0.59 0.0163893
-0.588 0.015401
-0.586 0.0144666
-0.584 0.0135835
-0.582 0.0127492
-0.58 0.0119613
-0.578 0.0112176
-0.576 0.010516
-0.574 0.00985433
-0.572 0.00923059
-0.57 0.00864288
-0.568 0.00808935
-0.566 0.00756825
-0.564 0.00707788
-0.562 0.00661665
-0.56 0.00618299
-0.558 0.00577545
-0.556 0.00539262
-0.554 0.00503315
-0.552 0.00469576
-0.55 0.00437924
-0.548 0.00408242
-0.546 0.0038042
-0.544 0.00354352
-0.542 0.00329939
-0.54 0.00307084
-0.538 0.00285699
-0.536 0.00265697
-0.534 0.00246996
-0.532 0.00229519
-0.53 0.00213194
-0.528 0.00197951
-0.526 0.00183725
-0.524 0.00170452
-0.522 0.00158075
-0.52 0.00146539
-0.518 0.00135789
-0.516 0.00125779
-0.514 0.00116459
-0.512 0.00107787
-0.51 0.000997209
-0.508 0.000922215
-0.506 0.00085252
-0.504 0.000787776
-0.502 0.000727659
-0.5 0.00067186
-0.498 0.000620092
-0.496 0.000572084
-0.494 0.000527582
-0.492 0.000486347
-0.49 0.000448156
-0.488 0.000412798
-0.486 0.000380079
-0.484 0.000349812
-0.482 0.000321827
-0.48 0.000295963
-0.478 0.000272068
-0.476 0.000250002
-0.474 0.000229635
-0.472 0.000210842
-0.47 0.00019351
-0.468 0.000177531
-0.466 0.000162807
-0.464 0.000149244
-0.462 0.000136757
-0.46 0.000125264
-0.458 0.000114691
-0.456 0.000104968
-0.454 9.60317e-05
-0.452 8.78207e-05
-0.45 8.02797e-05
-0.448 7.33568e-05
-0.446 6.70041e-05
-0.444 6.11771e-05
-0.442 5.58345e-05
-0.44 5.09381e-05
-0.438 4.64525e-05
-0.436 4.2345e-05
-0.434 3.85852e-05
-0.432 3.51452e-05
-0.43 3.19991e-05
-0.428 2.9123e-05
-0.426 2.64947e-05
-0.424 2.40941e-05
-0.422 2.19021e-05
-0.42 1.99017e-05
-0.418 1.80767e-05
-0.416 1.64125e-05
-0.414 1.48955e-05
-0.412 1.35134e-05
-0.41 1.22546e-05
-0.408 1.11086e-05
-0.406 1.00658e-05
-0.404 9.11716e-06
-0.402 8.25465e-06
-0.4 7.47076e-06
-0.398 6.7586e-06
-0.396 6.11188e-06
-0.394 5.52484e-06
-0.392 4.99218e-06
-0.39 4.50908e-06
-0.388 4.0711e-06
-0.386 3.67419e-06
-0.384 3.31465e-06
-0.382 2.98909e-06
-0.38 2.69444e-06
-0.378 2.42786e-06
-0.376 2.18678e-06
-0.374 1.96885e-06
-0.372 1.77192e-06
-0.37 1.59406e-06
-0.368 1.43348e-06
-0.366 1.28856e-06
-0.364 1.15783e-06
-0.362 1.03994e-06
-0.36 9.33683e-07
-0.358 8.37948e-07
-0.356 7.51729e-07
-0.354 6.74111e-07
-0.352 6.04266e-07
-0.35 5.41441e-07
-0.348 4.84953e-07
-0.346 4.34185e-07
-0.344 3.88577e-07
-0.342 3.4762e-07
-0.34 3.10856e-07
-0.338 2.77869e-07
-0.336 2.48283e-07
-0.334 2.21758e-07
-0.332 1.97988e-07
-0.33 1.76695e-07
-0.328 1.57629e-07
-0.326 1.40564e-07
-0.324 1.25296e-07
-0.322 1.11642e-07
-0.32 9.94366e-08
-0.318 8.85298e-08
-0.316 7.87878e-08
-0.314 7.00898e-08
-0.312 6.23271e-08
-0.31 5.5402e-08
-0.308 4.92266e-08
-0.306 4.37221e-08
-0.304 3.88175e-08
-0.302 3.44494e-08
-0.3 3.05605e-08
-0.298 2.70999e-08
-0.296 2.40215e-08
-0.294 2.12842e-08
-0.292 1.88514e-08
-0.29 1.66899e-08
-0.288 1.47704e-08
-0.286 1.30664e-08
-0.284 1.15543e-08
-0.282 1.02132e-08
-0.28 9.0241e-09
-0.278 7.97026e-09
-0.276 7.03667e-09
-0.274 6.20996e-09
-0.272 5.47818e-09
-0.27 4.8307e-09
-0.268 4.25805e-09
-0.266 3.75178e-09
-0.264 3.30438e-09
-0.262 2.90917e-09
-0.26 2.5602e-09
-0.258 2.25219e-09
-0.256 1.98045e-09
-0.254 1.7408e-09
-0.252 1.52953e-09
-0.25 1.34337e-09
-0.248 1.17939e-09
-0.246 1.03502e-09
-0.244 9.07951e-10
-0.242 7.96169e-10
-0.24 6.97866e-10
-0.238 6.11458e-10
-0.236 5.35533e-10
-0.234 4.6885e-10
-0.232 4.10305e-10
-0.23 3.58929e-10
-0.228 3.1386e-10
-0.226 2.74337e-10
-0.224 2.39699e-10
-0.222 2.09347e-10
-0.22 1.82766e-10
-0.218 1.59496e-10
-0.216 1.39137e-10
-0.214 1.21328e-10
-0.212 1.05753e-10
-0.21 9.21397e-11
-0.208 8.02519e-11
-0.206 6.98636e-11
-0.204 6.07984e-11
-0.202 5.28894e-11
-0.2 4.5994e-11
-0.198 3.99778e-11
-0.196 3.47332e-11
-0.194 3.01638e-11
-0.192 2.61891e-11
-0.19 2.27269e-11
-0.188 1.97141e-11
-0.186 1.70954e-11
-0.184 1.4818e-11
-0.182 1.28402e-11
-0.18 1.1119e-11
-0.178 9.62934e-12
-0.176 8.32957e-12
-0.174 7.20664e-12
-0.172 6.23318e-12
-0.17 5.38599e-12
-0.168 4.65733e-12
-0.166 4.02072e-12
-0.164 3.47003e-12
-0.162 2.99763e-12
-0.16 2.58035e-12
-0.158 2.23141e-12
-0.156 1.92166e-12
-0.154 1.65492e-12
-0.152 1.42757e-12
-0.15 1.2286e-12
-0.148 1.05567e-12
-0.146 9.11759e-13
-0.144 7.86539e-13
-0.142 6.7139e-13
-0.14 5.77358e-13
-0.138 4.95841e-13
-0.136 4.28525e-13
-0.134 3.66959e-13
-0.132 3.15172e-13
-0.13 2.69496e-13
-0.128 2.33149e-13
-0.126 1.99772e-13
-0.124 1.69046e-13
-0.122 1.4322e-13
-0.12 1.25823e-13
-0.118 1.09445e-13
-0.116 9.21929e-14
-0.114 7.60407e-14
-0.112 6.76249e-14
-0.11 5.72067e-14
-0.108 5.23899e-14
-0.106 3.955e-14
-0.104 3.74552e-14
-0.102 3.3202e-14
-0.1 2.5349e-14
-0.098 2.36689e-14
-0.096 2.42325e-14
-0.094 1.57792e-14
-0.092 1.66372e-14
-0.09 1.60334e-14
-0.088 1.10119e-14
-0.086 1.06752e-14
-0.084 6.66975e-15
-0.082 7.26973e-15
-0.08 5.61556e-15
-0.078 7.29907e-15
-0.076 7.75737e-15
-0.074 4.55909e-15
-0.072 7.94809e-15
-0.07 5.62067e-15
-0.068 2.37521e-15
-0.066 5.46313e-15
-0.064 1.86473e-15
-0.062 3.74774e-15
-0.06 1.36924e-15
-0.058 2.80913e-15
-0.056 2.85992e-15
-0.054 3.81492e-15
-0.052 -3.61481e-16
-0.05 4.69643e-15
-0.048 1.92643e-15
-0.046 4.39812e-15
-0.044 -6.7673e-16
-0.042 3.90207e-15
-0.04 9.26251e-17
-0.038 6.33431e-15
-0.036 -1.08838e-15
-0.034 3.27987e-15
-0.032 -1.73405e-15
-0.03 2.52785e-15
-0.028 1.70726e-15
-0.026 3.38888e-16
-0.024 1.06262e-15
-0.022 -1.86271e-15
-0.02 3.78921e-15
-0.018 1.68914e-15
-0.016 -1.17737e-16
-0.014 1.28434e-15
-0.012 2.81559e-15
-0.01 7.02027e-16
-0.008 3.77692e-15
-0.006 -2.53253e-15
-0.004 1.60776e-15
-0.002 5.29708e-16
0 5.1415e-15
0.002 -2.84786e-15
0.004 3.44127e-15
0.006 -2.09079e-15
0.008 3.2743e-15
0.01 -1.06232e-15
0.012 -1.11186e-15
0.014 5.12241e-16
0.016 1.57293e-15
0.018 -1.95146e-15
0.02 3.49054e-16
0.022 -1.39933e-15
0.024 3.58523e-15
0.026 -2.70026e-16
0.028 1.91998e-16
0.03 -1.21163e-15
0.032 3.90521e-16
0.034 -3.60319e-15
0.036 -6.0343e-16
0.038 -5.71893e-16
0.04 -4.73504e-16
0.042 1.45889e-15
0.044 -3.61715e-15
0.046 -2.80139e-16
0.048 6.46113e-16
0.05 1.63343e-15
0.052 1.35905e-15
0.054 7.46665e-16
0.056 -1.3982e-16
0.058 2.0604e-15
0.06 1.77665e-15
0.062 -3.71604e-17
0.064 2.61729e-15
0.066 4.25533e-16
0.068 1.4153e-15
0.07 9.85943e-16
0.072 3.20166e-15
0.074 5.16917e-15
0.076 4.14354e-15
0.078 6.10176e-15
0.08 7.61688e-15
0.082 2.43663e-15
0.084 6.17304e-15
0.086 9.74026e-15
0.088 8.87039e-15
0.09 9.45421e-15
0.092 1.29198e-14
0.094 1.58738e-14
0.096 1.82212e-14
0.098 2.3118e-14
0.1 2.23682e-14
0.102 2.90429e-14
0.104 3.58519e-14
0.106 3.99201e-14
0.108 4.51717e-14
0.11 5.7956e-14
0.112 6.54335e-14
0.114 7.65784e-14
0.116 8.66038e-14
0.118 1.07065e-13
0.12 1.20102e-13
0.122 1.42487e-13
0.124 1.67485e-13
0.126 1.95705e-13
0.128 2.32229e-13
0.13 2.68477e-13
0.132 3.13088e-13
0.134 3.65701e-13
0.136 4.22702e-13
0.138 4.95995e-13
0.14 5.79303e-13
0.142 6.67566e-13
0.144 7.80892e-13
0.146 9.02454e-13
0.148 1.05844e-12
0.15 1.22515e-12
0.152 1.424e-12
0.154 1.65499e-12
0.156 1.91791e-12
0.158 2.22737e-12
0.16 2.58303e-12
0.162 2.99321e-12
0.164 3.46896e-12
0.166 4.01686e-12
0.168 4.65102e-12
0.17 5.38307e-12
0.172 6.22814e-12
0.174 7.20471e-12
0.176 8.32833e-12
0.178 9.62582e-12
0.18 1.11183e-11
0.182 1.28376e-11
0.184 1.48169e-11
0.186 1.70886e-11
0.188 1.97122e-11
0.19 2.27228e-11
0.192 2.61881e-11
0.194 3.01644e-11
0.196 3.47317e-11
0.198 3.99739e-11
0.2 4.59893e-11
0.202 5.28875e-11
0.204 6.07939e-11
0.206 6.98605e-11
0.208 8.02426e-11
0.21 9.21394e-11
0.212 1.05748e-10
0.214 1.21329e-10
0.216 1.39131e-10
0.218 1.59495e-10
0.22 1.82765e-10
0.222 2.09346e-10
0.224 2.39695e-10
0.226 2.74337e-10
0.228 3.13855e-10
0.23 3.58928e-10
0.232 4.10301e-10
0.234 4.68849e-10
0.236 5.35531e-10
0.238 6.11456e-10
0.24 6.97864e-10
0.242 7.96166e-10
0.244 9.07945e-10
0.246 1.03501e-09
0.248 1.17939e-09
0.25 1.34336e-09
0.252 1.52953e-09
0.254 1.74079e-09
0.256 1.98044e-09
0.258 2.25219e-09
0.26 2.56019e-09
0.262 2.90917e-09
0.264 3.30437e-09
0.266 3.75178e-09
0.268 4.25804e-09
0.27 4.8307e-09
0.272 5.47818e-09
0.274 6.20996e-09
0.276 7.03667e-09
0.278 7.97026e-09
0.28 9.02409e-09
0.282 1.02132e-08
0.284 1.15543e-08
0.286 1.30664e-08
0.288 1.47704e-08
0.29 1.66899e-08
0.292 1.88514e-08
0.294 2.12842e-08
0.296 2.40215e-08
0.298 2.70999e-08
0.3 3.05605e-08
0.302 3.44494e-08
0.304 3.88175e-08
0.306 4.37221e-08
0.308 4.92266e-08
0.31 5.5402e-08
0.312 6.23271e-08
0.314 7.00898e-08
0.316 7.87878e-08
0.318 8.85298e-08
0.32 9.94366e-08
0.322 1.11642e-07
0.324 1.25296e-07
0.326 1.40564e-07
0.328 1.57629e-07
0.33 1.76695e-07
0.332 1.97988e-07
0.334 2.21758e-07
0.336 2.48283e-07
0.338 2.77869e-07
0.34 3.10856e-07
0.342 3.4762e-07
0.344 3.88577e-07
0.346 4.34185e-07
0.348 4.84953e-07
0.35 5.41441e-07
0.352 6.04266e-07
0.354 6.74111e-07
0.356 7.51729e-07
0.358 8.37948e-07
0.36 9.33683e-07
0.362 1.03994e-06
0.364 1.15783e-06
0.366 1.28856e-06
0.368 1.43348e-06
0.37 1.59406e-06
0.372 1.77192e-06
0.374 1.96885e-06
0.376 2.18678e-06
0.378 2.42786e-06
0.38 2.69444e-06
0.382 2.98909e-06
0.384 3.31465e-06
0.386 3.67419e-06
0.388 4.0711e-06
0.39 4.50908e-06
0.392 4.99218e-06
0.394 5.52484e-06
0.396 6.11188e-06
0.398 6.7586e-06
0.4 7.47076e-06
0.402 8.25465e-06
0.404 9.11716e-06
0.406 1.00658e-05
0.408 1.11086e-05
0.41 1.22546e-05
0.412 1.35134e-05
0.414 1.48955e-05
0.416 1.64125e-05
0.418 1.80767e-05
0.42 1.99017e-05
0.422 2.19021e-05
0.424 2.40941e-05
0.426 2.64947e-05
0.428 2.9123e-05
0.43 3.19991e-05
0.432 3.51452e-05
0.434 3.85852e-05
0.436 4.2345e-05
0.438 4.64525e-05
0.44 5.09381e-05
0.442 5.58345e-05
0.444 6.11771e-05
0.446 6.70041e-05
0.448 7.33568e-05
0.45 8.02797e-05
0.452 8.78207e-05
0.454 9.60317e-05
0.456 0.000104968
0.458 0.000114691
0.46 0.000125264
0.462 0.000136757
0.464 0.000149244
0.466 0.000162807
0.468 0.000177531
0.47 0.00019351
0.472 0.000210842
0.474 0.000229635
0.476 0.000250002
0.478 0.000272068
0.48 0.000295963
0.482 0.000321827
0.484 0.000349812
0.486 0.000380079
0.488 0.000412798
0.49 0.000448156
0.492 0.000486347
0.494 0.000527582
0.496 0.000572084
0.498 0.000620092
0.5 0.00067186
0.502 0.000727659
0.504 0.000787776
0.506 0.00085252
0.508 0.000922215
0.51 0.000997209
0.512 0.00107787
0.514 0.00116459
0.516 0.00125779
0.518 0.00135789
0.52 0.00146539
0.522 0.00158075
0.524 0.00170452
0.526 0.00183725
0.528 0.00197951
0.53 0.00213194
0.532 0.00229519
0.534 0.00246996
0.536 0.00265697
0.538 0.00285699
0.54 0.00307084
0.542 0.00329939
0.544 0.00354352
0.546 0.0038042
0.548 0.00408242
0.55 0.00437924
0.552 0.00469576
0.554 0.00503315
0.556 0.00539262
0.558 0.00577545
0.56 0.00618299
0.562 0.00661665
0.564 0.00707788
0.566 0.00756825
0.568 0.00808935
0.57 0.00864288
0.572 0.00923059
0.574 0.00985433
0.576 0.010516
0.578 0.0112176
0.58 0.0119613
0.582 0.0127492
0.584 0.0135835
0.586 0.0144666
0.588 0.015401
0.59 0.0163893
0.592 0.0174339
0.594 0.0185377
0.596 0.0197036
0.598 0.0209344
0.6 0.0222332
0.602 0.0236032
0.604 0.0250475
0.606 0.0265696
0.608 0.028173
0.61 0.0298612
0.612 0.0316379
0.614 0.033507
0.616 0.0354723
0.618 0.0375379
0.62 0.0397079
0.622 0.0419866
0.624 0.0443784
0.626 0.0468876
0.628 0.049519
0.63 0.0522772
0.632 0.055167
0.634 0.0581934
0.636 0.0613612
0.638 0.0646757
0.64 0.0681421
0.642 0.0717656
0.644 0.0755517
0.646 0.0795058
0.648 0.0836335
0.65 0.0879404
0.652 0.0924323
0.654 0.0971149
0.656 0.101994
0.658 0.107076
0.66 0.112366
0.662 0.11787
0.664 0.123595
0.666 0.129547
0.668 0.135731
0.67 0.142153
0.672 0.14882
0.674 0.155738
0.676 0.162913
0.678 0.170351
0.68 0.178057
0.682 0.186038
0.684 0.1943
0.686 0.202847
0.688 0.211687
0.69 0.220825
0.692 0.230265
0.694 0.240014
0.696 0.250076
0.698 0.260457
0.7 0.271162
0.702 0.282194
0.704 0.293559
0.706 0.305262
0.708 0.317305
0.71 0.329692
0.712 0.342428
0.714 0.355516
0.716 0.368958
0.718 0.382757
0.72 0.396916
0.722 0.411436
0.724 0.42632
0.726 0.441568
0.728 0.457182
0.73 0.473161
0.732 0.489507
0.734 0.506219
0.736 0.523296
0.738 0.540737
0.74 0.558541
0.742 0.576705
0.744 0.595227
0.746 0.614104
0.748 0.633332
0.75 0.652908
0.752 0.672827
0.754 0.693084
0.756 0.713674
0.758 0.73459
0.76 0.755826
0.762 0.777375
0.764 0.79923
0.766 0.821381
0.768 0.843822
0.77 0.866542
0.772 0.889531
0.774 0.912781
0.776 0.936279
0.778 0.960015
0.78 0.983978
0.782 1.00815
0.784 1.03253
0.786 1.0571
0.788 1.08184
0.79 1.10674
0.792 1.13179
0.794 1.15697
0.796 1.18227
0.798 1.20767
0.8 1.23316
0.802 1.25871
0.804 1.28432
0.806 1.30997
0.808 1.33563
0.81 1.3613
0.812 1.38695
0.814 1.41258
0.816 1.43815
0.818 1.46366
0.82 1.48908
0.822 1.5144
0.824 1.53961
0.826 1.56467
0.828 1.58959
0.83 1.61433
0.832 1.63888
0.834 1.66322
0.836 1.68735
0.838 1.71123
0.84 1.73486
0.842 1.75822
0.844 1.78129
0.846 1.80406
0.848 1.82651
0.85 1.84863
0.852 1.8704
0.854 1.89182
0.856 1.91286
0.858 1.93353
0.86 1.95379
0.862 1.97365
0.864 1.99309
0.866 2.01211
0.868 2.03069
0.87 2.04882
0.872 2.0665
0.874 2.08373
0.876 2.10049
0.878 2.11677
0.88 2.13259
0.882 2.14792
0.884 2.16277
0.886 2.17714
0.888 2.19102
0.89 2.20442
0.892 2.21733
0.894 2.22975
0.896 2.24169
0.898 2.25315
0.9 2.26413
0.902 2.27463
0.904 2.28467
0.906 2.29424
0.908 2.30336
0.91 2.31202
0.912 2.32024
0.914 2.32803
0.916 2.33538
0.918 2.34233
0.92 2.34886
0.922 2.355
0.924 2.36075
0.926 2.36613
0.928 2.37115
0.93 2.37581
0.932 2.38014
0.934 2.38414
0.936 2.38783
0.938 2.39122
0.94 2.39433
0.942 2.39717
0.944 2.39974
0.946 2.40208
0.948 2.40418
0.95 2.40606
0.952 2.40775
0.954 2.40924
0.956 2.41056
0.958 2.41171
0.96 2.41271
0.962 2.41358
0.964 2.41432
0.966 2.41495
0.968 2.41547
0.97 2.41591
0.972 2.41626
0.974 2.41654
0.976 2.41677
0.978 2.41694
0.98 2.41706
0.982 2.41716
0.984 2.41722
0.986 2.41726
0.988 2.41728
0.99 2.41729
0.992 2.41729
0.994 2.41729
0.996 2.41729
0.998 2.41729
