-1 1.49937
-0.998 1.49966
-0.996 1.50052
-0.994 1.50195
-0.992 1.50395
-0.99 1.50652
-0.988 1.50964
-0.986 1.51332
-0.984 1.51754
-0.982 1.5223
-0.98 1.52759
-0.978 1.53339
-0.976 1.5397
-0.974 1.54649
-0.972 1.55377
-0.97 1.5615
-0.968 1.56969
-0.966 1.5783
-0.964 1.58732
-0.962 1.59674
-0.96 1.60653
-0.958 1.61667
-0.956 1.62714
-0.954 1.63792
-0.952 1.64899
-0.95 1.66033
-0.948 1.6719
-0.946 1.68369
-0.944 1.69567
-0.942 1.70782
-0.94 1.72011
-0.938 1.73251
-0.936 1.74501
-0.934 1.75756
-0.932 1.77015
-0.93 1.78274
-0.928 1.79532
-0.926 1.80785
-0.924 1.8203
-0.922 1.83266
-0.92 1.84489
-0.918 1.85696
-0.916 1.86885
-0.914 1.88053
-0.912 1.89198
-0.91 1.90317
-0.908 1.91407
-0.906 1.92466
-0.904 1.93492
-0.902 1.94481
-0.9 1.95433
-0.898 1.96344
-0.896 1.97212
-0.894 1.98034
-0.892 1.9881
-0.89 1.99537
-0.888 2.00213
-0.886 2.00836
-0.884 2.01404
-0.882 2.01916
-0.88 2.0237
-0.878 2.02764
-0.876 2.03098
-0.874 2.03369
-0.872 2.03577
-0.87 2.03721
-0.868 2.03799
-0.866 2.0381
-0.864 2.03755
-0.862 2.03632
-0.86 2.0344
-0.858 2.03179
-0.856 2.02849
-0.854 2.0245
-0.852 2.0198
-0.85 2.01441
-0.848 2.00832
-0.846 2.00154
-0.844 1.99406
-0.842 1.9859
-0.84 1.97705
-0.838 1.96752
-0.836 1.95731
-0.834 1.94645
-0.832 1.93492
-0.83 1.92275
-0.828 1.90994
-0.826 1.89651
-0.824 1.88246
-0.822 1.86781
-0.82 1.85257
-0.818 1.83676
-0.816 1.82039
-0.814 1.80348
-0.812 1.78604
-0.81 1.76809
-0.808 1.74964
-0.806 1.73073
-0.804 1.71135
-0.802 1.69154
-0.8 1.6713
-0.798 1.65067
-0.796 1.62966
-0.794 1.60829
-0.792 1.58658
-0.79 1.56456
-0.788 1.54223
-0.786 1.51963
-0.784 1.49677
-0.782 1.47368
-0.78 1.45037
-0.778 1.42687
-0.776 1.4032
-0.774 1.37938
-0.772 1.35542
-0.77 1.33136
-0.768 1.30721
-0.766 1.28299
-0.764 1.25872
-0.762 1.23442
-0.76 1.21011
-0.758 1.18581
-0.756 1.16153
-0.754 1.13731
-0.752 1.11314
-0.75 1.08906
-0.748 1.06507
-0.746 1.0412
-0.744 1.01746
-0.742 0.99387
-0.74 0.970437
-0.738 0.94718
-0.736 0.924112
-0.734 0.901247
-0.732 0.878598
-0.73 0.856178
-0.728 0.833997
-0.726 0.812067
-0.724 0.790398
-0.722 0.769001
-0.72 0.747886
-0.718 0.72706
-0.716 0.706532
-0.714 0.68631
-0.712 0.6664
-0.71 0.64681
-0.708 0.627546
-0.706 0.608612
-0.704 0.590014
-0.702 0.571757
-0.7 0.553842
-0.698 0.536275
-0.696 0.519058
-0.694 0.502193
-0.692 0.485682
-0.69 0.469527
-0.688 0.453727
-0.686 0.438284
-0.684 0.423197
-0.682 0.408467
-0.68 0.394092
-0.678 0.38007
-0.676 0.366401
-0.674 0.353083
-0.672 0.340113
-0.67 0.327488
-0.668 0.315206
-0.666 0.303263
-0.664 0.291656
-0.662 0.280382
-0.66 0.269435
-0.658 0.258813
-0.656 0.248509
-0.654 0.238521
-0.652 0.228842
-0.65 0.219469
-0.648 0.210395
-0.646 0.201616
-0.644 0.193126
-0.642 0.184919
-0.64 0.176991
-0.638 0.169334
-0.636 0.161944
-0.634 0.154815
-0.632 0.14794
-0.63 0.141314
-0.628 0.134931
-0.626 0.128785
-0.624 0.122869
-0.622 0.117179
-0.62 0.111707
-0.618 0.106448
-0.616 0.101396
-0.614 0.0965455
-0.612 0.0918901
-0.61 0.0874242
-0.608 0.0831421
-0.606 0.0790381
-0.604 0.0751067
-0.602 0.0713422
-0.6 0.0677394
-0.598 0.0642928
-0.596 0.0609971
-0.594 0.0578472
-0.592 0.0548381
-0.59 0.0519647
-0.588 0.0492222
-0.586 0.0466057
-0.584 0.0441107
-0.582 0.0417326
-0.58 0.0394669
-0.578 0.0373093
-0.576 0.0352555
-0.574 0.0333014
-0.572 0.0314431
-0.57 0.0296766
-0.568 0.0279982
-0.566 0.0264041
-0.564 0.0248908
-0.562 0.0234549
-0.56 0.022093
-0.558 0.0208018
-0.556 0.0195782
-0.554 0.0184193
-0.552 0.017322
-0.55 0.0162836
-0.548 0.0153013
-0.546 0.0143725
-0.544 0.0134947
-0.542 0.0126654
-0.54 0.0118824
-0.538 0.0111433
-0.536 0.010446
-0.534 0.00978839
-0.532 0.00916853
-0.53 0.00858449
-0.528 0.00803443
-0.526 0.00751662
-0.524 0.00702937
-0.522 0.00657107
-0.52 0.00614019
-0.518 0.00573528
-0.516 0.00535492
-0.514 0.00499779
-0.512 0.00466261
-0.51 0.00434818
-0.508 0.00405332
-0.506 0.00377695
-0.504 0.00351801
-0.502 0.00327552
-0.5 0.00304852
-0.498 0.00283612
-0.496 0.00263746
-0.494 0.00245174
-0.492 0.00227818
-0.49 0.00211606
-0.488 0.00196469
-0.486 0.00182343
-0.484 0.00169164
-0.482 0.00156875
-0.48 0.0014542
-0.478 0.00134748
-0.476 0.00124809
-0.474 0.00115557
-0.472 0.00106949
-0.47 0.000989414
-0.468 0.000914971
-0.466 0.000845791
-0.464 0.00078153
-0.462 0.000721861
-0.46 0.000666482
-0.458 0.000615105
-0.456 0.000567462
-0.454 0.000523299
-0.452 0.000482381
-0.45 0.000444484
-0.448 0.0004094
-0.446 0.000376935
-0.444 0.000346906
-0.442 0.000319141
-0.44 0.000293481
-0.438 0.000269777
-0.436 0.000247887
-0.434 0.000227683
-0.432 0.000209042
-0.43 0.00019185
-0.428 0.000176002
-0.426 0.000161398
-0.424 0.000147947
-0.422 0.000135563
-0.42 0.000124166
-0.418 0.000113681
-0.416 0.00010404
-0.414 9.51788e-05
-0.412 8.70373e-05
-0.41 7.95605e-05
-0.408 7.26968e-05
-0.406 6.63987e-05
-0.404 6.0622e-05
-0.402 5.53257e-05
-0.4 5.0472e-05
-0.398 4.60256e-05
-0.396 4.19542e-05
-0.394 3.82277e-05
-0.392 3.48182e-05
-0.39 3.17001e-05
-0.388 2.88497e-05
-0.386 2.62451e-05
-0.384 2.38661e-05
-0.382 2.16941e-05
-0.38 1.97119e-05
-0.378 1.79036e-05
-0.376 1.62547e-05
-0.374 1.47518e-05
-0.372 1.33824e-05
-0.37 1.21353e-05
-0.368 1.10001e-05
-0.366 9.96704e-06
-0.364 9.02739e-06
-0.362 8.17307e-06
-0.36 7.39663e-06
-0.358 6.69128e-06
-0.356 6.05077e-06
-0.354 5.46938e-06
-0.352 4.94188e-06
-0.35 4.46347e-06
-0.348 4.02976e-06
-0.346 3.63674e-06
-0.344 3.28074e-06
-0.342 2.9584e-06
-0.34 2.66666e-06
-0.338 2.40274e-06
-0.336 2.16407e-06
-0.334 1.94832e-06
-0.332 1.75339e-06
-0.33 1.57733e-06
-0.328 1.41837e-06
-0.326 1.27493e-06
-0.324 1.14554e-06
-0.322 1.02886e-06
-0.32 9.23701e-07
-0.318 8.28958e-07
-0.316 7.43634e-07
-0.314 6.66827e-07
-0.312 5.97713e-07
-0.31 5.35548e-07
-0.308 4.79657e-07
-0.306 4.29427e-07
-0.304 3.84304e-07
-0.302 3.43784e-07
-0.3 3.07414e-07
-0.298 2.74781e-07
-0.296 2.45514e-07
-0.294 2.19277e-07
-0.292 1.95765e-07
-0.29 1.74705e-07
-0.288 1.55847e-07
-0.286 1.3897e-07
-0.284 1.23871e-07
-0.282 1.10368e-07
-0.28 9.82977e-08
-0.278 8.75125e-08
-0.276 7.78795e-08
-0.274 6.92791e-08
-0.272 6.16038e-08
-0.27 5.4757e-08
-0.268 4.86516e-08
-0.266 4.32097e-08
-0.264 3.83612e-08
-0.262 3.40431e-08
-0.26 3.0199e-08
-0.258 2.67782e-08
-0.256 2.37355e-08
-0.254 2.103e-08
-0.252 1.86255e-08
-0.25 1.64893e-08
-0.248 1.45923e-08
-0.246 1.29084e-08
-0.244 1.14142e-08
-0.242 1.00889e-08
-0.24 8.91395e-09
-0.238 7.87268e-09
-0.236 6.95026e-09
-0.234 6.13347e-09
-0.232 5.4105e-09
-0.23 4.77084e-09
-0.228 4.20512e-09
-0.226 3.705e-09
-0.224 3.26306e-09
-0.222 2.87268e-09
-0.22 2.528e-09
-0.218 2.22378e-09
-0.216 1.95539e-09
-0.214 1.7187e-09
-0.212 1.51006e-09
-0.21 1.32622e-09
-0.208 1.16429e-09
-0.206 1.02173e-09
-0.204 8.96261e-10
-0.202 7.85889e-10
-0.2 6.88833e-10
-0.198 6.0352e-10
-0.196 5.28559e-10
-0.194 4.6273e-10
-0.192 4.04931e-10
-0.19 3.54212e-10
-0.188 3.09729e-10
-0.186 2.70712e-10
-0.184 2.36524e-10
-0.182 2.06565e-10
-0.18 1.80332e-10
-0.178 1.57367e-10
-0.176 1.37271e-10
-0.174 1.19698e-10
-0.172 1.04326e-10
-0.17 9.08979e-11
-0.168 7.91638e-11
-0.166 6.89146e-11
-0.164 5.99725e-11
-0.162 5.21671e-11
-0.16 4.53586e-11
-0.158 3.94273e-11
-0.156 3.42523e-11
-0.154 2.97504e-11
-0.152 2.58244e-11
-0.15 2.24095e-11
-0.148 1.94408e-11
-0.146 1.68583e-11
-0.144 1.46087e-11
-0.142 1.26575e-11
-0.14 1.0962e-11
-0.138 9.48938e-12
-0.136 8.21183e-12
-0.134 7.10327e-12
-0.132 6.14546e-12
-0.13 5.30998e-12
-0.128 4.58744e-12
-0.126 3.96013e-12
-0.124 3.41808e-12
-0.122 2.94849e-12
-0.12 2.54747e-12
-0.118 2.19205e-12
-0.116 1.89271e-12
-0.114 1.62988e-12
-0.112 1.40688e-12
-0.11 1.20562e-12
-0.108 1.04108e-12
-0.106 8.93264e-13
-0.104 7.68429e-13
-0.102 6.61357e-13
-0.1 5.67157e-13
-0.098 4.87449e-13
-0.096 4.17459e-13
-0.094 3.58129e-13
-0.092 3.08413e-13
-0.09 2.67139e-13
-0.088 2.27876e-13
-0.086 1.95251e-13
-0.084 1.65535e-13
-0.082 1.40788e-13
-0.08 1.24378e-13
-0.078 1.01815e-13
-0.076 9.30544e-14
-0.074 7.82689e-14
-0.072 6.27319e-14
-0.07 5.60915e-14
-0.068 4.67261e-14
-0.066 4.21179e-14
-0.064 3.1158e-14
-0.062 3.11402e-14
-0.06 2.36884e-14
-0.058 2.14713e-14
-0.056 1.61398e-14
-0.054 1.73609e-14
-0.052 1.14518e-14
-0.05 1.06455e-14
-0.048 7.61261e-15
-0.046 1.07885e-14
-0.044 6.94035e-15
-0.042 9.23485e-15
-0.04 5.8229e-15
-0.038 5.30559e-15
-0.036 1.69251e-15
-0.034 4.68115e-15
-0.032 -8.48393e-16
-0.03 1.50163e-15
-0.028 2.23496e-15
-0.026 3.2245e-15
-0.024 1.36627e-15
-0.022 -5.58869e-16
-0.02 -1.47471e-15
-0.018 2.43749e-15
-0.016 2.09347e-15
-0.014 4.28377e-15
-0.012 6.82847e-15
-0.01 -2.18482e-15
-0.008 4.13467e-15
-0.006 1.18872e-15
-0.004 3.18151e-15
-0.002 -1.24488e-15
0 4.02834e-15
0.002 -3.33359e-15
0.004 4.03872e-15
0.006 -1.96135e-15
0.008 1.85066e-15
0.01 -3.91584e-16
0.012 4.40634e-15
0.014 -1.17168e-15
0.016 2.1024e-15
0.018 -3.03202e-15
0.02 -1.44286e-17
0.022 -7.71058e-16
0.024 -4.45382e-16
0.026 4.54817e-15
0.028 1.61613e-15
0.03 5.09614e-15
0.032 1.46821e-15
0.034 7.6569e-16
0.036 5.19136e-15
0.038 6.70217e-15
0.04 9.26613e-15
0.042 9.14118e-15
0.044 5.1062e-15
0.046 7.53902e-15
0.048 1.09937e-14
0.05 1.17753e-14
0.052 1.44478e-14
0.054 1.48985e-14
0.056 2.05141e-14
0.058 2.23737e-14
0.06 2.45923e-14
0.062 2.78106e-14
0.064 3.34034e-14
0.066 4.04926e-14
0.068 4.84628e-14
0.07 5.6105e-14
0.072 6.64665e-14
0.074 7.62086e-14
0.076 8.70373e-14
0.078 1.01856e-13
0.08 1.22038e-13
0.082 1.44948e-13
0.084 1.67161e-13
0.086 1.94217e-13
0.088 2.26717e-13
0.09 2.66646e-13
0.092 3.09804e-13
0.094 3.61978e-13
0.096 4.19463e-13
0.098 4.89121e-13
0.1 5.67599e-13
0.102 6.62832e-13
0.104 7.66475e-13
0.106 8.96816e-13
0.108 1.03987e-12
0.11 1.20848e-12
0.112 1.40463e-12
0.114 1.63092e-12
0.116 1.89366e-12
0.118 2.1978e-12
0.12 2.54667e-12
0.122 2.95001e-12
0.124 3.42325e-12
0.126 3.96153e-12
0.128 4.58763e-12
0.13 5.3074e-12
0.132 6.14337e-12
0.134 7.10294e-12
0.136 8.21228e-12
0.138 9.4932e-12
0.14 1.09624e-11
0.142 1.26601e-11
0.144 1.46101e-11
0.146 1.68546e-11
0.148 1.94402e-11
0.15 2.24134e-11
0.152 2.58253e-11
0.154 2.97481e-11
0.156 3.42552e-11
0.158 3.94205e-11
0.16 4.53608e-11
0.162 5.21661e-11
0.164 5.9971e-11
0.166 6.8914e-11
0.168 7.91669e-11
0.17 9.08959e-11
0.172 1.04326e-10
0.174 1.19696e-10
0.176 1.37275e-10
0.178 1.57368e-10
0.18 1.80333e-10
0.182 2.06567e-10
0.184 2.36523e-10
0.186 2.70713e-10
0.188 3.09727e-10
0.19 3.54216e-10
0.192 4.04933e-10
0.194 4.62729e-10
0.196 5.28559e-10
0.198 6.0352e-10
0.2 6.88828e-10
0.202 7.85889e-10
0.204 8.96261e-10
0.206 1.02173e-09
0.208 1.16429e-09
0.21 1.32622e-09
0.212 1.51007e-09
0.214 1.7187e-09
0.216 1.95539e-09
0.218 2.22378e-09
0.22 2.52799e-09
0.222 2.87268e-09
0.224 3.26306e-09
0.226 3.70501e-09
0.228 4.20512e-09
0.23 4.77084e-09
0.232 5.41049e-09
0.234 6.13347e-09
0.236 6.95026e-09
0.238 7.87268e-09
0.24 8.91395e-09
0.242 1.00889e-08
0.244 1.14142e-08
0.246 1.29084e-08
0.248 1.45923e-08
0.25 1.64893e-08
0.252 1.86255e-08
0.254 2.103e-08
0.256 2.37355e-08
0.258 2.67782e-08
0.26 3.0199e-08
0.262 3.40431e-08
0.264 3.83612e-08
0.266 4.32097e-08
0.268 4.86516e-08
0.27 5.4757e-08
0.272 6.16038e-08
0.274 6.92791e-08
0.276 7.78794e-08
0.278 8.75125e-08
0.28 9.82977e-08
0.282 1.10368e-07
0.284 1.23871e-07
0.286 1.3897e-07
0.288 1.55847e-07
0.29 1.74705e-07
0.292 1.95765e-07
0.294 2.19277e-07
0.296 2.45514e-07
0.298 2.74781e-07
0.3 3.07414e-07
0.302 3.43784e-07
0.304 3.84304e-07
0.306 4.29427e-07
0.308 4.79657e-07
0.31 5.35548e-07
0.312 5.97713e-07
0.314 6.66827e-07
0.316 7.43634e-07
0.318 8.28958e-07
0.32 9.23701e-07
0.322 1.02886e-06
0.324 1.14554e-06
0.326 1.27493e-06
0.328 1.41837e-06
0.33 1.57733e-06
0.332 1.75339e-06
0.334 1.94832e-06
0.336 2.16407e-06
0.338 2.40274e-06
0.34 2.66666e-06
0.342 2.9584e-06
0.344 3.28074e-06
0.346 3.63674e-06
0.348 4.02976e-06
0.35 4.46347e-06
0.352 4.94188e-06
0.354 5.46938e-06
0.356 6.05077e-06
0.358 6.69128e-06
0.36 7.39663e-06
0.362 8.17307e-06
0.364 9.02739e-06
0.366 9.96704e-06
0.368 1.10001e-05
0.37 1.21353e-05
0.372 1.33824e-05
0.374 1.47518e-05
0.376 1.62547e-05
0.378 1.79036e-05
0.38 1.97119e-05
0.382 2.16941e-05
0.384 2.38661e-05
0.386 2.62451e-05
0.388 2.88497e-05
0.39 3.17001e-05
0.392 3.48182e-05
0.394 3.82277e-05
0.396 4.19542e-05
0.398 4.60256e-05
0.4 5.0472e-05
0.402 5.53257e-05
0.404 6.0622e-05
0.406 6.63987e-05
0.408 7.26968e-05
0.41 7.95605e-05
0.412 8.70373e-05
0.414 9.51788e-05
0.416 0.00010404
0.418 0.000113681
0.42 0.000124166
0.422 0.000135563
0.424 0.000147947
0.426 0.000161398
0.428 0.000176002
0.43 0.00019185
0.432 0.000209042
0.434 0.000227683
0.436 0.000247887
0.438 0.000269777
0.44 0.000293481
0.442 0.000319141
0.444 0.000346906
0.446 0.000376935
0.448 0.0004094
0.45 0.000444484
0.452 0.000482381
0.454 0.000523299
0.456 0.000567462
0.458 0.000615105
0.46 0.000666482
0.462 0.000721861
0.464 0.00078153
0.466 0.000845791
0.468 0.000914971
0.47 0.000989414
0.472 0.00106949
0.474 0.00115557
0.476 0.00124809
0.478 0.00134748
0.48 0.0014542
0.482 0.00156875
0.484 0.00169164
0.486 0.00182343
0.488 0.00196469
0.49 0.00211606
0.492 0.00227818
0.494 0.00245174
0.496 0.00263746
0.498 0.00283612
0.5 0.00304852
0.502 0.00327552
0.504 0.00351801
0.506 0.00377695
0.508 0.00405332
0.51 0.00434818
0.512 0.00466261
0.514 0.00499779
0.516 0.00535492
0.518 0.00573528
0.52 0.00614019
0.522 0.00657107
0.524 0.00702937
0.526 0.00751662
0.528 0.00803443
0.53 0.00858449
0.532 0.00916853
0.534 0.00978839
0.536 0.010446
0.538 0.0111433
0.54 0.0118824
0.542 0.0126654
0.544 0.0134947
0.546 0.0143725
0.548 0.0153013
0.55 0.0162836
0.552 0.017322
0.554 0.0184193
0.556 0.0195782
0.558 0.0208018
0.56 0.022093
0.562 0.0234549
0.564 0.0248908
0.566 0.0264041
0.568 0.0279982
0.57 0.0296766
0.572 0.0314431
0.574 0.0333014
0.576 0.0352555
0.578 0.0373093
0.58 0.0394669
0.582 0.0417326
0.584 0.0441107
0.586 0.0466057
0.588 0.0492222
0.59 0.0519647
0.592 0.0548381
0.594 0.0578472
0.596 0.0609971
0.598 0.0642928
0.6 0.0677394
0.602 0.0713422
0.604 0.0751067
0.606 0.0790381
0.608 0.0831421
0.61 0.0874242
0.612 0.0918901
0.614 0.0965455
0.616 0.101396
0.618 0.106448
0.62 0.111707
0.622 0.117179
0.624 0.122869
0.626 0.128785
0.628 0.134931
0.63 0.141314
0.632 0.14794
0.634 0.154815
0.636 0.161944
0.638 0.169334
0.64 0.176991
0.642 0.184919
0.644 0.193126
0.646 0.201616
0.648 0.210395
0.65 0.219469
0.652 0.228842
0.654 0.238521
0.656 0.248509
0.658 0.258813
0.66 0.269435
0.662 0.280382
0.664 0.291656
0.666 0.303263
0.668 0.315206
0.67 0.327488
0.672 0.340113
0.674 0.353083
0.676 0.366401
0.678 0.38007
0.68 0.394092
0.682 0.408467
0.684 0.423197
0.686 0.438284
0.688 0.453727
0.69 0.469527
0.692 0.485682
0.694 0.502193
0.696 0.519058
0.698 0.536275
0.7 0.553842
0.702 0.571757
0.704 0.590014
0.706 0.608612
0.708 0.627546
0.71 0.64681
0.712 0.6664
0.714 0.68631
0.716 0.706532
0.718 0.72706
0.72 0.747886
0.722 0.769001
0.724 0.790398
0.726 0.812067
0.728 0.833997
0.73 0.856178
0.732 0.878598
0.734 0.901247
0.736 0.924112
0.738 0.94718
0.74 0.970437
0.742 0.99387
0.744 1.01746
0.746 1.0412
0.748 1.06507
0.75 1.08906
0.752 1.11314
0.754 1.13731
0.756 1.16153
0.758 1.18581
0.76 1.21011
0.762 1.23442
0.764 1.25872
0.766 1.28299
0.768 1.30721
0.77 1.33136
0.772 1.35542
0.774 1.37938
0.776 1.4032
0.778 1.42687
0.78 1.45037
0.782 1.47368
0.784 1.49677
0.786 1.51963
0.788 1.54223
0.79 1.56456
0.792 1.58658
0.794 1.60829
0.796 1.62966
0.798 1.65067
0.8 1.6713
0.802 1.69154
0.804 1.71135
0.806 1.73073
0.808 1.74964
0.81 1.76809
0.812 1.78604
0.814 1.80348
0.816 1.82039
0.818 1.83676
0.82 1.85257
0.822 1.86781
0.824 1.88246
0.826 1.89651
0.828 1.90994
0.83 1.92275
0.832 1.93492
0.834 1.94645
0.836 1.95731
0.838 1.96752
0.84 1.97705
0.842 1.9859
0.844 1.99406
0.846 2.00154
0.848 2.00832
0.85 2.01441
0.852 2.0198
0.854 2.0245
0.856 2.02849
0.858 2.03179
0.86 2.0344
0.862 2.03632
0.864 2.03755
0.866 2.0381
0.868 2.03799
0.87 2.03721
0.872 2.03577
0.874 2.03369
0.876 2.03098
0.878 2.02764
0.88 2.0237
0.882 2.01916
0.884 2.01404
0.886 2.00836
0.888 2.00213
0.89 1.99537
0.892 1.9881
0.894 1.98034
0.896 1.97212
0.898 1.96344
0.9 1.95433
0.902 1.94481
0.904 1.93492
0.906 1.92466
0.908 1.91407
0.91 1.90317
0.912 1.89198
0.914 1.88053
0.916 1.86885
0.918 1.85696
0.92 1.84489
0.922 1.83266
0.924 1.8203
0.926 1.80785
0.928 1.79532
0.93 1.78274
0.932 1.77015
0.934 1.75756
0.936 1.74501
0.938 1.73251
0.94 1.72011
0.942 1.70782
0.944 1.69567
0.946 1.68369
0.948 1.6719
0.95 1.66033
0.952 1.64899
0.954 1.63792
0.956 1.62714
0.958 1.61667
0.96 1.60653
0.962 1.59674
0.964 1.58732
0.966 1.5783
0.968 1.56969
0.97 1.5615
0.972 1.55377
0.974 1.54649
0.976 1.5397
0.978 1.53339
0.98 1.52759
0.982 1.5223
0.984 1.51754
0.986 1.51332
0.988 1.50964
0.99 1.50652
0.992 1.50395
0.994 1.50195
0.996 1.50052
0.998 1.49966
