-1 0.278669
-0.99 0.279115
-0.98 0.278913
-0.97 0.279608
-0.96 0.279653
-0.95 0.280566
-0.94 0.28092
-0.93 0.281941
-0.92 0.282741
-0.91 0.283704
-0.9 0.285077
-0.89 0.285942
-0.88 0.287725
-0.87 0.288869
-0.86 0.29049
-0.85 0.29243
-0.84 0.293721
-0.83 0.295947
-0.82 0.297953
-0.81 0.299504
-0.8 0.302086
-0.79 0.304418
-0.78 0.306043
-0.77 0.308634
-0.76 0.311749
-0.75 0.313772
-0.74 0.315384
-0.73 0.31853
-0.72 0.323817
-0.71 0.330443
-0.7 0.337513
-0.69 0.344634
-0.68 0.351748
-0.67 0.358876
-0.66 0.366028
-0.65 0.373202
-0.64 0.380394
-0.63 0.387598
-0.62 0.394812
-0.61 0.40203
-0.6 0.40925
-0.59 0.416466
-0.58 0.423674
-0.57 0.43087
-0.56 0.43805
-0.55 0.445209
-0.54 0.452343
-0.53 0.459447
-0.52 0.466517
-0.51 0.473548
-0.5 0.480536
-0.49 0.487476
-0.48 0.494365
-0.47 0.501196
-0.46 0.507966
-0.45 0.514671
-0.44 0.521305
-0.43 0.527865
-0.42 0.534345
-0.41 0.540742
-0.4 0.547051
-0.39 0.553268
-0.38 0.559389
-0.37 0.565408
-0.36 0.571323
-0.35 0.577128
-0.34 0.582821
-0.33 0.588396
-0.32 0.59385
-0.31 0.59918
-0.3 0.60438
-0.29 0.609448
-0.28 0.61438
-0.27 0.619173
-0.26 0.623823
-0.25 0.628326
-0.24 0.63268
-0.23 0.636881
-0.22 0.640926
-0.21 0.644813
-0.2 0.648538
-0.19 0.6521
-0.18 0.655494
-0.17 0.658719
-0.16 0.661773
-0.15 0.664653
-0.14 0.667357
-0.13 0.669883
-0.12 0.67223
-0.11 0.674395
-0.1 0.676378
-0.09 0.678176
-0.08 0.679788
-0.07 0.681213
-0.06 0.682451
-0.05 0.683499
-0.04 0.684358
-0.03 0.685027
-0.02 0.685505
-0.01 0.685792
0 0.685888
0.01 0.685792
0.02 0.685505
0.03 0.685027
0.04 0.684358
0.05 0.683499
0.06 0.682451
0.07 0.681213
0.08 0.679788
0.09 0.678176
0.1 0.676378
0.11 0.674395
0.12 0.67223
0.13 0.669883
0.14 0.667357
0.15 0.664653
0.16 0.661773
0.17 0.658719
0.18 0.655494
0.19 0.6521
0.2 0.648538
0.21 0.644813
0.22 0.640926
0.23 0.636881
0.24 0.63268
0.25 0.628326
0.26 0.623823
0.27 0.619173
0.28 0.61438
0.29 0.609448
0.3 0.60438
0.31 0.59918
0.32 0.59385
0.33 0.588396
0.34 0.582821
0.35 0.577128
0.36 0.571323
0.37 0.565408
0.38 0.559389
0.39 0.553268
0.4 0.547051
0.41 0.540742
0.42 0.534345
0.43 0.527865
0.44 0.521305
0.45 0.514671
0.46 0.507966
0.47 0.501196
0.48 0.494365
0.49 0.487476
0.5 0.480536
0.51 0.473548
0.52 0.466517
0.53 0.459447
0.54 0.452343
0.55 0.445209
0.56 0.43805
0.57 0.43087
0.58 0.423674
0.59 0.416466
0.6 0.40925
0.61 0.40203
0.62 0.394812
0.63 0.387598
0.64 0.380394
0.65 0.373202
0.66 0.366028
0.67 0.358876
0.68 0.351748
0.69 0.344634
0.7 0.337513
0.71 0.330443
0.72 0.323817
0.73 0.31853
0.74 0.315384
0.75 0.313772
0.76 0.311749
0.77 0.308634
0.78 0.306043
0.79 0.304418
0.8 0.302086
0.81 0.299504
0.82 0.297953
0.83 0.295947
0.84 0.293721
0.85 0.29243
0.86 0.29049
0.87 0.288869
0.88 0.287725
0.89 0.285942
0.9 0.285077
0.91 0.283704
0.92 0.282741
0.93 0.281941
0.94 0.28092
0.95 0.280566
0.96 0.279653
0.97 0.279608
0.98 0.278913
0.99 0.279115
