-1 5.05629e-09
-0.998 5.09676e-09
-0.996 5.21875e-09
-0.994 5.42401e-09
-0.992 5.71551e-09
-0.99 6.09739e-09
-0.988 6.57514e-09
-0.986 7.15557e-09
-0.984 7.84693e-09
-0.982 8.659e-09
-0.98 9.60326e-09
-0.978 1.06929e-08
-0.976 1.19433e-08
-0.974 1.33717e-08
-0.972 1.49979e-08
-0.97 1.68443e-08
-0.968 1.8936e-08
-0.966 2.13016e-08
-0.964 2.3973e-08
-0.962 2.69859e-08
-0.96 3.03805e-08
-0.958 3.42018e-08
-0.956 3.85e-08
-0.954 4.33311e-08
-0.952 4.87577e-08
-0.95 5.48498e-08
-0.948 6.16852e-08
-0.946 6.93504e-08
-0.944 7.79421e-08
-0.942 8.75676e-08
-0.94 9.83463e-08
-0.938 1.10411e-07
-0.936 1.23909e-07
-0.934 1.39004e-07
-0.932 1.55878e-07
-0.93 1.74732e-07
-0.928 1.9579e-07
-0.926 2.193e-07
-0.924 2.45536e-07
-0.922 2.74801e-07
-0.92 3.07433e-07
-0.918 3.43802e-07
-0.916 3.84322e-07
-0.914 4.29445e-07
-0.912 4.79675e-07
-0.91 5.35566e-07
-0.908 5.97732e-07
-0.906 6.66846e-07
-0.904 7.43655e-07
-0.902 8.28979e-07
-0.9 9.23723e-07
-0.898 1.02889e-06
-0.896 1.14556e-06
-0.894 1.27496e-06
-0.892 1.4184e-06
-0.89 1.57736e-06
-0.888 1.75342e-06
-0.886 1.94836e-06
-0.884 2.16411e-06
-0.882 2.40278e-06
-0.88 2.66671e-06
-0.878 2.95845e-06
-0.876 3.28079e-06
-0.874 3.6368e-06
-0.872 4.02982e-06
-0.87 4.46354e-06
-0.868 4.94195e-06
-0.866 5.46946e-06
-0.864 6.05085e-06
-0.862 6.69137e-06
-0.86 7.39673e-06
-0.858 8.17317e-06
-0.856 9.02751e-06
-0.854 9.96716e-06
-0.852 1.10002e-05
-0.85 1.21355e-05
-0.848 1.33826e-05
-0.846 1.47519e-05
-0.844 1.62549e-05
-0.842 1.79038e-05
-0.84 1.97121e-05
-0.838 2.16943e-05
-0.836 2.38664e-05
-0.834 2.62454e-05
-0.832 2.885e-05
-0.83 3.17004e-05
-0.828 3.48185e-05
-0.826 3.8228e-05
-0.824 4.19546e-05
-0.822 4.6026e-05
-0.82 5.04724e-05
-0.818 5.53262e-05
-0.816 6.06225e-05
-0.814 6.63992e-05
-0.812 7.26973e-05
-0.81 7.9561e-05
-0.808 8.70379e-05
-0.806 9.51794e-05
-0.804 0.000104041
-0.802 0.000113682
-0.8 0.000124166
-0.798 0.000135564
-0.796 0.000147948
-0.794 0.000161399
-0.792 0.000176003
-0.79 0.000191851
-0.788 0.000209043
-0.786 0.000227684
-0.784 0.000247889
-0.782 0.000269778
-0.78 0.000293483
-0.778 0.000319143
-0.776 0.000346907
-0.774 0.000376937
-0.772 0.000409402
-0.77 0.000444485
-0.768 0.000482382
-0.766 0.000523301
-0.764 0.000567463
-0.762 0.000615107
-0.76 0.000666484
-0.758 0.000721863
-0.756 0.000781532
-0.754 0.000845793
-0.752 0.000914973
-0.75 0.000989416
-0.748 0.00106949
-0.746 0.00115558
-0.744 0.0012481
-0.742 0.00134748
-0.74 0.0014542
-0.738 0.00156875
-0.736 0.00169164
-0.734 0.00182343
-0.732 0.0019647
-0.73 0.00211606
-0.728 0.00227818
-0.726 0.00245174
-0.724 0.00263746
-0.722 0.00283612
-0.72 0.00304852
-0.718 0.00327552
-0.716 0.00351801
-0.714 0.00377695
-0.712 0.00405332
-0.71 0.00434818
-0.708 0.00466261
-0.706 0.00499779
-0.704 0.00535492
-0.702 0.00573528
-0.7 0.00614019
-0.698 0.00657106
-0.696 0.00702936
-0.694 0.00751661
-0.692 0.00803442
-0.69 0.00858448
-0.688 0.00916851
-0.686 0.00978837
-0.684 0.010446
-0.682 0.0111433
-0.68 0.0118824
-0.678 0.0126654
-0.676 0.0134947
-0.674 0.0143725
-0.672 0.0153013
-0.67 0.0162835
-0.668 0.017322
-0.666 0.0184192
-0.664 0.0195782
-0.662 0.0208017
-0.66 0.0220929
-0.658 0.0234548
-0.656 0.0248907
-0.654 0.026404
-0.652 0.027998
-0.65 0.0296765
-0.648 0.0314429
-0.646 0.0333012
-0.644 0.0352552
-0.642 0.037309
-0.64 0.0394666
-0.638 0.0417322
-0.636 0.0441103
-0.634 0.0466053
-0.632 0.0492217
-0.63 0.0519641
-0.628 0.0548375
-0.626 0.0578466
-0.624 0.0609963
-0.622 0.0642919
-0.62 0.0677384
-0.618 0.0713412
-0.616 0.0751055
-0.614 0.0790368
-0.612 0.0831407
-0.61 0.0874226
-0.608 0.0918883
-0.606 0.0965435
-0.604 0.101394
-0.602 0.106446
-0.6 0.111704
-0.598 0.117176
-0.596 0.122866
-0.594 0.128781
-0.592 0.134927
-0.59 0.14131
-0.588 0.147935
-0.586 0.154809
-0.584 0.161938
-0.582 0.169327
-0.58 0.176983
-0.578 0.184911
-0.576 0.193117
-0.574 0.201606
-0.572 0.210384
-0.57 0.219456
-0.568 0.228829
-0.566 0.238506
-0.564 0.248493
-0.562 0.258794
-0.56 0.269415
-0.558 0.28036
-0.556 0.291632
-0.554 0.303237
-0.552 0.315177
-0.55 0.327456
-0.548 0.340078
-0.546 0.353044
-0.544 0.366359
-0.542 0.380024
-0.54 0.394041
-0.538 0.408411
-0.536 0.423136
-0.534 0.438217
-0.532 0.453654
-0.53 0.469446
-0.528 0.485595
-0.526 0.502097
-0.524 0.518953
-0.522 0.536161
-0.52 0.553717
-0.518 0.57162
-0.516 0.589865
-0.514 0.60845
-0.512 0.627369
-0.51 0.646617
-0.508 0.666189
-0.506 0.68608
-0.504 0.706282
-0.502 0.726787
-0.5 0.74759
-0.498 0.76868
-0.496 0.790048
-0.494 0.811686
-0.492 0.833584
-0.49 0.855729
-0.488 0.878112
-0.486 0.90072
-0.484 0.92354
-0.482 0.94656
-0.48 0.969765
-0.478 0.993143
-0.476 1.01668
-0.474 1.04035
-0.472 1.06415
-0.47 1.08806
-0.468 1.11207
-0.466 1.13614
-0.464 1.16028
-0.462 1.18445
-0.46 1.20864
-0.458 1.23284
-0.456 1.25701
-0.454 1.28115
-0.452 1.30523
-0.45 1.32923
-0.448 1.35313
-0.446 1.37691
-0.444 1.40054
-0.442 1.42401
-0.44 1.4473
-0.438 1.47038
-0.436 1.49323
-0.434 1.51582
-0.432 1.53815
-0.43 1.56018
-0.428 1.58189
-0.426 1.60326
-0.424 1.62427
-0.422 1.6449
-0.42 1.66512
-0.418 1.68492
-0.416 1.70427
-0.414 1.72316
-0.412 1.74156
-0.41 1.75945
-0.408 1.77681
-0.406 1.79363
-0.404 1.80988
-0.402 1.82555
-0.4 1.84061
-0.398 1.85506
-0.396 1.86888
-0.394 1.88204
-0.392 1.89455
-0.39 1.90637
-0.388 1.91749
-0.386 1.92791
-0.384 1.93762
-0.382 1.94659
-0.38 1.95482
-0.378 1.9623
-0.376 1.96903
-0.374 1.97498
-0.372 1.98016
-0.37 1.98456
-0.368 1.98818
-0.366 1.991
-0.364 1.99304
-0.362 1.99427
-0.36 1.99471
-0.358 1.99435
-0.356 1.99319
-0.354 1.99124
-0.352 1.9885
-0.35 1.98496
-0.348 1.98064
-0.346 1.97553
-0.344 1.96966
-0.342 1.96301
-0.34 1.9556
-0.338 1.94745
-0.336 1.93855
-0.334 1.92892
-0.332 1.91857
-0.33 1.90751
-0.328 1.89576
-0.326 1.88332
-0.324 1.87023
-0.322 1.85647
-0.32 1.84209
-0.318 1.82708
-0.316 1.81147
-0.314 1.79528
-0.312 1.77852
-0.31 1.76121
-0.308 1.74337
-0.306 1.72502
-0.304 1.70618
-0.302 1.68688
-0.3 1.66712
-0.298 1.64694
-0.296 1.62635
-0.294 1.60538
-0.292 1.58404
-0.29 1.56236
-0.288 1.54036
-0.286 1.51807
-0.284 1.4955
-0.282 1.47267
-0.28 1.44962
-0.278 1.42635
-0.276 1.4029
-0.274 1.37928
-0.272 1.35551
-0.27 1.33162
-0.268 1.30763
-0.266 1.28356
-0.264 1.25943
-0.262 1.23526
-0.26 1.21106
-0.258 1.18687
-0.256 1.16269
-0.254 1.13855
-0.252 1.11447
-0.25 1.09046
-0.248 1.06654
-0.246 1.04273
-0.244 1.01904
-0.242 0.995489
-0.24 0.972096
-0.238 0.948872
-0.236 0.925833
-0.234 0.902992
-0.232 0.880363
-0.23 0.857957
-0.228 0.835787
-0.226 0.813865
-0.224 0.7922
-0.222 0.770804
-0.22 0.749686
-0.218 0.728855
-0.216 0.708319
-0.214 0.688086
-0.212 0.668165
-0.21 0.64856
-0.208 0.629279
-0.206 0.610327
-0.204 0.591709
-0.202 0.573429
-0.2 0.555492
-0.198 0.537901
-0.196 0.520659
-0.194 0.503768
-0.192 0.48723
-0.19 0.471046
-0.188 0.455218
-0.186 0.439745
-0.184 0.424629
-0.182 0.409868
-0.18 0.395463
-0.178 0.381411
-0.176 0.367711
-0.174 0.354362
-0.172 0.34136
-0.17 0.328705
-0.168 0.316391
-0.166 0.304418
-0.164 0.29278
-0.162 0.281475
-0.16 0.270498
-0.158 0.259845
-0.156 0.249512
-0.154 0.239494
-0.152 0.229787
-0.15 0.220385
-0.148 0.211283
-0.146 0.202476
-0.144 0.193959
-0.142 0.185726
-0.14 0.177771
-0.138 0.170089
-0.136 0.162674
-0.134 0.155521
-0.132 0.148622
-0.13 0.141974
-0.128 0.135568
-0.126 0.1294
-0.124 0.123464
-0.122 0.117753
-0.12 0.112262
-0.118 0.106984
-0.116 0.101914
-0.114 0.0970462
-0.112 0.0923744
-0.11 0.0878929
-0.108 0.0835959
-0.106 0.079478
-0.104 0.0755334
-0.102 0.0717568
-0.1 0.0681426
-0.098 0.0646856
-0.096 0.0613805
-0.094 0.0582221
-0.092 0.0552056
-0.09 0.0523258
-0.088 0.049578
-0.086 0.0469574
-0.084 0.0444595
-0.082 0.0420796
-0.08 0.0398135
-0.078 0.0376568
-0.076 0.0356053
-0.074 0.0336551
-0.072 0.0318021
-0.07 0.0300426
-0.068 0.0283728
-0.066 0.0267893
-0.064 0.0252885
-0.062 0.023867
-0.06 0.0225218
-0.058 0.0212495
-0.056 0.0200473
-0.054 0.0189123
-0.052 0.0178418
-0.05 0.0168329
-0.048 0.0158833
-0.046 0.0149906
-0.044 0.0141523
-0.042 0.0133663
-0.04 0.0126305
-0.038 0.0119429
-0.036 0.0113016
-0.034 0.0107049
-0.032 0.010151
-0.03 0.00963845
-0.028 0.00916574
-0.026 0.00873149
-0.024 0.00833444
-0.022 0.00797342
-0.02 0.00764735
-0.018 0.00735526
-0.016 0.00709627
-0.014 0.00686958
-0.012 0.00667451
-0.01 0.00651047
-0.008 0.00637693
-0.006 0.0062735
-0.004 0.00619985
-0.002 0.00615575
0 0.00614107
0.002 0.00615575
0.004 0.00619985
0.006 0.0062735
0.008 0.00637693
0.01 0.00651047
0.012 0.00667451
0.014 0.00686958
0.016 0.00709627
0.018 0.00735526
0.02 0.00764735
0.022 0.00797342
0.024 0.00833444
0.026 0.00873149
0.028 0.00916574
0.03 0.00963845
0.032 0.010151
0.034 0.0107049
0.036 0.0113016
0.038 0.0119429
0.04 0.0126305
0.042 0.0133663
0.044 0.0141523
0.046 0.0149906
0.048 0.0158833
0.05 0.0168329
0.052 0.0178418
0.054 0.0189123
0.056 0.0200473
0.058 0.0212495
0.06 0.0225218
0.062 0.023867
0.064 0.0252885
0.066 0.0267893
0.068 0.0283728
0.07 0.0300426
0.072 0.0318021
0.074 0.0336551
0.076 0.0356053
0.078 0.0376568
0.08 0.0398135
0.082 0.0420796
0.084 0.0444595
0.086 0.0469574
0.088 0.049578
0.09 0.0523258
0.092 0.0552056
0.094 0.0582221
0.096 0.0613805
0.098 0.0646856
0.1 0.0681426
0.102 0.0717568
0.104 0.0755334
0.106 0.079478
0.108 0.0835959
0.11 0.0878929
0.112 0.0923744
0.114 0.0970462
0.116 0.101914
0.118 0.106984
0.12 0.112262
0.122 0.117753
0.124 0.123464
0.126 0.1294
0.128 0.135568
0.13 0.141974
0.132 0.148622
0.134 0.155521
0.136 0.162674
0.138 0.170089
0.14 0.177771
0.142 0.185726
0.144 0.193959
0.146 0.202476
0.148 0.211283
0.15 0.220385
0.152 0.229787
0.154 0.239494
0.156 0.249512
0.158 0.259845
0.16 0.270498
0.162 0.281475
0.164 0.29278
0.166 0.304418
0.168 0.316391
0.17 0.328705
0.172 0.34136
0.174 0.354362
0.176 0.367711
0.178 0.381411
0.18 0.395463
0.182 0.409868
0.184 0.424629
0.186 0.439745
0.188 0.455218
0.19 0.471046
0.192 0.48723
0.194 0.503768
0.196 0.520659
0.198 0.537901
0.2 0.555492
0.202 0.573429
0.204 0.591709
0.206 0.610327
0.208 0.629279
0.21 0.64856
0.212 0.668165
0.214 0.688086
0.216 0.708319
0.218 0.728855
0.22 0.749686
0.222 0.770804
0.224 0.7922
0.226 0.813865
0.228 0.835787
0.23 0.857957
0.232 0.880363
0.234 0.902992
0.236 0.925833
0.238 0.948872
0.24 0.972096
0.242 0.995489
0.244 1.01904
0.246 1.04273
0.248 1.06654
0.25 1.09046
0.252 1.11447
0.254 1.13855
0.256 1.16269
0.258 1.18687
0.26 1.21106
0.262 1.23526
0.264 1.25943
0.266 1.28356
0.268 1.30763
0.27 1.33162
0.272 1.35551
0.274 1.37928
0.276 1.4029
0.278 1.42635
0.28 1.44962
0.282 1.47267
0.284 1.4955
0.286 1.51807
0.288 1.54036
0.29 1.56236
0.292 1.58404
0.294 1.60538
0.296 1.62635
0.298 1.64694
0.3 1.66712
0.302 1.68688
0.304 1.70618
0.306 1.72502
0.308 1.74337
0.31 1.76121
0.312 1.77852
0.314 1.79528
0.316 1.81147
0.318 1.82708
0.32 1.84209
0.322 1.85647
0.324 1.87023
0.326 1.88332
0.328 1.89576
0.33 1.90751
0.332 1.91857
0.334 1.92892
0.336 1.93855
0.338 1.94745
0.34 1.9556
0.342 1.96301
0.344 1.96966
0.346 1.97553
0.348 1.98064
0.35 1.98496
0.352 1.9885
0.354 1.99124
0.356 1.99319
0.358 1.99435
0.36 1.99471
0.362 1.99427
0.364 1.99304
0.366 1.991
0.368 1.98818
0.37 1.98456
0.372 1.98016
0.374 1.97498
0.376 1.96903
0.378 1.9623
0.38 1.95482
0.382 1.94659
0.384 1.93762
0.386 1.92791
0.388 1.91749
0.39 1.90637
0.392 1.89455
0.394 1.88204
0.396 1.86888
0.398 1.85506
0.4 1.84061
0.402 1.82555
0.404 1.80988
0.406 1.79363
0.408 1.77681
0.41 1.75945
0.412 1.74156
0.414 1.72316
0.416 1.70427
0.418 1.68492
0.42 1.66512
0.422 1.6449
0.424 1.62427
0.426 1.60326
0.428 1.58189
0.43 1.56018
0.432 1.53815
0.434 1.51582
0.436 1.49323
0.438 1.47038
0.44 1.4473
0.442 1.42401
0.444 1.40054
0.446 1.37691
0.448 1.35313
0.45 1.32923
0.452 1.30523
0.454 1.28115
0.456 1.25701
0.458 1.23284
0.46 1.20864
0.462 1.18445
0.464 1.16028
0.466 1.13614
0.468 1.11207
0.47 1.08806
0.472 1.06415
0.474 1.04035
0.476 1.01668
0.478 0.993143
0.48 0.969765
0.482 0.94656
0.484 0.92354
0.486 0.90072
0.488 0.878112
0.49 0.855729
0.492 0.833584
0.494 0.811686
0.496 0.790048
0.498 0.76868
0.5 0.74759
0.502 0.726787
0.504 0.706282
0.506 0.68608
0.508 0.666189
0.51 0.646617
0.512 0.627369
0.514 0.60845
0.516 0.589865
0.518 0.57162
0.52 0.553717
0.522 0.536161
0.524 0.518953
0.526 0.502097
0.528 0.485595
0.53 0.469446
0.532 0.453654
0.534 0.438217
0.536 0.423136
0.538 0.408411
0.54 0.394041
0.542 0.380024
0.544 0.366359
0.546 0.353044
0.548 0.340078
0.55 0.327456
0.552 0.315177
0.554 0.303237
0.556 0.291632
0.558 0.28036
0.56 0.269415
0.562 0.258794
0.564 0.248493
0.566 0.238506
0.568 0.228829
0.57 0.219456
0.572 0.210384
0.574 0.201606
0.576 0.193117
0.578 0.184911
0.58 0.176983
0.582 0.169327
0.584 0.161938
0.586 0.154809
0.588 0.147935
0.59 0.14131
0.592 0.134927
0.594 0.128781
0.596 0.122866
0.598 0.117176
0.6 0.111704
0.602 0.106446
0.604 0.101394
0.606 0.0965435
0.608 0.0918883
0.61 0.0874226
0.612 0.0831407
0.614 0.0790368
0.616 0.0751055
0.618 0.0713412
0.62 0.0677384
0.622 0.0642919
0.624 0.0609963
0.626 0.0578466
0.628 0.0548375
0.63 0.0519641
0.632 0.0492217
0.634 0.0466053
0.636 0.0441103
0.638 0.0417322
0.64 0.0394666
0.642 0.037309
0.644 0.0352552
0.646 0.0333012
0.648 0.0314429
0.65 0.0296765
0.652 0.027998
0.654 0.026404
0.656 0.0248907
0.658 0.0234548
0.66 0.0220929
0.662 0.0208017
0.664 0.0195782
0.666 0.0184192
0.668 0.017322
0.67 0.0162835
0.672 0.0153013
0.674 0.0143725
0.676 0.0134947
0.678 0.0126654
0.68 0.0118824
0.682 0.0111433
0.684 0.010446
0.686 0.00978837
0.688 0.00916851
0.69 0.00858448
0.692 0.00803442
0.694 0.00751661
0.696 0.00702936
0.698 0.00657106
0.7 0.00614019
0.702 0.00573528
0.704 0.00535492
0.706 0.00499779
0.708 0.00466261
0.71 0.00434818
0.712 0.00405332
0.714 0.00377695
0.716 0.00351801
0.718 0.00327552
0.72 0.00304852
0.722 0.00283612
0.724 0.00263746
0.726 0.00245174
0.728 0.00227818
0.73 0.00211606
0.732 0.0019647
0.734 0.00182343
0.736 0.00169164
0.738 0.00156875
0.74 0.0014542
0.742 0.00134748
0.744 0.0012481
0.746 0.00115558
0.748 0.00106949
0.75 0.000989416
0.752 0.000914973
0.754 0.000845793
0.756 0.000781532
0.758 0.000721863
0.76 0.000666484
0.762 0.000615107
0.764 0.000567463
0.766 0.000523301
0.768 0.000482382
0.77 0.000444485
0.772 0.000409402
0.774 0.000376937
0.776 0.000346907
0.778 0.000319143
0.78 0.000293483
0.782 0.000269778
0.784 0.000247889
0.786 0.000227684
0.788 0.000209043
0.79 0.000191851
0.792 0.000176003
0.794 0.000161399
0.796 0.000147948
0.798 0.000135564
0.8 0.000124166
0.802 0.000113682
0.804 0.000104041
0.806 9.51794e-05
0.808 8.70379e-05
0.81 7.9561e-05
0.812 7.26973e-05
0.814 6.63992e-05
0.816 6.06225e-05
0.818 5.53262e-05
0.82 5.04724e-05
0.822 4.6026e-05
0.824 4.19546e-05
0.826 3.8228e-05
0.828 3.48185e-05
0.83 3.17004e-05
0.832 2.885e-05
0.834 2.62454e-05
0.836 2.38664e-05
0.838 2.16943e-05
0.84 1.97121e-05
0.842 1.79038e-05
0.844 1.62549e-05
0.846 1.47519e-05
0.848 1.33826e-05
0.85 1.21355e-05
0.852 1.10002e-05
0.854 9.96716e-06
0.856 9.02751e-06
0.858 8.17317e-06
0.86 7.39673e-06
0.862 6.69137e-06
0.864 6.05085e-06
0.866 5.46946e-06
0.868 4.94195e-06
0.87 4.46354e-06
0.872 4.02982e-06
0.874 3.6368e-06
0.876 3.28079e-06
0.878 2.95845e-06
0.88 2.66671e-06
0.882 2.40278e-06
0.884 2.16411e-06
0.886 1.94836e-06
0.888 1.75342e-06
0.89 1.57736e-06
0.892 1.4184e-06
0.894 1.27496e-06
0.896 1.14556e-06
0.898 1.02889e-06
0.9 9.23723e-07
0.902 8.28979e-07
0.904 7.43655e-07
0.906 6.66846e-07
0.908 5.97732e-07
0.91 5.35566e-07
0.912 4.79675e-07
0.914 4.29445e-07
0.916 3.84322e-07
0.918 3.43802e-07
0.92 3.07433e-07
0.922 2.74801e-07
0.924 2.45536e-07
0.926 2.193e-07
0.928 1.9579e-07
0.93 1.74732e-07
0.932 1.55878e-07
0.934 1.39004e-07
0.936 1.23909e-07
0.938 1.10411e-07
0.94 9.83463e-08
0.942 8.75676e-08
0.944 7.79421e-08
0.946 6.93504e-08
0.948 6.16851e-08
0.95 5.48498e-08
0.952 4.87577e-08
0.954 4.33311e-08
0.956 3.85e-08
0.958 3.42018e-08
0.96 3.03805e-08
0.962 2.69859e-08
0.964 2.3973e-08
0.966 2.13016e-08
0.968 1.8936e-08
0.97 1.68443e-08
0.972 1.49979e-08
0.974 1.33717e-08
0.976 1.19433e-08
0.978 1.06929e-08
0.98 9.60325e-09
0.982 8.659e-09
0.984 7.84693e-09
0.986 7.15557e-09
0.988 6.57515e-09
0.99 6.09739e-09
0.992 5.71551e-09
0.994 5.42401e-09
0.996 5.21875e-09
0.998 5.09675e-09
