-1 0.452879
-0.99 0.453154
-0.98 0.45293
-0.97 0.45324
-0.96 0.453087
-0.95 0.453405
-0.94 0.453351
-0.93 0.453635
-0.92 0.453723
-0.91 0.453916
-0.9 0.45419
-0.89 0.45425
-0.88 0.454714
-0.87 0.454664
-0.86 0.455225
-0.85 0.455204
-0.84 0.455655
-0.83 0.455869
-0.82 0.456018
-0.81 0.456536
-0.8 0.456461
-0.79 0.456991
-0.78 0.457099
-0.77 0.457213
-0.76 0.45771
-0.75 0.457541
-0.74 0.457887
-0.73 0.458107
-0.72 0.457859
-0.71 0.45826
-0.7 0.458217
-0.69 0.457897
-0.68 0.458229
-0.67 0.458022
-0.66 0.457505
-0.65 0.457688
-0.64 0.457472
-0.63 0.456633
-0.62 0.456444
-0.61 0.456422
-0.6 0.455463
-0.59 0.45441
-0.58 0.454238
-0.57 0.454024
-0.56 0.45266
-0.55 0.450798
-0.54 0.450006
-0.53 0.451013
-0.52 0.453385
-0.51 0.456325
-0.5 0.459317
-0.49 0.462192
-0.48 0.464945
-0.47 0.467598
-0.46 0.47016
-0.45 0.472632
-0.44 0.475016
-0.43 0.477312
-0.42 0.47952
-0.41 0.481642
-0.4 0.483678
-0.39 0.485631
-0.38 0.487501
-0.37 0.48929
-0.36 0.490999
-0.35 0.49263
-0.34 0.494185
-0.33 0.495665
-0.32 0.497073
-0.31 0.498409
-0.3 0.499676
-0.29 0.500876
-0.28 0.502011
-0.27 0.503083
-0.26 0.504094
-0.25 0.505046
-0.24 0.50594
-0.23 0.50678
-0.22 0.507567
-0.21 0.508302
-0.2 0.508988
-0.19 0.509627
-0.18 0.510221
-0.17 0.510771
-0.16 0.51128
-0.15 0.511748
-0.14 0.512178
-0.13 0.512572
-0.12 0.512929
-0.11 0.513253
-0.1 0.513544
-0.09 0.513804
-0.08 0.514033
-0.07 0.514233
-0.06 0.514405
-0.05 0.514549
-0.04 0.514665
-0.03 0.514756
-0.02 0.51482
-0.01 0.514858
0 0.514871
0.01 0.514858
0.02 0.51482
0.03 0.514756
0.04 0.514665
0.05 0.514549
0.06 0.514405
0.07 0.514233
0.08 0.514033
0.09 0.513804
0.1 0.513544
0.11 0.513253
0.12 0.512929
0.13 0.512572
0.14 0.512178
0.15 0.511748
0.16 0.51128
0.17 0.510771
0.18 0.510221
0.19 0.509627
0.2 0.508988
0.21 0.508302
0.22 0.507567
0.23 0.50678
0.24 0.50594
0.25 0.505046
0.26 0.504094
0.27 0.503083
0.28 0.502011
0.29 0.500876
0.3 0.499676
0.31 0.498409
0.32 0.497073
0.33 0.495665
0.34 0.494185
0.35 0.49263
0.36 0.490999
0.37 0.48929
0.38 0.487501
0.39 0.485631
0.4 0.483678
0.41 0.481642
0.42 0.47952
0.43 0.477312
0.44 0.475016
0.45 0.472632
0.46 0.47016
0.47 0.467598
0.48 0.464945
0.49 0.462192
0.5 0.459317
0.51 0.456325
0.52 0.453385
0.53 0.451013
0.54 0.450006
0.55 0.450798
0.56 0.45266
0.57 0.454024
0.58 0.454238
0.59 0.45441
0.6 0.455463
0.61 0.456422
0.62 0.456444
0.63 0.456633
0.64 0.457472
0.65 0.457688
0.66 0.457505
0.67 0.458022
0.68 0.458229
0.69 0.457897
0.7 0.458217
0.71 0.45826
0.72 0.457859
0.73 0.458107
0.74 0.457887
0.75 0.457541
0.76 0.45771
0.77 0.457213
0.78 0.457099
0.79 0.456991
0.8 0.456461
0.81 0.456536
0.82 0.456018
0.83 0.455869
0.84 0.455655
0.85 0.455204
0.86 0.455225
0.87 0.454664
0.88 0.454714
0.89 0.45425
0.9 0.45419
0.91 0.453916
0.92 0.453723
0.93 0.453635
0.94 0.453351
0.95 0.453405
0.96 0.453087
0.97 0.45324
0.98 0.45293
0.99 0.453154
