-1 0.16634
-0.99 0.166895
-0.98 0.166666
-0.97 0.167358
-0.96 0.167718
-0.95 0.168179
-0.94 0.169493
-0.93 0.169676
-0.92 0.171172
-0.91 0.172796
-0.9 0.173093
-0.89 0.174678
-0.88 0.178962
-0.87 0.184795
-0.86 0.191036
-0.85 0.19737
-0.84 0.203809
-0.83 0.210376
-0.82 0.217072
-0.81 0.223896
-0.8 0.230846
-0.79 0.237921
-0.78 0.24512
-0.77 0.25244
-0.76 0.25988
-0.75 0.267436
-0.74 0.275108
-0.73 0.282892
-0.72 0.290786
-0.71 0.298785
-0.7 0.306888
-0.69 0.315091
-0.68 0.32339
-0.67 0.331781
-0.66 0.34026
-0.65 0.348823
-0.64 0.357465
-0.63 0.366182
-0.62 0.374969
-0.61 0.383821
-0.6 0.392732
-0.59 0.401698
-0.58 0.410711
-0.57 0.419768
-0.56 0.428861
-0.55 0.437984
-0.54 0.447132
-0.53 0.456297
-0.52 0.465473
-0.51 0.474653
-0.5 0.48383
-0.49 0.492998
-0.48 0.502148
-0.47 0.511274
-0.46 0.520368
-0.45 0.529423
-0.44 0.538431
-0.43 0.547384
-0.42 0.556275
-0.41 0.565095
-0.4 0.573838
-0.39 0.582495
-0.38 0.591058
-0.37 0.59952
-0.36 0.607871
-0.35 0.616106
-0.34 0.624215
-0.33 0.632191
-0.32 0.640026
-0.31 0.647713
-0.3 0.655243
-0.29 0.662609
-0.28 0.669804
-0.27 0.676821
-0.26 0.683652
-0.25 0.69029
-0.24 0.696728
-0.23 0.70296
-0.22 0.708979
-0.21 0.714778
-0.2 0.720352
-0.19 0.725694
-0.18 0.730799
-0.17 0.73566
-0.16 0.740274
-0.15 0.744634
-0.14 0.748736
-0.13 0.752575
-0.12 0.756148
-0.11 0.759449
-0.1 0.762476
-0.09 0.765226
-0.08 0.767694
-0.07 0.769878
-0.06 0.771776
-0.05 0.773386
-0.04 0.774706
-0.03 0.775734
-0.02 0.776469
-0.01 0.77691
0 0.777057
0.01 0.77691
0.02 0.776469
0.03 0.775734
0.04 0.774706
0.05 0.773386
0.06 0.771776
0.07 0.769878
0.08 0.767694
0.09 0.765226
0.1 0.762476
0.11 0.759449
0.12 0.756148
0.13 0.752575
0.14 0.748736
0.15 0.744634
0.16 0.740274
0.17 0.73566
0.18 0.730799
0.19 0.725694
0.2 0.720352
0.21 0.714778
0.22 0.708979
0.23 0.70296
0.24 0.696728
0.25 0.69029
0.26 0.683652
0.27 0.676821
0.28 0.669804
0.29 0.662609
0.3 0.655243
0.31 0.647713
0.32 0.640026
0.33 0.632191
0.34 0.624215
0.35 0.616106
0.36 0.607871
0.37 0.59952
0.38 0.591058
0.39 0.582495
0.4 0.573838
0.41 0.565095
0.42 0.556275
0.43 0.547384
0.44 0.538431
0.45 0.529423
0.46 0.520368
0.47 0.511274
0.48 0.502148
0.49 0.492998
0.5 0.48383
0.51 0.474653
0.52 0.465473
0.53 0.456297
0.54 0.447132
0.55 0.437984
0.56 0.428861
0.57 0.419768
0.58 0.410711
0.59 0.401698
0.6 0.392732
0.61 0.383821
0.62 0.374969
0.63 0.366182
0.64 0.357465
0.65 0.348823
0.66 0.34026
0.67 0.331781
0.68 0.32339
0.69 0.315091
0.7 0.306888
0.71 0.298785
0.72 0.290786
0.73 0.282892
0.74 0.275108
0.75 0.267436
0.76 0.25988
0.77 0.25244
0.78 0.24512
0.79 0.237921
0.8 0.230846
0.81 0.223896
0.82 0.217072
0.83 0.210376
0.84 0.203809
0.85 0.19737
0.86 0.191036
0.87 0.184795
0.88 0.178962
0.89 0.174678
0.9 0.173093
0.91 0.172796
0.92 0.171172
0.93 0.169676
0.94 0.169493
0.95 0.168179
0.96 0.167718
0.97 0.167358
0.98 0.166666
0.99 0.166895
