-1 1.1415e-12
-0.998 1.1462e-12
-0.996 1.1938e-12
-0.994 1.25488e-12
-0.992 1.35261e-12
-0.99 1.47616e-12
-0.988 1.63427e-12
-0.986 1.82798e-12
-0.984 2.062e-12
-0.982 2.33989e-12
-0.98 2.67769e-12
-0.978 3.05396e-12
-0.976 3.51633e-12
-0.974 4.03793e-12
-0.972 4.65922e-12
-0.97 5.36211e-12
-0.968 6.19637e-12
-0.966 7.14939e-12
-0.964 8.25198e-12
-0.962 9.52076e-12
-0.96 1.09993e-11
-0.958 1.26786e-11
-0.956 1.46312e-11
-0.954 1.68773e-11
-0.952 1.9456e-11
-0.95 2.24295e-11
-0.948 2.58395e-11
-0.946 2.97667e-11
-0.944 3.42625e-11
-0.942 3.9439e-11
-0.94 4.53683e-11
-0.938 5.21851e-11
-0.936 5.99832e-11
-0.934 6.89261e-11
-0.932 7.91758e-11
-0.93 9.09051e-11
-0.928 1.0434e-10
-0.926 1.19717e-10
-0.924 1.3729e-10
-0.922 1.57392e-10
-0.92 1.80351e-10
-0.918 2.06594e-10
-0.916 2.36547e-10
-0.914 2.7074e-10
-0.912 3.09754e-10
-0.91 3.54254e-10
-0.908 4.04967e-10
-0.906 4.62771e-10
-0.904 5.28606e-10
-0.902 6.03572e-10
-0.9 6.8889e-10
-0.898 7.85952e-10
-0.896 8.96333e-10
-0.894 1.02181e-09
-0.892 1.16438e-09
-0.89 1.32632e-09
-0.888 1.51018e-09
-0.886 1.71883e-09
-0.884 1.95552e-09
-0.882 2.22394e-09
-0.88 2.52816e-09
-0.878 2.87288e-09
-0.876 3.26326e-09
-0.874 3.70524e-09
-0.872 4.20538e-09
-0.87 4.77113e-09
-0.868 5.41083e-09
-0.866 6.13383e-09
-0.864 6.95067e-09
-0.862 7.87312e-09
-0.86 8.91444e-09
-0.858 1.00895e-08
-0.856 1.14148e-08
-0.854 1.2909e-08
-0.852 1.4593e-08
-0.85 1.64901e-08
-0.848 1.86264e-08
-0.846 2.1031e-08
-0.844 2.37366e-08
-0.842 2.67795e-08
-0.84 3.02004e-08
-0.838 3.40446e-08
-0.836 3.83629e-08
-0.834 4.32116e-08
-0.832 4.86537e-08
-0.83 5.47592e-08
-0.828 6.16063e-08
-0.826 6.92818e-08
-0.824 7.78825e-08
-0.822 8.75158e-08
-0.82 9.83014e-08
-0.818 1.10372e-07
-0.816 1.23875e-07
-0.814 1.38975e-07
-0.812 1.55853e-07
-0.81 1.74711e-07
-0.808 1.95772e-07
-0.806 2.19284e-07
-0.804 2.45522e-07
-0.802 2.7479e-07
-0.8 3.07423e-07
-0.798 3.43794e-07
-0.796 3.84315e-07
-0.794 4.2944e-07
-0.792 4.79671e-07
-0.79 5.35563e-07
-0.788 5.97729e-07
-0.786 6.66844e-07
-0.784 7.43654e-07
-0.782 8.28979e-07
-0.78 9.23724e-07
-0.778 1.02889e-06
-0.776 1.14556e-06
-0.774 1.27496e-06
-0.772 1.41841e-06
-0.77 1.57736e-06
-0.768 1.75343e-06
-0.766 1.94837e-06
-0.764 2.16411e-06
-0.762 2.40279e-06
-0.76 2.66672e-06
-0.758 2.95846e-06
-0.756 3.2808e-06
-0.754 3.63681e-06
-0.752 4.02983e-06
-0.75 4.46355e-06
-0.748 4.94197e-06
-0.746 5.46947e-06
-0.744 6.05087e-06
-0.742 6.69138e-06
-0.74 7.39674e-06
-0.738 8.17319e-06
-0.736 9.02753e-06
-0.734 9.96718e-06
-0.732 1.10002e-05
-0.73 1.21355e-05
-0.728 1.33826e-05
-0.726 1.47519e-05
-0.724 1.62549e-05
-0.722 1.79038e-05
-0.72 1.97121e-05
-0.718 2.16944e-05
-0.716 2.38664e-05
-0.714 2.62454e-05
-0.712 2.885e-05
-0.71 3.17004e-05
-0.708 3.48185e-05
-0.706 3.8228e-05
-0.704 4.19546e-05
-0.702 4.60261e-05
-0.7 5.04724e-05
-0.698 5.53262e-05
-0.696 6.06225e-05
-0.694 6.63993e-05
-0.692 7.26974e-05
-0.69 7.95611e-05
-0.688 8.7038e-05
-0.686 9.51795e-05
-0.684 0.000104041
-0.682 0.000113682
-0.68 0.000124166
-0.678 0.000135564
-0.676 0.000147948
-0.674 0.000161399
-0.672 0.000176003
-0.67 0.000191851
-0.668 0.000209043
-0.666 0.000227684
-0.664 0.000247889
-0.662 0.000269778
-0.66 0.000293483
-0.658 0.000319143
-0.656 0.000346908
-0.654 0.000376937
-0.652 0.000409402
-0.65 0.000444486
-0.648 0.000482383
-0.646 0.000523301
-0.644 0.000567464
-0.642 0.000615107
-0.64 0.000666484
-0.638 0.000721864
-0.636 0.000781532
-0.634 0.000845794
-0.632 0.000914974
-0.63 0.000989416
-0.628 0.00106949
-0.626 0.00115558
-0.624 0.0012481
-0.622 0.00134748
-0.62 0.0014542
-0.618 0.00156875
-0.616 0.00169164
-0.614 0.00182343
-0.612 0.0019647
-0.61 0.00211606
-0.608 0.00227818
-0.606 0.00245174
-0.604 0.00263746
-0.602 0.00283612
-0.6 0.00304852
-0.598 0.00327552
-0.596 0.00351801
-0.594 0.00377695
-0.592 0.00405332
-0.59 0.00434818
-0.588 0.00466261
-0.586 0.00499779
-0.584 0.00535492
-0.582 0.00573528
-0.58 0.00614019
-0.578 0.00657106
-0.576 0.00702936
-0.574 0.00751661
-0.572 0.00803443
-0.57 0.00858448
-0.568 0.00916852
-0.566 0.00978837
-0.564 0.010446
-0.562 0.0111433
-0.56 0.0118824
-0.558 0.0126654
-0.556 0.0134947
-0.554 0.0143725
-0.552 0.0153013
-0.55 0.0162835
-0.548 0.017322
-0.546 0.0184192
-0.544 0.0195782
-0.542 0.0208017
-0.54 0.0220929
-0.538 0.0234548
-0.536 0.0248907
-0.534 0.026404
-0.532 0.027998
-0.53 0.0296765
-0.528 0.0314429
-0.526 0.0333012
-0.524 0.0352552
-0.522 0.037309
-0.52 0.0394666
-0.518 0.0417322
-0.516 0.0441103
-0.514 0.0466053
-0.512 0.0492217
-0.51 0.0519641
-0.508 0.0548375
-0.506 0.0578466
-0.504 0.0609963
-0.502 0.0642919
-0.5 0.0677384
-0.498 0.0713412
-0.496 0.0751055
-0.494 0.0790368
-0.492 0.0831407
-0.49 0.0874226
-0.488 0.0918883
-0.486 0.0965435
-0.484 0.101394
-0.482 0.106446
-0.48 0.111704
-0.478 0.117176
-0.476 0.122866
-0.474 0.128781
-0.472 0.134927
-0.47 0.14131
-0.468 0.147935
-0.466 0.154809
-0.464 0.161938
-0.462 0.169327
-0.46 0.176983
-0.458 0.184911
-0.456 0.193117
-0.454 0.201606
-0.452 0.210384
-0.45 0.219456
-0.448 0.228829
-0.446 0.238506
-0.444 0.248493
-0.442 0.258794
-0.44 0.269415
-0.438 0.28036
-0.436 0.291632
-0.434 0.303237
-0.432 0.315177
-0.43 0.327456
-0.428 0.340078
-0.426 0.353044
-0.424 0.366359
-0.422 0.380024
-0.42 0.394041
-0.418 0.408411
-0.416 0.423136
-0.414 0.438217
-0.412 0.453654
-0.41 0.469446
-0.408 0.485595
-0.406 0.502097
-0.404 0.518953
-0.402 0.536161
-0.4 0.553717
-0.398 0.57162
-0.396 0.589865
-0.394 0.60845
-0.392 0.627369
-0.39 0.646617
-0.388 0.666189
-0.386 0.68608
-0.384 0.706282
-0.382 0.726788
-0.38 0.74759
-0.378 0.76868
-0.376 0.790048
-0.374 0.811686
-0.372 0.833584
-0.37 0.855729
-0.368 0.878112
-0.366 0.90072
-0.364 0.92354
-0.362 0.94656
-0.36 0.969765
-0.358 0.993143
-0.356 1.01668
-0.354 1.04035
-0.352 1.06415
-0.35 1.08806
-0.348 1.11207
-0.346 1.13614
-0.344 1.16028
-0.342 1.18445
-0.34 1.20864
-0.338 1.23284
-0.336 1.25701
-0.334 1.28115
-0.332 1.30523
-0.33 1.32923
-0.328 1.35313
-0.326 1.37691
-0.324 1.40054
-0.322 1.42401
-0.32 1.4473
-0.318 1.47038
-0.316 1.49323
-0.314 1.51582
-0.312 1.53815
-0.31 1.56018
-0.308 1.58189
-0.306 1.60326
-0.304 1.62427
-0.302 1.6449
-0.3 1.66512
-0.298 1.68492
-0.296 1.70427
-0.294 1.72316
-0.292 1.74156
-0.29 1.75945
-0.288 1.77681
-0.286 1.79363
-0.284 1.80988
-0.282 1.82555
-0.28 1.84062
-0.278 1.85507
-0.276 1.86888
-0.274 1.88205
-0.272 1.89455
-0.27 1.90637
-0.268 1.9175
-0.266 1.92792
-0.264 1.93762
-0.262 1.9466
-0.26 1.95483
-0.258 1.96231
-0.256 1.96903
-0.254 1.97499
-0.252 1.98017
-0.25 1.98458
-0.248 1.98819
-0.246 1.99102
-0.244 1.99305
-0.242 1.99429
-0.24 1.99473
-0.238 1.99437
-0.236 1.99322
-0.234 1.99127
-0.232 1.98853
-0.23 1.98499
-0.228 1.98067
-0.226 1.97557
-0.224 1.9697
-0.222 1.96306
-0.22 1.95565
-0.218 1.9475
-0.216 1.93861
-0.214 1.92898
-0.212 1.91864
-0.21 1.90759
-0.208 1.89585
-0.206 1.88342
-0.204 1.87033
-0.202 1.85659
-0.2 1.84221
-0.198 1.82722
-0.196 1.81162
-0.194 1.79544
-0.192 1.77869
-0.19 1.7614
-0.188 1.74358
-0.186 1.72525
-0.184 1.70643
-0.182 1.68715
-0.18 1.66742
-0.178 1.64726
-0.176 1.6267
-0.174 1.60576
-0.172 1.58445
-0.17 1.56281
-0.168 1.54085
-0.166 1.5186
-0.164 1.49607
-0.162 1.47329
-0.16 1.45029
-0.158 1.42708
-0.156 1.40368
-0.154 1.38013
-0.152 1.35643
-0.15 1.33262
-0.148 1.30871
-0.146 1.28473
-0.144 1.26069
-0.142 1.23661
-0.14 1.21253
-0.138 1.18845
-0.136 1.1644
-0.134 1.14039
-0.132 1.11645
-0.13 1.09259
-0.128 1.06883
-0.126 1.0452
-0.124 1.02169
-0.122 0.998346
-0.12 0.975166
-0.118 0.952171
-0.116 0.929376
-0.114 0.906796
-0.112 0.884445
-0.11 0.862336
-0.108 0.840482
-0.106 0.818897
-0.104 0.797592
-0.102 0.776579
-0.1 0.755868
-0.098 0.73547
-0.096 0.715395
-0.094 0.695653
-0.092 0.676252
-0.09 0.657201
-0.088 0.638508
-0.086 0.620179
-0.084 0.602222
-0.082 0.584644
-0.08 0.567451
-0.078 0.550647
-0.076 0.534239
-0.074 0.51823
-0.072 0.502626
-0.07 0.48743
-0.068 0.472646
-0.066 0.458277
-0.064 0.444326
-0.062 0.430795
-0.06 0.417688
-0.058 0.405005
-0.056 0.392748
-0.054 0.38092
-0.052 0.369521
-0.05 0.358552
-0.048 0.348014
-0.046 0.337908
-0.044 0.328234
-0.042 0.318992
-0.04 0.310183
-0.038 0.301807
-0.036 0.293863
-0.034 0.286352
-0.032 0.279273
-0.03 0.272626
-0.028 0.26641
-0.026 0.260626
-0.024 0.255272
-0.022 0.250349
-0.02 0.245855
-0.018 0.241791
-0.016 0.238156
-0.014 0.23495
-0.012 0.232172
-0.01 0.229822
-0.008 0.2279
-0.006 0.226405
-0.004 0.225337
-0.002 0.224697
0 0.224483
0.002 0.224697
0.004 0.225337
0.006 0.226405
0.008 0.2279
0.01 0.229822
0.012 0.232172
0.014 0.23495
0.016 0.238156
0.018 0.241791
0.02 0.245855
0.022 0.250349
0.024 0.255272
0.026 0.260626
0.028 0.26641
0.03 0.272626
0.032 0.279273
0.034 0.286352
0.036 0.293863
0.038 0.301807
0.04 0.310183
0.042 0.318992
0.044 0.328234
0.046 0.337908
0.048 0.348014
0.05 0.358552
0.052 0.369521
0.054 0.38092
0.056 0.392748
0.058 0.405005
0.06 0.417688
0.062 0.430795
0.064 0.444326
0.066 0.458277
0.068 0.472646
0.07 0.48743
0.072 0.502626
0.074 0.51823
0.076 0.534239
0.078 0.550647
0.08 0.567451
0.082 0.584644
0.084 0.602222
0.086 0.620179
0.088 0.638508
0.09 0.657201
0.092 0.676252
0.094 0.695653
0.096 0.715395
0.098 0.73547
0.1 0.755868
0.102 0.776579
0.104 0.797592
0.106 0.818897
0.108 0.840482
0.11 0.862336
0.112 0.884445
0.114 0.906796
0.116 0.929376
0.118 0.952171
0.12 0.975166
0.122 0.998346
0.124 1.02169
0.126 1.0452
0.128 1.06883
0.13 1.09259
0.132 1.11645
0.134 1.14039
0.136 1.1644
0.138 1.18845
0.14 1.21253
0.142 1.23661
0.144 1.26069
0.146 1.28473
0.148 1.30871
0.15 1.33262
0.152 1.35643
0.154 1.38013
0.156 1.40368
0.158 1.42708
0.16 1.45029
0.162 1.47329
0.164 1.49607
0.166 1.5186
0.168 1.54085
0.17 1.56281
0.172 1.58445
0.174 1.60576
0.176 1.6267
0.178 1.64726
0.18 1.66742
0.182 1.68715
0.184 1.70643
0.186 1.72525
0.188 1.74358
0.19 1.7614
0.192 1.77869
0.194 1.79544
0.196 1.81162
0.198 1.82722
0.2 1.84221
0.202 1.85659
0.204 1.87033
0.206 1.88342
0.208 1.89585
0.21 1.90759
0.212 1.91864
0.214 1.92898
0.216 1.93861
0.218 1.9475
0.22 1.95565
0.222 1.96306
0.224 1.9697
0.226 1.97557
0.228 1.98067
0.23 1.98499
0.232 1.98853
0.234 1.99127
0.236 1.99322
0.238 1.99437
0.24 1.99473
0.242 1.99429
0.244 1.99305
0.246 1.99102
0.248 1.98819
0.25 1.98458
0.252 1.98017
0.254 1.97499
0.256 1.96903
0.258 1.96231
0.26 1.95483
0.262 1.9466
0.264 1.93762
0.266 1.92792
0.268 1.9175
0.27 1.90637
0.272 1.89455
0.274 1.88205
0.276 1.86888
0.278 1.85507
0.28 1.84062
0.282 1.82555
0.284 1.80988
0.286 1.79363
0.288 1.77681
0.29 1.75945
0.292 1.74156
0.294 1.72316
0.296 1.70427
0.298 1.68492
0.3 1.66512
0.302 1.6449
0.304 1.62427
0.306 1.60326
0.308 1.58189
0.31 1.56018
0.312 1.53815
0.314 1.51582
0.316 1.49323
0.318 1.47038
0.32 1.4473
0.322 1.42401
0.324 1.40054
0.326 1.37691
0.328 1.35313
0.33 1.32923
0.332 1.30523
0.334 1.28115
0.336 1.25701
0.338 1.23284
0.34 1.20864
0.342 1.18445
0.344 1.16028
0.346 1.13614
0.348 1.11207
0.35 1.08806
0.352 1.06415
0.354 1.04035
0.356 1.01668
0.358 0.993143
0.36 0.969765
0.362 0.94656
0.364 0.92354
0.366 0.90072
0.368 0.878112
0.37 0.855729
0.372 0.833584
0.374 0.811686
0.376 0.790048
0.378 0.76868
0.38 0.74759
0.382 0.726788
0.384 0.706282
0.386 0.68608
0.388 0.666189
0.39 0.646617
0.392 0.627369
0.394 0.60845
0.396 0.589865
0.398 0.57162
0.4 0.553717
0.402 0.536161
0.404 0.518953
0.406 0.502097
0.408 0.485595
0.41 0.469446
0.412 0.453654
0.414 0.438217
0.416 0.423136
0.418 0.408411
0.42 0.394041
0.422 0.380024
0.424 0.366359
0.426 0.353044
0.428 0.340078
0.43 0.327456
0.432 0.315177
0.434 0.303237
0.436 0.291632
0.438 0.28036
0.44 0.269415
0.442 0.258794
0.444 0.248493
0.446 0.238506
0.448 0.228829
0.45 0.219456
0.452 0.210384
0.454 0.201606
0.456 0.193117
0.458 0.184911
0.46 0.176983
0.462 0.169327
0.464 0.161938
0.466 0.154809
0.468 0.147935
0.47 0.14131
0.472 0.134927
0.474 0.128781
0.476 0.122866
0.478 0.117176
0.48 0.111704
0.482 0.106446
0.484 0.101394
0.486 0.0965435
0.488 0.0918883
0.49 0.0874226
0.492 0.0831407
0.494 0.0790368
0.496 0.0751055
0.498 0.0713412
0.5 0.0677384
0.502 0.0642919
0.504 0.0609963
0.506 0.0578466
0.508 0.0548375
0.51 0.0519641
0.512 0.0492217
0.514 0.0466053
0.516 0.0441103
0.518 0.0417322
0.52 0.0394666
0.522 0.037309
0.524 0.0352552
0.526 0.0333012
0.528 0.0314429
0.53 0.0296765
0.532 0.027998
0.534 0.026404
0.536 0.0248907
0.538 0.0234548
0.54 0.0220929
0.542 0.0208017
0.544 0.0195782
0.546 0.0184192
0.548 0.017322
0.55 0.0162835
0.552 0.0153013
0.554 0.0143725
0.556 0.0134947
0.558 0.0126654
0.56 0.0118824
0.562 0.0111433
0.564 0.010446
0.566 0.00978837
0.568 0.00916852
0.57 0.00858448
0.572 0.00803443
0.574 0.00751661
0.576 0.00702936
0.578 0.00657106
0.58 0.00614019
0.582 0.00573528
0.584 0.00535492
0.586 0.00499779
0.588 0.00466261
0.59 0.00434818
0.592 0.00405332
0.594 0.00377695
0.596 0.00351801
0.598 0.00327552
0.6 0.00304852
0.602 0.00283612
0.604 0.00263746
0.606 0.00245174
0.608 0.00227818
0.61 0.00211606
0.612 0.0019647
0.614 0.00182343
0.616 0.00169164
0.618 0.00156875
0.62 0.0014542
0.622 0.00134748
0.624 0.0012481
0.626 0.00115558
0.628 0.00106949
0.63 0.000989416
0.632 0.000914974
0.634 0.000845794
0.636 0.000781532
0.638 0.000721864
0.64 0.000666484
0.642 0.000615107
0.644 0.000567464
0.646 0.000523301
0.648 0.000482383
0.65 0.000444486
0.652 0.000409402
0.654 0.000376937
0.656 0.000346908
0.658 0.000319143
0.66 0.000293483
0.662 0.000269778
0.664 0.000247889
0.666 0.000227684
0.668 0.000209043
0.67 0.000191851
0.672 0.000176003
0.674 0.000161399
0.676 0.000147948
0.678 0.000135564
0.68 0.000124166
0.682 0.000113682
0.684 0.000104041
0.686 9.51795e-05
0.688 8.7038e-05
0.69 7.95611e-05
0.692 7.26974e-05
0.694 6.63993e-05
0.696 6.06225e-05
0.698 5.53262e-05
0.7 5.04724e-05
0.702 4.60261e-05
0.704 4.19546e-05
0.706 3.8228e-05
0.708 3.48185e-05
0.71 3.17004e-05
0.712 2.885e-05
0.714 2.62454e-05
0.716 2.38664e-05
0.718 2.16944e-05
0.72 1.97121e-05
0.722 1.79038e-05
0.724 1.62549e-05
0.726 1.47519e-05
0.728 1.33826e-05
0.73 1.21355e-05
0.732 1.10002e-05
0.734 9.96718e-06
0.736 9.02753e-06
0.738 8.17319e-06
0.74 7.39674e-06
0.742 6.69138e-06
0.744 6.05087e-06
0.746 5.46947e-06
0.748 4.94197e-06
0.75 4.46355e-06
0.752 4.02983e-06
0.754 3.63681e-06
0.756 3.2808e-06
0.758 2.95846e-06
0.76 2.66672e-06
0.762 2.40279e-06
0.764 2.16411e-06
0.766 1.94837e-06
0.768 1.75343e-06
0.77 1.57736e-06
0.772 1.41841e-06
0.774 1.27496e-06
0.776 1.14556e-06
0.778 1.02889e-06
0.78 9.23724e-07
0.782 8.28979e-07
0.784 7.43654e-07
0.786 6.66844e-07
0.788 5.97729e-07
0.79 5.35563e-07
0.792 4.79671e-07
0.794 4.2944e-07
0.796 3.84315e-07
0.798 3.43794e-07
0.8 3.07423e-07
0.802 2.7479e-07
0.804 2.45522e-07
0.806 2.19284e-07
0.808 1.95772e-07
0.81 1.74711e-07
0.812 1.55853e-07
0.814 1.38975e-07
0.816 1.23875e-07
0.818 1.10372e-07
0.82 9.83014e-08
0.822 8.75158e-08
0.824 7.78825e-08
0.826 6.92818e-08
0.828 6.16063e-08
0.83 5.47592e-08
0.832 4.86537e-08
0.834 4.32116e-08
0.836 3.83629e-08
0.838 3.40446e-08
0.84 3.02004e-08
0.842 2.67795e-08
0.844 2.37366e-08
0.846 2.1031e-08
0.848 1.86264e-08
0.85 1.64901e-08
0.852 1.4593e-08
0.854 1.2909e-08
0.856 1.14148e-08
0.858 1.00894e-08
0.86 8.91445e-09
0.862 7.87312e-09
0.864 6.95066e-09
0.866 6.13382e-09
0.868 5.41082e-09
0.87 4.77113e-09
0.872 4.20537e-09
0.874 3.70524e-09
0.876 3.26327e-09
0.878 2.87287e-09
0.88 2.52816e-09
0.882 2.22393e-09
0.884 1.95553e-09
0.886 1.71883e-09
0.888 1.51018e-09
0.89 1.32631e-09
0.892 1.16438e-09
0.894 1.02181e-09
0.896 8.96333e-10
0.898 7.85953e-10
0.9 6.88884e-10
0.902 6.03569e-10
0.904 5.28606e-10
0.906 4.62766e-10
0.908 4.04978e-10
0.91 3.54245e-10
0.912 3.09753e-10
0.914 2.70738e-10
0.916 2.36547e-10
0.918 2.06589e-10
0.92 1.8035e-10
0.922 1.57391e-10
0.924 1.37285e-10
0.926 1.19711e-10
0.928 1.04342e-10
0.93 9.09101e-11
0.932 7.91747e-11
0.934 6.89306e-11
0.936 5.99855e-11
0.938 5.2178e-11
0.94 4.53705e-11
0.942 3.94365e-11
0.944 3.42651e-11
0.946 2.97604e-11
0.948 2.58396e-11
0.95 2.24293e-11
0.952 1.94625e-11
0.954 1.68786e-11
0.956 1.46327e-11
0.958 1.26817e-11
0.96 1.09898e-11
0.962 9.52641e-12
0.964 8.24787e-12
0.966 7.14588e-12
0.968 6.1928e-12
0.97 5.36784e-12
0.972 4.65499e-12
0.974 4.03948e-12
0.976 3.51115e-12
0.978 3.05519e-12
0.98 2.67231e-12
0.982 2.34166e-12
0.984 2.05927e-12
0.986 1.82761e-12
0.988 1.63758e-12
0.99 1.47123e-12
0.992 1.35579e-12
0.994 1.2517e-12
0.996 1.19217e-12
0.998 1.14723e-12
