-1 2.27706e-14
-0.998 2.30654e-14
-0.996 2.39569e-14
-0.994 2.54666e-14
-0.992 2.76312e-14
-0.99 3.05031e-14
-0.988 3.41516e-14
-0.986 3.86644e-14
-0.984 4.41499e-14
-0.982 5.07394e-14
-0.98 5.85899e-14
-0.978 6.78877e-14
-0.976 7.88527e-14
-0.974 9.17428e-14
-0.972 1.0686e-13
-0.97 1.24556e-13
-0.968 1.45243e-13
-0.966 1.69397e-13
-0.964 1.97573e-13
-0.962 2.30414e-13
-0.96 2.68667e-13
-0.958 3.13195e-13
-0.956 3.65001e-13
-0.954 4.25242e-13
-0.952 4.95258e-13
-0.95 5.76597e-13
-0.948 6.71047e-13
-0.946 7.80675e-13
-0.944 9.07865e-13
-0.942 1.05537e-12
-0.94 1.22636e-12
-0.938 1.42449e-12
-0.936 1.65397e-12
-0.934 1.91967e-12
-0.932 2.22716e-12
-0.93 2.58287e-12
-0.928 2.9942e-12
-0.926 3.46966e-12
-0.924 4.01901e-12
-0.922 4.65347e-12
-0.92 5.38595e-12
-0.918 6.23123e-12
-0.916 7.20628e-12
-0.914 8.33058e-12
-0.912 9.62644e-12
-0.91 1.11194e-11
-0.908 1.28388e-11
-0.906 1.48182e-11
-0.904 1.70958e-11
-0.902 1.97157e-11
-0.9 2.2728e-11
-0.898 2.619e-11
-0.896 3.01672e-11
-0.894 3.47346e-11
-0.892 3.99775e-11
-0.89 4.59934e-11
-0.888 5.28933e-11
-0.886 6.08041e-11
-0.884 6.98701e-11
-0.882 8.02558e-11
-0.88 9.21483e-11
-0.878 1.05761e-10
-0.876 1.21336e-10
-0.874 1.39148e-10
-0.872 1.59512e-10
-0.87 1.82783e-10
-0.868 2.09365e-10
-0.866 2.39718e-10
-0.864 2.7436e-10
-0.862 3.13883e-10
-0.86 3.58957e-10
-0.858 4.10338e-10
-0.856 4.68887e-10
-0.854 5.35576e-10
-0.852 6.11505e-10
-0.85 6.97919e-10
-0.848 7.96227e-10
-0.846 9.08018e-10
-0.844 1.03509e-09
-0.842 1.17947e-09
-0.84 1.34346e-09
-0.838 1.52964e-09
-0.836 1.74091e-09
-0.834 1.98058e-09
-0.832 2.25234e-09
-0.83 2.56037e-09
-0.828 2.90935e-09
-0.826 3.30459e-09
-0.824 3.75201e-09
-0.822 4.25831e-09
-0.82 4.83099e-09
-0.818 5.4785e-09
-0.816 6.21032e-09
-0.814 7.03708e-09
-0.812 7.9707e-09
-0.81 9.02459e-09
-0.808 1.02137e-08
-0.806 1.15549e-08
-0.804 1.3067e-08
-0.802 1.47711e-08
-0.8 1.66907e-08
-0.798 1.88523e-08
-0.796 2.12853e-08
-0.794 2.40226e-08
-0.792 2.71011e-08
-0.79 3.05619e-08
-0.788 3.44509e-08
-0.786 3.88192e-08
-0.784 4.37239e-08
-0.782 4.92287e-08
-0.78 5.54042e-08
-0.778 6.23296e-08
-0.776 7.00925e-08
-0.774 7.87908e-08
-0.772 8.85331e-08
-0.77 9.94402e-08
-0.768 1.11646e-07
-0.766 1.25301e-07
-0.764 1.40569e-07
-0.762 1.57634e-07
-0.76 1.76701e-07
-0.758 1.97994e-07
-0.756 2.21765e-07
-0.754 2.4829e-07
-0.752 2.77877e-07
-0.75 3.10865e-07
-0.748 3.4763e-07
-0.746 3.88588e-07
-0.744 4.34197e-07
-0.742 4.84966e-07
-0.74 5.41454e-07
-0.738 6.04281e-07
-0.736 6.74127e-07
-0.734 7.51747e-07
-0.732 8.37968e-07
-0.73 9.33704e-07
-0.728 1.03996e-06
-0.726 1.15785e-06
-0.724 1.28858e-06
-0.722 1.43351e-06
-0.72 1.59409e-06
-0.718 1.77196e-06
-0.716 1.96888e-06
-0.714 2.18681e-06
-0.712 2.4279e-06
-0.71 2.69448e-06
-0.708 2.98914e-06
-0.706 3.31469e-06
-0.704 3.67424e-06
-0.702 4.07115e-06
-0.7 4.50914e-06
-0.698 4.99225e-06
-0.696 5.5249e-06
-0.694 6.11195e-06
-0.692 6.75867e-06
-0.69 7.47083e-06
-0.688 8.25473e-06
-0.686 9.11723e-06
-0.684 1.00658e-05
-0.682 1.11087e-05
-0.68 1.22547e-05
-0.678 1.35135e-05
-0.676 1.48956e-05
-0.674 1.64126e-05
-0.672 1.80768e-05
-0.67 1.99017e-05
-0.668 2.19022e-05
-0.666 2.40941e-05
-0.664 2.64948e-05
-0.662 2.9123e-05
-0.66 3.19991e-05
-0.658 3.51452e-05
-0.656 3.85851e-05
-0.654 4.23449e-05
-0.652 4.64524e-05
-0.65 5.09379e-05
-0.648 5.58343e-05
-0.646 6.11768e-05
-0.644 6.70037e-05
-0.642 7.33562e-05
-0.64 8.0279e-05
-0.638 8.78199e-05
-0.636 9.60307e-05
-0.634 0.000104967
-0.632 0.000114689
-0.63 0.000125262
-0.628 0.000136755
-0.626 0.000149242
-0.624 0.000162804
-0.622 0.000177528
-0.62 0.000193506
-0.618 0.000210838
-0.616 0.00022963
-0.614 0.000249997
-0.612 0.000272062
-0.61 0.000295955
-0.608 0.000321819
-0.606 0.000349802
-0.604 0.000380067
-0.602 0.000412786
-0.6 0.000448141
-0.598 0.000486331
-0.596 0.000527563
-0.594 0.000572063
-0.592 0.000620068
-0.59 0.000671832
-0.588 0.000727627
-0.586 0.000787741
-0.584 0.000852479
-0.582 0.000922169
-0.58 0.000997158
-0.578 0.00107781
-0.576 0.00116453
-0.574 0.00125771
-0.572 0.00135781
-0.57 0.00146529
-0.568 0.00158065
-0.566 0.0017044
-0.564 0.00183711
-0.562 0.00197936
-0.56 0.00213177
-0.558 0.002295
-0.556 0.00246974
-0.554 0.00265672
-0.552 0.00285672
-0.55 0.00307054
-0.548 0.00329905
-0.546 0.00354314
-0.544 0.00380377
-0.542 0.00408195
-0.54 0.00437871
-0.538 0.00469517
-0.536 0.00503249
-0.534 0.00539188
-0.532 0.00577463
-0.53 0.00618207
-0.528 0.00661562
-0.526 0.00707674
-0.524 0.00756698
-0.522 0.00808794
-0.52 0.00864131
-0.518 0.00922885
-0.516 0.00985239
-0.514 0.0105139
-0.512 0.0112152
-0.51 0.0119586
-0.508 0.0127462
-0.506 0.0135802
-0.504 0.014463
-0.502 0.015397
-0.5 0.0163848
-0.498 0.017429
-0.496 0.0185323
-0.494 0.0196975
-0.492 0.0209277
-0.49 0.0222258
-0.488 0.023595
-0.486 0.0250385
-0.484 0.0265597
-0.482 0.028162
-0.48 0.0298491
-0.478 0.0316246
-0.476 0.0334923
-0.474 0.0354561
-0.472 0.03752
-0.47 0.0396882
-0.468 0.0419649
-0.466 0.0443545
-0.464 0.0468614
-0.462 0.0494902
-0.46 0.0522455
-0.458 0.0551322
-0.456 0.0581551
-0.454 0.0613193
-0.452 0.0646297
-0.45 0.0680916
-0.448 0.0717103
-0.446 0.0754911
-0.444 0.0794394
-0.442 0.0835608
-0.44 0.0878608
-0.438 0.0923452
-0.436 0.0970197
-0.434 0.10189
-0.432 0.106962
-0.43 0.112242
-0.428 0.117735
-0.426 0.123447
-0.424 0.129385
-0.422 0.135555
-0.42 0.141961
-0.418 0.148611
-0.416 0.155511
-0.414 0.162665
-0.412 0.170081
-0.41 0.177764
-0.408 0.185719
-0.406 0.193953
-0.404 0.202471
-0.402 0.211278
-0.4 0.22038
-0.398 0.229783
-0.396 0.239491
-0.394 0.249509
-0.392 0.259842
-0.39 0.270495
-0.388 0.281472
-0.386 0.292778
-0.384 0.304416
-0.382 0.31639
-0.38 0.328703
-0.378 0.341359
-0.376 0.354361
-0.374 0.36771
-0.372 0.38141
-0.37 0.395462
-0.368 0.409868
-0.366 0.424629
-0.364 0.439745
-0.362 0.455217
-0.36 0.471046
-0.358 0.48723
-0.356 0.503768
-0.354 0.520659
-0.352 0.537902
-0.35 0.555493
-0.348 0.57343
-0.346 0.59171
-0.344 0.610328
-0.342 0.62928
-0.34 0.648561
-0.338 0.668166
-0.336 0.688088
-0.334 0.708321
-0.332 0.728857
-0.33 0.749688
-0.328 0.770807
-0.326 0.792203
-0.324 0.813868
-0.322 0.835791
-0.32 0.857962
-0.318 0.880368
-0.316 0.902998
-0.314 0.925839
-0.312 0.948879
-0.31 0.972103
-0.308 0.995497
-0.306 1.01905
-0.304 1.04274
-0.302 1.06655
-0.3 1.09047
-0.298 1.11448
-0.296 1.13857
-0.294 1.16271
-0.292 1.18689
-0.29 1.21108
-0.288 1.23528
-0.286 1.25945
-0.284 1.28359
-0.282 1.30766
-0.28 1.33166
-0.278 1.35555
-0.276 1.37931
-0.274 1.40294
-0.272 1.4264
-0.27 1.44967
-0.268 1.47273
-0.266 1.49556
-0.264 1.51813
-0.262 1.54044
-0.26 1.56244
-0.258 1.58413
-0.256 1.60547
-0.254 1.62646
-0.252 1.64705
-0.25 1.66725
-0.248 1.68701
-0.246 1.70633
-0.244 1.72518
-0.242 1.74354
-0.24 1.7614
-0.238 1.77872
-0.236 1.7955
-0.234 1.81172
-0.232 1.82735
-0.23 1.84238
-0.228 1.85679
-0.226 1.87057
-0.224 1.8837
-0.222 1.89617
-0.22 1.90795
-0.218 1.91905
-0.216 1.92944
-0.214 1.93911
-0.212 1.94806
-0.21 1.95627
-0.208 1.96373
-0.206 1.97044
-0.204 1.97638
-0.202 1.98155
-0.2 1.98595
-0.198 1.98957
-0.196 1.9924
-0.194 1.99444
-0.192 1.9957
-0.19 1.99616
-0.188 1.99584
-0.186 1.99473
-0.184 1.99283
-0.182 1.99014
-0.18 1.98668
-0.178 1.98244
-0.176 1.97743
-0.174 1.97166
-0.172 1.96514
-0.17 1.95787
-0.168 1.94987
-0.166 1.94114
-0.164 1.93169
-0.162 1.92155
-0.16 1.91071
-0.158 1.89921
-0.156 1.88704
-0.154 1.87423
-0.152 1.8608
-0.15 1.84675
-0.148 1.83212
-0.146 1.81691
-0.144 1.80114
-0.142 1.78484
-0.14 1.76803
-0.138 1.75072
-0.136 1.73295
-0.134 1.71472
-0.132 1.69606
-0.13 1.67701
-0.128 1.65756
-0.126 1.63777
-0.124 1.61763
-0.122 1.59719
-0.12 1.57646
-0.118 1.55547
-0.116 1.53424
-0.114 1.5128
-0.112 1.49118
-0.11 1.46939
-0.108 1.44747
-0.106 1.42543
-0.104 1.40331
-0.102 1.38113
-0.1 1.35891
-0.098 1.33667
-0.096 1.31445
-0.094 1.29227
-0.092 1.27015
-0.09 1.24811
-0.088 1.22618
-0.086 1.20439
-0.084 1.18275
-0.082 1.16129
-0.08 1.14003
-0.078 1.11899
-0.076 1.0982
-0.074 1.07767
-0.072 1.05743
-0.07 1.0375
-0.068 1.0179
-0.066 0.998646
-0.064 0.979757
-0.062 0.961253
-0.06 0.943152
-0.058 0.925472
-0.056 0.90823
-0.054 0.891442
-0.052 0.875125
-0.05 0.859294
-0.048 0.843963
-0.046 0.829148
-0.044 0.814861
-0.042 0.801117
-0.04 0.787927
-0.038 0.775304
-0.036 0.763259
-0.034 0.751803
-0.032 0.740947
-0.03 0.7307
-0.028 0.721072
-0.026 0.71207
-0.024 0.703703
-0.022 0.695979
-0.02 0.688903
-0.018 0.682483
-0.016 0.676723
-0.014 0.671629
-0.012 0.667206
-0.01 0.663456
-0.008 0.660384
-0.006 0.657992
-0.004 0.656281
-0.002 0.655255
0 0.654912
0.002 0.655255
0.004 0.656281
0.006 0.657992
0.008 0.660384
0.01 0.663456
0.012 0.667206
0.014 0.671629
0.016 0.676723
0.018 0.682483
0.02 0.688903
0.022 0.695979
0.024 0.703703
0.026 0.71207
0.028 0.721072
0.03 0.7307
0.032 0.740947
0.034 0.751803
0.036 0.763259
0.038 0.775304
0.04 0.787927
0.042 0.801117
0.044 0.814861
0.046 0.829148
0.048 0.843963
0.05 0.859294
0.052 0.875125
0.054 0.891442
0.056 0.90823
0.058 0.925472
0.06 0.943152
0.062 0.961253
0.064 0.979757
0.066 0.998646
0.068 1.0179
0.07 1.0375
0.072 1.05743
0.074 1.07767
0.076 1.0982
0.078 1.11899
0.08 1.14003
0.082 1.16129
0.084 1.18275
0.086 1.20439
0.088 1.22618
0.09 1.24811
0.092 1.27015
0.094 1.29227
0.096 1.31445
0.098 1.33667
0.1 1.35891
0.102 1.38113
0.104 1.40331
0.106 1.42543
0.108 1.44747
0.11 1.46939
0.112 1.49118
0.114 1.5128
0.116 1.53424
0.118 1.55547
0.12 1.57646
0.122 1.59719
0.124 1.61763
0.126 1.63777
0.128 1.65756
0.13 1.67701
0.132 1.69606
0.134 1.71472
0.136 1.73295
0.138 1.75072
0.14 1.76803
0.142 1.78484
0.144 1.80114
0.146 1.81691
0.148 1.83212
0.15 1.84675
0.152 1.8608
0.154 1.87423
0.156 1.88704
0.158 1.89921
0.16 1.91071
0.162 1.92155
0.164 1.93169
0.166 1.94114
0.168 1.94987
0.17 1.95787
0.172 1.96514
0.174 1.97166
0.176 1.97743
0.178 1.98244
0.18 1.98668
0.182 1.99014
0.184 1.99283
0.186 1.99473
0.188 1.99584
0.19 1.99616
0.192 1.9957
0.194 1.99444
0.196 1.9924
0.198 1.98957
0.2 1.98595
0.202 1.98155
0.204 1.97638
0.206 1.97044
0.208 1.96373
0.21 1.95627
0.212 1.94806
0.214 1.93911
0.216 1.92944
0.218 1.91905
0.22 1.90795
0.222 1.89617
0.224 1.8837
0.226 1.87057
0.228 1.85679
0.23 1.84238
0.232 1.82735
0.234 1.81172
0.236 1.7955
0.238 1.77872
0.24 1.7614
0.242 1.74354
0.244 1.72518
0.246 1.70633
0.248 1.68701
0.25 1.66725
0.252 1.64705
0.254 1.62646
0.256 1.60547
0.258 1.58413
0.26 1.56244
0.262 1.54044
0.264 1.51813
0.266 1.49556
0.268 1.47273
0.27 1.44967
0.272 1.4264
0.274 1.40294
0.276 1.37931
0.278 1.35555
0.28 1.33166
0.282 1.30766
0.284 1.28359
0.286 1.25945
0.288 1.23528
0.29 1.21108
0.292 1.18689
0.294 1.16271
0.296 1.13857
0.298 1.11448
0.3 1.09047
0.302 1.06655
0.304 1.04274
0.306 1.01905
0.308 0.995497
0.31 0.972103
0.312 0.948879
0.314 0.925839
0.316 0.902998
0.318 0.880368
0.32 0.857962
0.322 0.835791
0.324 0.813868
0.326 0.792203
0.328 0.770807
0.33 0.749688
0.332 0.728857
0.334 0.708321
0.336 0.688088
0.338 0.668166
0.34 0.648561
0.342 0.62928
0.344 0.610328
0.346 0.59171
0.348 0.57343
0.35 0.555493
0.352 0.537902
0.354 0.520659
0.356 0.503768
0.358 0.48723
0.36 0.471046
0.362 0.455217
0.364 0.439745
0.366 0.424629
0.368 0.409868
0.37 0.395462
0.372 0.38141
0.374 0.36771
0.376 0.354361
0.378 0.341359
0.38 0.328703
0.382 0.31639
0.384 0.304416
0.386 0.292778
0.388 0.281472
0.39 0.270495
0.392 0.259842
0.394 0.249509
0.396 0.239491
0.398 0.229783
0.4 0.22038
0.402 0.211278
0.404 0.202471
0.406 0.193953
0.408 0.185719
0.41 0.177764
0.412 0.170081
0.414 0.162665
0.416 0.155511
0.418 0.148611
0.42 0.141961
0.422 0.135555
0.424 0.129385
0.426 0.123447
0.428 0.117735
0.43 0.112242
0.432 0.106962
0.434 0.10189
0.436 0.0970197
0.438 0.0923452
0.44 0.0878608
0.442 0.0835608
0.444 0.0794394
0.446 0.0754911
0.448 0.0717103
0.45 0.0680916
0.452 0.0646297
0.454 0.0613193
0.456 0.0581551
0.458 0.0551322
0.46 0.0522455
0.462 0.0494902
0.464 0.0468614
0.466 0.0443545
0.468 0.0419649
0.47 0.0396882
0.472 0.03752
0.474 0.0354561
0.476 0.0334923
0.478 0.0316246
0.48 0.0298491
0.482 0.028162
0.484 0.0265597
0.486 0.0250385
0.488 0.023595
0.49 0.0222258
0.492 0.0209277
0.494 0.0196975
0.496 0.0185323
0.498 0.017429
0.5 0.0163848
0.502 0.015397
0.504 0.014463
0.506 0.0135802
0.508 0.0127462
0.51 0.0119586
0.512 0.0112152
0.514 0.0105139
0.516 0.00985239
0.518 0.00922885
0.52 0.00864131
0.522 0.00808794
0.524 0.00756698
0.526 0.00707674
0.528 0.00661562
0.53 0.00618207
0.532 0.00577463
0.534 0.00539188
0.536 0.00503249
0.538 0.00469517
0.54 0.00437871
0.542 0.00408195
0.544 0.00380377
0.546 0.00354314
0.548 0.00329905
0.55 0.00307054
0.552 0.00285672
0.554 0.00265672
0.556 0.00246974
0.558 0.002295
0.56 0.00213177
0.562 0.00197936
0.564 0.00183711
0.566 0.0017044
0.568 0.00158065
0.57 0.00146529
0.572 0.00135781
0.574 0.00125771
0.576 0.00116453
0.578 0.00107781
0.58 0.000997158
0.582 0.000922169
0.584 0.000852479
0.586 0.000787741
0.588 0.000727627
0.59 0.000671832
0.592 0.000620068
0.594 0.000572063
0.596 0.000527563
0.598 0.000486331
0.6 0.000448141
0.602 0.000412786
0.604 0.000380067
0.606 0.000349802
0.608 0.000321819
0.61 0.000295955
0.612 0.000272062
0.614 0.000249997
0.616 0.00022963
0.618 0.000210838
0.62 0.000193506
0.622 0.000177528
0.624 0.000162804
0.626 0.000149242
0.628 0.000136755
0.63 0.000125262
0.632 0.000114689
0.634 0.000104967
0.636 9.60307e-05
0.638 8.78199e-05
0.64 8.0279e-05
0.642 7.33562e-05
0.644 6.70037e-05
0.646 6.11768e-05
0.648 5.58343e-05
0.65 5.09379e-05
0.652 4.64524e-05
0.654 4.23449e-05
0.656 3.85851e-05
0.658 3.51452e-05
0.66 3.19991e-05
0.662 2.9123e-05
0.664 2.64948e-05
0.666 2.40941e-05
0.668 2.19022e-05
0.67 1.99017e-05
0.672 1.80768e-05
0.674 1.64126e-05
0.676 1.48956e-05
0.678 1.35135e-05
0.68 1.22547e-05
0.682 1.11087e-05
0.684 1.00658e-05
0.686 9.11723e-06
0.688 8.25473e-06
0.69 7.47083e-06
0.692 6.75867e-06
0.694 6.11195e-06
0.696 5.5249e-06
0.698 4.99225e-06
0.7 4.50914e-06
0.702 4.07115e-06
0.704 3.67424e-06
0.706 3.31469e-06
0.708 2.98914e-06
0.71 2.69448e-06
0.712 2.4279e-06
0.714 2.18681e-06
0.716 1.96888e-06
0.718 1.77196e-06
0.72 1.59409e-06
0.722 1.43351e-06
0.724 1.28858e-06
0.726 1.15785e-06
0.728 1.03996e-06
0.73 9.33704e-07
0.732 8.37968e-07
0.734 7.51747e-07
0.736 6.74127e-07
0.738 6.04281e-07
0.74 5.41454e-07
0.742 4.84966e-07
0.744 4.34197e-07
0.746 3.88588e-07
0.748 3.4763e-07
0.75 3.10865e-07
0.752 2.77877e-07
0.754 2.4829e-07
0.756 2.21765e-07
0.758 1.97994e-07
0.76 1.76701e-07
0.762 1.57634e-07
0.764 1.40569e-07
0.766 1.25301e-07
0.768 1.11646e-07
0.77 9.94402e-08
0.772 8.85331e-08
0.774 7.87908e-08
0.776 7.00925e-08
0.778 6.23296e-08
0.78 5.54042e-08
0.782 4.92287e-08
0.784 4.37239e-08
0.786 3.88192e-08
0.788 3.44509e-08
0.79 3.05619e-08
0.792 2.71011e-08
0.794 2.40226e-08
0.796 2.12853e-08
0.798 1.88523e-08
0.8 1.66907e-08
0.802 1.47711e-08
0.804 1.3067e-08
0.806 1.15549e-08
0.808 1.02137e-08
0.81 9.02459e-09
0.812 7.9707e-09
0.814 7.03708e-09
0.816 6.21032e-09
0.818 5.4785e-09
0.82 4.83099e-09
0.822 4.25831e-09
0.824 3.75201e-09
0.826 3.30459e-09
0.828 2.90935e-09
0.83 2.56037e-09
0.832 2.25234e-09
0.834 1.98058e-09
0.836 1.74091e-09
0.838 1.52964e-09
0.84 1.34346e-09
0.842 1.17947e-09
0.844 1.03509e-09
0.846 9.08018e-10
0.848 7.96227e-10
0.85 6.97919e-10
0.852 6.11505e-10
0.854 5.35576e-10
0.856 4.68887e-10
0.858 4.10338e-10
0.86 3.58957e-10
0.862 3.13883e-10
0.864 2.7436e-10
0.866 2.39718e-10
0.868 2.09365e-10
0.87 1.82783e-10
0.872 1.59512e-10
0.874 1.39148e-10
0.876 1.21336e-10
0.878 1.05761e-10
0.88 9.21483e-11
0.882 8.02558e-11
0.884 6.98701e-11
0.886 6.08041e-11
0.888 5.28933e-11
0.89 4.59934e-11
0.892 3.99775e-11
0.894 3.47346e-11
0.896 3.01672e-11
0.898 2.619e-11
0.9 2.2728e-11
0.902 1.97157e-11
0.904 1.70958e-11
0.906 1.48182e-11
0.908 1.28388e-11
0.91 1.11194e-11
0.912 9.62644e-12
0.914 8.33058e-12
0.916 7.20628e-12
0.918 6.23123e-12
0.92 5.38595e-12
0.922 4.65347e-12
0.924 4.01901e-12
0.926 3.46966e-12
0.928 2.9942e-12
0.93 2.58287e-12
0.932 2.22716e-12
0.934 1.91967e-12
0.936 1.65397e-12
0.938 1.42449e-12
0.94 1.22636e-12
0.942 1.05537e-12
0.944 9.07865e-13
0.946 7.80675e-13
0.948 6.71047e-13
0.95 5.76597e-13
0.952 4.95258e-13
0.954 4.25242e-13
0.956 3.65001e-13
0.958 3.13195e-13
0.96 2.68667e-13
0.962 2.30414e-13
0.964 1.97573e-13
0.966 1.69397e-13
0.968 1.45243e-13
0.97 1.24556e-13
0.972 1.0686e-13
0.974 9.17428e-14
0.976 7.88527e-14
0.978 6.78877e-14
0.98 5.85899e-14
0.982 5.07394e-14
0.984 4.41499e-14
0.986 3.86644e-14
0.988 3.41516e-14
0.99 3.05031e-14
0.992 2.76312e-14
0.994 2.54666e-14
0.996 2.39569e-14
0.998 2.30654e-14
