-1 0.786273
-0.99 0.785913
-0.98 0.785663
-0.97 0.784692
-0.96 0.783837
-0.95 0.782258
-0.94 0.780801
-0.93 0.778623
-0.92 0.776567
-0.91 0.773809
-0.9 0.771149
-0.89 0.767841
-0.88 0.764569
-0.87 0.76075
-0.86 0.756855
-0.85 0.75257
-0.84 0.748043
-0.83 0.743331
-0.82 0.738184
-0.81 0.733062
-0.8 0.727338
-0.79 0.721789
-0.78 0.715575
-0.77 0.709542
-0.76 0.702958
-0.75 0.696375
-0.74 0.689528
-0.73 0.682373
-0.72 0.675298
-0.71 0.667652
-0.7 0.66027
-0.69 0.652319
-0.68 0.644486
-0.67 0.63642
-0.66 0.628072
-0.65 0.619922
-0.64 0.611207
-0.63 0.602791
-0.62 0.594002
-0.61 0.585128
-0.6 0.576406
-0.59 0.567176
-0.58 0.558309
-0.57 0.549099
-0.56 0.539813
-0.55 0.530783
-0.54 0.521249
-0.53 0.512061
-0.52 0.502746
-0.51 0.493162
-0.5 0.484025
-0.49 0.474484
-0.48 0.465027
-0.47 0.455877
-0.46 0.44626
-0.45 0.436988
-0.44 0.427834
-0.43 0.418274
-0.42 0.409199
-0.41 0.400108
-0.4 0.390689
-0.39 0.381818
-0.38 0.372887
-0.37 0.363655
-0.36 0.354997
-0.35 0.346332
-0.34 0.337319
-0.33 0.328862
-0.32 0.320568
-0.31 0.311839
-0.3 0.30353
-0.29 0.295664
-0.28 0.287369
-0.27 0.279146
-0.26 0.27162
-0.25 0.263988
-0.24 0.255962
-0.23 0.248469
-0.22 0.241528
-0.21 0.234196
-0.2 0.226618
-0.19 0.21974
-0.18 0.2134
-0.17 0.206629
-0.16 0.199454
-0.15 0.192868
-0.14 0.187176
-0.13 0.1815
-0.12 0.175054
-0.11 0.168212
-0.1 0.162138
-0.09 0.157708
-0.08 0.154977
-0.07 0.153426
-0.06 0.152477
-0.05 0.151774
-0.04 0.15119
-0.03 0.150714
-0.02 0.150364
-0.01 0.150152
0 0.150081
0.01 0.150152
0.02 0.150364
0.03 0.150714
0.04 0.15119
0.05 0.151774
0.06 0.152477
0.07 0.153426
0.08 0.154977
0.09 0.157708
0.1 0.162138
0.11 0.168212
0.12 0.175054
0.13 0.1815
0.14 0.187176
0.15 0.192868
0.16 0.199454
0.17 0.206629
0.18 0.2134
0.19 0.21974
0.2 0.226618
0.21 0.234196
0.22 0.241528
0.23 0.248469
0.24 0.255962
0.25 0.263988
0.26 0.27162
0.27 0.279146
0.28 0.287369
0.29 0.295664
0.3 0.30353
0.31 0.311839
0.32 0.320568
0.33 0.328862
0.34 0.337319
0.35 0.346332
0.36 0.354997
0.37 0.363655
0.38 0.372887
0.39 0.381818
0.4 0.390689
0.41 0.400108
0.42 0.409199
0.43 0.418274
0.44 0.427834
0.45 0.436988
0.46 0.44626
0.47 0.455877
0.48 0.465027
0.49 0.474484
0.5 0.484025
0.51 0.493162
0.52 0.502746
0.53 0.512061
0.54 0.521249
0.55 0.530783
0.56 0.539813
0.57 0.549099
0.58 0.558309
0.59 0.567176
0.6 0.576406
0.61 0.585128
0.62 0.594002
0.63 0.602791
0.64 0.611207
0.65 0.619922
0.66 0.628072
0.67 0.63642
0.68 0.644486
0.69 0.652319
0.7 0.66027
0.71 0.667652
0.72 0.675298
0.73 0.682373
0.74 0.689528
0.75 0.696375
0.76 0.702958
0.77 0.709542
0.78 0.715575
0.79 0.721789
0.8 0.727338
0.81 0.733062
0.82 0.738184
0.83 0.743331
0.84 0.748043
0.85 0.75257
0.86 0.756855
0.87 0.76075
0.88 0.764569
0.89 0.767841
0.9 0.771149
0.91 0.773809
0.92 0.776567
0.93 0.778623
0.94 0.780801
0.95 0.782258
0.96 0.783837
0.97 0.784692
0.98 0.785663
0.99 0.785913
