-1 0.243851
-0.99 0.24372
-0.98 0.244141
-0.97 0.244211
-0.96 0.244999
-0.95 0.245214
-0.94 0.246374
-0.93 0.246798
-0.92 0.248152
-0.91 0.249064
-0.9 0.250255
-0.89 0.251939
-0.88 0.252931
-0.87 0.254949
-0.86 0.256611
-0.85 0.258031
-0.84 0.260544
-0.83 0.262447
-0.82 0.26404
-0.81 0.26688
-0.8 0.269623
-0.79 0.271187
-0.78 0.273241
-0.77 0.277463
-0.76 0.283621
-0.75 0.290646
-0.74 0.29787
-0.73 0.305127
-0.72 0.312427
-0.71 0.319788
-0.7 0.327212
-0.69 0.334693
-0.68 0.342229
-0.67 0.349814
-0.66 0.357446
-0.65 0.36512
-0.64 0.372832
-0.63 0.380579
-0.62 0.388354
-0.61 0.396155
-0.6 0.403976
-0.59 0.411812
-0.58 0.41966
-0.57 0.427514
-0.56 0.435369
-0.55 0.44322
-0.54 0.451061
-0.53 0.458889
-0.52 0.466698
-0.51 0.474481
-0.5 0.482235
-0.49 0.489952
-0.48 0.497629
-0.47 0.50526
-0.46 0.512839
-0.45 0.52036
-0.44 0.527818
-0.43 0.535207
-0.42 0.542522
-0.41 0.549758
-0.4 0.556908
-0.39 0.563968
-0.38 0.570931
-0.37 0.577792
-0.36 0.584546
-0.35 0.591188
-0.34 0.597712
-0.33 0.604112
-0.32 0.610384
-0.31 0.616522
-0.3 0.622521
-0.29 0.628377
-0.28 0.634084
-0.27 0.639638
-0.26 0.645034
-0.25 0.650268
-0.24 0.655334
-0.23 0.660229
-0.22 0.664948
-0.21 0.669487
-0.2 0.673843
-0.19 0.678012
-0.18 0.681989
-0.17 0.685772
-0.16 0.689357
-0.15 0.692741
-0.14 0.695921
-0.13 0.698894
-0.12 0.701658
-0.11 0.70421
-0.1 0.706547
-0.09 0.708669
-0.08 0.710572
-0.07 0.712255
-0.06 0.713717
-0.05 0.714956
-0.04 0.715972
-0.03 0.716763
-0.02 0.717328
-0.01 0.717667
0 0.717781
0.01 0.717667
0.02 0.717328
0.03 0.716763
0.04 0.715972
0.05 0.714956
0.06 0.713717
0.07 0.712255
0.08 0.710572
0.09 0.708669
0.1 0.706547
0.11 0.70421
0.12 0.701658
0.13 0.698894
0.14 0.695921
0.15 0.692741
0.16 0.689357
0.17 0.685772
0.18 0.681989
0.19 0.678012
0.2 0.673843
0.21 0.669487
0.22 0.664948
0.23 0.660229
0.24 0.655334
0.25 0.650268
0.26 0.645034
0.27 0.639638
0.28 0.634084
0.29 0.628377
0.3 0.622521
0.31 0.616522
0.32 0.610384
0.33 0.604112
0.34 0.597712
0.35 0.591188
0.36 0.584546
0.37 0.577792
0.38 0.570931
0.39 0.563968
0.4 0.556908
0.41 0.549758
0.42 0.542522
0.43 0.535207
0.44 0.527818
0.45 0.52036
0.46 0.512839
0.47 0.50526
0.48 0.497629
0.49 0.489952
0.5 0.482235
0.51 0.474481
0.52 0.466698
0.53 0.458889
0.54 0.451061
0.55 0.44322
0.56 0.435369
0.57 0.427514
0.58 0.41966
0.59 0.411812
0.6 0.403976
0.61 0.396155
0.62 0.388354
0.63 0.380579
0.64 0.372832
0.65 0.36512
0.66 0.357446
0.67 0.349814
0.68 0.342229
0.69 0.334693
0.7 0.327212
0.71 0.319788
0.72 0.312427
0.73 0.305127
0.74 0.29787
0.75 0.290646
0.76 0.283621
0.77 0.277463
0.78 0.273241
0.79 0.271187
0.8 0.269623
0.81 0.26688
0.82 0.26404
0.83 0.262447
0.84 0.260544
0.85 0.258031
0.86 0.256611
0.87 0.254949
0.88 0.252931
0.89 0.251939
0.9 0.250255
0.91 0.249064
0.92 0.248152
0.93 0.246798
0.94 0.246374
0.95 0.245214
0.96 0.244999
0.97 0.244211
0.98 0.244141
0.99 0.24372
