-1 0.790924
-0.998 0.791277
-0.996 0.792338
-0.994 0.794105
-0.992 0.796576
-0.99 0.799748
-0.988 0.803619
-0.986 0.808183
-0.984 0.813436
-0.982 0.819373
-0.98 0.825987
-0.978 0.833271
-0.976 0.841217
-0.974 0.849817
-0.972 0.859061
-0.97 0.86894
-0.968 0.879442
-0.966 0.890557
-0.964 0.902271
-0.962 0.914573
-0.96 0.927449
-0.958 0.940885
-0.956 0.954865
-0.954 0.969375
-0.952 0.984399
-0.95 0.999918
-0.948 1.01592
-0.946 1.03238
-0.944 1.04928
-0.942 1.06661
-0.94 1.08434
-0.938 1.10245
-0.936 1.12093
-0.934 1.13975
-0.932 1.15888
-0.93 1.17832
-0.928 1.19803
-0.926 1.21799
-0.924 1.23818
-0.922 1.25858
-0.92 1.27916
-0.918 1.29989
-0.916 1.32075
-0.914 1.34172
-0.912 1.36277
-0.91 1.38387
-0.908 1.405
-0.906 1.42614
-0.904 1.44725
-0.902 1.46832
-0.9 1.4893
-0.898 1.51019
-0.896 1.53095
-0.894 1.55156
-0.892 1.57199
-0.89 1.59221
-0.888 1.6122
-0.886 1.63194
-0.884 1.65139
-0.882 1.67053
-0.88 1.68935
-0.878 1.7078
-0.876 1.72588
-0.874 1.74355
-0.872 1.7608
-0.87 1.77759
-0.868 1.79391
-0.866 1.80974
-0.864 1.82505
-0.862 1.83983
-0.86 1.85405
-0.858 1.86769
-0.856 1.88074
-0.854 1.89318
-0.852 1.90499
-0.85 1.91615
-0.848 1.92666
-0.846 1.93648
-0.844 1.94562
-0.842 1.95406
-0.84 1.96179
-0.838 1.96878
-0.836 1.97505
-0.834 1.98057
-0.832 1.98533
-0.83 1.98934
-0.828 1.99258
-0.826 1.99505
-0.824 1.99674
-0.822 1.99765
-0.82 1.99778
-0.818 1.99713
-0.816 1.99569
-0.814 1.99347
-0.812 1.99047
-0.81 1.9867
-0.808 1.98214
-0.806 1.97682
-0.804 1.97073
-0.802 1.96388
-0.8 1.95629
-0.798 1.94795
-0.796 1.93887
-0.794 1.92908
-0.792 1.91857
-0.79 1.90736
-0.788 1.89547
-0.786 1.8829
-0.784 1.86967
-0.782 1.85579
-0.78 1.84129
-0.778 1.82617
-0.776 1.81045
-0.774 1.79415
-0.772 1.7773
-0.77 1.75989
-0.768 1.74197
-0.766 1.72354
-0.764 1.70462
-0.762 1.68524
-0.76 1.66542
-0.758 1.64517
-0.756 1.62452
-0.754 1.60349
-0.752 1.5821
-0.75 1.56037
-0.748 1.53833
-0.746 1.51599
-0.744 1.49338
-0.742 1.47051
-0.74 1.44742
-0.738 1.42413
-0.736 1.40065
-0.734 1.377
-0.732 1.35322
-0.73 1.32931
-0.728 1.3053
-0.726 1.28122
-0.724 1.25707
-0.722 1.23289
-0.72 1.20869
-0.718 1.1845
-0.716 1.16032
-0.714 1.13618
-0.712 1.1121
-0.71 1.08809
-0.708 1.06418
-0.706 1.04038
-0.704 1.0167
-0.702 0.993164
-0.7 0.969785
-0.698 0.946578
-0.696 0.923556
-0.694 0.900735
-0.692 0.878126
-0.69 0.855742
-0.688 0.833595
-0.686 0.811697
-0.684 0.790057
-0.682 0.768688
-0.68 0.747597
-0.678 0.726794
-0.676 0.706288
-0.674 0.686085
-0.672 0.666194
-0.67 0.646621
-0.668 0.627373
-0.666 0.608453
-0.664 0.589869
-0.662 0.571623
-0.66 0.55372
-0.658 0.536163
-0.656 0.518956
-0.654 0.502099
-0.652 0.485596
-0.65 0.469448
-0.648 0.453655
-0.646 0.438218
-0.644 0.423137
-0.642 0.408412
-0.64 0.394042
-0.638 0.380025
-0.636 0.36636
-0.634 0.353045
-0.632 0.340078
-0.63 0.327457
-0.628 0.315177
-0.626 0.303237
-0.624 0.291633
-0.622 0.28036
-0.62 0.269416
-0.618 0.258795
-0.616 0.248493
-0.614 0.238506
-0.612 0.228829
-0.61 0.219457
-0.608 0.210384
-0.606 0.201606
-0.604 0.193117
-0.602 0.184911
-0.6 0.176983
-0.598 0.169327
-0.596 0.161938
-0.594 0.154809
-0.592 0.147935
-0.59 0.14131
-0.588 0.134927
-0.586 0.128781
-0.584 0.122866
-0.582 0.117176
-0.58 0.111704
-0.578 0.106446
-0.576 0.101394
-0.574 0.0965436
-0.572 0.0918883
-0.57 0.0874226
-0.568 0.0831407
-0.566 0.0790368
-0.564 0.0751055
-0.562 0.0713412
-0.56 0.0677385
-0.558 0.0642919
-0.556 0.0609964
-0.554 0.0578466
-0.552 0.0548375
-0.55 0.0519642
-0.548 0.0492217
-0.546 0.0466053
-0.544 0.0441103
-0.542 0.0417322
-0.54 0.0394666
-0.538 0.037309
-0.536 0.0352552
-0.534 0.0333012
-0.532 0.0314429
-0.53 0.0296765
-0.528 0.027998
-0.526 0.026404
-0.524 0.0248907
-0.522 0.0234548
-0.52 0.0220929
-0.518 0.0208017
-0.516 0.0195782
-0.514 0.0184192
-0.512 0.0173219
-0.51 0.0162835
-0.508 0.0153012
-0.506 0.0143725
-0.504 0.0134947
-0.502 0.0126654
-0.5 0.0118824
-0.498 0.0111433
-0.496 0.010446
-0.494 0.00978837
-0.492 0.00916851
-0.49 0.00858447
-0.488 0.00803442
-0.486 0.00751661
-0.484 0.00702935
-0.482 0.00657106
-0.48 0.00614019
-0.478 0.00573527
-0.476 0.00535492
-0.474 0.00499779
-0.472 0.00466261
-0.47 0.00434817
-0.468 0.00405332
-0.466 0.00377694
-0.464 0.00351801
-0.462 0.00327552
-0.46 0.00304852
-0.458 0.00283612
-0.456 0.00263746
-0.454 0.00245173
-0.452 0.00227818
-0.45 0.00211606
-0.448 0.00196469
-0.446 0.00182342
-0.444 0.00169164
-0.442 0.00156875
-0.44 0.0014542
-0.438 0.00134748
-0.436 0.00124809
-0.434 0.00115557
-0.432 0.00106948
-0.43 0.000989413
-0.428 0.000914971
-0.426 0.000845791
-0.424 0.000781529
-0.422 0.000721861
-0.42 0.000666482
-0.418 0.000615105
-0.416 0.000567462
-0.414 0.000523299
-0.412 0.00048238
-0.41 0.000444484
-0.408 0.0004094
-0.406 0.000376935
-0.404 0.000346906
-0.402 0.000319141
-0.4 0.000293481
-0.398 0.000269777
-0.396 0.000247887
-0.394 0.000227683
-0.392 0.000209042
-0.39 0.00019185
-0.388 0.000176002
-0.386 0.000161398
-0.384 0.000147947
-0.382 0.000135563
-0.38 0.000124166
-0.378 0.000113681
-0.376 0.00010404
-0.374 9.51787e-05
-0.372 8.70373e-05
-0.37 7.95604e-05
-0.368 7.26968e-05
-0.366 6.63987e-05
-0.364 6.0622e-05
-0.362 5.53257e-05
-0.36 5.0472e-05
-0.358 4.60256e-05
-0.356 4.19542e-05
-0.354 3.82276e-05
-0.352 3.48182e-05
-0.35 3.17001e-05
-0.348 2.88497e-05
-0.346 2.62451e-05
-0.344 2.38661e-05
-0.342 2.16941e-05
-0.34 1.97119e-05
-0.338 1.79036e-05
-0.336 1.62547e-05
-0.334 1.47517e-05
-0.332 1.33824e-05
-0.33 1.21353e-05
-0.328 1.10001e-05
-0.326 9.96703e-06
-0.324 9.02739e-06
-0.322 8.17306e-06
-0.32 7.39662e-06
-0.318 6.69127e-06
-0.316 6.05076e-06
-0.314 5.46938e-06
-0.312 4.94188e-06
-0.31 4.46347e-06
-0.308 4.02976e-06
-0.306 3.63673e-06
-0.304 3.28073e-06
-0.302 2.9584e-06
-0.3 2.66666e-06
-0.298 2.40274e-06
-0.296 2.16406e-06
-0.294 1.94832e-06
-0.292 1.75339e-06
-0.29 1.57732e-06
-0.288 1.41837e-06
-0.286 1.27493e-06
-0.284 1.14553e-06
-0.282 1.02886e-06
-0.28 9.237e-07
-0.278 8.28957e-07
-0.276 7.43634e-07
-0.274 6.66826e-07
-0.272 5.97712e-07
-0.27 5.35548e-07
-0.268 4.79657e-07
-0.266 4.29427e-07
-0.264 3.84303e-07
-0.262 3.43784e-07
-0.26 3.07413e-07
-0.258 2.74781e-07
-0.256 2.45514e-07
-0.254 2.19277e-07
-0.252 1.95765e-07
-0.25 1.74704e-07
-0.248 1.55847e-07
-0.246 1.3897e-07
-0.244 1.23871e-07
-0.242 1.10368e-07
-0.24 9.82975e-08
-0.238 8.75123e-08
-0.236 7.78793e-08
-0.234 6.9279e-08
-0.232 6.16037e-08
-0.23 5.47569e-08
-0.228 4.86515e-08
-0.226 4.32097e-08
-0.224 3.83611e-08
-0.222 3.4043e-08
-0.22 3.01989e-08
-0.218 2.67782e-08
-0.216 2.37354e-08
-0.214 2.103e-08
-0.212 1.86255e-08
-0.21 1.64893e-08
-0.208 1.45923e-08
-0.206 1.29083e-08
-0.204 1.14141e-08
-0.202 1.00889e-08
-0.2 8.91393e-09
-0.198 7.87266e-09
-0.196 6.95024e-09
-0.194 6.13345e-09
-0.192 5.41048e-09
-0.19 4.77083e-09
-0.188 4.20511e-09
-0.186 3.70499e-09
-0.184 3.26305e-09
-0.182 2.87267e-09
-0.18 2.52799e-09
-0.178 2.22378e-09
-0.176 1.95538e-09
-0.174 1.7187e-09
-0.172 1.51006e-09
-0.17 1.32622e-09
-0.168 1.16429e-09
-0.166 1.02172e-09
-0.164 8.96258e-10
-0.162 7.85883e-10
-0.16 6.8883e-10
-0.158 6.03516e-10
-0.156 5.28559e-10
-0.154 4.62727e-10
-0.152 4.04931e-10
-0.15 3.54215e-10
-0.148 3.09722e-10
-0.146 2.70712e-10
-0.144 2.36526e-10
-0.142 2.06563e-10
-0.14 1.80332e-10
-0.138 1.57366e-10
-0.136 1.37271e-10
-0.134 1.19694e-10
-0.132 1.04328e-10
-0.13 9.08959e-11
-0.128 7.91634e-11
-0.126 6.89145e-11
-0.124 5.99711e-11
-0.122 5.21664e-11
-0.12 4.53572e-11
-0.118 3.94274e-11
-0.116 3.4255e-11
-0.114 2.9749e-11
-0.112 2.58243e-11
-0.11 2.24087e-11
-0.108 1.94391e-11
-0.106 1.68592e-11
-0.104 1.46073e-11
-0.102 1.26582e-11
-0.1 1.09608e-11
-0.098 9.4916e-12
-0.096 8.21065e-12
-0.094 7.10587e-12
-0.092 6.14324e-12
-0.09 5.30991e-12
-0.088 4.58893e-12
-0.086 3.96121e-12
-0.084 3.42061e-12
-0.082 2.94897e-12
-0.08 2.5467e-12
-0.078 2.19438e-12
-0.076 1.8934e-12
-0.074 1.62931e-12
-0.072 1.40331e-12
-0.07 1.20838e-12
-0.068 1.0376e-12
-0.066 8.9741e-13
-0.064 7.68183e-13
-0.062 6.59647e-13
-0.06 5.67926e-13
-0.058 4.84559e-13
-0.056 4.2185e-13
-0.054 3.57852e-13
-0.052 3.14234e-13
-0.05 2.65052e-13
-0.048 2.29958e-13
-0.046 1.91754e-13
-0.044 1.66641e-13
-0.042 1.41839e-13
-0.04 1.20709e-13
-0.038 1.05439e-13
-0.036 9.13269e-14
-0.034 7.73662e-14
-0.032 6.623e-14
-0.03 5.57369e-14
-0.028 4.72704e-14
-0.026 4.19189e-14
-0.024 3.55318e-14
-0.022 2.69784e-14
-0.02 2.58119e-14
-0.018 2.21118e-14
-0.016 2.00032e-14
-0.014 1.84723e-14
-0.012 1.59131e-14
-0.01 1.33848e-14
-0.008 9.80314e-15
-0.006 9.58113e-15
-0.004 1.29036e-14
-0.002 1.33463e-14
0 1.10549e-14
0.002 1.3217e-14
0.004 5.21368e-15
0.006 1.06391e-14
0.008 9.49455e-15
0.01 1.42001e-14
0.012 1.61505e-14
0.014 1.67175e-14
0.016 1.8518e-14
0.018 2.4743e-14
0.02 2.38686e-14
0.022 3.07764e-14
0.024 3.50261e-14
0.026 4.36971e-14
0.028 4.77088e-14
0.03 5.66068e-14
0.032 6.54269e-14
0.034 7.77369e-14
0.036 8.89144e-14
0.038 1.04681e-13
0.04 1.21728e-13
0.042 1.43541e-13
0.044 1.64183e-13
0.046 1.97202e-13
0.048 2.2647e-13
0.05 2.6664e-13
0.052 3.08044e-13
0.054 3.61639e-13
0.056 4.20796e-13
0.058 4.84712e-13
0.06 5.64748e-13
0.062 6.61632e-13
0.064 7.64949e-13
0.066 8.95337e-13
0.068 1.03915e-12
0.07 1.20815e-12
0.072 1.40355e-12
0.074 1.62986e-12
0.076 1.89499e-12
0.078 2.19749e-12
0.08 2.55021e-12
0.082 2.95306e-12
0.084 3.42349e-12
0.086 3.96116e-12
0.088 4.59095e-12
0.09 5.30439e-12
0.092 6.14398e-12
0.094 7.10433e-12
0.096 8.21223e-12
0.098 9.4905e-12
0.1 1.09615e-11
0.102 1.2659e-11
0.104 1.46097e-11
0.106 1.68531e-11
0.108 1.94391e-11
0.11 2.2412e-11
0.112 2.58278e-11
0.114 2.97494e-11
0.116 3.42495e-11
0.118 3.94246e-11
0.12 4.53601e-11
0.122 5.21658e-11
0.124 5.99694e-11
0.126 6.89147e-11
0.128 7.91596e-11
0.13 9.0898e-11
0.132 1.04328e-10
0.134 1.19694e-10
0.136 1.37276e-10
0.138 1.5737e-10
0.14 1.80332e-10
0.142 2.06565e-10
0.144 2.36523e-10
0.146 2.70714e-10
0.148 3.09723e-10
0.15 3.54214e-10
0.152 4.04931e-10
0.154 4.62726e-10
0.156 5.28558e-10
0.158 6.03518e-10
0.16 6.88826e-10
0.162 7.85885e-10
0.164 8.96258e-10
0.166 1.02173e-09
0.168 1.16429e-09
0.17 1.32622e-09
0.172 1.51006e-09
0.174 1.7187e-09
0.176 1.95538e-09
0.178 2.22377e-09
0.18 2.52799e-09
0.182 2.87267e-09
0.184 3.26305e-09
0.186 3.70499e-09
0.188 4.20511e-09
0.19 4.77082e-09
0.192 5.41048e-09
0.194 6.13345e-09
0.196 6.95024e-09
0.198 7.87266e-09
0.2 8.91393e-09
0.202 1.00889e-08
0.204 1.14141e-08
0.206 1.29083e-08
0.208 1.45923e-08
0.21 1.64893e-08
0.212 1.86255e-08
0.214 2.103e-08
0.216 2.37354e-08
0.218 2.67782e-08
0.22 3.01989e-08
0.222 3.4043e-08
0.224 3.83611e-08
0.226 4.32097e-08
0.228 4.86515e-08
0.23 5.47569e-08
0.232 6.16037e-08
0.234 6.9279e-08
0.236 7.78793e-08
0.238 8.75123e-08
0.24 9.82975e-08
0.242 1.10368e-07
0.244 1.23871e-07
0.246 1.3897e-07
0.248 1.55847e-07
0.25 1.74704e-07
0.252 1.95765e-07
0.254 2.19277e-07
0.256 2.45514e-07
0.258 2.74781e-07
0.26 3.07413e-07
0.262 3.43784e-07
0.264 3.84303e-07
0.266 4.29427e-07
0.268 4.79657e-07
0.27 5.35548e-07
0.272 5.97712e-07
0.274 6.66826e-07
0.276 7.43634e-07
0.278 8.28957e-07
0.28 9.237e-07
0.282 1.02886e-06
0.284 1.14553e-06
0.286 1.27493e-06
0.288 1.41837e-06
0.29 1.57732e-06
0.292 1.75339e-06
0.294 1.94832e-06
0.296 2.16406e-06
0.298 2.40274e-06
0.3 2.66666e-06
0.302 2.9584e-06
0.304 3.28073e-06
0.306 3.63673e-06
0.308 4.02976e-06
0.31 4.46347e-06
0.312 4.94188e-06
0.314 5.46938e-06
0.316 6.05076e-06
0.318 6.69127e-06
0.32 7.39662e-06
0.322 8.17306e-06
0.324 9.02739e-06
0.326 9.96703e-06
0.328 1.10001e-05
0.33 1.21353e-05
0.332 1.33824e-05
0.334 1.47517e-05
0.336 1.62547e-05
0.338 1.79036e-05
0.34 1.97119e-05
0.342 2.16941e-05
0.344 2.38661e-05
0.346 2.62451e-05
0.348 2.88497e-05
0.35 3.17001e-05
0.352 3.48182e-05
0.354 3.82276e-05
0.356 4.19542e-05
0.358 4.60256e-05
0.36 5.0472e-05
0.362 5.53257e-05
0.364 6.0622e-05
0.366 6.63987e-05
0.368 7.26968e-05
0.37 7.95604e-05
0.372 8.70373e-05
0.374 9.51787e-05
0.376 0.00010404
0.378 0.000113681
0.38 0.000124166
0.382 0.000135563
0.384 0.000147947
0.386 0.000161398
0.388 0.000176002
0.39 0.00019185
0.392 0.000209042
0.394 0.000227683
0.396 0.000247887
0.398 0.000269777
0.4 0.000293481
0.402 0.000319141
0.404 0.000346906
0.406 0.000376935
0.408 0.0004094
0.41 0.000444484
0.412 0.00048238
0.414 0.000523299
0.416 0.000567462
0.418 0.000615105
0.42 0.000666482
0.422 0.000721861
0.424 0.000781529
0.426 0.000845791
0.428 0.000914971
0.43 0.000989413
0.432 0.00106948
0.434 0.00115557
0.436 0.00124809
0.438 0.00134748
0.44 0.0014542
0.442 0.00156875
0.444 0.00169164
0.446 0.00182342
0.448 0.00196469
0.45 0.00211606
0.452 0.00227818
0.454 0.00245173
0.456 0.00263746
0.458 0.00283612
0.46 0.00304852
0.462 0.00327552
0.464 0.00351801
0.466 0.00377694
0.468 0.00405332
0.47 0.00434817
0.472 0.00466261
0.474 0.00499779
0.476 0.00535492
0.478 0.00573527
0.48 0.00614019
0.482 0.00657106
0.484 0.00702935
0.486 0.00751661
0.488 0.00803442
0.49 0.00858447
0.492 0.00916851
0.494 0.00978837
0.496 0.010446
0.498 0.0111433
0.5 0.0118824
0.502 0.0126654
0.504 0.0134947
0.506 0.0143725
0.508 0.0153012
0.51 0.0162835
0.512 0.0173219
0.514 0.0184192
0.516 0.0195782
0.518 0.0208017
0.52 0.0220929
0.522 0.0234548
0.524 0.0248907
0.526 0.026404
0.528 0.027998
0.53 0.0296765
0.532 0.0314429
0.534 0.0333012
0.536 0.0352552
0.538 0.037309
0.54 0.0394666
0.542 0.0417322
0.544 0.0441103
0.546 0.0466053
0.548 0.0492217
0.55 0.0519642
0.552 0.0548375
0.554 0.0578466
0.556 0.0609964
0.558 0.0642919
0.56 0.0677385
0.562 0.0713412
0.564 0.0751055
0.566 0.0790368
0.568 0.0831407
0.57 0.0874226
0.572 0.0918883
0.574 0.0965436
0.576 0.101394
0.578 0.106446
0.58 0.111704
0.582 0.117176
0.584 0.122866
0.586 0.128781
0.588 0.134927
0.59 0.14131
0.592 0.147935
0.594 0.154809
0.596 0.161938
0.598 0.169327
0.6 0.176983
0.602 0.184911
0.604 0.193117
0.606 0.201606
0.608 0.210384
0.61 0.219457
0.612 0.228829
0.614 0.238506
0.616 0.248493
0.618 0.258795
0.62 0.269416
0.622 0.28036
0.624 0.291633
0.626 0.303237
0.628 0.315177
0.63 0.327457
0.632 0.340078
0.634 0.353045
0.636 0.36636
0.638 0.380025
0.64 0.394042
0.642 0.408412
0.644 0.423137
0.646 0.438218
0.648 0.453655
0.65 0.469448
0.652 0.485596
0.654 0.502099
0.656 0.518956
0.658 0.536163
0.66 0.55372
0.662 0.571623
0.664 0.589869
0.666 0.608453
0.668 0.627373
0.67 0.646621
0.672 0.666194
0.674 0.686085
0.676 0.706288
0.678 0.726794
0.68 0.747597
0.682 0.768688
0.684 0.790057
0.686 0.811697
0.688 0.833595
0.69 0.855742
0.692 0.878126
0.694 0.900735
0.696 0.923556
0.698 0.946578
0.7 0.969785
0.702 0.993164
0.704 1.0167
0.706 1.04038
0.708 1.06418
0.71 1.08809
0.712 1.1121
0.714 1.13618
0.716 1.16032
0.718 1.1845
0.72 1.20869
0.722 1.23289
0.724 1.25707
0.726 1.28122
0.728 1.3053
0.73 1.32931
0.732 1.35322
0.734 1.377
0.736 1.40065
0.738 1.42413
0.74 1.44742
0.742 1.47051
0.744 1.49338
0.746 1.51599
0.748 1.53833
0.75 1.56037
0.752 1.5821
0.754 1.60349
0.756 1.62452
0.758 1.64517
0.76 1.66542
0.762 1.68524
0.764 1.70462
0.766 1.72354
0.768 1.74197
0.77 1.75989
0.772 1.7773
0.774 1.79415
0.776 1.81045
0.778 1.82617
0.78 1.84129
0.782 1.85579
0.784 1.86967
0.786 1.8829
0.788 1.89547
0.79 1.90736
0.792 1.91857
0.794 1.92908
0.796 1.93887
0.798 1.94795
0.8 1.95629
0.802 1.96388
0.804 1.97073
0.806 1.97682
0.808 1.98214
0.81 1.9867
0.812 1.99047
0.814 1.99347
0.816 1.99569
0.818 1.99713
0.82 1.99778
0.822 1.99765
0.824 1.99674
0.826 1.99505
0.828 1.99258
0.83 1.98934
0.832 1.98533
0.834 1.98057
0.836 1.97505
0.838 1.96878
0.84 1.96179
0.842 1.95406
0.844 1.94562
0.846 1.93648
0.848 1.92666
0.85 1.91615
0.852 1.90499
0.854 1.89318
0.856 1.88074
0.858 1.86769
0.86 1.85405
0.862 1.83983
0.864 1.82505
0.866 1.80974
0.868 1.79391
0.87 1.77759
0.872 1.7608
0.874 1.74355
0.876 1.72588
0.878 1.7078
0.88 1.68935
0.882 1.67053
0.884 1.65139
0.886 1.63194
0.888 1.6122
0.89 1.59221
0.892 1.57199
0.894 1.55156
0.896 1.53095
0.898 1.51019
0.9 1.4893
0.902 1.46832
0.904 1.44725
0.906 1.42614
0.908 1.405
0.91 1.38387
0.912 1.36277
0.914 1.34172
0.916 1.32075
0.918 1.29989
0.92 1.27916
0.922 1.25858
0.924 1.23818
0.926 1.21799
0.928 1.19803
0.93 1.17832
0.932 1.15888
0.934 1.13975
0.936 1.12093
0.938 1.10245
0.94 1.08434
0.942 1.06661
0.944 1.04928
0.946 1.03238
0.948 1.01592
0.95 0.999918
0.952 0.984399
0.954 0.969375
0.956 0.954865
0.958 0.940885
0.96 0.927449
0.962 0.914573
0.964 0.902271
0.966 0.890557
0.968 0.879442
0.97 0.86894
0.972 0.859061
0.974 0.849817
0.976 0.841217
0.978 0.833271
0.98 0.825987
0.982 0.819373
0.984 0.813436
0.986 0.808183
0.988 0.803619
0.99 0.799748
0.992 0.796576
0.994 0.794105
0.996 0.792338
0.998 0.791277
