-1 0.573842
-0.99 0.573733
-0.98 0.57368
-0.97 0.573432
-0.96 0.573192
-0.95 0.57283
-0.94 0.572377
-0.93 0.571925
-0.92 0.571236
-0.91 0.57071
-0.9 0.569773
-0.89 0.56917
-0.88 0.568003
-0.87 0.56728
-0.86 0.565947
-0.85 0.565011
-0.84 0.563619
-0.83 0.562354
-0.82 0.561
-0.81 0.559347
-0.8 0.558016
-0.79 0.556071
-0.78 0.554574
-0.77 0.552586
-0.76 0.550664
-0.75 0.548811
-0.74 0.546438
-0.73 0.544538
-0.72 0.542074
-0.71 0.539699
-0.7 0.537448
-0.69 0.534588
-0.68 0.532194
-0.67 0.529435
-0.66 0.526393
-0.65 0.523812
-0.64 0.520603
-0.63 0.517417
-0.62 0.51456
-0.61 0.510995
-0.6 0.507599
-0.59 0.50448
-0.58 0.500628
-0.57 0.496915
-0.56 0.493588
-0.55 0.489545
-0.54 0.485385
-0.53 0.481823
-0.52 0.477805
-0.51 0.473168
-0.5 0.469066
-0.49 0.465259
-0.48 0.460627
-0.47 0.455593
-0.46 0.451291
-0.45 0.447389
-0.44 0.442657
-0.43 0.436988
-0.42 0.431644
-0.41 0.427813
-0.4 0.425641
-0.39 0.42451
-0.38 0.423751
-0.37 0.423006
-0.36 0.422181
-0.35 0.421285
-0.34 0.420343
-0.33 0.419367
-0.32 0.418361
-0.31 0.417329
-0.3 0.416277
-0.29 0.415207
-0.28 0.414124
-0.27 0.413034
-0.26 0.41194
-0.25 0.410846
-0.24 0.409756
-0.23 0.408676
-0.22 0.407609
-0.21 0.406558
-0.2 0.405528
-0.19 0.404522
-0.18 0.403545
-0.17 0.402599
-0.16 0.401688
-0.15 0.400816
-0.14 0.399984
-0.13 0.399197
-0.12 0.398457
-0.11 0.397766
-0.1 0.397127
-0.09 0.396543
-0.08 0.396014
-0.07 0.395543
-0.06 0.395132
-0.05 0.394781
-0.04 0.394493
-0.03 0.394268
-0.02 0.394106
-0.01 0.394009
0 0.393977
0.01 0.394009
0.02 0.394106
0.03 0.394268
0.04 0.394493
0.05 0.394781
0.06 0.395132
0.07 0.395543
0.08 0.396014
0.09 0.396543
0.1 0.397127
0.11 0.397766
0.12 0.398457
0.13 0.399197
0.14 0.399984
0.15 0.400816
0.16 0.401688
0.17 0.402599
0.18 0.403545
0.19 0.404522
0.2 0.405528
0.21 0.406558
0.22 0.407609
0.23 0.408676
0.24 0.409756
0.25 0.410846
0.26 0.41194
0.27 0.413034
0.28 0.414124
0.29 0.415207
0.3 0.416277
0.31 0.417329
0.32 0.418361
0.33 0.419367
0.34 0.420343
0.35 0.421285
0.36 0.422181
0.37 0.423006
0.38 0.423751
0.39 0.42451
0.4 0.425641
0.41 0.427813
0.42 0.431644
0.43 0.436988
0.44 0.442657
0.45 0.447389
0.46 0.451291
0.47 0.455593
0.48 0.460627
0.49 0.465259
0.5 0.469066
0.51 0.473168
0.52 0.477805
0.53 0.481823
0.54 0.485385
0.55 0.489545
0.56 0.493588
0.57 0.496915
0.58 0.500628
0.59 0.50448
0.6 0.507599
0.61 0.510995
0.62 0.51456
0.63 0.517417
0.64 0.520603
0.65 0.523812
0.66 0.526393
0.67 0.529435
0.68 0.532194
0.69 0.534588
0.7 0.537448
0.71 0.539699
0.72 0.542074
0.73 0.544538
0.74 0.546438
0.75 0.548811
0.76 0.550664
0.77 0.552586
0.78 0.554574
0.79 0.556071
0.8 0.558016
0.81 0.559347
0.82 0.561
0.83 0.562354
0.84 0.563619
0.85 0.565011
0.86 0.565947
0.87 0.56728
0.88 0.568003
0.89 0.56917
0.9 0.569773
0.91 0.57071
0.92 0.571236
0.93 0.571925
0.94 0.572377
0.95 0.57283
0.96 0.573192
0.97 0.573432
0.98 0.57368
0.99 0.573733
