-1 0.766885
-0.99 0.766537
-0.98 0.766321
-0.97 0.765407
-0.96 0.764633
-0.95 0.763152
-0.94 0.761826
-0.93 0.759786
-0.92 0.757908
-0.91 0.755327
-0.9 0.752893
-0.89 0.7498
-0.88 0.746795
-0.87 0.743233
-0.86 0.73964
-0.85 0.735656
-0.84 0.73146
-0.83 0.727094
-0.82 0.722302
-0.81 0.717568
-0.8 0.712225
-0.79 0.707092
-0.78 0.701297
-0.77 0.695691
-0.76 0.689574
-0.75 0.683416
-0.74 0.677082
-0.73 0.670359
-0.72 0.66381
-0.71 0.656643
-0.7 0.64975
-0.69 0.642359
-0.68 0.634961
-0.67 0.627508
-0.66 0.619605
-0.65 0.612015
-0.64 0.60386
-0.63 0.595876
-0.62 0.587757
-0.61 0.579281
-0.6 0.571153
-0.59 0.562491
-0.58 0.554
-0.57 0.545509
-0.56 0.536584
-0.55 0.528083
-0.54 0.519201
-0.53 0.510261
-0.52 0.501649
-0.51 0.492518
-0.5 0.483658
-0.49 0.4749
-0.48 0.465681
-0.47 0.456915
-0.46 0.448062
-0.45 0.438862
-0.44 0.430191
-0.43 0.421343
-0.42 0.412216
-0.41 0.403655
-0.4 0.394924
-0.39 0.385895
-0.38 0.377453
-0.37 0.368961
-0.36 0.360067
-0.35 0.351711
-0.34 0.34357
-0.33 0.334921
-0.32 0.326564
-0.31 0.31878
-0.3 0.310623
-0.29 0.302249
-0.28 0.29457
-0.27 0.28713
-0.26 0.27913
-0.25 0.271195
-0.24 0.26407
-0.23 0.257096
-0.22 0.249492
-0.21 0.241824
-0.2 0.235023
-0.19 0.22883
-0.18 0.222184
-0.17 0.214752
-0.16 0.207417
-0.15 0.201359
-0.14 0.197085
-0.13 0.194294
-0.12 0.192367
-0.11 0.190818
-0.1 0.189417
-0.09 0.188117
-0.08 0.186929
-0.07 0.185872
-0.06 0.184954
-0.05 0.184175
-0.04 0.183537
-0.03 0.18304
-0.02 0.182685
-0.01 0.182471
0 0.1824
0.01 0.182471
0.02 0.182685
0.03 0.18304
0.04 0.183537
0.05 0.184175
0.06 0.184954
0.07 0.185872
0.08 0.186929
0.09 0.188117
0.1 0.189417
0.11 0.190818
0.12 0.192367
0.13 0.194294
0.14 0.197085
0.15 0.201359
0.16 0.207417
0.17 0.214752
0.18 0.222184
0.19 0.22883
0.2 0.235023
0.21 0.241824
0.22 0.249492
0.23 0.257096
0.24 0.26407
0.25 0.271195
0.26 0.27913
0.27 0.28713
0.28 0.29457
0.29 0.302249
0.3 0.310623
0.31 0.31878
0.32 0.326564
0.33 0.334921
0.34 0.34357
0.35 0.351711
0.36 0.360067
0.37 0.368961
0.38 0.377453
0.39 0.385895
0.4 0.394924
0.41 0.403655
0.42 0.412216
0.43 0.421343
0.44 0.430191
0.45 0.438862
0.46 0.448062
0.47 0.456915
0.48 0.465681
0.49 0.4749
0.5 0.483658
0.51 0.492518
0.52 0.501649
0.53 0.510261
0.54 0.519201
0.55 0.528083
0.56 0.536584
0.57 0.545509
0.58 0.554
0.59 0.562491
0.6 0.571153
0.61 0.579281
0.62 0.587757
0.63 0.595876
0.64 0.60386
0.65 0.612015
0.66 0.619605
0.67 0.627508
0.68 0.634961
0.69 0.642359
0.7 0.64975
0.71 0.656643
0.72 0.66381
0.73 0.670359
0.74 0.677082
0.75 0.683416
0.76 0.689574
0.77 0.695691
0.78 0.701297
0.79 0.707092
0.8 0.712225
0.81 0.717568
0.82 0.722302
0.83 0.727094
0.84 0.73146
0.85 0.735656
0.86 0.73964
0.87 0.743233
0.88 0.746795
0.89 0.7498
0.9 0.752893
0.91 0.755327
0.92 0.757908
0.93 0.759786
0.94 0.761826
0.95 0.763152
0.96 0.764633
0.97 0.765407
0.98 0.766321
0.99 0.766537
