-1 0.792819
-0.99 0.792458
-0.98 0.792192
-0.97 0.791209
-0.96 0.790316
-0.95 0.788718
-0.94 0.787196
-0.93 0.784998
-0.92 0.782846
-0.91 0.78007
-0.9 0.777283
-0.89 0.773959
-0.88 0.770532
-0.87 0.766695
-0.86 0.762623
-0.85 0.75831
-0.84 0.753599
-0.83 0.748833
-0.82 0.743511
-0.81 0.738296
-0.8 0.732422
-0.79 0.726729
-0.78 0.720397
-0.77 0.714173
-0.76 0.707491
-0.75 0.700693
-0.74 0.693742
-0.73 0.68638
-0.72 0.679164
-0.71 0.671346
-0.7 0.663775
-0.69 0.655683
-0.68 0.647637
-0.67 0.639429
-0.66 0.63088
-0.65 0.622557
-0.64 0.61367
-0.63 0.605058
-0.62 0.596106
-0.61 0.587042
-0.6 0.57814
-0.59 0.568738
-0.58 0.55969
-0.57 0.550298
-0.56 0.540853
-0.55 0.531634
-0.54 0.521931
-0.53 0.512597
-0.52 0.503074
-0.51 0.493364
-0.5 0.484063
-0.49 0.474322
-0.48 0.464782
-0.47 0.455429
-0.46 0.445653
-0.45 0.436322
-0.44 0.426926
-0.43 0.417267
-0.42 0.408139
-0.41 0.398778
-0.4 0.389321
-0.39 0.380403
-0.38 0.371179
-0.37 0.361955
-0.36 0.353281
-0.35 0.344289
-0.34 0.335305
-0.33 0.32691
-0.32 0.318253
-0.31 0.309502
-0.3 0.301395
-0.29 0.293186
-0.28 0.284694
-0.27 0.276812
-0.26 0.269148
-0.25 0.261041
-0.24 0.253261
-0.23 0.246101
-0.22 0.238655
-0.21 0.230979
-0.2 0.22398
-0.19 0.217366
-0.18 0.210276
-0.17 0.203123
-0.16 0.196757
-0.15 0.190776
-0.14 0.184278
-0.13 0.177512
-0.12 0.17146
-0.11 0.166232
-0.1 0.160879
-0.09 0.154741
-0.08 0.148333
-0.07 0.142822
-0.06 0.138993
-0.05 0.136818
-0.04 0.135758
-0.03 0.135254
-0.02 0.134977
-0.01 0.134816
0 0.13476
0.01 0.134816
0.02 0.134977
0.03 0.135254
0.04 0.135758
0.05 0.136818
0.06 0.138993
0.07 0.142822
0.08 0.148333
0.09 0.154741
0.1 0.160879
0.11 0.166232
0.12 0.17146
0.13 0.177512
0.14 0.184278
0.15 0.190776
0.16 0.196757
0.17 0.203123
0.18 0.210276
0.19 0.217366
0.2 0.22398
0.21 0.230979
0.22 0.238655
0.23 0.246101
0.24 0.253261
0.25 0.261041
0.26 0.269148
0.27 0.276812
0.28 0.284694
0.29 0.293186
0.3 0.301395
0.31 0.309502
0.32 0.318253
0.33 0.32691
0.34 0.335305
0.35 0.344289
0.36 0.353281
0.37 0.361955
0.38 0.371179
0.39 0.380403
0.4 0.389321
0.41 0.398778
0.42 0.408139
0.43 0.417267
0.44 0.426926
0.45 0.436322
0.46 0.445653
0.47 0.455429
0.48 0.464782
0.49 0.474322
0.5 0.484063
0.51 0.493364
0.52 0.503074
0.53 0.512597
0.54 0.521931
0.55 0.531634
0.56 0.540853
0.57 0.550298
0.58 0.55969
0.59 0.568738
0.6 0.57814
0.61 0.587042
0.62 0.596106
0.63 0.605058
0.64 0.61367
0.65 0.622557
0.66 0.63088
0.67 0.639429
0.68 0.647637
0.69 0.655683
0.7 0.663775
0.71 0.671346
0.72 0.679164
0.73 0.68638
0.74 0.693742
0.75 0.700693
0.76 0.707491
0.77 0.714173
0.78 0.720397
0.79 0.726729
0.8 0.732422
0.81 0.738296
0.82 0.743511
0.83 0.748833
0.84 0.753599
0.85 0.75831
0.86 0.762623
0.87 0.766695
0.88 0.770532
0.89 0.773959
0.9 0.777283
0.91 0.78007
0.92 0.782846
0.93 0.784998
0.94 0.787196
0.95 0.788718
0.96 0.790316
0.97 0.791209
0.98 0.792192
0.99 0.792458
