-1 0.772452
-0.99 0.772518
-0.98 0.771873
-0.97 0.771364
-0.96 0.77014
-0.95 0.769061
-0.94 0.767262
-0.93 0.765615
-0.92 0.763256
-0.91 0.761038
-0.9 0.758143
-0.89 0.755346
-0.88 0.751951
-0.87 0.748561
-0.86 0.74471
-0.85 0.740711
-0.84 0.736448
-0.83 0.731838
-0.82 0.72719
-0.81 0.721997
-0.8 0.716955
-0.79 0.711252
-0.78 0.705765
-0.77 0.699669
-0.76 0.693657
-0.75 0.68729
-0.74 0.680704
-0.73 0.674127
-0.72 0.667017
-0.71 0.660168
-0.7 0.652711
-0.69 0.645434
-0.68 0.637841
-0.67 0.630032
-0.66 0.622371
-0.65 0.614145
-0.64 0.606242
-0.63 0.597906
-0.62 0.589531
-0.61 0.581263
-0.6 0.572485
-0.59 0.564079
-0.58 0.555291
-0.57 0.546436
-0.56 0.537825
-0.55 0.528686
-0.54 0.519889
-0.53 0.510964
-0.52 0.501729
-0.51 0.492949
-0.5 0.483769
-0.49 0.474597
-0.48 0.465786
-0.47 0.456483
-0.46 0.447433
-0.45 0.438607
-0.44 0.429302
-0.43 0.420386
-0.42 0.411617
-0.41 0.402393
-0.4 0.393612
-0.39 0.384996
-0.38 0.375916
-0.37 0.367256
-0.36 0.358889
-0.35 0.350037
-0.34 0.341457
-0.33 0.333393
-0.32 0.324919
-0.31 0.316387
-0.3 0.308545
-0.29 0.300651
-0.28 0.2923
-0.27 0.284421
-0.26 0.277113
-0.25 0.269412
-0.24 0.261423
-0.23 0.254117
-0.22 0.247339
-0.21 0.240103
-0.2 0.232457
-0.19 0.225419
-0.18 0.219254
-0.17 0.213039
-0.16 0.206021
-0.15 0.198658
-0.14 0.192153
-0.13 0.187339
-0.12 0.184199
-0.11 0.182175
-0.1 0.180697
-0.09 0.179436
-0.08 0.178284
-0.07 0.177239
-0.06 0.176322
-0.05 0.175542
-0.04 0.174903
-0.03 0.174405
-0.02 0.17405
-0.01 0.173837
0 0.173765
0.01 0.173837
0.02 0.17405
0.03 0.174405
0.04 0.174903
0.05 0.175542
0.06 0.176322
0.07 0.177239
0.08 0.178284
0.09 0.179436
0.1 0.180697
0.11 0.182175
0.12 0.184199
0.13 0.187339
0.14 0.192153
0.15 0.198658
0.16 0.206021
0.17 0.213039
0.18 0.219254
0.19 0.225419
0.2 0.232457
0.21 0.240103
0.22 0.247339
0.23 0.254117
0.24 0.261423
0.25 0.269412
0.26 0.277113
0.27 0.284421
0.28 0.2923
0.29 0.300651
0.3 0.308545
0.31 0.316387
0.32 0.324919
0.33 0.333393
0.34 0.341457
0.35 0.350037
0.36 0.358889
0.37 0.367256
0.38 0.375916
0.39 0.384996
0.4 0.393612
0.41 0.402393
0.42 0.411617
0.43 0.420386
0.44 0.429302
0.45 0.438607
0.46 0.447433
0.47 0.456483
0.48 0.465786
0.49 0.474597
0.5 0.483769
0.51 0.492949
0.52 0.501729
0.53 0.510964
0.54 0.519889
0.55 0.528686
0.56 0.537825
0.57 0.546436
0.58 0.555291
0.59 0.564079
0.6 0.572485
0.61 0.581263
0.62 0.589531
0.63 0.597906
0.64 0.606242
0.65 0.614145
0.66 0.622371
0.67 0.630032
0.68 0.637841
0.69 0.645434
0.7 0.652711
0.71 0.660168
0.72 0.667017
0.73 0.674127
0.74 0.680704
0.75 0.68729
0.76 0.693657
0.77 0.699669
0.78 0.705765
0.79 0.711252
0.8 0.716955
0.81 0.721997
0.82 0.72719
0.83 0.731838
0.84 0.736448
0.85 0.740711
0.86 0.74471
0.87 0.748561
0.88 0.751951
0.89 0.755346
0.9 0.758143
0.91 0.761038
0.92 0.763256
0.93 0.765615
0.94 0.767262
0.95 0.769061
0.96 0.77014
0.97 0.771364
0.98 0.771873
0.99 0.772518
