-1 0.763644
-0.99 0.763586
-0.98 0.76309
-0.97 0.762466
-0.96 0.761431
-0.95 0.760229
-0.94 0.758675
-0.93 0.756886
-0.92 0.754833
-0.91 0.75245
-0.9 0.749922
-0.89 0.746944
-0.88 0.743957
-0.87 0.740398
-0.86 0.736957
-0.85 0.73285
-0.84 0.728938
-0.83 0.724345
-0.82 0.719923
-0.81 0.714928
-0.8 0.709946
-0.79 0.704633
-0.78 0.699064
-0.77 0.693478
-0.76 0.687359
-0.75 0.681462
-0.74 0.674922
-0.73 0.668601
-0.72 0.661819
-0.71 0.65496
-0.7 0.648053
-0.69 0.640673
-0.68 0.633579
-0.67 0.62589
-0.66 0.618394
-0.65 0.610659
-0.64 0.602642
-0.63 0.594888
-0.62 0.586556
-0.61 0.578501
-0.6 0.570221
-0.59 0.56167
-0.58 0.553463
-0.57 0.544716
-0.56 0.536179
-0.55 0.527655
-0.54 0.518691
-0.53 0.51017
-0.52 0.501327
-0.51 0.492347
-0.5 0.483783
-0.49 0.474735
-0.48 0.465827
-0.47 0.457212
-0.46 0.448087
-0.45 0.439273
-0.44 0.430662
-0.43 0.421556
-0.42 0.412836
-0.41 0.404319
-0.4 0.395307
-0.39 0.386666
-0.38 0.378337
-0.37 0.369505
-0.36 0.360908
-0.35 0.352825
-0.34 0.34432
-0.33 0.335737
-0.32 0.327834
-0.31 0.319855
-0.3 0.311409
-0.29 0.303441
-0.28 0.296015
-0.27 0.288161
-0.26 0.280035
-0.25 0.272609
-0.24 0.265661
-0.23 0.258207
-0.22 0.250375
-0.21 0.2432
-0.2 0.236858
-0.19 0.230377
-0.18 0.223066
-0.17 0.21549
-0.16 0.208871
-0.15 0.203979
-0.14 0.200722
-0.13 0.198515
-0.12 0.1968
-0.11 0.195276
-0.1 0.193853
-0.09 0.192537
-0.08 0.191346
-0.07 0.19029
-0.06 0.189373
-0.05 0.188595
-0.04 0.187958
-0.03 0.187461
-0.02 0.187106
-0.01 0.186893
0 0.186822
0.01 0.186893
0.02 0.187106
0.03 0.187461
0.04 0.187958
0.05 0.188595
0.06 0.189373
0.07 0.19029
0.08 0.191346
0.09 0.192537
0.1 0.193853
0.11 0.195276
0.12 0.1968
0.13 0.198515
0.14 0.200722
0.15 0.203979
0.16 0.208871
0.17 0.21549
0.18 0.223066
0.19 0.230377
0.2 0.236858
0.21 0.2432
0.22 0.250375
0.23 0.258207
0.24 0.265661
0.25 0.272609
0.26 0.280035
0.27 0.288161
0.28 0.296015
0.29 0.303441
0.3 0.311409
0.31 0.319855
0.32 0.327834
0.33 0.335737
0.34 0.34432
0.35 0.352825
0.36 0.360908
0.37 0.369505
0.38 0.378337
0.39 0.386666
0.4 0.395307
0.41 0.404319
0.42 0.412836
0.43 0.421556
0.44 0.430662
0.45 0.439273
0.46 0.448087
0.47 0.457212
0.48 0.465827
0.49 0.474735
0.5 0.483783
0.51 0.492347
0.52 0.501327
0.53 0.51017
0.54 0.518691
0.55 0.527655
0.56 0.536179
0.57 0.544716
0.58 0.553463
0.59 0.56167
0.6 0.570221
0.61 0.578501
0.62 0.586556
0.63 0.594888
0.64 0.602642
0.65 0.610659
0.66 0.618394
0.67 0.62589
0.68 0.633579
0.69 0.640673
0.7 0.648053
0.71 0.65496
0.72 0.661819
0.73 0.668601
0.74 0.674922
0.75 0.681462
0.76 0.687359
0.77 0.693478
0.78 0.699064
0.79 0.704633
0.8 0.709946
0.81 0.714928
0.82 0.719923
0.83 0.724345
0.84 0.728938
0.85 0.73285
0.86 0.736957
0.87 0.740398
0.88 0.743957
0.89 0.746944
0.9 0.749922
0.91 0.75245
0.92 0.754833
0.93 0.756886
0.94 0.758675
0.95 0.760229
0.96 0.761431
0.97 0.762466
0.98 0.76309
0.99 0.763586
