-1 0.602203
-0.99 0.602296
-0.98 0.601987
-0.97 0.601883
-0.96 0.601342
-0.95 0.601056
-0.94 0.600269
-0.93 0.59981
-0.92 0.598776
-0.91 0.598135
-0.9 0.596873
-0.89 0.596018
-0.88 0.594575
-0.87 0.593445
-0.86 0.591892
-0.85 0.590414
-0.84 0.588815
-0.83 0.586946
-0.82 0.585307
-0.81 0.583096
-0.8 0.581307
-0.79 0.578919
-0.78 0.576782
-0.77 0.574412
-0.76 0.571793
-0.75 0.569461
-0.74 0.566494
-0.73 0.563927
-0.72 0.560962
-0.71 0.557856
-0.7 0.555019
-0.69 0.551528
-0.68 0.548411
-0.67 0.545047
-0.66 0.541308
-0.65 0.538023
-0.64 0.534149
-0.63 0.530274
-0.62 0.526691
-0.61 0.522419
-0.6 0.518381
-0.59 0.514486
-0.58 0.509895
-0.57 0.505622
-0.56 0.50148
-0.55 0.496617
-0.54 0.492013
-0.53 0.487707
-0.52 0.48267
-0.51 0.477608
-0.5 0.473124
-0.49 0.468155
-0.48 0.462611
-0.47 0.457621
-0.46 0.452928
-0.45 0.447439
-0.44 0.441546
-0.43 0.436373
-0.42 0.431657
-0.41 0.426187
-0.4 0.419767
-0.39 0.413578
-0.38 0.408843
-0.37 0.4058
-0.36 0.403886
-0.35 0.402427
-0.34 0.401032
-0.33 0.399584
-0.32 0.398088
-0.31 0.396568
-0.3 0.395038
-0.29 0.393503
-0.28 0.39197
-0.27 0.39044
-0.26 0.388921
-0.25 0.387415
-0.24 0.385927
-0.23 0.384463
-0.22 0.383026
-0.21 0.38162
-0.2 0.38025
-0.19 0.378919
-0.18 0.377632
-0.17 0.376392
-0.16 0.375203
-0.15 0.374068
-0.14 0.37299
-0.13 0.371973
-0.12 0.37102
-0.11 0.370132
-0.1 0.369313
-0.09 0.368564
-0.08 0.367889
-0.07 0.367289
-0.06 0.366765
-0.05 0.36632
-0.04 0.365953
-0.03 0.365667
-0.02 0.365462
-0.01 0.365339
0 0.365298
0.01 0.365339
0.02 0.365462
0.03 0.365667
0.04 0.365953
0.05 0.36632
0.06 0.366765
0.07 0.367289
0.08 0.367889
0.09 0.368564
0.1 0.369313
0.11 0.370132
0.12 0.37102
0.13 0.371973
0.14 0.37299
0.15 0.374068
0.16 0.375203
0.17 0.376392
0.18 0.377632
0.19 0.378919
0.2 0.38025
0.21 0.38162
0.22 0.383026
0.23 0.384463
0.24 0.385927
0.25 0.387415
0.26 0.388921
0.27 0.39044
0.28 0.39197
0.29 0.393503
0.3 0.395038
0.31 0.396568
0.32 0.398088
0.33 0.399584
0.34 0.401032
0.35 0.402427
0.36 0.403886
0.37 0.4058
0.38 0.408843
0.39 0.413578
0.4 0.419767
0.41 0.426187
0.42 0.431657
0.43 0.436373
0.44 0.441546
0.45 0.447439
0.46 0.452928
0.47 0.457621
0.48 0.462611
0.49 0.468155
0.5 0.473124
0.51 0.477608
0.52 0.48267
0.53 0.487707
0.54 0.492013
0.55 0.496617
0.56 0.50148
0.57 0.505622
0.58 0.509895
0.59 0.514486
0.6 0.518381
0.61 0.522419
0.62 0.526691
0.63 0.530274
0.64 0.534149
0.65 0.538023
0.66 0.541308
0.67 0.545047
0.68 0.548411
0.69 0.551528
0.7 0.555019
0.71 0.557856
0.72 0.560962
0.73 0.563927
0.74 0.566494
0.75 0.569461
0.76 0.571793
0.77 0.574412
0.78 0.576782
0.79 0.578919
0.8 0.581307
0.81 0.583096
0.82 0.585307
0.83 0.586946
0.84 0.588815
0.85 0.590414
0.86 0.591892
0.87 0.593445
0.88 0.594575
0.89 0.596018
0.9 0.596873
0.91 0.598135
0.92 0.598776
0.93 0.59981
0.94 0.600269
0.95 0.601056
0.96 0.601342
0.97 0.601883
0.98 0.601987
0.99 0.602296
