-1 1.91702e-15
-0.998 1.94374e-15
-0.996 2.02461e-15
-0.994 2.16174e-15
-0.992 2.35873e-15
-0.99 2.62075e-15
-0.988 2.95462e-15
-0.986 3.36905e-15
-0.984 3.87479e-15
-0.982 4.48495e-15
-0.98 5.21526e-15
-0.978 6.08448e-15
-0.976 7.11484e-15
-0.974 8.3326e-15
-0.972 9.76862e-15
-0.97 1.14592e-14
-0.968 1.34467e-14
-0.966 1.57808e-14
-0.964 1.85197e-14
-0.962 2.17311e-14
-0.96 2.5494e-14
-0.958 2.99006e-14
-0.956 3.50583e-14
-0.954 4.10922e-14
-0.952 4.81477e-14
-0.95 5.6394e-14
-0.948 6.6028e-14
-0.946 7.72784e-14
-0.944 9.04106e-14
-0.942 1.05733e-13
-0.94 1.23604e-13
-0.938 1.44438e-13
-0.936 1.68717e-13
-0.934 1.96999e-13
-0.932 2.2993e-13
-0.93 2.68258e-13
-0.928 3.12852e-13
-0.926 3.64712e-13
-0.924 4.24999e-13
-0.922 4.95054e-13
-0.92 5.76426e-13
-0.918 6.70904e-13
-0.916 7.80556e-13
-0.914 9.07766e-13
-0.912 1.05529e-12
-0.91 1.22629e-12
-0.908 1.42443e-12
-0.906 1.65393e-12
-0.904 1.91963e-12
-0.902 2.22713e-12
-0.9 2.58285e-12
-0.898 2.99419e-12
-0.896 3.46965e-12
-0.894 4.01901e-12
-0.892 4.65348e-12
-0.89 5.38596e-12
-0.888 6.23125e-12
-0.886 7.20631e-12
-0.884 8.33061e-12
-0.882 9.62648e-12
-0.88 1.11195e-11
-0.878 1.28389e-11
-0.876 1.48182e-11
-0.874 1.70959e-11
-0.872 1.97158e-11
-0.87 2.2728e-11
-0.868 2.619e-11
-0.866 3.01673e-11
-0.864 3.47347e-11
-0.862 3.99776e-11
-0.86 4.59935e-11
-0.858 5.28935e-11
-0.856 6.08044e-11
-0.854 6.98704e-11
-0.852 8.0256e-11
-0.85 9.21486e-11
-0.848 1.05761e-10
-0.846 1.21336e-10
-0.844 1.39149e-10
-0.842 1.59513e-10
-0.84 1.82784e-10
-0.838 2.09366e-10
-0.836 2.39718e-10
-0.834 2.74361e-10
-0.832 3.13884e-10
-0.83 3.58958e-10
-0.828 4.1034e-10
-0.826 4.68889e-10
-0.824 5.35578e-10
-0.822 6.11507e-10
-0.82 6.97921e-10
-0.818 7.96229e-10
-0.816 9.0802e-10
-0.814 1.03509e-09
-0.812 1.17948e-09
-0.81 1.34346e-09
-0.808 1.52964e-09
-0.806 1.74092e-09
-0.804 1.98059e-09
-0.802 2.25235e-09
-0.8 2.56037e-09
-0.798 2.90936e-09
-0.796 3.30459e-09
-0.794 3.75202e-09
-0.792 4.25832e-09
-0.79 4.831e-09
-0.788 5.47852e-09
-0.786 6.21033e-09
-0.784 7.03709e-09
-0.782 7.97072e-09
-0.78 9.02461e-09
-0.778 1.02138e-08
-0.776 1.1555e-08
-0.774 1.30671e-08
-0.772 1.47711e-08
-0.77 1.66908e-08
-0.768 1.88523e-08
-0.766 2.12853e-08
-0.764 2.40226e-08
-0.762 2.71012e-08
-0.76 3.0562e-08
-0.758 3.4451e-08
-0.756 3.88193e-08
-0.754 4.3724e-08
-0.752 4.92287e-08
-0.75 5.54043e-08
-0.748 6.23297e-08
-0.746 7.00926e-08
-0.744 7.87909e-08
-0.742 8.85332e-08
-0.74 9.94404e-08
-0.738 1.11647e-07
-0.736 1.25301e-07
-0.734 1.40569e-07
-0.732 1.57634e-07
-0.73 1.76701e-07
-0.728 1.97994e-07
-0.726 2.21765e-07
-0.724 2.4829e-07
-0.722 2.77877e-07
-0.72 3.10865e-07
-0.718 3.4763e-07
-0.716 3.88588e-07
-0.714 4.34198e-07
-0.712 4.84966e-07
-0.71 5.41455e-07
-0.708 6.04281e-07
-0.706 6.74128e-07
-0.704 7.51747e-07
-0.702 8.37968e-07
-0.7 9.33705e-07
-0.698 1.03996e-06
-0.696 1.15785e-06
-0.694 1.28859e-06
-0.692 1.43351e-06
-0.69 1.59409e-06
-0.688 1.77196e-06
-0.686 1.96888e-06
-0.684 2.18681e-06
-0.682 2.4279e-06
-0.68 2.69448e-06
-0.678 2.98914e-06
-0.676 3.3147e-06
-0.674 3.67424e-06
-0.672 4.07115e-06
-0.67 4.50914e-06
-0.668 4.99225e-06
-0.666 5.52491e-06
-0.664 6.11195e-06
-0.662 6.75867e-06
-0.66 7.47083e-06
-0.658 8.25473e-06
-0.656 9.11724e-06
-0.654 1.00658e-05
-0.652 1.11087e-05
-0.65 1.22547e-05
-0.648 1.35135e-05
-0.646 1.48956e-05
-0.644 1.64126e-05
-0.642 1.80768e-05
-0.64 1.99017e-05
-0.638 2.19022e-05
-0.636 2.40941e-05
-0.634 2.64948e-05
-0.632 2.9123e-05
-0.63 3.19991e-05
-0.628 3.51452e-05
-0.626 3.85852e-05
-0.624 4.23449e-05
-0.622 4.64524e-05
-0.62 5.09379e-05
-0.618 5.58343e-05
-0.616 6.11768e-05
-0.614 6.70037e-05
-0.612 7.33563e-05
-0.61 8.0279e-05
-0.608 8.78199e-05
-0.606 9.60307e-05
-0.604 0.000104967
-0.602 0.000114689
-0.6 0.000125262
-0.598 0.000136755
-0.596 0.000149242
-0.594 0.000162804
-0.592 0.000177528
-0.59 0.000193506
-0.588 0.000210838
-0.586 0.00022963
-0.584 0.000249997
-0.582 0.000272062
-0.58 0.000295955
-0.578 0.000321819
-0.576 0.000349802
-0.574 0.000380067
-0.572 0.000412786
-0.57 0.000448141
-0.568 0.000486331
-0.566 0.000527563
-0.564 0.000572063
-0.562 0.000620068
-0.56 0.000671832
-0.558 0.000727627
-0.556 0.000787741
-0.554 0.000852479
-0.552 0.000922169
-0.55 0.000997158
-0.548 0.00107781
-0.546 0.00116453
-0.544 0.00125771
-0.542 0.00135781
-0.54 0.00146529
-0.538 0.00158065
-0.536 0.0017044
-0.534 0.00183711
-0.532 0.00197936
-0.53 0.00213177
-0.528 0.002295
-0.526 0.00246974
-0.524 0.00265672
-0.522 0.00285672
-0.52 0.00307054
-0.518 0.00329905
-0.516 0.00354314
-0.514 0.00380377
-0.512 0.00408195
-0.51 0.00437871
-0.508 0.00469517
-0.506 0.00503249
-0.504 0.00539188
-0.502 0.00577463
-0.5 0.00618208
-0.498 0.00661562
-0.496 0.00707675
-0.494 0.00756698
-0.492 0.00808794
-0.49 0.00864131
-0.488 0.00922885
-0.486 0.00985239
-0.484 0.0105139
-0.482 0.0112152
-0.48 0.0119586
-0.478 0.0127462
-0.476 0.0135802
-0.474 0.014463
-0.472 0.015397
-0.47 0.0163848
-0.468 0.017429
-0.466 0.0185323
-0.464 0.0196976
-0.462 0.0209277
-0.46 0.0222258
-0.458 0.023595
-0.456 0.0250385
-0.454 0.0265597
-0.452 0.028162
-0.45 0.0298491
-0.448 0.0316246
-0.446 0.0334923
-0.444 0.0354561
-0.442 0.03752
-0.44 0.0396882
-0.438 0.041965
-0.436 0.0443545
-0.434 0.0468614
-0.432 0.0494902
-0.43 0.0522456
-0.428 0.0551323
-0.426 0.0581552
-0.424 0.0613193
-0.422 0.0646298
-0.42 0.0680917
-0.418 0.0717104
-0.416 0.0754912
-0.414 0.0794395
-0.412 0.0835609
-0.41 0.087861
-0.408 0.0923454
-0.406 0.0970199
-0.404 0.10189
-0.402 0.106962
-0.4 0.112242
-0.398 0.117735
-0.396 0.123448
-0.394 0.129386
-0.392 0.135555
-0.39 0.141962
-0.388 0.148612
-0.386 0.155511
-0.384 0.162666
-0.382 0.170082
-0.38 0.177764
-0.378 0.18572
-0.376 0.193954
-0.374 0.202472
-0.372 0.211279
-0.37 0.220382
-0.368 0.229784
-0.366 0.239493
-0.364 0.249511
-0.362 0.259845
-0.36 0.270498
-0.358 0.281475
-0.356 0.292781
-0.354 0.304419
-0.352 0.316394
-0.35 0.328707
-0.348 0.341364
-0.346 0.354366
-0.344 0.367716
-0.342 0.381416
-0.34 0.395469
-0.338 0.409876
-0.336 0.424637
-0.334 0.439755
-0.332 0.455228
-0.33 0.471057
-0.328 0.487242
-0.326 0.503782
-0.324 0.520675
-0.322 0.537919
-0.32 0.555512
-0.318 0.573451
-0.316 0.591732
-0.314 0.610353
-0.312 0.629307
-0.31 0.648591
-0.308 0.668199
-0.306 0.688124
-0.304 0.708361
-0.302 0.728901
-0.3 0.749736
-0.298 0.770859
-0.296 0.792261
-0.294 0.813931
-0.292 0.83586
-0.29 0.858037
-0.288 0.88045
-0.286 0.903088
-0.284 0.925937
-0.282 0.948986
-0.28 0.97222
-0.278 0.995625
-0.276 1.01919
-0.274 1.04289
-0.272 1.06672
-0.27 1.09065
-0.268 1.11468
-0.266 1.13878
-0.264 1.16294
-0.262 1.18714
-0.26 1.21136
-0.258 1.23558
-0.256 1.25978
-0.254 1.28394
-0.252 1.30804
-0.25 1.33207
-0.248 1.35599
-0.246 1.3798
-0.244 1.40346
-0.242 1.42697
-0.24 1.45028
-0.238 1.47339
-0.236 1.49628
-0.234 1.51891
-0.232 1.54128
-0.23 1.56335
-0.228 1.58511
-0.226 1.60653
-0.224 1.6276
-0.222 1.64829
-0.22 1.66858
-0.218 1.68845
-0.216 1.70787
-0.214 1.72684
-0.212 1.74533
-0.21 1.76332
-0.208 1.78079
-0.206 1.79773
-0.204 1.81411
-0.202 1.82992
-0.2 1.84513
-0.198 1.85975
-0.196 1.87374
-0.194 1.8871
-0.192 1.89981
-0.19 1.91186
-0.188 1.92323
-0.186 1.93392
-0.184 1.9439
-0.182 1.95318
-0.18 1.96174
-0.178 1.96958
-0.176 1.97669
-0.174 1.98305
-0.172 1.98867
-0.17 1.99354
-0.168 1.99767
-0.166 2.00103
-0.164 2.00364
-0.162 2.00549
-0.16 2.00659
-0.158 2.00694
-0.156 2.00653
-0.154 2.00538
-0.152 2.00348
-0.15 2.00085
-0.148 1.99748
-0.146 1.9934
-0.144 1.9886
-0.142 1.9831
-0.14 1.97691
-0.138 1.97004
-0.136 1.96251
-0.134 1.95432
-0.132 1.94549
-0.13 1.93604
-0.128 1.92599
-0.126 1.91535
-0.124 1.90413
-0.122 1.89237
-0.12 1.88008
-0.118 1.86728
-0.116 1.85399
-0.114 1.84023
-0.112 1.82603
-0.11 1.81141
-0.108 1.79639
-0.106 1.781
-0.104 1.76527
-0.102 1.74921
-0.1 1.73286
-0.098 1.71624
-0.096 1.69938
-0.094 1.6823
-0.092 1.66503
-0.09 1.6476
-0.088 1.63004
-0.086 1.61237
-0.084 1.59462
-0.082 1.57682
-0.08 1.559
-0.078 1.54119
-0.076 1.52341
-0.074 1.50569
-0.072 1.48805
-0.07 1.47054
-0.068 1.45316
-0.066 1.43596
-0.064 1.41895
-0.062 1.40217
-0.06 1.38563
-0.058 1.36936
-0.056 1.35339
-0.054 1.33775
-0.052 1.32245
-0.05 1.30752
-0.048 1.29298
-0.046 1.27886
-0.044 1.26517
-0.042 1.25194
-0.04 1.23918
-0.038 1.22692
-0.036 1.21517
-0.034 1.20396
-0.032 1.19329
-0.03 1.18319
-0.028 1.17366
-0.026 1.16473
-0.024 1.15641
-0.022 1.1487
-0.02 1.14163
-0.018 1.1352
-0.016 1.12942
-0.014 1.1243
-0.012 1.11984
-0.01 1.11606
-0.008 1.11296
-0.006 1.11055
-0.004 1.10882
-0.002 1.10778
0 1.10743
0.002 1.10778
0.004 1.10882
0.006 1.11055
0.008 1.11296
0.01 1.11606
0.012 1.11984
0.014 1.1243
0.016 1.12942
0.018 1.1352
0.02 1.14163
0.022 1.1487
0.024 1.15641
0.026 1.16473
0.028 1.17366
0.03 1.18319
0.032 1.19329
0.034 1.20396
0.036 1.21517
0.038 1.22692
0.04 1.23918
0.042 1.25194
0.044 1.26517
0.046 1.27886
0.048 1.29298
0.05 1.30752
0.052 1.32245
0.054 1.33775
0.056 1.35339
0.058 1.36936
0.06 1.38563
0.062 1.40217
0.064 1.41895
0.066 1.43596
0.068 1.45316
0.07 1.47054
0.072 1.48805
0.074 1.50569
0.076 1.52341
0.078 1.54119
0.08 1.559
0.082 1.57682
0.084 1.59462
0.086 1.61237
0.088 1.63004
0.09 1.6476
0.092 1.66503
0.094 1.6823
0.096 1.69938
0.098 1.71624
0.1 1.73286
0.102 1.74921
0.104 1.76527
0.106 1.781
0.108 1.79639
0.11 1.81141
0.112 1.82603
0.114 1.84023
0.116 1.85399
0.118 1.86728
0.12 1.88008
0.122 1.89237
0.124 1.90413
0.126 1.91535
0.128 1.92599
0.13 1.93604
0.132 1.94549
0.134 1.95432
0.136 1.96251
0.138 1.97004
0.14 1.97691
0.142 1.9831
0.144 1.9886
0.146 1.9934
0.148 1.99748
0.15 2.00085
0.152 2.00348
0.154 2.00538
0.156 2.00653
0.158 2.00694
0.16 2.00659
0.162 2.00549
0.164 2.00364
0.166 2.00103
0.168 1.99767
0.17 1.99354
0.172 1.98867
0.174 1.98305
0.176 1.97669
0.178 1.96958
0.18 1.96174
0.182 1.95318
0.184 1.9439
0.186 1.93392
0.188 1.92323
0.19 1.91186
0.192 1.89981
0.194 1.8871
0.196 1.87374
0.198 1.85975
0.2 1.84513
0.202 1.82992
0.204 1.81411
0.206 1.79773
0.208 1.78079
0.21 1.76332
0.212 1.74533
0.214 1.72684
0.216 1.70787
0.218 1.68845
0.22 1.66858
0.222 1.64829
0.224 1.6276
0.226 1.60653
0.228 1.58511
0.23 1.56335
0.232 1.54128
0.234 1.51891
0.236 1.49628
0.238 1.47339
0.24 1.45028
0.242 1.42697
0.244 1.40346
0.246 1.3798
0.248 1.35599
0.25 1.33207
0.252 1.30804
0.254 1.28394
0.256 1.25978
0.258 1.23558
0.26 1.21136
0.262 1.18714
0.264 1.16294
0.266 1.13878
0.268 1.11468
0.27 1.09065
0.272 1.06672
0.274 1.04289
0.276 1.01919
0.278 0.995625
0.28 0.97222
0.282 0.948986
0.284 0.925937
0.286 0.903088
0.288 0.88045
0.29 0.858037
0.292 0.83586
0.294 0.813931
0.296 0.792261
0.298 0.770859
0.3 0.749736
0.302 0.728901
0.304 0.708361
0.306 0.688124
0.308 0.668199
0.31 0.648591
0.312 0.629307
0.314 0.610353
0.316 0.591732
0.318 0.573451
0.32 0.555512
0.322 0.537919
0.324 0.520675
0.326 0.503782
0.328 0.487242
0.33 0.471057
0.332 0.455228
0.334 0.439755
0.336 0.424637
0.338 0.409876
0.34 0.395469
0.342 0.381416
0.344 0.367716
0.346 0.354366
0.348 0.341364
0.35 0.328707
0.352 0.316394
0.354 0.304419
0.356 0.292781
0.358 0.281475
0.36 0.270498
0.362 0.259845
0.364 0.249511
0.366 0.239493
0.368 0.229784
0.37 0.220382
0.372 0.211279
0.374 0.202472
0.376 0.193954
0.378 0.18572
0.38 0.177764
0.382 0.170082
0.384 0.162666
0.386 0.155511
0.388 0.148612
0.39 0.141962
0.392 0.135555
0.394 0.129386
0.396 0.123448
0.398 0.117735
0.4 0.112242
0.402 0.106962
0.404 0.10189
0.406 0.0970199
0.408 0.0923454
0.41 0.087861
0.412 0.0835609
0.414 0.0794395
0.416 0.0754912
0.418 0.0717104
0.42 0.0680917
0.422 0.0646298
0.424 0.0613193
0.426 0.0581552
0.428 0.0551323
0.43 0.0522456
0.432 0.0494902
0.434 0.0468614
0.436 0.0443545
0.438 0.041965
0.44 0.0396882
0.442 0.03752
0.444 0.0354561
0.446 0.0334923
0.448 0.0316246
0.45 0.0298491
0.452 0.028162
0.454 0.0265597
0.456 0.0250385
0.458 0.023595
0.46 0.0222258
0.462 0.0209277
0.464 0.0196976
0.466 0.0185323
0.468 0.017429
0.47 0.0163848
0.472 0.015397
0.474 0.014463
0.476 0.0135802
0.478 0.0127462
0.48 0.0119586
0.482 0.0112152
0.484 0.0105139
0.486 0.00985239
0.488 0.00922885
0.49 0.00864131
0.492 0.00808794
0.494 0.00756698
0.496 0.00707675
0.498 0.00661562
0.5 0.00618208
0.502 0.00577463
0.504 0.00539188
0.506 0.00503249
0.508 0.00469517
0.51 0.00437871
0.512 0.00408195
0.514 0.00380377
0.516 0.00354314
0.518 0.00329905
0.52 0.00307054
0.522 0.00285672
0.524 0.00265672
0.526 0.00246974
0.528 0.002295
0.53 0.00213177
0.532 0.00197936
0.534 0.00183711
0.536 0.0017044
0.538 0.00158065
0.54 0.00146529
0.542 0.00135781
0.544 0.00125771
0.546 0.00116453
0.548 0.00107781
0.55 0.000997158
0.552 0.000922169
0.554 0.000852479
0.556 0.000787741
0.558 0.000727627
0.56 0.000671832
0.562 0.000620068
0.564 0.000572063
0.566 0.000527563
0.568 0.000486331
0.57 0.000448141
0.572 0.000412786
0.574 0.000380067
0.576 0.000349802
0.578 0.000321819
0.58 0.000295955
0.582 0.000272062
0.584 0.000249997
0.586 0.00022963
0.588 0.000210838
0.59 0.000193506
0.592 0.000177528
0.594 0.000162804
0.596 0.000149242
0.598 0.000136755
0.6 0.000125262
0.602 0.000114689
0.604 0.000104967
0.606 9.60307e-05
0.608 8.78199e-05
0.61 8.0279e-05
0.612 7.33563e-05
0.614 6.70037e-05
0.616 6.11768e-05
0.618 5.58343e-05
0.62 5.09379e-05
0.622 4.64524e-05
0.624 4.23449e-05
0.626 3.85852e-05
0.628 3.51452e-05
0.63 3.19991e-05
0.632 2.9123e-05
0.634 2.64948e-05
0.636 2.40941e-05
0.638 2.19022e-05
0.64 1.99017e-05
0.642 1.80768e-05
0.644 1.64126e-05
0.646 1.48956e-05
0.648 1.35135e-05
0.65 1.22547e-05
0.652 1.11087e-05
0.654 1.00658e-05
0.656 9.11724e-06
0.658 8.25473e-06
0.66 7.47083e-06
0.662 6.75867e-06
0.664 6.11195e-06
0.666 5.52491e-06
0.668 4.99225e-06
0.67 4.50914e-06
0.672 4.07115e-06
0.674 3.67424e-06
0.676 3.3147e-06
0.678 2.98914e-06
0.68 2.69448e-06
0.682 2.4279e-06
0.684 2.18681e-06
0.686 1.96888e-06
0.688 1.77196e-06
0.69 1.59409e-06
0.692 1.43351e-06
0.694 1.28859e-06
0.696 1.15785e-06
0.698 1.03996e-06
0.7 9.33705e-07
0.702 8.37968e-07
0.704 7.51747e-07
0.706 6.74128e-07
0.708 6.04281e-07
0.71 5.41455e-07
0.712 4.84966e-07
0.714 4.34198e-07
0.716 3.88588e-07
0.718 3.4763e-07
0.72 3.10865e-07
0.722 2.77877e-07
0.724 2.4829e-07
0.726 2.21765e-07
0.728 1.97994e-07
0.73 1.76701e-07
0.732 1.57634e-07
0.734 1.40569e-07
0.736 1.25301e-07
0.738 1.11647e-07
0.74 9.94404e-08
0.742 8.85332e-08
0.744 7.87909e-08
0.746 7.00926e-08
0.748 6.23297e-08
0.75 5.54043e-08
0.752 4.92287e-08
0.754 4.3724e-08
0.756 3.88193e-08
0.758 3.4451e-08
0.76 3.0562e-08
0.762 2.71012e-08
0.764 2.40226e-08
0.766 2.12853e-08
0.768 1.88523e-08
0.77 1.66908e-08
0.772 1.47711e-08
0.774 1.30671e-08
0.776 1.1555e-08
0.778 1.02138e-08
0.78 9.02461e-09
0.782 7.97072e-09
0.784 7.03709e-09
0.786 6.21033e-09
0.788 5.47852e-09
0.79 4.831e-09
0.792 4.25832e-09
0.794 3.75202e-09
0.796 3.30459e-09
0.798 2.90936e-09
0.8 2.56037e-09
0.802 2.25235e-09
0.804 1.98059e-09
0.806 1.74092e-09
0.808 1.52964e-09
0.81 1.34346e-09
0.812 1.17948e-09
0.814 1.03509e-09
0.816 9.0802e-10
0.818 7.96229e-10
0.82 6.97921e-10
0.822 6.11507e-10
0.824 5.35578e-10
0.826 4.68889e-10
0.828 4.1034e-10
0.83 3.58958e-10
0.832 3.13884e-10
0.834 2.74361e-10
0.836 2.39718e-10
0.838 2.09366e-10
0.84 1.82784e-10
0.842 1.59513e-10
0.844 1.39149e-10
0.846 1.21336e-10
0.848 1.05761e-10
0.85 9.21486e-11
0.852 8.0256e-11
0.854 6.98704e-11
0.856 6.08044e-11
0.858 5.28935e-11
0.86 4.59935e-11
0.862 3.99776e-11
0.864 3.47347e-11
0.866 3.01673e-11
0.868 2.619e-11
0.87 2.2728e-11
0.872 1.97158e-11
0.874 1.70959e-11
0.876 1.48182e-11
0.878 1.28389e-11
0.88 1.11195e-11
0.882 9.62648e-12
0.884 8.33061e-12
0.886 7.20631e-12
0.888 6.23125e-12
0.89 5.38596e-12
0.892 4.65348e-12
0.894 4.01901e-12
0.896 3.46965e-12
0.898 2.99419e-12
0.9 2.58285e-12
0.902 2.22713e-12
0.904 1.91963e-12
0.906 1.65393e-12
0.908 1.42443e-12
0.91 1.22629e-12
0.912 1.05529e-12
0.914 9.07766e-13
0.916 7.80556e-13
0.918 6.70904e-13
0.92 5.76426e-13
0.922 4.95054e-13
0.924 4.24999e-13
0.926 3.64712e-13
0.928 3.12852e-13
0.93 2.68258e-13
0.932 2.2993e-13
0.934 1.96999e-13
0.936 1.68717e-13
0.938 1.44438e-13
0.94 1.23604e-13
0.942 1.05733e-13
0.944 9.04106e-14
0.946 7.72784e-14
0.948 6.6028e-14
0.95 5.6394e-14
0.952 4.81477e-14
0.954 4.10922e-14
0.956 3.50583e-14
0.958 2.99006e-14
0.96 2.5494e-14
0.962 2.17311e-14
0.964 1.85197e-14
0.966 1.57808e-14
0.968 1.34467e-14
0.97 1.14592e-14
0.972 9.76862e-15
0.974 8.3326e-15
0.976 7.11484e-15
0.978 6.08448e-15
0.98 5.21526e-15
0.982 4.48495e-15
0.984 3.87479e-15
0.986 3.36905e-15
0.988 2.95462e-15
0.99 2.62075e-15
0.992 2.35873e-15
0.994 2.16174e-15
0.996 2.02461e-15
0.998 1.94374e-15
