-1 2.65846
-0.998 2.65836
-0.996 2.65806
-0.994 2.65756
-0.992 2.65685
-0.99 2.65594
-0.988 2.65483
-0.986 2.6535
-0.984 2.65197
-0.982 2.65021
-0.98 2.64824
-0.978 2.64604
-0.976 2.64361
-0.974 2.64095
-0.972 2.63804
-0.97 2.63489
-0.968 2.63148
-0.966 2.62781
-0.964 2.62388
-0.962 2.61967
-0.96 2.61518
-0.958 2.61039
-0.956 2.60531
-0.954 2.59993
-0.952 2.59423
-0.95 2.5882
-0.948 2.58185
-0.946 2.57516
-0.944 2.56812
-0.942 2.56073
-0.94 2.55298
-0.938 2.54486
-0.936 2.53636
-0.934 2.52748
-0.932 2.51821
-0.93 2.50854
-0.928 2.49846
-0.926 2.48798
-0.924 2.47708
-0.922 2.46576
-0.92 2.45401
-0.918 2.44183
-0.916 2.42922
-0.914 2.41617
-0.912 2.40268
-0.91 2.38875
-0.908 2.37438
-0.906 2.35955
-0.904 2.34429
-0.902 2.32857
-0.9 2.31242
-0.898 2.29581
-0.896 2.27877
-0.894 2.26129
-0.892 2.24337
-0.89 2.22502
-0.888 2.20624
-0.886 2.18704
-0.884 2.16742
-0.882 2.1474
-0.88 2.12697
-0.878 2.10614
-0.876 2.08493
-0.874 2.06334
-0.872 2.04138
-0.87 2.01907
-0.868 1.99641
-0.866 1.97341
-0.864 1.95009
-0.862 1.92645
-0.86 1.90252
-0.858 1.87829
-0.856 1.8538
-0.854 1.82905
-0.852 1.80405
-0.85 1.77883
-0.848 1.75339
-0.846 1.72774
-0.844 1.70192
-0.842 1.67593
-0.84 1.64978
-0.838 1.6235
-0.836 1.59711
-0.834 1.5706
-0.832 1.54401
-0.83 1.51735
-0.828 1.49064
-0.826 1.46389
-0.824 1.43712
-0.822 1.41035
-0.82 1.38359
-0.818 1.35685
-0.816 1.33017
-0.814 1.30354
-0.812 1.27699
-0.81 1.25053
-0.808 1.22418
-0.806 1.19795
-0.804 1.17185
-0.802 1.14591
-0.8 1.12014
-0.798 1.09454
-0.796 1.06913
-0.794 1.04393
-0.792 1.01894
-0.79 0.994188
-0.788 0.969674
-0.786 0.945411
-0.784 0.921412
-0.782 0.897685
-0.78 0.874241
-0.778 0.851089
-0.776 0.828237
-0.774 0.805695
-0.772 0.783469
-0.77 0.761568
-0.768 0.739998
-0.766 0.718765
-0.764 0.697875
-0.762 0.677333
-0.76 0.657144
-0.758 0.637313
-0.756 0.617843
-0.754 0.598738
-0.752 0.58
-0.75 0.561632
-0.748 0.543636
-0.746 0.526013
-0.744 0.508765
-0.742 0.491892
-0.74 0.475393
-0.738 0.45927
-0.736 0.443522
-0.734 0.428146
-0.732 0.413143
-0.73 0.39851
-0.728 0.384246
-0.726 0.370347
-0.724 0.356812
-0.722 0.343637
-0.72 0.330819
-0.718 0.318354
-0.716 0.306239
-0.714 0.29447
-0.712 0.283041
-0.71 0.271949
-0.708 0.26119
-0.706 0.250757
-0.704 0.240646
-0.702 0.230852
-0.7 0.22137
-0.698 0.212193
-0.696 0.203316
-0.694 0.194734
-0.692 0.186441
-0.69 0.17843
-0.688 0.170696
-0.686 0.163233
-0.684 0.156034
-0.682 0.149094
-0.68 0.142406
-0.678 0.135964
-0.676 0.129762
-0.674 0.123794
-0.672 0.118054
-0.67 0.112535
-0.668 0.107232
-0.666 0.102138
-0.664 0.0972474
-0.662 0.0925543
-0.66 0.0880527
-0.658 0.0837368
-0.656 0.0796008
-0.654 0.075639
-0.652 0.0718459
-0.65 0.0682158
-0.648 0.0647434
-0.646 0.0614233
-0.644 0.0582503
-0.642 0.0552193
-0.64 0.0523251
-0.638 0.0495629
-0.636 0.0469278
-0.634 0.0444151
-0.632 0.0420203
-0.63 0.0397387
-0.628 0.037566
-0.626 0.035498
-0.624 0.0335305
-0.622 0.0316594
-0.62 0.0298808
-0.618 0.0281909
-0.616 0.0265859
-0.614 0.0250624
-0.612 0.0236167
-0.61 0.0222455
-0.608 0.0209456
-0.606 0.0197138
-0.604 0.018547
-0.602 0.0174424
-0.6 0.0163969
-0.598 0.015408
-0.596 0.014473
-0.594 0.0135892
-0.592 0.0127544
-0.59 0.011966
-0.588 0.0112219
-0.586 0.0105199
-0.584 0.00985785
-0.582 0.00923378
-0.58 0.00864577
-0.578 0.00809196
-0.576 0.00757061
-0.574 0.00708002
-0.572 0.00661858
-0.57 0.00618474
-0.568 0.00577703
-0.566 0.00539404
-0.564 0.00503443
-0.562 0.00469692
-0.56 0.00438028
-0.558 0.00408336
-0.556 0.00380504
-0.554 0.00354428
-0.552 0.00330007
-0.55 0.00307146
-0.548 0.00285754
-0.546 0.00265746
-0.544 0.0024704
-0.542 0.0022956
-0.54 0.0021323
-0.538 0.00197984
-0.536 0.00183754
-0.534 0.00170478
-0.532 0.00158099
-0.53 0.00146559
-0.528 0.00135808
-0.526 0.00125795
-0.524 0.00116474
-0.522 0.00107801
-0.52 0.000997329
-0.518 0.000922322
-0.516 0.000852615
-0.514 0.000787862
-0.512 0.000727735
-0.51 0.000671928
-0.508 0.000620153
-0.506 0.000572138
-0.504 0.00052763
-0.502 0.00048639
-0.5 0.000448194
-0.498 0.000412833
-0.496 0.000380109
-0.494 0.000349839
-0.492 0.000321851
-0.49 0.000295984
-0.488 0.000272087
-0.486 0.000250019
-0.484 0.00022965
-0.482 0.000210855
-0.48 0.000193521
-0.478 0.000177541
-0.476 0.000162816
-0.474 0.000149252
-0.472 0.000136764
-0.47 0.00012527
-0.468 0.000114696
-0.466 0.000104973
-0.464 9.60361e-05
-0.462 8.78246e-05
-0.46 8.02831e-05
-0.458 7.33598e-05
-0.456 6.70068e-05
-0.454 6.11795e-05
-0.452 5.58366e-05
-0.45 5.094e-05
-0.448 4.64542e-05
-0.446 4.23464e-05
-0.444 3.85865e-05
-0.442 3.51463e-05
-0.44 3.20001e-05
-0.438 2.91238e-05
-0.436 2.64955e-05
-0.434 2.40947e-05
-0.432 2.19027e-05
-0.43 1.99022e-05
-0.428 1.80771e-05
-0.426 1.64129e-05
-0.424 1.48959e-05
-0.422 1.35137e-05
-0.42 1.22548e-05
-0.418 1.11088e-05
-0.416 1.0066e-05
-0.414 9.11733e-06
-0.412 8.25481e-06
-0.41 7.47089e-06
-0.408 6.75872e-06
-0.406 6.11199e-06
-0.404 5.52493e-06
-0.402 4.99226e-06
-0.4 4.50915e-06
-0.398 4.07116e-06
-0.396 3.67424e-06
-0.394 3.31469e-06
-0.392 2.98913e-06
-0.39 2.69447e-06
-0.388 2.42789e-06
-0.386 2.1868e-06
-0.384 1.96887e-06
-0.382 1.77194e-06
-0.38 1.59408e-06
-0.378 1.4335e-06
-0.376 1.28857e-06
-0.374 1.15784e-06
-0.372 1.03995e-06
-0.37 9.33692e-07
-0.368 8.37956e-07
-0.366 7.51735e-07
-0.364 6.74117e-07
-0.362 6.04271e-07
-0.36 5.41445e-07
-0.358 4.84957e-07
-0.356 4.34189e-07
-0.354 3.8858e-07
-0.352 3.47622e-07
-0.35 3.10858e-07
-0.348 2.7787e-07
-0.346 2.48284e-07
-0.344 2.21759e-07
-0.342 1.97989e-07
-0.34 1.76696e-07
-0.338 1.5763e-07
-0.336 1.40565e-07
-0.334 1.25297e-07
-0.332 1.11643e-07
-0.33 9.94371e-08
-0.328 8.85302e-08
-0.326 7.87882e-08
-0.324 7.00901e-08
-0.322 6.23274e-08
-0.32 5.54022e-08
-0.318 4.92268e-08
-0.316 4.37222e-08
-0.314 3.88177e-08
-0.312 3.44495e-08
-0.31 3.05607e-08
-0.308 2.71e-08
-0.306 2.40215e-08
-0.304 2.12843e-08
-0.302 1.88514e-08
-0.3 1.669e-08
-0.298 1.47704e-08
-0.296 1.30664e-08
-0.294 1.15544e-08
-0.292 1.02132e-08
-0.29 9.02412e-09
-0.288 7.97028e-09
-0.286 7.03669e-09
-0.284 6.20997e-09
-0.282 5.4782e-09
-0.28 4.83071e-09
-0.278 4.25806e-09
-0.276 3.75178e-09
-0.274 3.30438e-09
-0.272 2.90918e-09
-0.27 2.56021e-09
-0.268 2.2522e-09
-0.266 1.98045e-09
-0.264 1.7408e-09
-0.262 1.52953e-09
-0.26 1.34337e-09
-0.258 1.17939e-09
-0.256 1.03502e-09
-0.254 9.0795e-10
-0.252 7.96169e-10
-0.25 6.97868e-10
-0.248 6.11456e-10
-0.246 5.35538e-10
-0.244 4.68851e-10
-0.242 4.10309e-10
-0.24 3.58929e-10
-0.238 3.13859e-10
-0.236 2.74337e-10
-0.234 2.397e-10
-0.232 2.09349e-10
-0.23 1.8277e-10
-0.228 1.59497e-10
-0.226 1.39139e-10
-0.224 1.21326e-10
-0.222 1.05754e-10
-0.22 9.21413e-11
-0.218 8.02513e-11
-0.216 6.98646e-11
-0.214 6.0799e-11
-0.212 5.28891e-11
-0.21 4.59891e-11
-0.208 3.99723e-11
-0.206 3.47303e-11
-0.204 3.01638e-11
-0.202 2.61868e-11
-0.2 2.27278e-11
-0.198 1.97159e-11
-0.196 1.70939e-11
-0.194 1.48169e-11
-0.192 1.28407e-11
-0.19 1.11236e-11
-0.188 9.63103e-12
-0.186 8.33125e-12
-0.184 7.20875e-12
-0.182 6.23163e-12
-0.18 5.38639e-12
-0.178 4.65333e-12
-0.176 4.02326e-12
-0.174 3.4709e-12
-0.172 2.99576e-12
-0.17 2.58249e-12
-0.168 2.2299e-12
-0.166 1.91995e-12
-0.164 1.65621e-12
-0.162 1.42571e-12
-0.16 1.23059e-12
-0.158 1.05883e-12
-0.156 9.07067e-13
-0.154 7.85337e-13
-0.152 6.68805e-13
-0.15 5.79084e-13
-0.148 4.94561e-13
-0.146 4.29907e-13
-0.144 3.64339e-13
-0.142 3.1758e-13
-0.14 2.68955e-13
-0.138 2.2902e-13
-0.136 2.04151e-13
-0.134 1.70729e-13
-0.132 1.46247e-13
-0.13 1.23364e-13
-0.128 1.08689e-13
-0.126 9.47053e-14
-0.124 7.76586e-14
-0.122 6.56222e-14
-0.12 5.86923e-14
-0.118 5.24432e-14
-0.116 4.18363e-14
-0.114 3.52812e-14
-0.112 3.10639e-14
-0.11 2.76076e-14
-0.108 2.10827e-14
-0.106 2.15865e-14
-0.104 1.85685e-14
-0.102 1.25936e-14
-0.1 1.60004e-14
-0.098 1.01921e-14
-0.096 1.05589e-14
-0.094 7.92149e-15
-0.092 7.83005e-15
-0.09 7.11768e-15
-0.088 7.91468e-15
-0.086 7.60258e-15
-0.084 3.90352e-15
-0.082 6.39786e-15
-0.08 7.01755e-15
-0.078 3.06628e-15
-0.076 3.21025e-15
-0.074 3.13899e-15
-0.072 2.03788e-15
-0.07 2.49248e-15
-0.068 1.70788e-15
-0.066 3.53124e-15
-0.064 3.83181e-15
-0.062 3.84208e-15
-0.06 1.5513e-15
-0.058 1.59685e-15
-0.056 2.79459e-15
-0.054 1.17489e-15
-0.052 1.57029e-15
-0.05 3.4742e-15
-0.048 2.48027e-15
-0.046 4.48537e-15
-0.044 -9.67888e-16
-0.042 2.64527e-15
-0.04 2.87178e-15
-0.038 6.54549e-15
-0.036 6.57296e-16
-0.034 2.51502e-15
-0.032 -1.73972e-15
-0.03 3.65877e-15
-0.028 1.11024e-15
-0.026 9.09603e-16
-0.024 6.20696e-16
-0.022 1.7333e-15
-0.02 -6.51749e-17
-0.018 1.64605e-15
-0.016 6.47199e-16
-0.014 -2.55578e-15
-0.012 7.73126e-16
-0.01 1.7852e-15
-0.008 6.21381e-16
-0.006 -1.14782e-15
-0.004 1.78587e-15
-0.002 8.25994e-16
0 3.03712e-15
0.002 -3.34512e-15
0.004 2.10784e-15
0.006 6.58156e-17
0.008 2.778e-15
0.01 4.91849e-16
0.012 1.02598e-15
0.014 1.37887e-15
0.016 1.14844e-17
0.018 7.76408e-16
0.02 -9.51257e-16
0.022 -1.72579e-16
0.024 -1.13505e-15
0.026 -8.13158e-17
0.028 1.41225e-15
0.03 -2.54189e-15
0.032 2.17551e-15
0.034 -1.23146e-15
0.036 -6.91656e-16
0.038 3.72384e-17
0.04 1.03533e-15
0.042 -8.87401e-17
0.044 -1.79256e-15
0.046 -2.87203e-15
0.048 -2.12081e-15
0.05 4.21481e-16
0.052 4.03669e-16
0.054 -1.19993e-15
0.056 3.2843e-16
0.058 -1.7097e-15
0.06 3.67034e-15
0.062 -5.77848e-17
0.064 2.76048e-15
0.066 2.56473e-15
0.068 3.63523e-15
0.07 1.39928e-15
0.072 1.22983e-15
0.074 -6.85468e-17
0.076 2.46143e-15
0.078 2.06231e-15
0.08 -1.12447e-15
0.082 3.44053e-15
0.084 2.17345e-15
0.086 4.20872e-15
0.088 4.73703e-15
0.09 5.11741e-15
0.092 1.13693e-15
0.094 8.79426e-15
0.096 7.98973e-15
0.098 7.87967e-15
0.1 9.99529e-15
0.102 1.26381e-14
0.104 1.52609e-14
0.106 1.83927e-14
0.108 2.01435e-14
0.11 2.43215e-14
0.112 2.91775e-14
0.114 3.60386e-14
0.116 3.94016e-14
0.118 4.85473e-14
0.12 5.63214e-14
0.122 6.67867e-14
0.124 7.59277e-14
0.126 8.91518e-14
0.128 1.0642e-13
0.13 1.21403e-13
0.132 1.44798e-13
0.134 1.63485e-13
0.136 1.95102e-13
0.138 2.3168e-13
0.14 2.70333e-13
0.142 3.1334e-13
0.144 3.6528e-13
0.146 4.24261e-13
0.148 4.96213e-13
0.15 5.7861e-13
0.152 6.70841e-13
0.154 7.79803e-13
0.156 9.05685e-13
0.158 1.0562e-12
0.16 1.22505e-12
0.162 1.42167e-12
0.164 1.65384e-12
0.166 1.91748e-12
0.168 2.22652e-12
0.17 2.58233e-12
0.172 2.99218e-12
0.174 3.46926e-12
0.176 4.01534e-12
0.178 4.65124e-12
0.18 5.38388e-12
0.182 6.23011e-12
0.184 7.20596e-12
0.186 8.32864e-12
0.188 9.62613e-12
0.19 1.11186e-11
0.192 1.284e-11
0.194 1.4815e-11
0.196 1.7089e-11
0.198 1.97132e-11
0.2 2.2721e-11
0.202 2.61885e-11
0.204 3.0165e-11
0.206 3.47329e-11
0.208 3.99699e-11
0.21 4.5989e-11
0.212 5.28874e-11
0.214 6.07965e-11
0.216 6.98604e-11
0.218 8.02471e-11
0.22 9.21385e-11
0.222 1.05752e-10
0.224 1.21323e-10
0.226 1.39136e-10
0.228 1.59496e-10
0.23 1.82767e-10
0.232 2.09345e-10
0.234 2.39696e-10
0.236 2.74335e-10
0.238 3.13857e-10
0.24 3.58923e-10
0.242 4.10304e-10
0.244 4.68847e-10
0.246 5.35533e-10
0.248 6.11455e-10
0.25 6.97865e-10
0.252 7.96167e-10
0.254 9.07948e-10
0.256 1.03502e-09
0.258 1.17939e-09
0.26 1.34337e-09
0.262 1.52953e-09
0.264 1.7408e-09
0.266 1.98045e-09
0.268 2.2522e-09
0.27 2.5602e-09
0.272 2.90917e-09
0.274 3.30438e-09
0.276 3.75178e-09
0.278 4.25805e-09
0.28 4.83071e-09
0.282 5.4782e-09
0.284 6.20997e-09
0.286 7.0367e-09
0.288 7.97028e-09
0.29 9.02412e-09
0.292 1.02132e-08
0.294 1.15544e-08
0.296 1.30664e-08
0.298 1.47704e-08
0.3 1.669e-08
0.302 1.88514e-08
0.304 2.12843e-08
0.306 2.40215e-08
0.308 2.71e-08
0.31 3.05607e-08
0.312 3.44495e-08
0.314 3.88177e-08
0.316 4.37222e-08
0.318 4.92268e-08
0.32 5.54022e-08
0.322 6.23274e-08
0.324 7.00901e-08
0.326 7.87882e-08
0.328 8.85302e-08
0.33 9.94371e-08
0.332 1.11643e-07
0.334 1.25297e-07
0.336 1.40565e-07
0.338 1.5763e-07
0.34 1.76696e-07
0.342 1.97989e-07
0.344 2.21759e-07
0.346 2.48284e-07
0.348 2.7787e-07
0.35 3.10858e-07
0.352 3.47622e-07
0.354 3.8858e-07
0.356 4.34189e-07
0.358 4.84957e-07
0.36 5.41445e-07
0.362 6.04271e-07
0.364 6.74117e-07
0.366 7.51735e-07
0.368 8.37956e-07
0.37 9.33692e-07
0.372 1.03995e-06
0.374 1.15784e-06
0.376 1.28857e-06
0.378 1.4335e-06
0.38 1.59408e-06
0.382 1.77194e-06
0.384 1.96887e-06
0.386 2.1868e-06
0.388 2.42789e-06
0.39 2.69447e-06
0.392 2.98913e-06
0.394 3.31469e-06
0.396 3.67424e-06
0.398 4.07116e-06
0.4 4.50915e-06
0.402 4.99226e-06
0.404 5.52493e-06
0.406 6.11199e-06
0.408 6.75872e-06
0.41 7.47089e-06
0.412 8.25481e-06
0.414 9.11733e-06
0.416 1.0066e-05
0.418 1.11088e-05
0.42 1.22548e-05
0.422 1.35137e-05
0.424 1.48959e-05
0.426 1.64129e-05
0.428 1.80771e-05
0.43 1.99022e-05
0.432 2.19027e-05
0.434 2.40947e-05
0.436 2.64955e-05
0.438 2.91238e-05
0.44 3.20001e-05
0.442 3.51463e-05
0.444 3.85865e-05
0.446 4.23464e-05
0.448 4.64542e-05
0.45 5.094e-05
0.452 5.58366e-05
0.454 6.11795e-05
0.456 6.70068e-05
0.458 7.33598e-05
0.46 8.02831e-05
0.462 8.78246e-05
0.464 9.60361e-05
0.466 0.000104973
0.468 0.000114696
0.47 0.00012527
0.472 0.000136764
0.474 0.000149252
0.476 0.000162816
0.478 0.000177541
0.48 0.000193521
0.482 0.000210855
0.484 0.00022965
0.486 0.000250019
0.488 0.000272087
0.49 0.000295984
0.492 0.000321851
0.494 0.000349839
0.496 0.000380109
0.498 0.000412833
0.5 0.000448194
0.502 0.00048639
0.504 0.00052763
0.506 0.000572138
0.508 0.000620153
0.51 0.000671928
0.512 0.000727735
0.514 0.000787862
0.516 0.000852615
0.518 0.000922322
0.52 0.000997329
0.522 0.00107801
0.524 0.00116474
0.526 0.00125795
0.528 0.00135808
0.53 0.00146559
0.532 0.00158099
0.534 0.00170478
0.536 0.00183754
0.538 0.00197984
0.54 0.0021323
0.542 0.0022956
0.544 0.0024704
0.546 0.00265746
0.548 0.00285754
0.55 0.00307146
0.552 0.00330007
0.554 0.00354428
0.556 0.00380504
0.558 0.00408336
0.56 0.00438028
0.562 0.00469692
0.564 0.00503443
0.566 0.00539404
0.568 0.00577703
0.57 0.00618474
0.572 0.00661858
0.574 0.00708002
0.576 0.00757061
0.578 0.00809196
0.58 0.00864577
0.582 0.00923378
0.584 0.00985785
0.586 0.0105199
0.588 0.0112219
0.59 0.011966
0.592 0.0127544
0.594 0.0135892
0.596 0.014473
0.598 0.015408
0.6 0.0163969
0.602 0.0174424
0.604 0.018547
0.606 0.0197138
0.608 0.0209456
0.61 0.0222455
0.612 0.0236167
0.614 0.0250624
0.616 0.0265859
0.618 0.0281909
0.62 0.0298808
0.622 0.0316594
0.624 0.0335305
0.626 0.035498
0.628 0.037566
0.63 0.0397387
0.632 0.0420203
0.634 0.0444151
0.636 0.0469278
0.638 0.0495629
0.64 0.0523251
0.642 0.0552193
0.644 0.0582503
0.646 0.0614233
0.648 0.0647434
0.65 0.0682158
0.652 0.0718459
0.654 0.075639
0.656 0.0796008
0.658 0.0837368
0.66 0.0880527
0.662 0.0925543
0.664 0.0972474
0.666 0.102138
0.668 0.107232
0.67 0.112535
0.672 0.118054
0.674 0.123794
0.676 0.129762
0.678 0.135964
0.68 0.142406
0.682 0.149094
0.684 0.156034
0.686 0.163233
0.688 0.170696
0.69 0.17843
0.692 0.186441
0.694 0.194734
0.696 0.203316
0.698 0.212193
0.7 0.22137
0.702 0.230852
0.704 0.240646
0.706 0.250757
0.708 0.26119
0.71 0.271949
0.712 0.283041
0.714 0.29447
0.716 0.306239
0.718 0.318354
0.72 0.330819
0.722 0.343637
0.724 0.356812
0.726 0.370347
0.728 0.384246
0.73 0.39851
0.732 0.413143
0.734 0.428146
0.736 0.443522
0.738 0.45927
0.74 0.475393
0.742 0.491892
0.744 0.508765
0.746 0.526013
0.748 0.543636
0.75 0.561632
0.752 0.58
0.754 0.598738
0.756 0.617843
0.758 0.637313
0.76 0.657144
0.762 0.677333
0.764 0.697875
0.766 0.718765
0.768 0.739998
0.77 0.761568
0.772 0.783469
0.774 0.805695
0.776 0.828237
0.778 0.851089
0.78 0.874241
0.782 0.897685
0.784 0.921412
0.786 0.945411
0.788 0.969674
0.79 0.994188
0.792 1.01894
0.794 1.04393
0.796 1.06913
0.798 1.09454
0.8 1.12014
0.802 1.14591
0.804 1.17185
0.806 1.19795
0.808 1.22418
0.81 1.25053
0.812 1.27699
0.814 1.30354
0.816 1.33017
0.818 1.35685
0.82 1.38359
0.822 1.41035
0.824 1.43712
0.826 1.46389
0.828 1.49064
0.83 1.51735
0.832 1.54401
0.834 1.5706
0.836 1.59711
0.838 1.6235
0.84 1.64978
0.842 1.67593
0.844 1.70192
0.846 1.72774
0.848 1.75339
0.85 1.77883
0.852 1.80405
0.854 1.82905
0.856 1.8538
0.858 1.87829
0.86 1.90252
0.862 1.92645
0.864 1.95009
0.866 1.97341
0.868 1.99641
0.87 2.01907
0.872 2.04138
0.874 2.06334
0.876 2.08493
0.878 2.10614
0.88 2.12697
0.882 2.1474
0.884 2.16742
0.886 2.18704
0.888 2.20624
0.89 2.22502
0.892 2.24337
0.894 2.26129
0.896 2.27877
0.898 2.29581
0.9 2.31242
0.902 2.32857
0.904 2.34429
0.906 2.35955
0.908 2.37438
0.91 2.38875
0.912 2.40268
0.914 2.41617
0.916 2.42922
0.918 2.44183
0.92 2.45401
0.922 2.46576
0.924 2.47708
0.926 2.48798
0.928 2.49846
0.93 2.50854
0.932 2.51821
0.934 2.52748
0.936 2.53636
0.938 2.54486
0.94 2.55298
0.942 2.56073
0.944 2.56812
0.946 2.57516
0.948 2.58185
0.95 2.5882
0.952 2.59423
0.954 2.59993
0.956 2.60531
0.958 2.61039
0.96 2.61518
0.962 2.61967
0.964 2.62388
0.966 2.62781
0.968 2.63148
0.97 2.63489
0.972 2.63804
0.974 2.64095
0.976 2.64361
0.978 2.64604
0.98 2.64824
0.982 2.65021
0.984 2.65197
0.986 2.6535
0.988 2.65483
0.99 2.65594
0.992 2.65685
0.994 2.65756
0.996 2.65806
0.998 2.65836
