-1 2.68689e-09
-0.998 2.70908e-09
-0.996 2.77597e-09
-0.994 2.88856e-09
-0.992 3.04853e-09
-0.99 3.25825e-09
-0.988 3.52082e-09
-0.986 3.84012e-09
-0.984 4.22085e-09
-0.982 4.66859e-09
-0.98 5.18989e-09
-0.978 5.79233e-09
-0.976 6.48461e-09
-0.974 7.27672e-09
-0.972 8.17999e-09
-0.97 9.20728e-09
-0.968 1.03731e-08
-0.966 1.1694e-08
-0.964 1.31883e-08
-0.962 1.48767e-08
-0.96 1.67827e-08
-0.958 1.89324e-08
-0.956 2.13549e-08
-0.954 2.40832e-08
-0.952 2.71538e-08
-0.95 3.06077e-08
-0.948 3.44906e-08
-0.946 3.88536e-08
-0.944 4.37538e-08
-0.942 4.92545e-08
-0.94 5.54265e-08
-0.938 6.23488e-08
-0.936 7.01091e-08
-0.934 7.88051e-08
-0.932 8.85453e-08
-0.93 9.94507e-08
-0.928 1.11655e-07
-0.926 1.25308e-07
-0.924 1.40575e-07
-0.922 1.57639e-07
-0.92 1.76705e-07
-0.918 1.97998e-07
-0.916 2.21768e-07
-0.914 2.48292e-07
-0.912 2.77878e-07
-0.91 3.10866e-07
-0.908 3.4763e-07
-0.906 3.88587e-07
-0.904 4.34197e-07
-0.902 4.84965e-07
-0.9 5.41453e-07
-0.898 6.04279e-07
-0.896 6.74125e-07
-0.894 7.51744e-07
-0.892 8.37964e-07
-0.89 9.337e-07
-0.888 1.03996e-06
-0.886 1.15785e-06
-0.884 1.28858e-06
-0.882 1.4335e-06
-0.88 1.59409e-06
-0.878 1.77195e-06
-0.876 1.96887e-06
-0.874 2.1868e-06
-0.872 2.42789e-06
-0.87 2.69447e-06
-0.868 2.98913e-06
-0.866 3.31468e-06
-0.864 3.67423e-06
-0.862 4.07114e-06
-0.86 4.50912e-06
-0.858 4.99223e-06
-0.856 5.52489e-06
-0.854 6.11193e-06
-0.852 6.75865e-06
-0.85 7.47081e-06
-0.848 8.25471e-06
-0.846 9.11721e-06
-0.844 1.00658e-05
-0.842 1.11086e-05
-0.84 1.22546e-05
-0.838 1.35134e-05
-0.836 1.48956e-05
-0.834 1.64125e-05
-0.832 1.80767e-05
-0.83 1.99017e-05
-0.828 2.19022e-05
-0.826 2.40941e-05
-0.824 2.64947e-05
-0.822 2.91229e-05
-0.82 3.1999e-05
-0.818 3.51451e-05
-0.816 3.85851e-05
-0.814 4.23448e-05
-0.812 4.64523e-05
-0.81 5.09378e-05
-0.808 5.58342e-05
-0.806 6.11767e-05
-0.804 6.70036e-05
-0.802 7.33561e-05
-0.8 8.02789e-05
-0.798 8.78197e-05
-0.796 9.60306e-05
-0.794 0.000104967
-0.792 0.000114689
-0.79 0.000125262
-0.788 0.000136754
-0.786 0.000149242
-0.784 0.000162804
-0.782 0.000177528
-0.78 0.000193506
-0.778 0.000210837
-0.776 0.00022963
-0.774 0.000249997
-0.772 0.000272061
-0.77 0.000295955
-0.768 0.000321818
-0.766 0.000349802
-0.764 0.000380067
-0.762 0.000412785
-0.76 0.000448141
-0.758 0.00048633
-0.756 0.000527563
-0.754 0.000572062
-0.752 0.000620067
-0.75 0.000671832
-0.748 0.000727627
-0.746 0.00078774
-0.744 0.000852479
-0.742 0.000922169
-0.74 0.000997157
-0.738 0.00107781
-0.736 0.00116452
-0.734 0.00125771
-0.732 0.00135781
-0.73 0.00146529
-0.728 0.00158065
-0.726 0.0017044
-0.724 0.00183711
-0.722 0.00197936
-0.72 0.00213177
-0.718 0.002295
-0.716 0.00246974
-0.714 0.00265672
-0.712 0.00285672
-0.71 0.00307054
-0.708 0.00329905
-0.706 0.00354314
-0.704 0.00380377
-0.702 0.00408195
-0.7 0.00437871
-0.698 0.00469517
-0.696 0.00503248
-0.694 0.00539188
-0.692 0.00577463
-0.69 0.00618207
-0.688 0.00661562
-0.686 0.00707674
-0.684 0.00756698
-0.682 0.00808794
-0.68 0.00864131
-0.678 0.00922885
-0.676 0.00985239
-0.674 0.0105139
-0.672 0.0112152
-0.67 0.0119586
-0.668 0.0127462
-0.666 0.0135802
-0.664 0.014463
-0.662 0.015397
-0.66 0.0163848
-0.658 0.017429
-0.656 0.0185323
-0.654 0.0196975
-0.652 0.0209277
-0.65 0.0222258
-0.648 0.023595
-0.646 0.0250385
-0.644 0.0265597
-0.642 0.028162
-0.64 0.0298491
-0.638 0.0316246
-0.636 0.0334923
-0.634 0.0354561
-0.632 0.03752
-0.63 0.0396882
-0.628 0.0419649
-0.626 0.0443545
-0.624 0.0468614
-0.622 0.0494902
-0.62 0.0522455
-0.618 0.0551322
-0.616 0.0581551
-0.614 0.0613193
-0.612 0.0646297
-0.61 0.0680916
-0.608 0.0717103
-0.606 0.0754911
-0.604 0.0794394
-0.602 0.0835608
-0.6 0.0878608
-0.598 0.0923452
-0.596 0.0970197
-0.594 0.10189
-0.592 0.106962
-0.59 0.112242
-0.588 0.117735
-0.586 0.123447
-0.584 0.129385
-0.582 0.135555
-0.58 0.141961
-0.578 0.148611
-0.576 0.155511
-0.574 0.162665
-0.572 0.170081
-0.57 0.177764
-0.568 0.185719
-0.566 0.193953
-0.564 0.202471
-0.562 0.211278
-0.56 0.22038
-0.558 0.229783
-0.556 0.239491
-0.554 0.249509
-0.552 0.259842
-0.55 0.270495
-0.548 0.281472
-0.546 0.292778
-0.544 0.304416
-0.542 0.31639
-0.54 0.328703
-0.538 0.341359
-0.536 0.35436
-0.534 0.36771
-0.532 0.38141
-0.53 0.395462
-0.528 0.409868
-0.526 0.424628
-0.524 0.439745
-0.522 0.455217
-0.52 0.471045
-0.518 0.487229
-0.516 0.503767
-0.514 0.520658
-0.512 0.537901
-0.51 0.555492
-0.508 0.573429
-0.506 0.591709
-0.504 0.610327
-0.502 0.629279
-0.5 0.64856
-0.498 0.668164
-0.496 0.688086
-0.494 0.708319
-0.492 0.728855
-0.49 0.749686
-0.488 0.770804
-0.486 0.7922
-0.484 0.813865
-0.482 0.835787
-0.48 0.857957
-0.478 0.880363
-0.476 0.902992
-0.474 0.925833
-0.472 0.948872
-0.47 0.972096
-0.468 0.995489
-0.466 1.01904
-0.464 1.04273
-0.462 1.06654
-0.46 1.09046
-0.458 1.11447
-0.456 1.13855
-0.454 1.16269
-0.452 1.18687
-0.45 1.21106
-0.448 1.23526
-0.446 1.25943
-0.444 1.28356
-0.442 1.30763
-0.44 1.33162
-0.438 1.35551
-0.436 1.37928
-0.434 1.4029
-0.432 1.42635
-0.43 1.44962
-0.428 1.47267
-0.426 1.4955
-0.424 1.51807
-0.422 1.54036
-0.42 1.56236
-0.418 1.58404
-0.416 1.60538
-0.414 1.62635
-0.412 1.64694
-0.41 1.66712
-0.408 1.68688
-0.406 1.70618
-0.404 1.72502
-0.402 1.74337
-0.4 1.76121
-0.398 1.77852
-0.396 1.79528
-0.394 1.81147
-0.392 1.82708
-0.39 1.84209
-0.388 1.85647
-0.386 1.87023
-0.384 1.88333
-0.382 1.89576
-0.38 1.90751
-0.378 1.91857
-0.376 1.92892
-0.374 1.93855
-0.372 1.94745
-0.37 1.9556
-0.368 1.96301
-0.366 1.96966
-0.364 1.97553
-0.362 1.98064
-0.36 1.98496
-0.358 1.9885
-0.356 1.99124
-0.354 1.99319
-0.352 1.99435
-0.35 1.99471
-0.348 1.99427
-0.346 1.99304
-0.344 1.991
-0.342 1.98818
-0.34 1.98456
-0.338 1.98016
-0.336 1.97498
-0.334 1.96903
-0.332 1.9623
-0.33 1.95482
-0.328 1.94659
-0.326 1.93762
-0.324 1.92791
-0.322 1.91749
-0.32 1.90637
-0.318 1.89455
-0.316 1.88204
-0.314 1.86888
-0.312 1.85506
-0.31 1.84061
-0.308 1.82555
-0.306 1.80988
-0.304 1.79363
-0.302 1.77681
-0.3 1.75945
-0.298 1.74156
-0.296 1.72316
-0.294 1.70427
-0.292 1.68492
-0.29 1.66512
-0.288 1.6449
-0.286 1.62427
-0.284 1.60326
-0.282 1.58189
-0.28 1.56018
-0.278 1.53815
-0.276 1.51582
-0.274 1.49323
-0.272 1.47038
-0.27 1.4473
-0.268 1.42401
-0.266 1.40054
-0.264 1.37691
-0.262 1.35313
-0.26 1.32923
-0.258 1.30523
-0.256 1.28115
-0.254 1.25701
-0.252 1.23284
-0.25 1.20864
-0.248 1.18445
-0.246 1.16028
-0.244 1.13614
-0.242 1.11207
-0.24 1.08806
-0.238 1.06415
-0.236 1.04035
-0.234 1.01668
-0.232 0.993143
-0.23 0.969765
-0.228 0.94656
-0.226 0.92354
-0.224 0.90072
-0.222 0.878112
-0.22 0.85573
-0.218 0.833584
-0.216 0.811687
-0.214 0.790049
-0.212 0.76868
-0.21 0.74759
-0.208 0.726788
-0.206 0.706282
-0.204 0.68608
-0.202 0.66619
-0.2 0.646618
-0.198 0.627369
-0.196 0.60845
-0.194 0.589866
-0.192 0.571621
-0.19 0.553718
-0.188 0.536162
-0.186 0.518955
-0.184 0.502099
-0.182 0.485596
-0.18 0.469448
-0.178 0.453655
-0.176 0.438219
-0.174 0.423138
-0.172 0.408413
-0.17 0.394043
-0.168 0.380027
-0.166 0.366362
-0.164 0.353048
-0.162 0.340082
-0.16 0.327461
-0.158 0.315182
-0.156 0.303242
-0.154 0.291638
-0.152 0.280367
-0.15 0.269423
-0.148 0.258803
-0.146 0.248502
-0.144 0.238516
-0.142 0.22884
-0.14 0.219469
-0.138 0.210397
-0.136 0.201621
-0.134 0.193133
-0.132 0.184929
-0.13 0.177003
-0.128 0.169349
-0.126 0.161962
-0.124 0.154836
-0.122 0.147964
-0.12 0.141341
-0.118 0.134962
-0.116 0.128819
-0.114 0.122908
-0.112 0.117222
-0.11 0.111755
-0.108 0.106501
-0.106 0.101455
-0.104 0.0966099
-0.102 0.091961
-0.1 0.0875022
-0.098 0.0832277
-0.096 0.079132
-0.094 0.0752096
-0.092 0.0714549
-0.09 0.0678626
-0.088 0.0644275
-0.086 0.0611443
-0.084 0.058008
-0.082 0.0550135
-0.08 0.052156
-0.078 0.0494307
-0.076 0.046833
-0.074 0.0443582
-0.072 0.042002
-0.07 0.0397601
-0.068 0.0376281
-0.066 0.0356021
-0.064 0.0336782
-0.062 0.0318523
-0.06 0.0301209
-0.058 0.0284804
-0.056 0.0269273
-0.054 0.0254582
-0.052 0.0240699
-0.05 0.0227593
-0.048 0.0215235
-0.046 0.0203597
-0.044 0.019265
-0.042 0.0182369
-0.04 0.0172729
-0.038 0.0163707
-0.036 0.015528
-0.034 0.0147428
-0.032 0.0140129
-0.03 0.0133366
-0.028 0.012712
-0.026 0.0121376
-0.024 0.0116118
-0.022 0.0111332
-0.02 0.0107005
-0.018 0.0103126
-0.016 0.00996834
-0.014 0.00966681
-0.012 0.00940717
-0.01 0.0091887
-0.008 0.00901078
-0.006 0.00887292
-0.004 0.00877473
-0.002 0.00871592
0 0.00869634
0.002 0.00871592
0.004 0.00877473
0.006 0.00887292
0.008 0.00901078
0.01 0.0091887
0.012 0.00940717
0.014 0.00966681
0.016 0.00996834
0.018 0.0103126
0.02 0.0107005
0.022 0.0111332
0.024 0.0116118
0.026 0.0121376
0.028 0.012712
0.03 0.0133366
0.032 0.0140129
0.034 0.0147428
0.036 0.015528
0.038 0.0163707
0.04 0.0172729
0.042 0.0182369
0.044 0.019265
0.046 0.0203597
0.048 0.0215235
0.05 0.0227593
0.052 0.0240699
0.054 0.0254582
0.056 0.0269273
0.058 0.0284804
0.06 0.0301209
0.062 0.0318523
0.064 0.0336782
0.066 0.0356021
0.068 0.0376281
0.07 0.0397601
0.072 0.042002
0.074 0.0443582
0.076 0.046833
0.078 0.0494307
0.08 0.052156
0.082 0.0550135
0.084 0.058008
0.086 0.0611443
0.088 0.0644275
0.09 0.0678626
0.092 0.0714549
0.094 0.0752096
0.096 0.079132
0.098 0.0832277
0.1 0.0875022
0.102 0.091961
0.104 0.0966099
0.106 0.101455
0.108 0.106501
0.11 0.111755
0.112 0.117222
0.114 0.122908
0.116 0.128819
0.118 0.134962
0.12 0.141341
0.122 0.147964
0.124 0.154836
0.126 0.161962
0.128 0.169349
0.13 0.177003
0.132 0.184929
0.134 0.193133
0.136 0.201621
0.138 0.210397
0.14 0.219469
0.142 0.22884
0.144 0.238516
0.146 0.248502
0.148 0.258803
0.15 0.269423
0.152 0.280367
0.154 0.291638
0.156 0.303242
0.158 0.315182
0.16 0.327461
0.162 0.340082
0.164 0.353048
0.166 0.366362
0.168 0.380027
0.17 0.394043
0.172 0.408413
0.174 0.423138
0.176 0.438219
0.178 0.453655
0.18 0.469448
0.182 0.485596
0.184 0.502099
0.186 0.518955
0.188 0.536162
0.19 0.553718
0.192 0.571621
0.194 0.589866
0.196 0.60845
0.198 0.627369
0.2 0.646618
0.202 0.66619
0.204 0.68608
0.206 0.706282
0.208 0.726788
0.21 0.74759
0.212 0.76868
0.214 0.790049
0.216 0.811687
0.218 0.833584
0.22 0.85573
0.222 0.878112
0.224 0.90072
0.226 0.92354
0.228 0.94656
0.23 0.969765
0.232 0.993143
0.234 1.01668
0.236 1.04035
0.238 1.06415
0.24 1.08806
0.242 1.11207
0.244 1.13614
0.246 1.16028
0.248 1.18445
0.25 1.20864
0.252 1.23284
0.254 1.25701
0.256 1.28115
0.258 1.30523
0.26 1.32923
0.262 1.35313
0.264 1.37691
0.266 1.40054
0.268 1.42401
0.27 1.4473
0.272 1.47038
0.274 1.49323
0.276 1.51582
0.278 1.53815
0.28 1.56018
0.282 1.58189
0.284 1.60326
0.286 1.62427
0.288 1.6449
0.29 1.66512
0.292 1.68492
0.294 1.70427
0.296 1.72316
0.298 1.74156
0.3 1.75945
0.302 1.77681
0.304 1.79363
0.306 1.80988
0.308 1.82555
0.31 1.84061
0.312 1.85506
0.314 1.86888
0.316 1.88204
0.318 1.89455
0.32 1.90637
0.322 1.91749
0.324 1.92791
0.326 1.93762
0.328 1.94659
0.33 1.95482
0.332 1.9623
0.334 1.96903
0.336 1.97498
0.338 1.98016
0.34 1.98456
0.342 1.98818
0.344 1.991
0.346 1.99304
0.348 1.99427
0.35 1.99471
0.352 1.99435
0.354 1.99319
0.356 1.99124
0.358 1.9885
0.36 1.98496
0.362 1.98064
0.364 1.97553
0.366 1.96966
0.368 1.96301
0.37 1.9556
0.372 1.94745
0.374 1.93855
0.376 1.92892
0.378 1.91857
0.38 1.90751
0.382 1.89576
0.384 1.88333
0.386 1.87023
0.388 1.85647
0.39 1.84209
0.392 1.82708
0.394 1.81147
0.396 1.79528
0.398 1.77852
0.4 1.76121
0.402 1.74337
0.404 1.72502
0.406 1.70618
0.408 1.68688
0.41 1.66712
0.412 1.64694
0.414 1.62635
0.416 1.60538
0.418 1.58404
0.42 1.56236
0.422 1.54036
0.424 1.51807
0.426 1.4955
0.428 1.47267
0.43 1.44962
0.432 1.42635
0.434 1.4029
0.436 1.37928
0.438 1.35551
0.44 1.33162
0.442 1.30763
0.444 1.28356
0.446 1.25943
0.448 1.23526
0.45 1.21106
0.452 1.18687
0.454 1.16269
0.456 1.13855
0.458 1.11447
0.46 1.09046
0.462 1.06654
0.464 1.04273
0.466 1.01904
0.468 0.995489
0.47 0.972096
0.472 0.948872
0.474 0.925833
0.476 0.902992
0.478 0.880363
0.48 0.857957
0.482 0.835787
0.484 0.813865
0.486 0.7922
0.488 0.770804
0.49 0.749686
0.492 0.728855
0.494 0.708319
0.496 0.688086
0.498 0.668164
0.5 0.64856
0.502 0.629279
0.504 0.610327
0.506 0.591709
0.508 0.573429
0.51 0.555492
0.512 0.537901
0.514 0.520658
0.516 0.503767
0.518 0.487229
0.52 0.471045
0.522 0.455217
0.524 0.439745
0.526 0.424628
0.528 0.409868
0.53 0.395462
0.532 0.38141
0.534 0.36771
0.536 0.35436
0.538 0.341359
0.54 0.328703
0.542 0.31639
0.544 0.304416
0.546 0.292778
0.548 0.281472
0.55 0.270495
0.552 0.259842
0.554 0.249509
0.556 0.239491
0.558 0.229783
0.56 0.22038
0.562 0.211278
0.564 0.202471
0.566 0.193953
0.568 0.185719
0.57 0.177764
0.572 0.170081
0.574 0.162665
0.576 0.155511
0.578 0.148611
0.58 0.141961
0.582 0.135555
0.584 0.129385
0.586 0.123447
0.588 0.117735
0.59 0.112242
0.592 0.106962
0.594 0.10189
0.596 0.0970197
0.598 0.0923452
0.6 0.0878608
0.602 0.0835608
0.604 0.0794394
0.606 0.0754911
0.608 0.0717103
0.61 0.0680916
0.612 0.0646297
0.614 0.0613193
0.616 0.0581551
0.618 0.0551322
0.62 0.0522455
0.622 0.0494902
0.624 0.0468614
0.626 0.0443545
0.628 0.0419649
0.63 0.0396882
0.632 0.03752
0.634 0.0354561
0.636 0.0334923
0.638 0.0316246
0.64 0.0298491
0.642 0.028162
0.644 0.0265597
0.646 0.0250385
0.648 0.023595
0.65 0.0222258
0.652 0.0209277
0.654 0.0196975
0.656 0.0185323
0.658 0.017429
0.66 0.0163848
0.662 0.015397
0.664 0.014463
0.666 0.0135802
0.668 0.0127462
0.67 0.0119586
0.672 0.0112152
0.674 0.0105139
0.676 0.00985239
0.678 0.00922885
0.68 0.00864131
0.682 0.00808794
0.684 0.00756698
0.686 0.00707674
0.688 0.00661562
0.69 0.00618207
0.692 0.00577463
0.694 0.00539188
0.696 0.00503248
0.698 0.00469517
0.7 0.00437871
0.702 0.00408195
0.704 0.00380377
0.706 0.00354314
0.708 0.00329905
0.71 0.00307054
0.712 0.00285672
0.714 0.00265672
0.716 0.00246974
0.718 0.002295
0.72 0.00213177
0.722 0.00197936
0.724 0.00183711
0.726 0.0017044
0.728 0.00158065
0.73 0.00146529
0.732 0.00135781
0.734 0.00125771
0.736 0.00116452
0.738 0.00107781
0.74 0.000997157
0.742 0.000922169
0.744 0.000852479
0.746 0.00078774
0.748 0.000727627
0.75 0.000671832
0.752 0.000620067
0.754 0.000572062
0.756 0.000527563
0.758 0.00048633
0.76 0.000448141
0.762 0.000412785
0.764 0.000380067
0.766 0.000349802
0.768 0.000321818
0.77 0.000295955
0.772 0.000272061
0.774 0.000249997
0.776 0.00022963
0.778 0.000210837
0.78 0.000193506
0.782 0.000177528
0.784 0.000162804
0.786 0.000149242
0.788 0.000136754
0.79 0.000125262
0.792 0.000114689
0.794 0.000104967
0.796 9.60306e-05
0.798 8.78197e-05
0.8 8.02789e-05
0.802 7.33561e-05
0.804 6.70036e-05
0.806 6.11767e-05
0.808 5.58342e-05
0.81 5.09378e-05
0.812 4.64523e-05
0.814 4.23448e-05
0.816 3.85851e-05
0.818 3.51451e-05
0.82 3.1999e-05
0.822 2.91229e-05
0.824 2.64947e-05
0.826 2.40941e-05
0.828 2.19022e-05
0.83 1.99017e-05
0.832 1.80767e-05
0.834 1.64125e-05
0.836 1.48956e-05
0.838 1.35134e-05
0.84 1.22546e-05
0.842 1.11086e-05
0.844 1.00658e-05
0.846 9.11721e-06
0.848 8.25471e-06
0.85 7.47081e-06
0.852 6.75865e-06
0.854 6.11193e-06
0.856 5.52489e-06
0.858 4.99223e-06
0.86 4.50912e-06
0.862 4.07114e-06
0.864 3.67423e-06
0.866 3.31468e-06
0.868 2.98913e-06
0.87 2.69447e-06
0.872 2.42789e-06
0.874 2.1868e-06
0.876 1.96887e-06
0.878 1.77195e-06
0.88 1.59409e-06
0.882 1.4335e-06
0.884 1.28858e-06
0.886 1.15785e-06
0.888 1.03996e-06
0.89 9.337e-07
0.892 8.37964e-07
0.894 7.51744e-07
0.896 6.74125e-07
0.898 6.04279e-07
0.9 5.41453e-07
0.902 4.84965e-07
0.904 4.34197e-07
0.906 3.88587e-07
0.908 3.4763e-07
0.91 3.10866e-07
0.912 2.77878e-07
0.914 2.48292e-07
0.916 2.21768e-07
0.918 1.97998e-07
0.92 1.76705e-07
0.922 1.57639e-07
0.924 1.40575e-07
0.926 1.25308e-07
0.928 1.11655e-07
0.93 9.94507e-08
0.932 8.85453e-08
0.934 7.88051e-08
0.936 7.01091e-08
0.938 6.23488e-08
0.94 5.54265e-08
0.942 4.92545e-08
0.944 4.37538e-08
0.946 3.88536e-08
0.948 3.44906e-08
0.95 3.06077e-08
0.952 2.71538e-08
0.954 2.40832e-08
0.956 2.13549e-08
0.958 1.89324e-08
0.96 1.67827e-08
0.962 1.48767e-08
0.964 1.31883e-08
0.966 1.1694e-08
0.968 1.03731e-08
0.97 9.20728e-09
0.972 8.17999e-09
0.974 7.27672e-09
0.976 6.48461e-09
0.978 5.79233e-09
0.98 5.18989e-09
0.982 4.66859e-09
0.984 4.22085e-09
0.986 3.84012e-09
0.988 3.52082e-09
0.99 3.25825e-09
0.992 3.04853e-09
0.994 2.88856e-09
0.996 2.77597e-09
0.998 2.70908e-09
