-1 3.65561e-10
-0.998 3.68873e-10
-0.996 3.78861e-10
-0.994 3.9569e-10
-0.992 4.19639e-10
-0.99 4.51099e-10
-0.988 4.90588e-10
-0.986 5.38751e-10
-0.984 5.96373e-10
-0.982 6.64391e-10
-0.98 7.43904e-10
-0.978 8.36195e-10
-0.976 9.42742e-10
-0.974 1.06525e-09
-0.972 1.20565e-09
-0.97 1.36618e-09
-0.968 1.54934e-09
-0.966 1.75799e-09
-0.964 1.99538e-09
-0.962 2.26516e-09
-0.96 2.57146e-09
-0.958 2.91895e-09
-0.956 3.31289e-09
-0.954 3.75918e-09
-0.952 4.2645e-09
-0.95 4.83634e-09
-0.948 5.48311e-09
-0.946 6.21429e-09
-0.944 7.04049e-09
-0.942 7.97363e-09
-0.94 9.0271e-09
-0.938 1.02159e-08
-0.936 1.15568e-08
-0.934 1.30686e-08
-0.932 1.47724e-08
-0.93 1.66918e-08
-0.928 1.88532e-08
-0.926 2.1286e-08
-0.924 2.40232e-08
-0.922 2.71016e-08
-0.92 3.05623e-08
-0.918 3.44512e-08
-0.916 3.88194e-08
-0.914 4.3724e-08
-0.912 4.92287e-08
-0.91 5.54042e-08
-0.908 6.23294e-08
-0.906 7.00923e-08
-0.904 7.87905e-08
-0.902 8.85328e-08
-0.9 9.94398e-08
-0.898 1.11646e-07
-0.896 1.253e-07
-0.894 1.40568e-07
-0.892 1.57634e-07
-0.89 1.767e-07
-0.888 1.97993e-07
-0.886 2.21764e-07
-0.884 2.48289e-07
-0.882 2.77876e-07
-0.88 3.10863e-07
-0.878 3.47628e-07
-0.876 3.88586e-07
-0.874 4.34195e-07
-0.872 4.84964e-07
-0.87 5.41452e-07
-0.868 6.04278e-07
-0.866 6.74125e-07
-0.864 7.51744e-07
-0.862 8.37964e-07
-0.86 9.33701e-07
-0.858 1.03996e-06
-0.856 1.15785e-06
-0.854 1.28858e-06
-0.852 1.4335e-06
-0.85 1.59409e-06
-0.848 1.77195e-06
-0.846 1.96887e-06
-0.844 2.18681e-06
-0.842 2.42789e-06
-0.84 2.69447e-06
-0.838 2.98913e-06
-0.836 3.31469e-06
-0.834 3.67423e-06
-0.832 4.07114e-06
-0.83 4.50913e-06
-0.828 4.99223e-06
-0.826 5.52489e-06
-0.824 6.11194e-06
-0.822 6.75865e-06
-0.82 7.47081e-06
-0.818 8.25471e-06
-0.816 9.11721e-06
-0.814 1.00658e-05
-0.812 1.11087e-05
-0.81 1.22546e-05
-0.808 1.35134e-05
-0.806 1.48956e-05
-0.804 1.64125e-05
-0.802 1.80767e-05
-0.8 1.99017e-05
-0.798 2.19022e-05
-0.796 2.40941e-05
-0.794 2.64947e-05
-0.792 2.91229e-05
-0.79 3.1999e-05
-0.788 3.51451e-05
-0.786 3.85851e-05
-0.784 4.23448e-05
-0.782 4.64523e-05
-0.78 5.09378e-05
-0.778 5.58342e-05
-0.776 6.11767e-05
-0.774 6.70036e-05
-0.772 7.33562e-05
-0.77 8.02789e-05
-0.768 8.78198e-05
-0.766 9.60306e-05
-0.764 0.000104967
-0.762 0.000114689
-0.76 0.000125262
-0.758 0.000136754
-0.756 0.000149242
-0.754 0.000162804
-0.752 0.000177528
-0.75 0.000193506
-0.748 0.000210837
-0.746 0.00022963
-0.744 0.000249997
-0.742 0.000272061
-0.74 0.000295955
-0.738 0.000321818
-0.736 0.000349802
-0.734 0.000380067
-0.732 0.000412785
-0.73 0.000448141
-0.728 0.00048633
-0.726 0.000527563
-0.724 0.000572062
-0.722 0.000620067
-0.72 0.000671832
-0.718 0.000727627
-0.716 0.00078774
-0.714 0.000852479
-0.712 0.000922169
-0.71 0.000997157
-0.708 0.00107781
-0.706 0.00116452
-0.704 0.00125771
-0.702 0.00135781
-0.7 0.00146529
-0.698 0.00158065
-0.696 0.0017044
-0.694 0.00183711
-0.692 0.00197936
-0.69 0.00213177
-0.688 0.002295
-0.686 0.00246974
-0.684 0.00265672
-0.682 0.00285672
-0.68 0.00307054
-0.678 0.00329905
-0.676 0.00354314
-0.674 0.00380377
-0.672 0.00408195
-0.67 0.00437871
-0.668 0.00469517
-0.666 0.00503248
-0.664 0.00539188
-0.662 0.00577463
-0.66 0.00618207
-0.658 0.00661562
-0.656 0.00707674
-0.654 0.00756698
-0.652 0.00808794
-0.65 0.00864131
-0.648 0.00922885
-0.646 0.00985239
-0.644 0.0105139
-0.642 0.0112152
-0.64 0.0119586
-0.638 0.0127462
-0.636 0.0135802
-0.634 0.014463
-0.632 0.015397
-0.63 0.0163848
-0.628 0.017429
-0.626 0.0185323
-0.624 0.0196975
-0.622 0.0209277
-0.62 0.0222258
-0.618 0.023595
-0.616 0.0250385
-0.614 0.0265597
-0.612 0.028162
-0.61 0.0298491
-0.608 0.0316246
-0.606 0.0334923
-0.604 0.0354561
-0.602 0.03752
-0.6 0.0396882
-0.598 0.0419649
-0.596 0.0443545
-0.594 0.0468614
-0.592 0.0494902
-0.59 0.0522455
-0.588 0.0551322
-0.586 0.0581551
-0.584 0.0613193
-0.582 0.0646297
-0.58 0.0680916
-0.578 0.0717103
-0.576 0.0754911
-0.574 0.0794394
-0.572 0.0835608
-0.57 0.0878608
-0.568 0.0923452
-0.566 0.0970197
-0.564 0.10189
-0.562 0.106962
-0.56 0.112242
-0.558 0.117735
-0.556 0.123447
-0.554 0.129385
-0.552 0.135555
-0.55 0.141961
-0.548 0.148611
-0.546 0.155511
-0.544 0.162665
-0.542 0.170081
-0.54 0.177764
-0.538 0.185719
-0.536 0.193953
-0.534 0.202471
-0.532 0.211278
-0.53 0.22038
-0.528 0.229783
-0.526 0.239491
-0.524 0.249509
-0.522 0.259842
-0.52 0.270495
-0.518 0.281472
-0.516 0.292778
-0.514 0.304416
-0.512 0.31639
-0.51 0.328703
-0.508 0.341359
-0.506 0.35436
-0.504 0.36771
-0.502 0.38141
-0.5 0.395462
-0.498 0.409868
-0.496 0.424628
-0.494 0.439745
-0.492 0.455217
-0.49 0.471045
-0.488 0.487229
-0.486 0.503767
-0.484 0.520658
-0.482 0.537901
-0.48 0.555492
-0.478 0.573429
-0.476 0.591709
-0.474 0.610327
-0.472 0.629279
-0.47 0.64856
-0.468 0.668164
-0.466 0.688086
-0.464 0.708319
-0.462 0.728855
-0.46 0.749686
-0.458 0.770804
-0.456 0.7922
-0.454 0.813865
-0.452 0.835787
-0.45 0.857957
-0.448 0.880363
-0.446 0.902992
-0.444 0.925833
-0.442 0.948872
-0.44 0.972096
-0.438 0.995489
-0.436 1.01904
-0.434 1.04273
-0.432 1.06654
-0.43 1.09046
-0.428 1.11447
-0.426 1.13855
-0.424 1.16269
-0.422 1.18687
-0.42 1.21106
-0.418 1.23526
-0.416 1.25943
-0.414 1.28356
-0.412 1.30763
-0.41 1.33162
-0.408 1.35551
-0.406 1.37928
-0.404 1.4029
-0.402 1.42635
-0.4 1.44962
-0.398 1.47267
-0.396 1.4955
-0.394 1.51807
-0.392 1.54036
-0.39 1.56236
-0.388 1.58404
-0.386 1.60538
-0.384 1.62635
-0.382 1.64694
-0.38 1.66712
-0.378 1.68688
-0.376 1.70618
-0.374 1.72502
-0.372 1.74337
-0.37 1.76121
-0.368 1.77852
-0.366 1.79528
-0.364 1.81147
-0.362 1.82708
-0.36 1.84209
-0.358 1.85647
-0.356 1.87023
-0.354 1.88333
-0.352 1.89576
-0.35 1.90751
-0.348 1.91857
-0.346 1.92892
-0.344 1.93855
-0.342 1.94745
-0.34 1.9556
-0.338 1.96301
-0.336 1.96966
-0.334 1.97553
-0.332 1.98064
-0.33 1.98496
-0.328 1.9885
-0.326 1.99124
-0.324 1.99319
-0.322 1.99435
-0.32 1.99471
-0.318 1.99427
-0.316 1.99304
-0.314 1.991
-0.312 1.98818
-0.31 1.98456
-0.308 1.98016
-0.306 1.97498
-0.304 1.96903
-0.302 1.9623
-0.3 1.95482
-0.298 1.94659
-0.296 1.93762
-0.294 1.92791
-0.292 1.91749
-0.29 1.90637
-0.288 1.89455
-0.286 1.88204
-0.284 1.86888
-0.282 1.85506
-0.28 1.84061
-0.278 1.82555
-0.276 1.80988
-0.274 1.79363
-0.272 1.77681
-0.27 1.75945
-0.268 1.74156
-0.266 1.72316
-0.264 1.70427
-0.262 1.68492
-0.26 1.66512
-0.258 1.6449
-0.256 1.62427
-0.254 1.60326
-0.252 1.58189
-0.25 1.56018
-0.248 1.53815
-0.246 1.51582
-0.244 1.49323
-0.242 1.47038
-0.24 1.4473
-0.238 1.42401
-0.236 1.40054
-0.234 1.37691
-0.232 1.35313
-0.23 1.32923
-0.228 1.30523
-0.226 1.28115
-0.224 1.25701
-0.222 1.23284
-0.22 1.20864
-0.218 1.18445
-0.216 1.16028
-0.214 1.13614
-0.212 1.11207
-0.21 1.08806
-0.208 1.06415
-0.206 1.04035
-0.204 1.01668
-0.202 0.993145
-0.2 0.969768
-0.198 0.946563
-0.196 0.923543
-0.194 0.900723
-0.192 0.878116
-0.19 0.855734
-0.188 0.833589
-0.186 0.811692
-0.184 0.790054
-0.182 0.768686
-0.18 0.747597
-0.178 0.726796
-0.176 0.706291
-0.174 0.68609
-0.172 0.6662
-0.17 0.646629
-0.168 0.627382
-0.166 0.608464
-0.164 0.589882
-0.162 0.571638
-0.16 0.553737
-0.158 0.536183
-0.156 0.518977
-0.154 0.502124
-0.152 0.485623
-0.15 0.469478
-0.148 0.453689
-0.146 0.438255
-0.144 0.423178
-0.142 0.408457
-0.14 0.394091
-0.138 0.380079
-0.136 0.36642
-0.134 0.353111
-0.132 0.34015
-0.13 0.327536
-0.128 0.315264
-0.126 0.303332
-0.124 0.291736
-0.122 0.280474
-0.12 0.269539
-0.118 0.25893
-0.116 0.248641
-0.114 0.238667
-0.112 0.229005
-0.11 0.219648
-0.108 0.210593
-0.106 0.201833
-0.104 0.193364
-0.102 0.185181
-0.1 0.177277
-0.098 0.169647
-0.096 0.162285
-0.094 0.155186
-0.092 0.148345
-0.09 0.141754
-0.088 0.135409
-0.086 0.129304
-0.084 0.123433
-0.082 0.117791
-0.08 0.112371
-0.078 0.107167
-0.076 0.102176
-0.074 0.0973893
-0.072 0.0928033
-0.07 0.088412
-0.068 0.0842102
-0.066 0.0801924
-0.064 0.0763536
-0.062 0.0726887
-0.06 0.0691927
-0.058 0.0658607
-0.056 0.062688
-0.054 0.05967
-0.052 0.0568022
-0.05 0.0540802
-0.048 0.0514999
-0.046 0.049057
-0.044 0.0467478
-0.042 0.0445684
-0.04 0.0425151
-0.038 0.0405845
-0.036 0.0387732
-0.034 0.0370782
-0.032 0.0354962
-0.03 0.0340246
-0.028 0.0326606
-0.026 0.0314017
-0.024 0.0302456
-0.022 0.02919
-0.02 0.028233
-0.018 0.0273727
-0.016 0.0266075
-0.014 0.0259358
-0.012 0.0253564
-0.01 0.024868
-0.008 0.0244698
-0.006 0.0241608
-0.004 0.0239406
-0.002 0.0238087
0 0.0237647
0.002 0.0238087
0.004 0.0239406
0.006 0.0241608
0.008 0.0244698
0.01 0.024868
0.012 0.0253564
0.014 0.0259358
0.016 0.0266075
0.018 0.0273727
0.02 0.028233
0.022 0.02919
0.024 0.0302456
0.026 0.0314017
0.028 0.0326606
0.03 0.0340246
0.032 0.0354962
0.034 0.0370782
0.036 0.0387732
0.038 0.0405845
0.04 0.0425151
0.042 0.0445684
0.044 0.0467478
0.046 0.049057
0.048 0.0514999
0.05 0.0540802
0.052 0.0568022
0.054 0.05967
0.056 0.062688
0.058 0.0658607
0.06 0.0691927
0.062 0.0726887
0.064 0.0763536
0.066 0.0801924
0.068 0.0842102
0.07 0.088412
0.072 0.0928033
0.074 0.0973893
0.076 0.102176
0.078 0.107167
0.08 0.112371
0.082 0.117791
0.084 0.123433
0.086 0.129304
0.088 0.135409
0.09 0.141754
0.092 0.148345
0.094 0.155186
0.096 0.162285
0.098 0.169647
0.1 0.177277
0.102 0.185181
0.104 0.193364
0.106 0.201833
0.108 0.210593
0.11 0.219648
0.112 0.229005
0.114 0.238667
0.116 0.248641
0.118 0.25893
0.12 0.269539
0.122 0.280474
0.124 0.291736
0.126 0.303332
0.128 0.315264
0.13 0.327536
0.132 0.34015
0.134 0.353111
0.136 0.36642
0.138 0.380079
0.14 0.394091
0.142 0.408457
0.144 0.423178
0.146 0.438255
0.148 0.453689
0.15 0.469478
0.152 0.485623
0.154 0.502124
0.156 0.518977
0.158 0.536183
0.16 0.553737
0.162 0.571638
0.164 0.589882
0.166 0.608464
0.168 0.627382
0.17 0.646629
0.172 0.6662
0.174 0.68609
0.176 0.706291
0.178 0.726796
0.18 0.747597
0.182 0.768686
0.184 0.790054
0.186 0.811692
0.188 0.833589
0.19 0.855734
0.192 0.878116
0.194 0.900723
0.196 0.923543
0.198 0.946563
0.2 0.969768
0.202 0.993145
0.204 1.01668
0.206 1.04035
0.208 1.06415
0.21 1.08806
0.212 1.11207
0.214 1.13614
0.216 1.16028
0.218 1.18445
0.22 1.20864
0.222 1.23284
0.224 1.25701
0.226 1.28115
0.228 1.30523
0.23 1.32923
0.232 1.35313
0.234 1.37691
0.236 1.40054
0.238 1.42401
0.24 1.4473
0.242 1.47038
0.244 1.49323
0.246 1.51582
0.248 1.53815
0.25 1.56018
0.252 1.58189
0.254 1.60326
0.256 1.62427
0.258 1.6449
0.26 1.66512
0.262 1.68492
0.264 1.70427
0.266 1.72316
0.268 1.74156
0.27 1.75945
0.272 1.77681
0.274 1.79363
0.276 1.80988
0.278 1.82555
0.28 1.84061
0.282 1.85506
0.284 1.86888
0.286 1.88204
0.288 1.89455
0.29 1.90637
0.292 1.91749
0.294 1.92791
0.296 1.93762
0.298 1.94659
0.3 1.95482
0.302 1.9623
0.304 1.96903
0.306 1.97498
0.308 1.98016
0.31 1.98456
0.312 1.98818
0.314 1.991
0.316 1.99304
0.318 1.99427
0.32 1.99471
0.322 1.99435
0.324 1.99319
0.326 1.99124
0.328 1.9885
0.33 1.98496
0.332 1.98064
0.334 1.97553
0.336 1.96966
0.338 1.96301
0.34 1.9556
0.342 1.94745
0.344 1.93855
0.346 1.92892
0.348 1.91857
0.35 1.90751
0.352 1.89576
0.354 1.88333
0.356 1.87023
0.358 1.85647
0.36 1.84209
0.362 1.82708
0.364 1.81147
0.366 1.79528
0.368 1.77852
0.37 1.76121
0.372 1.74337
0.374 1.72502
0.376 1.70618
0.378 1.68688
0.38 1.66712
0.382 1.64694
0.384 1.62635
0.386 1.60538
0.388 1.58404
0.39 1.56236
0.392 1.54036
0.394 1.51807
0.396 1.4955
0.398 1.47267
0.4 1.44962
0.402 1.42635
0.404 1.4029
0.406 1.37928
0.408 1.35551
0.41 1.33162
0.412 1.30763
0.414 1.28356
0.416 1.25943
0.418 1.23526
0.42 1.21106
0.422 1.18687
0.424 1.16269
0.426 1.13855
0.428 1.11447
0.43 1.09046
0.432 1.06654
0.434 1.04273
0.436 1.01904
0.438 0.995489
0.44 0.972096
0.442 0.948872
0.444 0.925833
0.446 0.902992
0.448 0.880363
0.45 0.857957
0.452 0.835787
0.454 0.813865
0.456 0.7922
0.458 0.770804
0.46 0.749686
0.462 0.728855
0.464 0.708319
0.466 0.688086
0.468 0.668164
0.47 0.64856
0.472 0.629279
0.474 0.610327
0.476 0.591709
0.478 0.573429
0.48 0.555492
0.482 0.537901
0.484 0.520658
0.486 0.503767
0.488 0.487229
0.49 0.471045
0.492 0.455217
0.494 0.439745
0.496 0.424628
0.498 0.409868
0.5 0.395462
0.502 0.38141
0.504 0.36771
0.506 0.35436
0.508 0.341359
0.51 0.328703
0.512 0.31639
0.514 0.304416
0.516 0.292778
0.518 0.281472
0.52 0.270495
0.522 0.259842
0.524 0.249509
0.526 0.239491
0.528 0.229783
0.53 0.22038
0.532 0.211278
0.534 0.202471
0.536 0.193953
0.538 0.185719
0.54 0.177764
0.542 0.170081
0.544 0.162665
0.546 0.155511
0.548 0.148611
0.55 0.141961
0.552 0.135555
0.554 0.129385
0.556 0.123447
0.558 0.117735
0.56 0.112242
0.562 0.106962
0.564 0.10189
0.566 0.0970197
0.568 0.0923452
0.57 0.0878608
0.572 0.0835608
0.574 0.0794394
0.576 0.0754911
0.578 0.0717103
0.58 0.0680916
0.582 0.0646297
0.584 0.0613193
0.586 0.0581551
0.588 0.0551322
0.59 0.0522455
0.592 0.0494902
0.594 0.0468614
0.596 0.0443545
0.598 0.0419649
0.6 0.0396882
0.602 0.03752
0.604 0.0354561
0.606 0.0334923
0.608 0.0316246
0.61 0.0298491
0.612 0.028162
0.614 0.0265597
0.616 0.0250385
0.618 0.023595
0.62 0.0222258
0.622 0.0209277
0.624 0.0196975
0.626 0.0185323
0.628 0.017429
0.63 0.0163848
0.632 0.015397
0.634 0.014463
0.636 0.0135802
0.638 0.0127462
0.64 0.0119586
0.642 0.0112152
0.644 0.0105139
0.646 0.00985239
0.648 0.00922885
0.65 0.00864131
0.652 0.00808794
0.654 0.00756698
0.656 0.00707674
0.658 0.00661562
0.66 0.00618207
0.662 0.00577463
0.664 0.00539188
0.666 0.00503248
0.668 0.00469517
0.67 0.00437871
0.672 0.00408195
0.674 0.00380377
0.676 0.00354314
0.678 0.00329905
0.68 0.00307054
0.682 0.00285672
0.684 0.00265672
0.686 0.00246974
0.688 0.002295
0.69 0.00213177
0.692 0.00197936
0.694 0.00183711
0.696 0.0017044
0.698 0.00158065
0.7 0.00146529
0.702 0.00135781
0.704 0.00125771
0.706 0.00116452
0.708 0.00107781
0.71 0.000997157
0.712 0.000922169
0.714 0.000852479
0.716 0.00078774
0.718 0.000727627
0.72 0.000671832
0.722 0.000620067
0.724 0.000572062
0.726 0.000527563
0.728 0.00048633
0.73 0.000448141
0.732 0.000412785
0.734 0.000380067
0.736 0.000349802
0.738 0.000321818
0.74 0.000295955
0.742 0.000272061
0.744 0.000249997
0.746 0.00022963
0.748 0.000210837
0.75 0.000193506
0.752 0.000177528
0.754 0.000162804
0.756 0.000149242
0.758 0.000136754
0.76 0.000125262
0.762 0.000114689
0.764 0.000104967
0.766 9.60306e-05
0.768 8.78198e-05
0.77 8.02789e-05
0.772 7.33562e-05
0.774 6.70036e-05
0.776 6.11767e-05
0.778 5.58342e-05
0.78 5.09378e-05
0.782 4.64523e-05
0.784 4.23448e-05
0.786 3.85851e-05
0.788 3.51451e-05
0.79 3.1999e-05
0.792 2.91229e-05
0.794 2.64947e-05
0.796 2.40941e-05
0.798 2.19022e-05
0.8 1.99017e-05
0.802 1.80767e-05
0.804 1.64125e-05
0.806 1.48956e-05
0.808 1.35134e-05
0.81 1.22546e-05
0.812 1.11087e-05
0.814 1.00658e-05
0.816 9.11721e-06
0.818 8.25471e-06
0.82 7.47081e-06
0.822 6.75865e-06
0.824 6.11194e-06
0.826 5.52489e-06
0.828 4.99223e-06
0.83 4.50913e-06
0.832 4.07114e-06
0.834 3.67423e-06
0.836 3.31469e-06
0.838 2.98913e-06
0.84 2.69447e-06
0.842 2.42789e-06
0.844 2.18681e-06
0.846 1.96887e-06
0.848 1.77195e-06
0.85 1.59409e-06
0.852 1.4335e-06
0.854 1.28858e-06
0.856 1.15785e-06
0.858 1.03996e-06
0.86 9.33701e-07
0.862 8.37964e-07
0.864 7.51744e-07
0.866 6.74125e-07
0.868 6.04278e-07
0.87 5.41452e-07
0.872 4.84964e-07
0.874 4.34195e-07
0.876 3.88586e-07
0.878 3.47628e-07
0.88 3.10863e-07
0.882 2.77876e-07
0.884 2.48289e-07
0.886 2.21764e-07
0.888 1.97993e-07
0.89 1.767e-07
0.892 1.57634e-07
0.894 1.40568e-07
0.896 1.253e-07
0.898 1.11646e-07
0.9 9.94398e-08
0.902 8.85328e-08
0.904 7.87905e-08
0.906 7.00923e-08
0.908 6.23294e-08
0.91 5.54042e-08
0.912 4.92287e-08
0.914 4.3724e-08
0.916 3.88194e-08
0.918 3.44512e-08
0.92 3.05623e-08
0.922 2.71016e-08
0.924 2.40232e-08
0.926 2.1286e-08
0.928 1.88532e-08
0.93 1.66918e-08
0.932 1.47724e-08
0.934 1.30686e-08
0.936 1.15568e-08
0.938 1.02159e-08
0.94 9.0271e-09
0.942 7.97363e-09
0.944 7.04049e-09
0.946 6.21429e-09
0.948 5.48311e-09
0.95 4.83634e-09
0.952 4.2645e-09
0.954 3.75918e-09
0.956 3.31289e-09
0.958 2.91895e-09
0.96 2.57146e-09
0.962 2.26516e-09
0.964 1.99538e-09
0.966 1.75799e-09
0.968 1.54934e-09
0.97 1.36618e-09
0.972 1.20565e-09
0.974 1.06525e-09
0.976 9.42742e-10
0.978 8.36195e-10
0.98 7.43904e-10
0.982 6.64391e-10
0.984 5.96373e-10
0.986 5.38751e-10
0.988 4.90588e-10
0.99 4.51099e-10
0.992 4.19639e-10
0.994 3.9569e-10
0.996 3.78861e-10
0.998 3.68873e-10
