-1 0.198928
-0.99 0.199494
-0.98 0.199214
-0.97 0.200043
-0.96 0.200109
-0.95 0.201061
-0.94 0.201708
-0.93 0.202474
-0.92 0.203951
-0.91 0.204549
-0.9 0.206299
-0.89 0.207825
-0.88 0.208766
-0.87 0.211074
-0.86 0.213234
-0.85 0.214207
-0.84 0.21617
-0.83 0.220611
-0.82 0.226793
-0.81 0.233574
-0.8 0.240477
-0.79 0.247452
-0.78 0.254525
-0.77 0.261705
-0.76 0.26899
-0.75 0.276376
-0.74 0.283862
-0.73 0.291444
-0.72 0.29912
-0.71 0.306886
-0.7 0.314739
-0.69 0.322676
-0.68 0.330692
-0.67 0.338785
-0.66 0.346949
-0.65 0.355182
-0.64 0.363477
-0.63 0.371832
-0.62 0.380241
-0.61 0.388699
-0.6 0.397201
-0.59 0.405743
-0.58 0.414318
-0.57 0.422922
-0.56 0.431549
-0.55 0.440192
-0.54 0.448847
-0.53 0.457506
-0.52 0.466165
-0.51 0.474816
-0.5 0.483454
-0.49 0.492072
-0.48 0.500663
-0.47 0.509221
-0.46 0.517739
-0.45 0.526211
-0.44 0.534629
-0.43 0.542986
-0.42 0.551277
-0.41 0.559493
-0.4 0.567628
-0.39 0.575676
-0.38 0.583628
-0.37 0.591478
-0.36 0.599219
-0.35 0.606844
-0.34 0.614346
-0.33 0.621719
-0.32 0.628956
-0.31 0.636049
-0.3 0.642992
-0.29 0.64978
-0.28 0.656404
-0.27 0.66286
-0.26 0.66914
-0.25 0.675239
-0.24 0.68115
-0.23 0.686868
-0.22 0.692388
-0.21 0.697703
-0.2 0.702808
-0.19 0.707699
-0.18 0.71237
-0.17 0.716817
-0.16 0.721034
-0.15 0.725019
-0.14 0.728766
-0.13 0.732272
-0.12 0.735533
-0.11 0.738546
-0.1 0.741307
-0.09 0.743815
-0.08 0.746065
-0.07 0.748057
-0.06 0.749787
-0.05 0.751254
-0.04 0.752456
-0.03 0.753393
-0.02 0.754062
-0.01 0.754465
0 0.754599
0.01 0.754465
0.02 0.754062
0.03 0.753393
0.04 0.752456
0.05 0.751254
0.06 0.749787
0.07 0.748057
0.08 0.746065
0.09 0.743815
0.1 0.741307
0.11 0.738546
0.12 0.735533
0.13 0.732272
0.14 0.728766
0.15 0.725019
0.16 0.721034
0.17 0.716817
0.18 0.71237
0.19 0.707699
0.2 0.702808
0.21 0.697703
0.22 0.692388
0.23 0.686868
0.24 0.68115
0.25 0.675239
0.26 0.66914
0.27 0.66286
0.28 0.656404
0.29 0.64978
0.3 0.642992
0.31 0.636049
0.32 0.628956
0.33 0.621719
0.34 0.614346
0.35 0.606844
0.36 0.599219
0.37 0.591478
0.38 0.583628
0.39 0.575676
0.4 0.567628
0.41 0.559493
0.42 0.551277
0.43 0.542986
0.44 0.534629
0.45 0.526211
0.46 0.517739
0.47 0.509221
0.48 0.500663
0.49 0.492072
0.5 0.483454
0.51 0.474816
0.52 0.466165
0.53 0.457506
0.54 0.448847
0.55 0.440192
0.56 0.431549
0.57 0.422922
0.58 0.414318
0.59 0.405743
0.6 0.397201
0.61 0.388699
0.62 0.380241
0.63 0.371832
0.64 0.363477
0.65 0.355182
0.66 0.346949
0.67 0.338785
0.68 0.330692
0.69 0.322676
0.7 0.314739
0.71 0.306886
0.72 0.29912
0.73 0.291444
0.74 0.283862
0.75 0.276376
0.76 0.26899
0.77 0.261705
0.78 0.254525
0.79 0.247452
0.8 0.240477
0.81 0.233574
0.82 0.226793
0.83 0.220611
0.84 0.21617
0.85 0.214207
0.86 0.213234
0.87 0.211074
0.88 0.208766
0.89 0.207825
0.9 0.206299
0.91 0.204549
0.92 0.203951
0.93 0.202474
0.94 0.201708
0.95 0.201061
0.96 0.200109
0.97 0.200043
0.98 0.199214
0.99 0.199494
