-1 0.32941
-0.99 0.329596
-0.98 0.329626
-0.97 0.329973
-0.96 0.330274
-0.95 0.33072
-0.94 0.331351
-0.93 0.331834
-0.92 0.332828
-0.91 0.333341
-0.9 0.334636
-0.89 0.335304
-0.88 0.336672
-0.87 0.337764
-0.86 0.338925
-0.85 0.340584
-0.84 0.341611
-0.83 0.343431
-0.82 0.344935
-0.81 0.346312
-0.8 0.348447
-0.79 0.349889
-0.78 0.351597
-0.77 0.353912
-0.76 0.355428
-0.75 0.357208
-0.74 0.359749
-0.73 0.361537
-0.72 0.363019
-0.71 0.365542
-0.7 0.368183
-0.69 0.369663
-0.68 0.37089
-0.67 0.373622
-0.66 0.378349
-0.65 0.384333
-0.64 0.390732
-0.63 0.397147
-0.62 0.403503
-0.61 0.409817
-0.6 0.416101
-0.59 0.422357
-0.58 0.428579
-0.57 0.434763
-0.56 0.440907
-0.55 0.447007
-0.54 0.453059
-0.53 0.45906
-0.52 0.465007
-0.51 0.470897
-0.5 0.476726
-0.49 0.482491
-0.48 0.488189
-0.47 0.493817
-0.46 0.499372
-0.45 0.504851
-0.44 0.510251
-0.43 0.515569
-0.42 0.520802
-0.41 0.525948
-0.4 0.531003
-0.39 0.535967
-0.38 0.540834
-0.37 0.545605
-0.36 0.550275
-0.35 0.554842
-0.34 0.559306
-0.33 0.563662
-0.32 0.56791
-0.31 0.572046
-0.3 0.57607
-0.29 0.579979
-0.28 0.583771
-0.27 0.587446
-0.26 0.591
-0.25 0.594433
-0.24 0.597742
-0.23 0.600927
-0.22 0.603987
-0.21 0.606919
-0.2 0.609723
-0.19 0.612397
-0.18 0.61494
-0.17 0.617352
-0.16 0.619631
-0.15 0.621776
-0.14 0.623787
-0.13 0.625662
-0.12 0.627402
-0.11 0.629004
-0.1 0.63047
-0.09 0.631797
-0.08 0.632986
-0.07 0.634037
-0.06 0.634948
-0.05 0.635719
-0.04 0.636351
-0.03 0.636842
-0.02 0.637193
-0.01 0.637404
0 0.637474
0.01 0.637404
0.02 0.637193
0.03 0.636842
0.04 0.636351
0.05 0.635719
0.06 0.634948
0.07 0.634037
0.08 0.632986
0.09 0.631797
0.1 0.63047
0.11 0.629004
0.12 0.627402
0.13 0.625662
0.14 0.623787
0.15 0.621776
0.16 0.619631
0.17 0.617352
0.18 0.61494
0.19 0.612397
0.2 0.609723
0.21 0.606919
0.22 0.603987
0.23 0.600927
0.24 0.597742
0.25 0.594433
0.26 0.591
0.27 0.587446
0.28 0.583771
0.29 0.579979
0.3 0.57607
0.31 0.572046
0.32 0.56791
0.33 0.563662
0.34 0.559306
0.35 0.554842
0.36 0.550275
0.37 0.545605
0.38 0.540834
0.39 0.535967
0.4 0.531003
0.41 0.525948
0.42 0.520802
0.43 0.515569
0.44 0.510251
0.45 0.504851
0.46 0.499372
0.47 0.493817
0.48 0.488189
0.49 0.482491
0.5 0.476726
0.51 0.470897
0.52 0.465007
0.53 0.45906
0.54 0.453059
0.55 0.447007
0.56 0.440907
0.57 0.434763
0.58 0.428579
0.59 0.422357
0.6 0.416101
0.61 0.409817
0.62 0.403503
0.63 0.397147
0.64 0.390732
0.65 0.384333
0.66 0.378349
0.67 0.373622
0.68 0.37089
0.69 0.369663
0.7 0.368183
0.71 0.365542
0.72 0.363019
0.73 0.361537
0.74 0.359749
0.75 0.357208
0.76 0.355428
0.77 0.353912
0.78 0.351597
0.79 0.349889
0.8 0.348447
0.81 0.346312
0.82 0.344935
0.83 0.343431
0.84 0.341611
0.85 0.340584
0.86 0.338925
0.87 0.337764
0.88 0.336672
0.89 0.335304
0.9 0.334636
0.91 0.333341
0.92 0.332828
0.93 0.331834
0.94 0.331351
0.95 0.33072
0.96 0.330274
0.97 0.329973
0.98 0.329626
0.99 0.329596
