-1 0.320693
-0.99 0.320896
-0.98 0.32089
-0.97 0.321345
-0.96 0.321483
-0.95 0.322228
-0.94 0.322483
-0.93 0.323512
-0.92 0.323921
-0.91 0.325133
-0.9 0.325842
-0.89 0.327029
-0.88 0.328239
-0.87 0.32924
-0.86 0.330944
-0.85 0.331971
-0.84 0.333696
-0.83 0.335315
-0.82 0.336621
-0.81 0.33877
-0.8 0.34031
-0.79 0.341967
-0.78 0.344344
-0.77 0.345961
-0.76 0.347737
-0.75 0.350345
-0.74 0.352257
-0.73 0.353799
-0.72 0.356383
-0.71 0.359147
-0.7 0.360758
-0.69 0.362092
-0.68 0.364938
-0.67 0.369802
-0.66 0.375937
-0.65 0.382492
-0.64 0.389068
-0.63 0.395593
-0.62 0.402086
-0.61 0.408558
-0.6 0.415009
-0.59 0.421434
-0.58 0.42783
-0.57 0.434192
-0.56 0.440519
-0.55 0.446804
-0.54 0.453046
-0.53 0.459241
-0.52 0.465384
-0.51 0.471474
-0.5 0.477505
-0.49 0.483476
-0.48 0.489381
-0.47 0.495219
-0.46 0.500985
-0.45 0.506677
-0.44 0.512291
-0.43 0.517825
-0.42 0.523274
-0.41 0.528637
-0.4 0.53391
-0.39 0.53909
-0.38 0.544174
-0.37 0.549161
-0.36 0.554046
-0.35 0.558827
-0.34 0.563503
-0.33 0.568069
-0.32 0.572525
-0.31 0.576867
-0.3 0.581093
-0.29 0.585201
-0.28 0.58919
-0.27 0.593056
-0.26 0.596799
-0.25 0.600416
-0.24 0.603905
-0.23 0.607264
-0.22 0.610493
-0.21 0.613589
-0.2 0.61655
-0.19 0.619376
-0.18 0.622066
-0.17 0.624617
-0.16 0.627028
-0.15 0.629299
-0.14 0.631429
-0.13 0.633416
-0.12 0.635259
-0.11 0.636958
-0.1 0.638512
-0.09 0.63992
-0.08 0.641181
-0.07 0.642296
-0.06 0.643262
-0.05 0.644081
-0.04 0.644752
-0.03 0.645273
-0.02 0.645646
-0.01 0.64587
0 0.645945
0.01 0.64587
0.02 0.645646
0.03 0.645273
0.04 0.644752
0.05 0.644081
0.06 0.643262
0.07 0.642296
0.08 0.641181
0.09 0.63992
0.1 0.638512
0.11 0.636958
0.12 0.635259
0.13 0.633416
0.14 0.631429
0.15 0.629299
0.16 0.627028
0.17 0.624617
0.18 0.622066
0.19 0.619376
0.2 0.61655
0.21 0.613589
0.22 0.610493
0.23 0.607264
0.24 0.603905
0.25 0.600416
0.26 0.596799
0.27 0.593056
0.28 0.58919
0.29 0.585201
0.3 0.581093
0.31 0.576867
0.32 0.572525
0.33 0.568069
0.34 0.563503
0.35 0.558827
0.36 0.554046
0.37 0.549161
0.38 0.544174
0.39 0.53909
0.4 0.53391
0.41 0.528637
0.42 0.523274
0.43 0.517825
0.44 0.512291
0.45 0.506677
0.46 0.500985
0.47 0.495219
0.48 0.489381
0.49 0.483476
0.5 0.477505
0.51 0.471474
0.52 0.465384
0.53 0.459241
0.54 0.453046
0.55 0.446804
0.56 0.440519
0.57 0.434192
0.58 0.42783
0.59 0.421434
0.6 0.415009
0.61 0.408558
0.62 0.402086
0.63 0.395593
0.64 0.389068
0.65 0.382492
0.66 0.375937
0.67 0.369802
0.68 0.364938
0.69 0.362092
0.7 0.360758
0.71 0.359147
0.72 0.356383
0.73 0.353799
0.74 0.352257
0.75 0.350345
0.76 0.347737
0.77 0.345961
0.78 0.344344
0.79 0.341967
0.8 0.34031
0.81 0.33877
0.82 0.336621
0.83 0.335315
0.84 0.333696
0.85 0.331971
0.86 0.330944
0.87 0.32924
0.88 0.328239
0.89 0.327029
0.9 0.325842
0.91 0.325133
0.92 0.323921
0.93 0.323512
0.94 0.322483
0.95 0.322228
0.96 0.321483
0.97 0.321345
0.98 0.32089
0.99 0.320896
