-1 0.938893
-0.998 0.939248
-0.996 0.940314
-0.994 0.94209
-0.992 0.944572
-0.99 0.947758
-0.988 0.951644
-0.986 0.956224
-0.984 0.961494
-0.982 0.967446
-0.98 0.974073
-0.978 0.981366
-0.976 0.989317
-0.974 0.997914
-0.972 1.00715
-0.97 1.017
-0.968 1.02747
-0.966 1.03854
-0.964 1.05019
-0.962 1.06241
-0.96 1.07519
-0.958 1.0885
-0.956 1.10233
-0.954 1.11666
-0.952 1.13147
-0.95 1.14675
-0.948 1.16247
-0.946 1.17861
-0.944 1.19516
-0.942 1.21209
-0.94 1.22937
-0.938 1.24699
-0.936 1.26492
-0.934 1.28314
-0.932 1.30163
-0.93 1.32035
-0.928 1.33928
-0.926 1.35841
-0.924 1.37769
-0.922 1.39712
-0.92 1.41665
-0.918 1.43627
-0.916 1.45594
-0.914 1.47565
-0.912 1.49535
-0.91 1.51504
-0.908 1.53467
-0.906 1.55422
-0.904 1.57367
-0.902 1.59299
-0.9 1.61214
-0.898 1.63111
-0.896 1.64987
-0.894 1.66838
-0.892 1.68663
-0.89 1.70459
-0.888 1.72223
-0.886 1.73953
-0.884 1.75646
-0.882 1.773
-0.88 1.78912
-0.878 1.80481
-0.876 1.82003
-0.874 1.83477
-0.872 1.849
-0.87 1.86271
-0.868 1.87587
-0.866 1.88846
-0.864 1.90046
-0.862 1.91187
-0.86 1.92265
-0.858 1.93279
-0.856 1.94229
-0.854 1.95111
-0.852 1.95925
-0.85 1.9667
-0.848 1.97345
-0.846 1.97947
-0.844 1.98477
-0.842 1.98933
-0.84 1.99315
-0.838 1.99621
-0.836 1.99852
-0.834 2.00006
-0.832 2.00084
-0.83 2.00085
-0.828 2.00009
-0.826 1.99855
-0.824 1.99624
-0.822 1.99316
-0.82 1.98931
-0.818 1.98469
-0.816 1.97931
-0.814 1.97317
-0.812 1.96629
-0.81 1.95865
-0.808 1.95028
-0.806 1.94118
-0.804 1.93137
-0.802 1.92085
-0.8 1.90963
-0.798 1.89772
-0.796 1.88515
-0.794 1.87192
-0.792 1.85804
-0.79 1.84354
-0.788 1.82843
-0.786 1.81272
-0.784 1.79643
-0.782 1.77958
-0.78 1.7622
-0.778 1.74428
-0.776 1.72587
-0.774 1.70696
-0.772 1.6876
-0.77 1.66779
-0.768 1.64755
-0.766 1.62692
-0.764 1.6059
-0.762 1.58452
-0.76 1.56281
-0.758 1.54077
-0.756 1.51845
-0.754 1.49584
-0.752 1.47299
-0.75 1.44991
-0.748 1.42662
-0.746 1.40314
-0.744 1.3795
-0.742 1.35572
-0.74 1.33182
-0.738 1.30781
-0.736 1.28372
-0.734 1.25958
-0.732 1.23539
-0.73 1.21119
-0.728 1.18698
-0.726 1.1628
-0.724 1.13865
-0.722 1.11456
-0.72 1.09054
-0.718 1.06661
-0.716 1.04279
-0.714 1.0191
-0.712 0.995544
-0.71 0.972146
-0.708 0.948918
-0.706 0.925875
-0.704 0.903031
-0.702 0.880398
-0.7 0.857989
-0.698 0.835816
-0.696 0.813891
-0.694 0.792224
-0.692 0.770826
-0.69 0.749705
-0.688 0.728872
-0.686 0.708335
-0.684 0.688101
-0.682 0.668178
-0.68 0.648572
-0.678 0.62929
-0.676 0.610337
-0.674 0.591718
-0.672 0.573437
-0.67 0.555499
-0.668 0.537908
-0.666 0.520664
-0.664 0.503773
-0.662 0.487234
-0.66 0.47105
-0.658 0.455221
-0.656 0.439748
-0.654 0.424632
-0.652 0.409871
-0.65 0.395465
-0.648 0.381412
-0.646 0.367712
-0.644 0.354362
-0.642 0.341361
-0.64 0.328704
-0.638 0.316391
-0.636 0.304417
-0.634 0.292779
-0.632 0.281473
-0.63 0.270496
-0.628 0.259843
-0.626 0.24951
-0.624 0.239491
-0.622 0.229783
-0.62 0.220381
-0.618 0.211278
-0.616 0.202471
-0.614 0.193953
-0.612 0.185719
-0.61 0.177764
-0.608 0.170081
-0.606 0.162665
-0.604 0.155511
-0.602 0.148612
-0.6 0.141961
-0.598 0.135555
-0.596 0.129385
-0.594 0.123447
-0.592 0.117735
-0.59 0.112242
-0.588 0.106962
-0.586 0.10189
-0.584 0.0970198
-0.582 0.0923453
-0.58 0.0878609
-0.578 0.0835608
-0.576 0.0794394
-0.574 0.0754911
-0.572 0.0717103
-0.57 0.0680917
-0.568 0.0646297
-0.566 0.0613193
-0.564 0.0581552
-0.562 0.0551322
-0.56 0.0522455
-0.558 0.0494902
-0.556 0.0468614
-0.554 0.0443545
-0.552 0.0419649
-0.55 0.0396882
-0.548 0.03752
-0.546 0.0354561
-0.544 0.0334923
-0.542 0.0316246
-0.54 0.0298491
-0.538 0.028162
-0.536 0.0265597
-0.534 0.0250385
-0.532 0.023595
-0.53 0.0222258
-0.528 0.0209277
-0.526 0.0196975
-0.524 0.0185323
-0.522 0.017429
-0.52 0.0163848
-0.518 0.015397
-0.516 0.014463
-0.514 0.0135802
-0.512 0.0127462
-0.51 0.0119586
-0.508 0.0112152
-0.506 0.0105139
-0.504 0.00985238
-0.502 0.00922884
-0.5 0.0086413
-0.498 0.00808793
-0.496 0.00756697
-0.494 0.00707674
-0.492 0.00661562
-0.49 0.00618207
-0.488 0.00577462
-0.486 0.00539187
-0.484 0.00503248
-0.482 0.00469516
-0.48 0.0043787
-0.478 0.00408194
-0.476 0.00380377
-0.474 0.00354314
-0.472 0.00329904
-0.47 0.00307054
-0.468 0.00285671
-0.466 0.00265672
-0.464 0.00246974
-0.462 0.002295
-0.46 0.00213177
-0.458 0.00197936
-0.456 0.00183711
-0.454 0.0017044
-0.452 0.00158064
-0.45 0.00146529
-0.448 0.00135781
-0.446 0.00125771
-0.444 0.00116452
-0.442 0.00107781
-0.44 0.000997154
-0.438 0.000922166
-0.436 0.000852476
-0.434 0.000787738
-0.432 0.000727624
-0.43 0.00067183
-0.428 0.000620065
-0.426 0.00057206
-0.424 0.000527561
-0.422 0.000486328
-0.42 0.000448139
-0.418 0.000412784
-0.416 0.000380065
-0.414 0.000349801
-0.412 0.000321817
-0.41 0.000295954
-0.408 0.00027206
-0.406 0.000249995
-0.404 0.000229628
-0.402 0.000210836
-0.4 0.000193505
-0.398 0.000177527
-0.396 0.000162803
-0.394 0.000149241
-0.392 0.000136754
-0.39 0.000125261
-0.388 0.000114689
-0.386 0.000104966
-0.384 9.60299e-05
-0.382 8.78191e-05
-0.38 8.02783e-05
-0.378 7.33556e-05
-0.376 6.70031e-05
-0.374 6.11762e-05
-0.372 5.58337e-05
-0.37 5.09374e-05
-0.368 4.64519e-05
-0.366 4.23444e-05
-0.364 3.85847e-05
-0.362 3.51448e-05
-0.36 3.19987e-05
-0.358 2.91226e-05
-0.356 2.64944e-05
-0.354 2.40938e-05
-0.352 2.19019e-05
-0.35 1.99015e-05
-0.348 1.80765e-05
-0.346 1.64123e-05
-0.344 1.48954e-05
-0.342 1.35133e-05
-0.34 1.22545e-05
-0.338 1.11085e-05
-0.336 1.00657e-05
-0.334 9.11709e-06
-0.332 8.25459e-06
-0.33 7.4707e-06
-0.328 6.75855e-06
-0.326 6.11184e-06
-0.324 5.5248e-06
-0.322 4.99215e-06
-0.32 4.50905e-06
-0.318 4.07107e-06
-0.316 3.67416e-06
-0.314 3.31463e-06
-0.312 2.98908e-06
-0.31 2.69442e-06
-0.308 2.42784e-06
-0.306 2.18676e-06
-0.304 1.96883e-06
-0.302 1.77192e-06
-0.3 1.59405e-06
-0.298 1.43347e-06
-0.296 1.28855e-06
-0.294 1.15782e-06
-0.292 1.03993e-06
-0.29 9.33679e-07
-0.288 8.37944e-07
-0.286 7.51725e-07
-0.284 6.74108e-07
-0.282 6.04263e-07
-0.28 5.41438e-07
-0.278 4.84951e-07
-0.276 4.34184e-07
-0.274 3.88575e-07
-0.272 3.47619e-07
-0.27 3.10854e-07
-0.268 2.77867e-07
-0.266 2.48282e-07
-0.264 2.21757e-07
-0.262 1.97987e-07
-0.26 1.76694e-07
-0.258 1.57628e-07
-0.256 1.40563e-07
-0.254 1.25296e-07
-0.252 1.11642e-07
-0.25 9.94362e-08
-0.248 8.85294e-08
-0.246 7.87875e-08
-0.244 7.00895e-08
-0.242 6.23268e-08
-0.24 5.54017e-08
-0.238 4.92264e-08
-0.236 4.37219e-08
-0.234 3.88174e-08
-0.232 3.44492e-08
-0.23 3.05604e-08
-0.228 2.70997e-08
-0.226 2.40214e-08
-0.224 2.12841e-08
-0.222 1.88513e-08
-0.22 1.66898e-08
-0.218 1.47703e-08
-0.216 1.30663e-08
-0.214 1.15543e-08
-0.212 1.02131e-08
-0.21 9.02405e-09
-0.208 7.97022e-09
-0.206 7.03664e-09
-0.204 6.20993e-09
-0.202 5.47816e-09
-0.2 4.83068e-09
-0.198 4.25803e-09
-0.196 3.75176e-09
-0.194 3.30436e-09
-0.192 2.90915e-09
-0.19 2.56019e-09
-0.188 2.25218e-09
-0.186 1.98044e-09
-0.184 1.74078e-09
-0.182 1.52952e-09
-0.18 1.34336e-09
-0.178 1.17939e-09
-0.176 1.03501e-09
-0.174 9.07947e-10
-0.172 7.96159e-10
-0.17 6.97866e-10
-0.168 6.11452e-10
-0.166 5.35533e-10
-0.164 4.68847e-10
-0.162 4.10303e-10
-0.16 3.58928e-10
-0.158 3.13855e-10
-0.156 2.74339e-10
-0.154 2.39694e-10
-0.152 2.09346e-10
-0.15 1.82765e-10
-0.148 1.59502e-10
-0.146 1.39136e-10
-0.144 1.21329e-10
-0.142 1.05754e-10
-0.14 9.21413e-11
-0.138 8.02508e-11
-0.136 6.98634e-11
-0.134 6.07971e-11
-0.132 5.28907e-11
-0.13 4.59903e-11
-0.128 3.99746e-11
-0.126 3.47316e-11
-0.124 3.01646e-11
-0.122 2.61887e-11
-0.12 2.27281e-11
-0.118 1.97147e-11
-0.116 1.70985e-11
-0.114 1.48157e-11
-0.112 1.28406e-11
-0.11 1.11191e-11
-0.108 9.62835e-12
-0.106 8.33251e-12
-0.104 7.20507e-12
-0.102 6.23112e-12
-0.1 5.38539e-12
-0.098 4.65419e-12
-0.096 4.02076e-12
-0.094 3.46934e-12
-0.092 2.99511e-12
-0.09 2.58492e-12
-0.088 2.22771e-12
-0.086 1.92251e-12
-0.084 1.65558e-12
-0.082 1.42548e-12
-0.08 1.22882e-12
-0.078 1.05779e-12
-0.076 9.08804e-13
-0.074 7.81464e-13
-0.072 6.73125e-13
-0.07 5.79167e-13
-0.068 4.96673e-13
-0.066 4.2787e-13
-0.064 3.65237e-13
-0.062 3.15269e-13
-0.06 2.67173e-13
-0.058 2.33789e-13
-0.056 1.97264e-13
-0.054 1.67677e-13
-0.052 1.43404e-13
-0.05 1.28136e-13
-0.048 1.05095e-13
-0.046 9.26873e-14
-0.044 7.84033e-14
-0.042 6.77125e-14
-0.04 5.51522e-14
-0.038 4.74971e-14
-0.036 4.39794e-14
-0.034 3.27463e-14
-0.032 2.85646e-14
-0.03 2.59357e-14
-0.028 2.27588e-14
-0.026 2.13892e-14
-0.024 1.63172e-14
-0.022 1.37366e-14
-0.02 1.53182e-14
-0.018 1.06545e-14
-0.016 1.1673e-14
-0.014 7.55599e-15
-0.012 9.26656e-15
-0.01 7.82755e-15
-0.008 8.03196e-15
-0.006 5.23892e-15
-0.004 7.053e-15
-0.002 6.34799e-15
0 4.47224e-15
0.002 3.58155e-15
0.004 7.20675e-15
0.006 7.55559e-15
0.008 7.25542e-15
0.01 4.34155e-15
0.012 1.0653e-14
0.014 6.04021e-15
0.016 1.15229e-14
0.018 8.43371e-15
0.02 1.35553e-14
0.022 1.23355e-14
0.024 1.60129e-14
0.026 2.1171e-14
0.028 2.45095e-14
0.03 2.59572e-14
0.032 3.35774e-14
0.034 3.66027e-14
0.036 3.85515e-14
0.038 5.12205e-14
0.04 5.75489e-14
0.042 6.59966e-14
0.044 8.09306e-14
0.046 8.94157e-14
0.048 1.03543e-13
0.05 1.26687e-13
0.052 1.43962e-13
0.054 1.66824e-13
0.056 1.95633e-13
0.058 2.33667e-13
0.06 2.7016e-13
0.062 3.1504e-13
0.064 3.6305e-13
0.066 4.26715e-13
0.068 4.94525e-13
0.07 5.78088e-13
0.072 6.70845e-13
0.074 7.78564e-13
0.076 9.09561e-13
0.078 1.0539e-12
0.08 1.22521e-12
0.082 1.42481e-12
0.084 1.65454e-12
0.086 1.91625e-12
0.088 2.23048e-12
0.09 2.57944e-12
0.092 2.9927e-12
0.094 3.47099e-12
0.096 4.01576e-12
0.098 4.65248e-12
0.1 5.3834e-12
0.102 6.2269e-12
0.104 7.20582e-12
0.106 8.32958e-12
0.108 9.6267e-12
0.11 1.11189e-11
0.112 1.28353e-11
0.114 1.48167e-11
0.116 1.70894e-11
0.118 1.97124e-11
0.12 2.27233e-11
0.122 2.61859e-11
0.124 3.01646e-11
0.126 3.47305e-11
0.128 3.99729e-11
0.13 4.59886e-11
0.132 5.28859e-11
0.134 6.07949e-11
0.136 6.98583e-11
0.138 8.02454e-11
0.14 9.21364e-11
0.142 1.05749e-10
0.144 1.21326e-10
0.146 1.39134e-10
0.148 1.59497e-10
0.15 1.82763e-10
0.152 2.09344e-10
0.154 2.39693e-10
0.156 2.74333e-10
0.158 3.13852e-10
0.16 3.58922e-10
0.162 4.10298e-10
0.164 4.68847e-10
0.166 5.35527e-10
0.168 6.11453e-10
0.17 6.97857e-10
0.172 7.96159e-10
0.174 9.07944e-10
0.176 1.035e-09
0.178 1.17938e-09
0.18 1.34336e-09
0.182 1.52952e-09
0.184 1.74078e-09
0.186 1.98043e-09
0.188 2.25218e-09
0.19 2.56018e-09
0.192 2.90915e-09
0.194 3.30436e-09
0.196 3.75175e-09
0.198 4.25802e-09
0.2 4.83068e-09
0.202 5.47815e-09
0.204 6.20993e-09
0.206 7.03664e-09
0.208 7.97022e-09
0.21 9.02405e-09
0.212 1.02131e-08
0.214 1.15543e-08
0.216 1.30663e-08
0.218 1.47703e-08
0.22 1.66898e-08
0.222 1.88513e-08
0.224 2.12841e-08
0.226 2.40214e-08
0.228 2.70997e-08
0.23 3.05604e-08
0.232 3.44492e-08
0.234 3.88174e-08
0.236 4.37219e-08
0.238 4.92264e-08
0.24 5.54017e-08
0.242 6.23268e-08
0.244 7.00895e-08
0.246 7.87875e-08
0.248 8.85294e-08
0.25 9.94362e-08
0.252 1.11642e-07
0.254 1.25296e-07
0.256 1.40563e-07
0.258 1.57628e-07
0.26 1.76694e-07
0.262 1.97987e-07
0.264 2.21757e-07
0.266 2.48281e-07
0.268 2.77867e-07
0.27 3.10854e-07
0.272 3.47619e-07
0.274 3.88575e-07
0.276 4.34184e-07
0.278 4.84951e-07
0.28 5.41438e-07
0.282 6.04263e-07
0.284 6.74108e-07
0.286 7.51725e-07
0.288 8.37944e-07
0.29 9.33679e-07
0.292 1.03993e-06
0.294 1.15782e-06
0.296 1.28855e-06
0.298 1.43347e-06
0.3 1.59405e-06
0.302 1.77192e-06
0.304 1.96883e-06
0.306 2.18676e-06
0.308 2.42784e-06
0.31 2.69442e-06
0.312 2.98908e-06
0.314 3.31463e-06
0.316 3.67416e-06
0.318 4.07107e-06
0.32 4.50905e-06
0.322 4.99215e-06
0.324 5.5248e-06
0.326 6.11184e-06
0.328 6.75855e-06
0.33 7.4707e-06
0.332 8.25459e-06
0.334 9.11709e-06
0.336 1.00657e-05
0.338 1.11085e-05
0.34 1.22545e-05
0.342 1.35133e-05
0.344 1.48954e-05
0.346 1.64123e-05
0.348 1.80765e-05
0.35 1.99015e-05
0.352 2.19019e-05
0.354 2.40938e-05
0.356 2.64944e-05
0.358 2.91226e-05
0.36 3.19987e-05
0.362 3.51448e-05
0.364 3.85847e-05
0.366 4.23444e-05
0.368 4.64519e-05
0.37 5.09374e-05
0.372 5.58337e-05
0.374 6.11762e-05
0.376 6.70031e-05
0.378 7.33556e-05
0.38 8.02783e-05
0.382 8.78191e-05
0.384 9.60299e-05
0.386 0.000104966
0.388 0.000114689
0.39 0.000125261
0.392 0.000136754
0.394 0.000149241
0.396 0.000162803
0.398 0.000177527
0.4 0.000193505
0.402 0.000210836
0.404 0.000229628
0.406 0.000249995
0.408 0.00027206
0.41 0.000295954
0.412 0.000321817
0.414 0.000349801
0.416 0.000380065
0.418 0.000412784
0.42 0.000448139
0.422 0.000486328
0.424 0.000527561
0.426 0.00057206
0.428 0.000620065
0.43 0.00067183
0.432 0.000727624
0.434 0.000787738
0.436 0.000852476
0.438 0.000922166
0.44 0.000997154
0.442 0.00107781
0.444 0.00116452
0.446 0.00125771
0.448 0.00135781
0.45 0.00146529
0.452 0.00158064
0.454 0.0017044
0.456 0.00183711
0.458 0.00197936
0.46 0.00213177
0.462 0.002295
0.464 0.00246974
0.466 0.00265672
0.468 0.00285671
0.47 0.00307054
0.472 0.00329904
0.474 0.00354314
0.476 0.00380377
0.478 0.00408194
0.48 0.0043787
0.482 0.00469516
0.484 0.00503248
0.486 0.00539187
0.488 0.00577462
0.49 0.00618207
0.492 0.00661562
0.494 0.00707674
0.496 0.00756697
0.498 0.00808793
0.5 0.0086413
0.502 0.00922884
0.504 0.00985238
0.506 0.0105139
0.508 0.0112152
0.51 0.0119586
0.512 0.0127462
0.514 0.0135802
0.516 0.014463
0.518 0.015397
0.52 0.0163848
0.522 0.017429
0.524 0.0185323
0.526 0.0196975
0.528 0.0209277
0.53 0.0222258
0.532 0.023595
0.534 0.0250385
0.536 0.0265597
0.538 0.028162
0.54 0.0298491
0.542 0.0316246
0.544 0.0334923
0.546 0.0354561
0.548 0.03752
0.55 0.0396882
0.552 0.0419649
0.554 0.0443545
0.556 0.0468614
0.558 0.0494902
0.56 0.0522455
0.562 0.0551322
0.564 0.0581552
0.566 0.0613193
0.568 0.0646297
0.57 0.0680917
0.572 0.0717103
0.574 0.0754911
0.576 0.0794394
0.578 0.0835608
0.58 0.0878609
0.582 0.0923453
0.584 0.0970198
0.586 0.10189
0.588 0.106962
0.59 0.112242
0.592 0.117735
0.594 0.123447
0.596 0.129385
0.598 0.135555
0.6 0.141961
0.602 0.148612
0.604 0.155511
0.606 0.162665
0.608 0.170081
0.61 0.177764
0.612 0.185719
0.614 0.193953
0.616 0.202471
0.618 0.211278
0.62 0.220381
0.622 0.229783
0.624 0.239491
0.626 0.24951
0.628 0.259843
0.63 0.270496
0.632 0.281473
0.634 0.292779
0.636 0.304417
0.638 0.316391
0.64 0.328704
0.642 0.341361
0.644 0.354362
0.646 0.367712
0.648 0.381412
0.65 0.395465
0.652 0.409871
0.654 0.424632
0.656 0.439748
0.658 0.455221
0.66 0.47105
0.662 0.487234
0.664 0.503773
0.666 0.520664
0.668 0.537908
0.67 0.555499
0.672 0.573437
0.674 0.591718
0.676 0.610337
0.678 0.62929
0.68 0.648572
0.682 0.668178
0.684 0.688101
0.686 0.708335
0.688 0.728872
0.69 0.749705
0.692 0.770826
0.694 0.792224
0.696 0.813891
0.698 0.835816
0.7 0.857989
0.702 0.880398
0.704 0.903031
0.706 0.925875
0.708 0.948918
0.71 0.972146
0.712 0.995544
0.714 1.0191
0.716 1.04279
0.718 1.06661
0.72 1.09054
0.722 1.11456
0.724 1.13865
0.726 1.1628
0.728 1.18698
0.73 1.21119
0.732 1.23539
0.734 1.25958
0.736 1.28372
0.738 1.30781
0.74 1.33182
0.742 1.35572
0.744 1.3795
0.746 1.40314
0.748 1.42662
0.75 1.44991
0.752 1.47299
0.754 1.49584
0.756 1.51845
0.758 1.54077
0.76 1.56281
0.762 1.58452
0.764 1.6059
0.766 1.62692
0.768 1.64755
0.77 1.66779
0.772 1.6876
0.774 1.70696
0.776 1.72587
0.778 1.74428
0.78 1.7622
0.782 1.77958
0.784 1.79643
0.786 1.81272
0.788 1.82843
0.79 1.84354
0.792 1.85804
0.794 1.87192
0.796 1.88515
0.798 1.89772
0.8 1.90963
0.802 1.92085
0.804 1.93137
0.806 1.94118
0.808 1.95028
0.81 1.95865
0.812 1.96629
0.814 1.97317
0.816 1.97931
0.818 1.98469
0.82 1.98931
0.822 1.99316
0.824 1.99624
0.826 1.99855
0.828 2.00009
0.83 2.00085
0.832 2.00084
0.834 2.00006
0.836 1.99852
0.838 1.99621
0.84 1.99315
0.842 1.98933
0.844 1.98477
0.846 1.97947
0.848 1.97345
0.85 1.9667
0.852 1.95925
0.854 1.95111
0.856 1.94229
0.858 1.93279
0.86 1.92265
0.862 1.91187
0.864 1.90046
0.866 1.88846
0.868 1.87587
0.87 1.86271
0.872 1.849
0.874 1.83477
0.876 1.82003
0.878 1.80481
0.88 1.78912
0.882 1.773
0.884 1.75646
0.886 1.73953
0.888 1.72223
0.89 1.70459
0.892 1.68663
0.894 1.66838
0.896 1.64987
0.898 1.63111
0.9 1.61214
0.902 1.59299
0.904 1.57367
0.906 1.55422
0.908 1.53467
0.91 1.51504
0.912 1.49535
0.914 1.47565
0.916 1.45594
0.918 1.43627
0.92 1.41665
0.922 1.39712
0.924 1.37769
0.926 1.35841
0.928 1.33928
0.93 1.32035
0.932 1.30163
0.934 1.28314
0.936 1.26492
0.938 1.24699
0.94 1.22937
0.942 1.21209
0.944 1.19516
0.946 1.17861
0.948 1.16247
0.95 1.14675
0.952 1.13147
0.954 1.11666
0.956 1.10233
0.958 1.0885
0.96 1.07519
0.962 1.06241
0.964 1.05019
0.966 1.03854
0.968 1.02747
0.97 1.017
0.972 1.00715
0.974 0.997914
0.976 0.989317
0.978 0.981366
0.98 0.974073
0.982 0.967446
0.984 0.961494
0.986 0.956224
0.988 0.951644
0.99 0.947758
0.992 0.944572
0.994 0.94209
0.996 0.940314
0.998 0.939248
