-1 0.442495
-0.99 0.442369
-0.98 0.44255
-0.97 0.442511
-0.96 0.442713
-0.95 0.442796
-0.94 0.442977
-0.93 0.443218
-0.92 0.443337
-0.91 0.44376
-0.9 0.443799
-0.89 0.444382
-0.88 0.444389
-0.87 0.445023
-0.86 0.445138
-0.85 0.445634
-0.84 0.446027
-0.83 0.446245
-0.82 0.446926
-0.81 0.446992
-0.8 0.447651
-0.79 0.447955
-0.78 0.448207
-0.77 0.448898
-0.76 0.448921
-0.75 0.44945
-0.74 0.449887
-0.73 0.44985
-0.72 0.450475
-0.71 0.450658
-0.7 0.450582
-0.69 0.451166
-0.68 0.451193
-0.67 0.450954
-0.66 0.45142
-0.65 0.451443
-0.64 0.450893
-0.63 0.451037
-0.62 0.451277
-0.61 0.450572
-0.6 0.449877
-0.59 0.450069
-0.58 0.450109
-0.57 0.448978
-0.56 0.44748
-0.55 0.447182
-0.54 0.448696
-0.53 0.451504
-0.52 0.454812
-0.51 0.458142
-0.5 0.461352
-0.49 0.464444
-0.48 0.467437
-0.47 0.470341
-0.46 0.473155
-0.45 0.475881
-0.44 0.478518
-0.43 0.481066
-0.42 0.483526
-0.41 0.4859
-0.4 0.488186
-0.39 0.490388
-0.38 0.492506
-0.37 0.49454
-0.36 0.496492
-0.35 0.498364
-0.34 0.500157
-0.33 0.501872
-0.32 0.503511
-0.31 0.505075
-0.3 0.506566
-0.29 0.507985
-0.28 0.509335
-0.27 0.510617
-0.26 0.511833
-0.25 0.512985
-0.24 0.514073
-0.23 0.515101
-0.22 0.51607
-0.21 0.516981
-0.2 0.517837
-0.19 0.518638
-0.18 0.519387
-0.17 0.520086
-0.16 0.520735
-0.15 0.521337
-0.14 0.521893
-0.13 0.522404
-0.12 0.522871
-0.11 0.523296
-0.1 0.52368
-0.09 0.524025
-0.08 0.52433
-0.07 0.524597
-0.06 0.524827
-0.05 0.52502
-0.04 0.525178
-0.03 0.5253
-0.02 0.525386
-0.01 0.525438
0 0.525456
0.01 0.525438
0.02 0.525386
0.03 0.5253
0.04 0.525178
0.05 0.52502
0.06 0.524827
0.07 0.524597
0.08 0.52433
0.09 0.524025
0.1 0.52368
0.11 0.523296
0.12 0.522871
0.13 0.522404
0.14 0.521893
0.15 0.521337
0.16 0.520735
0.17 0.520086
0.18 0.519387
0.19 0.518638
0.2 0.517837
0.21 0.516981
0.22 0.51607
0.23 0.515101
0.24 0.514073
0.25 0.512985
0.26 0.511833
0.27 0.510617
0.28 0.509335
0.29 0.507985
0.3 0.506566
0.31 0.505075
0.32 0.503511
0.33 0.501872
0.34 0.500157
0.35 0.498364
0.36 0.496492
0.37 0.49454
0.38 0.492506
0.39 0.490388
0.4 0.488186
0.41 0.4859
0.42 0.483526
0.43 0.481066
0.44 0.478518
0.45 0.475881
0.46 0.473155
0.47 0.470341
0.48 0.467437
0.49 0.464444
0.5 0.461352
0.51 0.458142
0.52 0.454812
0.53 0.451504
0.54 0.448696
0.55 0.447182
0.56 0.44748
0.57 0.448978
0.58 0.450109
0.59 0.450069
0.6 0.449877
0.61 0.450572
0.62 0.451277
0.63 0.451037
0.64 0.450893
0.65 0.451443
0.66 0.45142
0.67 0.450954
0.68 0.451193
0.69 0.451166
0.7 0.450582
0.71 0.450658
0.72 0.450475
0.73 0.44985
0.74 0.449887
0.75 0.44945
0.76 0.448921
0.77 0.448898
0.78 0.448207
0.79 0.447955
0.8 0.447651
0.81 0.446992
0.82 0.446926
0.83 0.446245
0.84 0.446027
0.85 0.445634
0.86 0.445138
0.87 0.445023
0.88 0.444389
0.89 0.444382
0.9 0.443799
0.91 0.44376
0.92 0.443337
0.93 0.443218
0.94 0.442977
0.95 0.442796
0.96 0.442713
0.97 0.442511
0.98 0.44255
0.99 0.442369
