-1 0.00290841
-0.998 0.00291623
-0.996 0.00293973
-0.994 0.002979
-0.992 0.00303418
-0.99 0.00310548
-0.988 0.00319315
-0.986 0.00329753
-0.984 0.00341899
-0.982 0.00355798
-0.98 0.003715
-0.978 0.00389063
-0.976 0.00408548
-0.974 0.00430025
-0.972 0.0045357
-0.97 0.00479266
-0.968 0.00507201
-0.966 0.00537473
-0.964 0.00570183
-0.962 0.00605442
-0.96 0.00643367
-0.958 0.00684084
-0.956 0.00727725
-0.954 0.00774429
-0.952 0.00824347
-0.95 0.00877632
-0.948 0.00934452
-0.946 0.00994977
-0.944 0.0105939
-0.942 0.0112788
-0.94 0.0120065
-0.938 0.0127791
-0.936 0.0135987
-0.934 0.0144677
-0.932 0.0153883
-0.93 0.0163631
-0.928 0.0173946
-0.926 0.0184856
-0.924 0.0196388
-0.922 0.020857
-0.92 0.0221433
-0.918 0.0235008
-0.916 0.0249327
-0.914 0.0264422
-0.912 0.0280329
-0.91 0.0297082
-0.908 0.0314718
-0.906 0.0333275
-0.904 0.0352791
-0.902 0.0373307
-0.9 0.0394863
-0.898 0.0417501
-0.896 0.0441266
-0.894 0.04662
-0.892 0.0492351
-0.89 0.0519763
-0.888 0.0548485
-0.886 0.0578565
-0.884 0.0610054
-0.882 0.0643001
-0.88 0.0677458
-0.878 0.0713479
-0.876 0.0751116
-0.874 0.0790423
-0.872 0.0831456
-0.87 0.0874271
-0.868 0.0918923
-0.866 0.0965472
-0.864 0.101397
-0.862 0.106449
-0.86 0.111707
-0.858 0.117178
-0.856 0.122868
-0.854 0.128783
-0.852 0.134929
-0.85 0.141311
-0.848 0.147937
-0.846 0.154811
-0.844 0.161939
-0.842 0.169328
-0.84 0.176984
-0.838 0.184912
-0.836 0.193117
-0.834 0.201606
-0.832 0.210384
-0.83 0.219457
-0.828 0.228829
-0.826 0.238506
-0.824 0.248493
-0.822 0.258795
-0.82 0.269416
-0.818 0.28036
-0.816 0.291633
-0.814 0.303237
-0.812 0.315177
-0.81 0.327456
-0.808 0.340078
-0.806 0.353045
-0.804 0.366359
-0.802 0.380024
-0.8 0.394041
-0.798 0.408411
-0.796 0.423136
-0.794 0.438217
-0.792 0.453654
-0.79 0.469446
-0.788 0.485595
-0.786 0.502097
-0.784 0.518953
-0.782 0.536161
-0.78 0.553717
-0.778 0.57162
-0.776 0.589865
-0.774 0.60845
-0.772 0.627369
-0.77 0.646617
-0.768 0.666189
-0.766 0.68608
-0.764 0.706282
-0.762 0.726788
-0.76 0.74759
-0.758 0.76868
-0.756 0.790048
-0.754 0.811686
-0.752 0.833584
-0.75 0.855729
-0.748 0.878112
-0.746 0.90072
-0.744 0.92354
-0.742 0.94656
-0.74 0.969765
-0.738 0.993143
-0.736 1.01668
-0.734 1.04035
-0.732 1.06415
-0.73 1.08806
-0.728 1.11207
-0.726 1.13614
-0.724 1.16028
-0.722 1.18445
-0.72 1.20864
-0.718 1.23284
-0.716 1.25701
-0.714 1.28115
-0.712 1.30523
-0.71 1.32923
-0.708 1.35313
-0.706 1.37691
-0.704 1.40054
-0.702 1.42401
-0.7 1.4473
-0.698 1.47038
-0.696 1.49323
-0.694 1.51582
-0.692 1.53815
-0.69 1.56018
-0.688 1.58189
-0.686 1.60326
-0.684 1.62427
-0.682 1.6449
-0.68 1.66512
-0.678 1.68492
-0.676 1.70427
-0.674 1.72316
-0.672 1.74156
-0.67 1.75945
-0.668 1.77681
-0.666 1.79363
-0.664 1.80988
-0.662 1.82555
-0.66 1.84061
-0.658 1.85506
-0.656 1.86888
-0.654 1.88204
-0.652 1.89455
-0.65 1.90637
-0.648 1.91749
-0.646 1.92791
-0.644 1.93762
-0.642 1.94659
-0.64 1.95482
-0.638 1.9623
-0.636 1.96903
-0.634 1.97498
-0.632 1.98016
-0.63 1.98456
-0.628 1.98818
-0.626 1.991
-0.624 1.99304
-0.622 1.99427
-0.62 1.99471
-0.618 1.99435
-0.616 1.99319
-0.614 1.99124
-0.612 1.9885
-0.61 1.98496
-0.608 1.98064
-0.606 1.97553
-0.604 1.96966
-0.602 1.96301
-0.6 1.9556
-0.598 1.94745
-0.596 1.93855
-0.594 1.92892
-0.592 1.91857
-0.59 1.90751
-0.588 1.89576
-0.586 1.88332
-0.584 1.87023
-0.582 1.85647
-0.58 1.84209
-0.578 1.82708
-0.576 1.81147
-0.574 1.79528
-0.572 1.77852
-0.57 1.76121
-0.568 1.74337
-0.566 1.72502
-0.564 1.70618
-0.562 1.68688
-0.56 1.66712
-0.558 1.64694
-0.556 1.62635
-0.554 1.60538
-0.552 1.58404
-0.55 1.56236
-0.548 1.54036
-0.546 1.51807
-0.544 1.4955
-0.542 1.47267
-0.54 1.44962
-0.538 1.42635
-0.536 1.4029
-0.534 1.37928
-0.532 1.35551
-0.53 1.33162
-0.528 1.30763
-0.526 1.28356
-0.524 1.25943
-0.522 1.23526
-0.52 1.21106
-0.518 1.18687
-0.516 1.16269
-0.514 1.13855
-0.512 1.11447
-0.51 1.09046
-0.508 1.06654
-0.506 1.04273
-0.504 1.01904
-0.502 0.995489
-0.5 0.972096
-0.498 0.948872
-0.496 0.925833
-0.494 0.902992
-0.492 0.880363
-0.49 0.857957
-0.488 0.835787
-0.486 0.813865
-0.484 0.7922
-0.482 0.770804
-0.48 0.749686
-0.478 0.728855
-0.476 0.708319
-0.474 0.688086
-0.472 0.668164
-0.47 0.64856
-0.468 0.629279
-0.466 0.610327
-0.464 0.591709
-0.462 0.573429
-0.46 0.555492
-0.458 0.537901
-0.456 0.520658
-0.454 0.503767
-0.452 0.487229
-0.45 0.471045
-0.448 0.455217
-0.446 0.439745
-0.444 0.424628
-0.442 0.409868
-0.44 0.395462
-0.438 0.38141
-0.436 0.36771
-0.434 0.35436
-0.432 0.341359
-0.43 0.328703
-0.428 0.31639
-0.426 0.304416
-0.424 0.292778
-0.422 0.281472
-0.42 0.270495
-0.418 0.259842
-0.416 0.249509
-0.414 0.239491
-0.412 0.229783
-0.41 0.22038
-0.408 0.211278
-0.406 0.202471
-0.404 0.193953
-0.402 0.185719
-0.4 0.177764
-0.398 0.170081
-0.396 0.162665
-0.394 0.155511
-0.392 0.148611
-0.39 0.141961
-0.388 0.135555
-0.386 0.129385
-0.384 0.123447
-0.382 0.117735
-0.38 0.112242
-0.378 0.106962
-0.376 0.10189
-0.374 0.0970197
-0.372 0.0923453
-0.37 0.0878609
-0.368 0.0835608
-0.366 0.0794394
-0.364 0.0754911
-0.362 0.0717103
-0.36 0.0680916
-0.358 0.0646297
-0.356 0.0613193
-0.354 0.0581551
-0.352 0.0551322
-0.35 0.0522455
-0.348 0.0494902
-0.346 0.0468614
-0.344 0.0443545
-0.342 0.0419649
-0.34 0.0396882
-0.338 0.03752
-0.336 0.0354561
-0.334 0.0334923
-0.332 0.0316246
-0.33 0.0298491
-0.328 0.028162
-0.326 0.0265597
-0.324 0.0250385
-0.322 0.023595
-0.32 0.0222258
-0.318 0.0209277
-0.316 0.0196975
-0.314 0.0185323
-0.312 0.017429
-0.31 0.0163848
-0.308 0.015397
-0.306 0.014463
-0.304 0.0135802
-0.302 0.0127462
-0.3 0.0119586
-0.298 0.0112152
-0.296 0.0105138
-0.294 0.00985238
-0.292 0.00922884
-0.29 0.0086413
-0.288 0.00808793
-0.286 0.00756697
-0.284 0.00707674
-0.282 0.00661562
-0.28 0.00618207
-0.278 0.00577462
-0.276 0.00539187
-0.274 0.00503248
-0.272 0.00469516
-0.27 0.0043787
-0.268 0.00408194
-0.266 0.00380377
-0.264 0.00354314
-0.262 0.00329904
-0.26 0.00307053
-0.258 0.00285671
-0.256 0.00265672
-0.254 0.00246974
-0.252 0.002295
-0.25 0.00213177
-0.248 0.00197936
-0.246 0.0018371
-0.244 0.0017044
-0.242 0.00158064
-0.24 0.00146529
-0.238 0.00135781
-0.236 0.00125771
-0.234 0.00116452
-0.232 0.00107781
-0.23 0.000997154
-0.228 0.000922166
-0.226 0.000852476
-0.224 0.000787737
-0.222 0.000727624
-0.22 0.000671829
-0.218 0.000620065
-0.216 0.00057206
-0.214 0.00052756
-0.212 0.000486328
-0.21 0.000448139
-0.208 0.000412783
-0.206 0.000380065
-0.204 0.0003498
-0.202 0.000321817
-0.2 0.000295953
-0.198 0.00027206
-0.196 0.000249995
-0.194 0.000229628
-0.192 0.000210836
-0.19 0.000193504
-0.188 0.000177527
-0.186 0.000162803
-0.184 0.000149241
-0.182 0.000136753
-0.18 0.000125261
-0.178 0.000114688
-0.176 0.000104966
-0.174 9.60297e-05
-0.172 8.7819e-05
-0.17 8.02781e-05
-0.168 7.33555e-05
-0.166 6.70029e-05
-0.164 6.11761e-05
-0.162 5.58336e-05
-0.16 5.09373e-05
-0.158 4.64518e-05
-0.156 4.23443e-05
-0.154 3.85846e-05
-0.152 3.51447e-05
-0.15 3.19986e-05
-0.148 2.91225e-05
-0.146 2.64944e-05
-0.144 2.40937e-05
-0.142 2.19019e-05
-0.14 1.99014e-05
-0.138 1.80765e-05
-0.136 1.64123e-05
-0.134 1.48954e-05
-0.132 1.35132e-05
-0.13 1.22544e-05
-0.128 1.11085e-05
-0.126 1.00656e-05
-0.124 9.11706e-06
-0.122 8.25457e-06
-0.12 7.47068e-06
-0.118 6.75853e-06
-0.116 6.11182e-06
-0.114 5.52479e-06
-0.112 4.99214e-06
-0.11 4.50904e-06
-0.108 4.07106e-06
-0.106 3.67415e-06
-0.104 3.31462e-06
-0.102 2.98907e-06
-0.1 2.69442e-06
-0.098 2.42784e-06
-0.096 2.18677e-06
-0.094 1.96884e-06
-0.092 1.77193e-06
-0.09 1.59407e-06
-0.088 1.43349e-06
-0.086 1.28858e-06
-0.084 1.15785e-06
-0.082 1.03997e-06
-0.08 9.33719e-07
-0.078 8.37992e-07
-0.076 7.51782e-07
-0.074 6.74174e-07
-0.072 6.04339e-07
-0.07 5.41527e-07
-0.068 4.85054e-07
-0.066 4.34302e-07
-0.064 3.88712e-07
-0.062 3.47776e-07
-0.06 3.11035e-07
-0.058 2.78075e-07
-0.056 2.48519e-07
-0.054 2.2203e-07
-0.052 1.98299e-07
-0.05 1.77052e-07
-0.048 1.58037e-07
-0.046 1.41031e-07
-0.044 1.2583e-07
-0.042 1.12252e-07
-0.04 1.00133e-07
-0.038 8.93248e-08
-0.036 7.96947e-08
-0.034 7.11238e-08
-0.032 6.35056e-08
-0.03 5.67445e-08
-0.028 5.07554e-08
-0.026 4.54622e-08
-0.024 4.07974e-08
-0.022 3.6701e-08
-0.02 3.31202e-08
-0.018 3.00086e-08
-0.016 2.73254e-08
-0.014 2.50356e-08
-0.012 2.3109e-08
-0.01 2.15202e-08
-0.008 2.02482e-08
-0.006 1.9276e-08
-0.004 1.85907e-08
-0.002 1.81831e-08
0 1.80479e-08
0.002 1.81831e-08
0.004 1.85907e-08
0.006 1.9276e-08
0.008 2.02482e-08
0.01 2.15202e-08
0.012 2.3109e-08
0.014 2.50356e-08
0.016 2.73254e-08
0.018 3.00086e-08
0.02 3.31202e-08
0.022 3.6701e-08
0.024 4.07974e-08
0.026 4.54622e-08
0.028 5.07554e-08
0.03 5.67445e-08
0.032 6.35056e-08
0.034 7.11238e-08
0.036 7.96947e-08
0.038 8.93248e-08
0.04 1.00133e-07
0.042 1.12252e-07
0.044 1.2583e-07
0.046 1.41031e-07
0.048 1.58037e-07
0.05 1.77052e-07
0.052 1.98299e-07
0.054 2.2203e-07
0.056 2.48519e-07
0.058 2.78075e-07
0.06 3.11035e-07
0.062 3.47776e-07
0.064 3.88712e-07
0.066 4.34302e-07
0.068 4.85054e-07
0.07 5.41527e-07
0.072 6.04339e-07
0.074 6.74174e-07
0.076 7.51782e-07
0.078 8.37992e-07
0.08 9.33719e-07
0.082 1.03997e-06
0.084 1.15785e-06
0.086 1.28858e-06
0.088 1.43349e-06
0.09 1.59407e-06
0.092 1.77193e-06
0.094 1.96884e-06
0.096 2.18677e-06
0.098 2.42784e-06
0.1 2.69442e-06
0.102 2.98907e-06
0.104 3.31462e-06
0.106 3.67415e-06
0.108 4.07106e-06
0.11 4.50904e-06
0.112 4.99214e-06
0.114 5.52479e-06
0.116 6.11182e-06
0.118 6.75853e-06
0.12 7.47068e-06
0.122 8.25457e-06
0.124 9.11706e-06
0.126 1.00656e-05
0.128 1.11085e-05
0.13 1.22544e-05
0.132 1.35132e-05
0.134 1.48954e-05
0.136 1.64123e-05
0.138 1.80765e-05
0.14 1.99014e-05
0.142 2.19019e-05
0.144 2.40937e-05
0.146 2.64944e-05
0.148 2.91225e-05
0.15 3.19986e-05
0.152 3.51447e-05
0.154 3.85846e-05
0.156 4.23443e-05
0.158 4.64518e-05
0.16 5.09373e-05
0.162 5.58336e-05
0.164 6.11761e-05
0.166 6.70029e-05
0.168 7.33555e-05
0.17 8.02781e-05
0.172 8.7819e-05
0.174 9.60297e-05
0.176 0.000104966
0.178 0.000114688
0.18 0.000125261
0.182 0.000136753
0.184 0.000149241
0.186 0.000162803
0.188 0.000177527
0.19 0.000193504
0.192 0.000210836
0.194 0.000229628
0.196 0.000249995
0.198 0.00027206
0.2 0.000295953
0.202 0.000321817
0.204 0.0003498
0.206 0.000380065
0.208 0.000412783
0.21 0.000448139
0.212 0.000486328
0.214 0.00052756
0.216 0.00057206
0.218 0.000620065
0.22 0.000671829
0.222 0.000727624
0.224 0.000787737
0.226 0.000852476
0.228 0.000922166
0.23 0.000997154
0.232 0.00107781
0.234 0.00116452
0.236 0.00125771
0.238 0.00135781
0.24 0.00146529
0.242 0.00158064
0.244 0.0017044
0.246 0.0018371
0.248 0.00197936
0.25 0.00213177
0.252 0.002295
0.254 0.00246974
0.256 0.00265672
0.258 0.00285671
0.26 0.00307053
0.262 0.00329904
0.264 0.00354314
0.266 0.00380377
0.268 0.00408194
0.27 0.0043787
0.272 0.00469516
0.274 0.00503248
0.276 0.00539187
0.278 0.00577462
0.28 0.00618207
0.282 0.00661562
0.284 0.00707674
0.286 0.00756697
0.288 0.00808793
0.29 0.0086413
0.292 0.00922884
0.294 0.00985238
0.296 0.0105138
0.298 0.0112152
0.3 0.0119586
0.302 0.0127462
0.304 0.0135802
0.306 0.014463
0.308 0.015397
0.31 0.0163848
0.312 0.017429
0.314 0.0185323
0.316 0.0196975
0.318 0.0209277
0.32 0.0222258
0.322 0.023595
0.324 0.0250385
0.326 0.0265597
0.328 0.028162
0.33 0.0298491
0.332 0.0316246
0.334 0.0334923
0.336 0.0354561
0.338 0.03752
0.34 0.0396882
0.342 0.0419649
0.344 0.0443545
0.346 0.0468614
0.348 0.0494902
0.35 0.0522455
0.352 0.0551322
0.354 0.0581551
0.356 0.0613193
0.358 0.0646297
0.36 0.0680916
0.362 0.0717103
0.364 0.0754911
0.366 0.0794394
0.368 0.0835608
0.37 0.0878609
0.372 0.0923453
0.374 0.0970197
0.376 0.10189
0.378 0.106962
0.38 0.112242
0.382 0.117735
0.384 0.123447
0.386 0.129385
0.388 0.135555
0.39 0.141961
0.392 0.148611
0.394 0.155511
0.396 0.162665
0.398 0.170081
0.4 0.177764
0.402 0.185719
0.404 0.193953
0.406 0.202471
0.408 0.211278
0.41 0.22038
0.412 0.229783
0.414 0.239491
0.416 0.249509
0.418 0.259842
0.42 0.270495
0.422 0.281472
0.424 0.292778
0.426 0.304416
0.428 0.31639
0.43 0.328703
0.432 0.341359
0.434 0.35436
0.436 0.36771
0.438 0.38141
0.44 0.395462
0.442 0.409868
0.444 0.424628
0.446 0.439745
0.448 0.455217
0.45 0.471045
0.452 0.487229
0.454 0.503767
0.456 0.520658
0.458 0.537901
0.46 0.555492
0.462 0.573429
0.464 0.591709
0.466 0.610327
0.468 0.629279
0.47 0.64856
0.472 0.668164
0.474 0.688086
0.476 0.708319
0.478 0.728855
0.48 0.749686
0.482 0.770804
0.484 0.7922
0.486 0.813865
0.488 0.835787
0.49 0.857957
0.492 0.880363
0.494 0.902992
0.496 0.925833
0.498 0.948872
0.5 0.972096
0.502 0.995489
0.504 1.01904
0.506 1.04273
0.508 1.06654
0.51 1.09046
0.512 1.11447
0.514 1.13855
0.516 1.16269
0.518 1.18687
0.52 1.21106
0.522 1.23526
0.524 1.25943
0.526 1.28356
0.528 1.30763
0.53 1.33162
0.532 1.35551
0.534 1.37928
0.536 1.4029
0.538 1.42635
0.54 1.44962
0.542 1.47267
0.544 1.4955
0.546 1.51807
0.548 1.54036
0.55 1.56236
0.552 1.58404
0.554 1.60538
0.556 1.62635
0.558 1.64694
0.56 1.66712
0.562 1.68688
0.564 1.70618
0.566 1.72502
0.568 1.74337
0.57 1.76121
0.572 1.77852
0.574 1.79528
0.576 1.81147
0.578 1.82708
0.58 1.84209
0.582 1.85647
0.584 1.87023
0.586 1.88332
0.588 1.89576
0.59 1.90751
0.592 1.91857
0.594 1.92892
0.596 1.93855
0.598 1.94745
0.6 1.9556
0.602 1.96301
0.604 1.96966
0.606 1.97553
0.608 1.98064
0.61 1.98496
0.612 1.9885
0.614 1.99124
0.616 1.99319
0.618 1.99435
0.62 1.99471
0.622 1.99427
0.624 1.99304
0.626 1.991
0.628 1.98818
0.63 1.98456
0.632 1.98016
0.634 1.97498
0.636 1.96903
0.638 1.9623
0.64 1.95482
0.642 1.94659
0.644 1.93762
0.646 1.92791
0.648 1.91749
0.65 1.90637
0.652 1.89455
0.654 1.88204
0.656 1.86888
0.658 1.85506
0.66 1.84061
0.662 1.82555
0.664 1.80988
0.666 1.79363
0.668 1.77681
0.67 1.75945
0.672 1.74156
0.674 1.72316
0.676 1.70427
0.678 1.68492
0.68 1.66512
0.682 1.6449
0.684 1.62427
0.686 1.60326
0.688 1.58189
0.69 1.56018
0.692 1.53815
0.694 1.51582
0.696 1.49323
0.698 1.47038
0.7 1.4473
0.702 1.42401
0.704 1.40054
0.706 1.37691
0.708 1.35313
0.71 1.32923
0.712 1.30523
0.714 1.28115
0.716 1.25701
0.718 1.23284
0.72 1.20864
0.722 1.18445
0.724 1.16028
0.726 1.13614
0.728 1.11207
0.73 1.08806
0.732 1.06415
0.734 1.04035
0.736 1.01668
0.738 0.993143
0.74 0.969765
0.742 0.94656
0.744 0.92354
0.746 0.90072
0.748 0.878112
0.75 0.855729
0.752 0.833584
0.754 0.811686
0.756 0.790048
0.758 0.76868
0.76 0.74759
0.762 0.726788
0.764 0.706282
0.766 0.68608
0.768 0.666189
0.77 0.646617
0.772 0.627369
0.774 0.60845
0.776 0.589865
0.778 0.57162
0.78 0.553717
0.782 0.536161
0.784 0.518953
0.786 0.502097
0.788 0.485595
0.79 0.469446
0.792 0.453654
0.794 0.438217
0.796 0.423136
0.798 0.408411
0.8 0.394041
0.802 0.380024
0.804 0.366359
0.806 0.353045
0.808 0.340078
0.81 0.327456
0.812 0.315177
0.814 0.303237
0.816 0.291633
0.818 0.28036
0.82 0.269416
0.822 0.258795
0.824 0.248493
0.826 0.238506
0.828 0.228829
0.83 0.219457
0.832 0.210384
0.834 0.201606
0.836 0.193117
0.838 0.184912
0.84 0.176984
0.842 0.169328
0.844 0.161939
0.846 0.154811
0.848 0.147937
0.85 0.141311
0.852 0.134929
0.854 0.128783
0.856 0.122868
0.858 0.117178
0.86 0.111707
0.862 0.106449
0.864 0.101397
0.866 0.0965472
0.868 0.0918923
0.87 0.0874271
0.872 0.0831456
0.874 0.0790423
0.876 0.0751116
0.878 0.0713479
0.88 0.0677458
0.882 0.0643001
0.884 0.0610054
0.886 0.0578565
0.888 0.0548485
0.89 0.0519763
0.892 0.0492351
0.894 0.04662
0.896 0.0441266
0.898 0.0417501
0.9 0.0394863
0.902 0.0373307
0.904 0.0352791
0.906 0.0333275
0.908 0.0314718
0.91 0.0297082
0.912 0.0280329
0.914 0.0264422
0.916 0.0249327
0.918 0.0235008
0.92 0.0221433
0.922 0.020857
0.924 0.0196388
0.926 0.0184856
0.928 0.0173946
0.93 0.0163631
0.932 0.0153883
0.934 0.0144677
0.936 0.0135987
0.938 0.0127791
0.94 0.0120065
0.942 0.0112788
0.944 0.0105939
0.946 0.00994977
0.948 0.00934452
0.95 0.00877632
0.952 0.00824347
0.954 0.00774429
0.956 0.00727725
0.958 0.00684084
0.96 0.00643367
0.962 0.00605442
0.964 0.00570183
0.966 0.00537473
0.968 0.00507201
0.97 0.00479266
0.972 0.0045357
0.974 0.00430025
0.976 0.00408548
0.978 0.00389063
0.98 0.003715
0.982 0.00355798
0.984 0.00341899
0.986 0.00329753
0.988 0.00319315
0.99 0.00310548
0.992 0.00303418
0.994 0.002979
0.996 0.00293973
0.998 0.00291623
