-1 0.671929
-0.99 0.671994
-0.98 0.671572
-0.97 0.671296
-0.96 0.670504
-0.95 0.669899
-0.94 0.66873
-0.93 0.667804
-0.92 0.666259
-0.91 0.66501
-0.9 0.663106
-0.89 0.661514
-0.88 0.659289
-0.87 0.657314
-0.86 0.654827
-0.85 0.652418
-0.84 0.649731
-0.83 0.646847
-0.82 0.643993
-0.81 0.640647
-0.8 0.637587
-0.79 0.63388
-0.78 0.630488
-0.77 0.62659
-0.76 0.622715
-0.75 0.618758
-0.74 0.614367
-0.73 0.610295
-0.72 0.605581
-0.71 0.601138
-0.7 0.596396
-0.69 0.591391
-0.68 0.586663
-0.67 0.581296
-0.66 0.576231
-0.65 0.570924
-0.64 0.565268
-0.63 0.560001
-0.62 0.554138
-0.61 0.548376
-0.6 0.542743
-0.59 0.536497
-0.58 0.53063
-0.57 0.524606
-0.56 0.518107
-0.55 0.512089
-0.54 0.505747
-0.53 0.499042
-0.52 0.492854
-0.51 0.486304
-0.5 0.47939
-0.49 0.473025
-0.48 0.466401
-0.47 0.459279
-0.46 0.452685
-0.45 0.446128
-0.44 0.438898
-0.43 0.431929
-0.42 0.425467
-0.41 0.418456
-0.4 0.411052
-0.39 0.404295
-0.38 0.397819
-0.37 0.390615
-0.36 0.383082
-0.35 0.376294
-0.34 0.370065
-0.33 0.363246
-0.32 0.355512
-0.31 0.347885
-0.3 0.341606
-0.29 0.337077
-0.28 0.333863
-0.27 0.331298
-0.26 0.328933
-0.25 0.3266
-0.24 0.324286
-0.23 0.322011
-0.22 0.319794
-0.21 0.317643
-0.2 0.315561
-0.19 0.313553
-0.18 0.311622
-0.17 0.309772
-0.16 0.308007
-0.15 0.30633
-0.14 0.304745
-0.13 0.303256
-0.12 0.301864
-0.11 0.300573
-0.1 0.299385
-0.09 0.298304
-0.08 0.29733
-0.07 0.296466
-0.06 0.295714
-0.05 0.295075
-0.04 0.29455
-0.03 0.294141
-0.02 0.293849
-0.01 0.293673
0 0.293614
0.01 0.293673
0.02 0.293849
0.03 0.294141
0.04 0.29455
0.05 0.295075
0.06 0.295714
0.07 0.296466
0.08 0.29733
0.09 0.298304
0.1 0.299385
0.11 0.300573
0.12 0.301864
0.13 0.303256
0.14 0.304745
0.15 0.30633
0.16 0.308007
0.17 0.309772
0.18 0.311622
0.19 0.313553
0.2 0.315561
0.21 0.317643
0.22 0.319794
0.23 0.322011
0.24 0.324286
0.25 0.3266
0.26 0.328933
0.27 0.331298
0.28 0.333863
0.29 0.337077
0.3 0.341606
0.31 0.347885
0.32 0.355512
0.33 0.363246
0.34 0.370065
0.35 0.376294
0.36 0.383082
0.37 0.390615
0.38 0.397819
0.39 0.404295
0.4 0.411052
0.41 0.418456
0.42 0.425467
0.43 0.431929
0.44 0.438898
0.45 0.446128
0.46 0.452685
0.47 0.459279
0.48 0.466401
0.49 0.473025
0.5 0.47939
0.51 0.486304
0.52 0.492854
0.53 0.499042
0.54 0.505747
0.55 0.512089
0.56 0.518107
0.57 0.524606
0.58 0.53063
0.59 0.536497
0.6 0.542743
0.61 0.548376
0.62 0.554138
0.63 0.560001
0.64 0.565268
0.65 0.570924
0.66 0.576231
0.67 0.581296
0.68 0.586663
0.69 0.591391
0.7 0.596396
0.71 0.601138
0.72 0.605581
0.73 0.610295
0.74 0.614367
0.75 0.618758
0.76 0.622715
0.77 0.62659
0.78 0.630488
0.79 0.63388
0.8 0.637587
0.81 0.640647
0.82 0.643993
0.83 0.646847
0.84 0.649731
0.85 0.652418
0.86 0.654827
0.87 0.657314
0.88 0.659289
0.89 0.661514
0.9 0.663106
0.91 0.66501
0.92 0.666259
0.93 0.667804
0.94 0.66873
0.95 0.669899
0.96 0.670504
0.97 0.671296
0.98 0.671572
0.99 0.671994
