-1 0.00293058
-0.998 0.00293845
-0.996 0.00296211
-0.994 0.00300163
-0.992 0.00305717
-0.99 0.00312893
-0.988 0.00321717
-0.986 0.00332222
-0.984 0.00344446
-0.982 0.00358434
-0.98 0.00374237
-0.978 0.00391911
-0.976 0.0041152
-0.974 0.00433133
-0.972 0.00456827
-0.97 0.00482685
-0.968 0.00510795
-0.966 0.00541255
-0.964 0.00574168
-0.962 0.00609644
-0.96 0.00647803
-0.958 0.00688768
-0.956 0.00732674
-0.954 0.00779661
-0.952 0.00829877
-0.95 0.00883481
-0.948 0.00940637
-0.946 0.0100152
-0.944 0.0106631
-0.942 0.011352
-0.94 0.0120839
-0.938 0.0128609
-0.936 0.0136852
-0.934 0.014559
-0.932 0.0154848
-0.93 0.0164651
-0.928 0.0175023
-0.926 0.0185993
-0.924 0.0197587
-0.922 0.0209835
-0.92 0.0222767
-0.918 0.0236414
-0.916 0.0250808
-0.914 0.0265983
-0.912 0.0281972
-0.91 0.0298811
-0.908 0.0316537
-0.906 0.0335187
-0.904 0.0354802
-0.902 0.0375419
-0.9 0.0397081
-0.898 0.041983
-0.896 0.0443709
-0.894 0.0468763
-0.892 0.0495037
-0.89 0.0522578
-0.888 0.0551433
-0.886 0.0581652
-0.884 0.0613284
-0.882 0.064638
-0.88 0.0680991
-0.878 0.071717
-0.876 0.0754972
-0.874 0.0794449
-0.872 0.0835658
-0.87 0.0878654
-0.868 0.0923493
-0.866 0.0970234
-0.864 0.101893
-0.862 0.106965
-0.86 0.112244
-0.858 0.117737
-0.856 0.123449
-0.854 0.129387
-0.852 0.135556
-0.85 0.141963
-0.848 0.148613
-0.846 0.155512
-0.844 0.162666
-0.842 0.170082
-0.84 0.177764
-0.838 0.18572
-0.836 0.193953
-0.834 0.202471
-0.832 0.211278
-0.83 0.220381
-0.828 0.229783
-0.826 0.239491
-0.824 0.249509
-0.822 0.259842
-0.82 0.270495
-0.818 0.281473
-0.816 0.292778
-0.814 0.304416
-0.812 0.31639
-0.81 0.328703
-0.808 0.341359
-0.806 0.35436
-0.804 0.36771
-0.802 0.38141
-0.8 0.395462
-0.798 0.409868
-0.796 0.424628
-0.794 0.439745
-0.792 0.455217
-0.79 0.471045
-0.788 0.487229
-0.786 0.503767
-0.784 0.520658
-0.782 0.537901
-0.78 0.555492
-0.778 0.573429
-0.776 0.591709
-0.774 0.610327
-0.772 0.629279
-0.77 0.64856
-0.768 0.668164
-0.766 0.688086
-0.764 0.708319
-0.762 0.728855
-0.76 0.749686
-0.758 0.770804
-0.756 0.7922
-0.754 0.813865
-0.752 0.835787
-0.75 0.857957
-0.748 0.880363
-0.746 0.902992
-0.744 0.925833
-0.742 0.948872
-0.74 0.972096
-0.738 0.995489
-0.736 1.01904
-0.734 1.04273
-0.732 1.06654
-0.73 1.09046
-0.728 1.11447
-0.726 1.13855
-0.724 1.16269
-0.722 1.18687
-0.72 1.21106
-0.718 1.23526
-0.716 1.25943
-0.714 1.28356
-0.712 1.30763
-0.71 1.33162
-0.708 1.35551
-0.706 1.37928
-0.704 1.4029
-0.702 1.42635
-0.7 1.44962
-0.698 1.47267
-0.696 1.4955
-0.694 1.51807
-0.692 1.54036
-0.69 1.56236
-0.688 1.58404
-0.686 1.60538
-0.684 1.62635
-0.682 1.64694
-0.68 1.66712
-0.678 1.68688
-0.676 1.70618
-0.674 1.72502
-0.672 1.74337
-0.67 1.76121
-0.668 1.77852
-0.666 1.79528
-0.664 1.81147
-0.662 1.82708
-0.66 1.84209
-0.658 1.85647
-0.656 1.87023
-0.654 1.88333
-0.652 1.89576
-0.65 1.90751
-0.648 1.91857
-0.646 1.92892
-0.644 1.93855
-0.642 1.94745
-0.64 1.9556
-0.638 1.96301
-0.636 1.96966
-0.634 1.97553
-0.632 1.98064
-0.63 1.98496
-0.628 1.9885
-0.626 1.99124
-0.624 1.99319
-0.622 1.99435
-0.62 1.99471
-0.618 1.99427
-0.616 1.99304
-0.614 1.991
-0.612 1.98818
-0.61 1.98456
-0.608 1.98016
-0.606 1.97498
-0.604 1.96903
-0.602 1.9623
-0.6 1.95482
-0.598 1.94659
-0.596 1.93762
-0.594 1.92791
-0.592 1.91749
-0.59 1.90637
-0.588 1.89455
-0.586 1.88204
-0.584 1.86888
-0.582 1.85506
-0.58 1.84061
-0.578 1.82555
-0.576 1.80988
-0.574 1.79363
-0.572 1.77681
-0.57 1.75945
-0.568 1.74156
-0.566 1.72316
-0.564 1.70427
-0.562 1.68492
-0.56 1.66512
-0.558 1.6449
-0.556 1.62427
-0.554 1.60326
-0.552 1.58189
-0.55 1.56018
-0.548 1.53815
-0.546 1.51582
-0.544 1.49323
-0.542 1.47038
-0.54 1.4473
-0.538 1.42401
-0.536 1.40054
-0.534 1.37691
-0.532 1.35313
-0.53 1.32923
-0.528 1.30523
-0.526 1.28115
-0.524 1.25701
-0.522 1.23284
-0.52 1.20864
-0.518 1.18445
-0.516 1.16028
-0.514 1.13614
-0.512 1.11207
-0.51 1.08806
-0.508 1.06415
-0.506 1.04035
-0.504 1.01668
-0.502 0.993143
-0.5 0.969765
-0.498 0.94656
-0.496 0.92354
-0.494 0.90072
-0.492 0.878112
-0.49 0.855729
-0.488 0.833584
-0.486 0.811686
-0.484 0.790048
-0.482 0.76868
-0.48 0.74759
-0.478 0.726788
-0.476 0.706282
-0.474 0.68608
-0.472 0.666189
-0.47 0.646617
-0.468 0.627369
-0.466 0.60845
-0.464 0.589865
-0.462 0.57162
-0.46 0.553717
-0.458 0.536161
-0.456 0.518953
-0.454 0.502097
-0.452 0.485595
-0.45 0.469446
-0.448 0.453654
-0.446 0.438217
-0.444 0.423136
-0.442 0.408411
-0.44 0.394041
-0.438 0.380024
-0.436 0.366359
-0.434 0.353044
-0.432 0.340078
-0.43 0.327456
-0.428 0.315177
-0.426 0.303237
-0.424 0.291632
-0.422 0.28036
-0.42 0.269415
-0.418 0.258794
-0.416 0.248493
-0.414 0.238506
-0.412 0.228829
-0.41 0.219457
-0.408 0.210384
-0.406 0.201606
-0.404 0.193117
-0.402 0.184911
-0.4 0.176983
-0.398 0.169327
-0.396 0.161938
-0.394 0.154809
-0.392 0.147935
-0.39 0.14131
-0.388 0.134927
-0.386 0.128781
-0.384 0.122866
-0.382 0.117176
-0.38 0.111704
-0.378 0.106446
-0.376 0.101394
-0.374 0.0965435
-0.372 0.0918883
-0.37 0.0874226
-0.368 0.0831407
-0.366 0.0790368
-0.364 0.0751055
-0.362 0.0713412
-0.36 0.0677385
-0.358 0.0642919
-0.356 0.0609964
-0.354 0.0578466
-0.352 0.0548375
-0.35 0.0519642
-0.348 0.0492217
-0.346 0.0466053
-0.344 0.0441103
-0.342 0.0417322
-0.34 0.0394666
-0.338 0.037309
-0.336 0.0352552
-0.334 0.0333012
-0.332 0.0314429
-0.33 0.0296765
-0.328 0.027998
-0.326 0.026404
-0.324 0.0248907
-0.322 0.0234548
-0.32 0.0220929
-0.318 0.0208017
-0.316 0.0195782
-0.314 0.0184192
-0.312 0.0173219
-0.31 0.0162835
-0.308 0.0153012
-0.306 0.0143725
-0.304 0.0134947
-0.302 0.0126654
-0.3 0.0118824
-0.298 0.0111433
-0.296 0.010446
-0.294 0.00978837
-0.292 0.00916851
-0.29 0.00858447
-0.288 0.00803442
-0.286 0.00751661
-0.284 0.00702935
-0.282 0.00657106
-0.28 0.00614018
-0.278 0.00573527
-0.276 0.00535492
-0.274 0.00499779
-0.272 0.00466261
-0.27 0.00434817
-0.268 0.00405331
-0.266 0.00377694
-0.264 0.00351801
-0.262 0.00327552
-0.26 0.00304852
-0.258 0.00283612
-0.256 0.00263746
-0.254 0.00245173
-0.252 0.00227818
-0.25 0.00211606
-0.248 0.00196469
-0.246 0.00182342
-0.244 0.00169164
-0.242 0.00156874
-0.24 0.0014542
-0.238 0.00134748
-0.236 0.00124809
-0.234 0.00115557
-0.232 0.00106948
-0.23 0.000989413
-0.228 0.00091497
-0.226 0.00084579
-0.224 0.000781529
-0.222 0.00072186
-0.22 0.000666481
-0.218 0.000615104
-0.216 0.000567461
-0.214 0.000523299
-0.212 0.00048238
-0.21 0.000444483
-0.208 0.0004094
-0.206 0.000376935
-0.204 0.000346906
-0.202 0.000319141
-0.2 0.000293481
-0.198 0.000269776
-0.196 0.000247887
-0.194 0.000227683
-0.192 0.000209042
-0.19 0.00019185
-0.188 0.000176002
-0.186 0.000161398
-0.184 0.000147947
-0.182 0.000135563
-0.18 0.000124165
-0.178 0.000113681
-0.176 0.00010404
-0.174 9.51786e-05
-0.172 8.70371e-05
-0.17 7.95603e-05
-0.168 7.26966e-05
-0.166 6.63986e-05
-0.164 6.06219e-05
-0.162 5.53256e-05
-0.16 5.04719e-05
-0.158 4.60255e-05
-0.156 4.19541e-05
-0.154 3.82275e-05
-0.152 3.48181e-05
-0.15 3.17e-05
-0.148 2.88496e-05
-0.146 2.6245e-05
-0.144 2.38661e-05
-0.142 2.1694e-05
-0.14 1.97118e-05
-0.138 1.79035e-05
-0.136 1.62546e-05
-0.134 1.47517e-05
-0.132 1.33824e-05
-0.13 1.21353e-05
-0.128 1.1e-05
-0.126 9.967e-06
-0.124 9.02736e-06
-0.122 8.17303e-06
-0.12 7.3966e-06
-0.118 6.69125e-06
-0.116 6.05074e-06
-0.114 5.46936e-06
-0.112 4.94186e-06
-0.11 4.46345e-06
-0.108 4.02975e-06
-0.106 3.63673e-06
-0.104 3.28073e-06
-0.102 2.95839e-06
-0.1 2.66666e-06
-0.098 2.40274e-06
-0.096 2.16407e-06
-0.094 1.94833e-06
-0.092 1.7534e-06
-0.09 1.57734e-06
-0.088 1.41839e-06
-0.086 1.27495e-06
-0.084 1.14556e-06
-0.082 1.02889e-06
-0.08 9.2374e-07
-0.078 8.29004e-07
-0.076 7.43689e-07
-0.074 6.66891e-07
-0.072 5.97788e-07
-0.07 5.35635e-07
-0.068 4.79758e-07
-0.066 4.29544e-07
-0.064 3.84438e-07
-0.062 3.43939e-07
-0.06 3.07591e-07
-0.058 2.74985e-07
-0.056 2.45749e-07
-0.054 2.19546e-07
-0.052 1.96073e-07
-0.05 1.75057e-07
-0.048 1.56251e-07
-0.046 1.39431e-07
-0.044 1.24398e-07
-0.042 1.1097e-07
-0.04 9.89855e-08
-0.038 8.82975e-08
-0.036 7.87749e-08
-0.034 7.03e-08
-0.032 6.27674e-08
-0.03 5.60825e-08
-0.028 5.01611e-08
-0.026 4.49279e-08
-0.024 4.03161e-08
-0.022 3.62664e-08
-0.02 3.27266e-08
-0.018 2.96505e-08
-0.016 2.69982e-08
-0.014 2.47347e-08
-0.012 2.28303e-08
-0.01 2.12599e-08
-0.008 2.00025e-08
-0.006 1.90415e-08
-0.004 1.83642e-08
-0.002 1.79613e-08
0 1.78276e-08
0.002 1.79613e-08
0.004 1.83642e-08
0.006 1.90415e-08
0.008 2.00025e-08
0.01 2.12599e-08
0.012 2.28303e-08
0.014 2.47347e-08
0.016 2.69982e-08
0.018 2.96505e-08
0.02 3.27266e-08
0.022 3.62664e-08
0.024 4.03161e-08
0.026 4.49279e-08
0.028 5.01611e-08
0.03 5.60825e-08
0.032 6.27674e-08
0.034 7.03e-08
0.036 7.87749e-08
0.038 8.82975e-08
0.04 9.89855e-08
0.042 1.1097e-07
0.044 1.24398e-07
0.046 1.39431e-07
0.048 1.56251e-07
0.05 1.75057e-07
0.052 1.96073e-07
0.054 2.19546e-07
0.056 2.45749e-07
0.058 2.74985e-07
0.06 3.07591e-07
0.062 3.43939e-07
0.064 3.84438e-07
0.066 4.29544e-07
0.068 4.79758e-07
0.07 5.35635e-07
0.072 5.97788e-07
0.074 6.66891e-07
0.076 7.43689e-07
0.078 8.29004e-07
0.08 9.2374e-07
0.082 1.02889e-06
0.084 1.14556e-06
0.086 1.27495e-06
0.088 1.41839e-06
0.09 1.57734e-06
0.092 1.7534e-06
0.094 1.94833e-06
0.096 2.16407e-06
0.098 2.40274e-06
0.1 2.66666e-06
0.102 2.95839e-06
0.104 3.28073e-06
0.106 3.63673e-06
0.108 4.02975e-06
0.11 4.46345e-06
0.112 4.94186e-06
0.114 5.46936e-06
0.116 6.05074e-06
0.118 6.69125e-06
0.12 7.3966e-06
0.122 8.17303e-06
0.124 9.02736e-06
0.126 9.967e-06
0.128 1.1e-05
0.13 1.21353e-05
0.132 1.33824e-05
0.134 1.47517e-05
0.136 1.62546e-05
0.138 1.79035e-05
0.14 1.97118e-05
0.142 2.1694e-05
0.144 2.38661e-05
0.146 2.6245e-05
0.148 2.88496e-05
0.15 3.17e-05
0.152 3.48181e-05
0.154 3.82275e-05
0.156 4.19541e-05
0.158 4.60255e-05
0.16 5.04719e-05
0.162 5.53256e-05
0.164 6.06219e-05
0.166 6.63986e-05
0.168 7.26966e-05
0.17 7.95603e-05
0.172 8.70371e-05
0.174 9.51786e-05
0.176 0.00010404
0.178 0.000113681
0.18 0.000124165
0.182 0.000135563
0.184 0.000147947
0.186 0.000161398
0.188 0.000176002
0.19 0.00019185
0.192 0.000209042
0.194 0.000227683
0.196 0.000247887
0.198 0.000269776
0.2 0.000293481
0.202 0.000319141
0.204 0.000346906
0.206 0.000376935
0.208 0.0004094
0.21 0.000444483
0.212 0.00048238
0.214 0.000523299
0.216 0.000567461
0.218 0.000615104
0.22 0.000666481
0.222 0.00072186
0.224 0.000781529
0.226 0.00084579
0.228 0.00091497
0.23 0.000989413
0.232 0.00106948
0.234 0.00115557
0.236 0.00124809
0.238 0.00134748
0.24 0.0014542
0.242 0.00156874
0.244 0.00169164
0.246 0.00182342
0.248 0.00196469
0.25 0.00211606
0.252 0.00227818
0.254 0.00245173
0.256 0.00263746
0.258 0.00283612
0.26 0.00304852
0.262 0.00327552
0.264 0.00351801
0.266 0.00377694
0.268 0.00405331
0.27 0.00434817
0.272 0.00466261
0.274 0.00499779
0.276 0.00535492
0.278 0.00573527
0.28 0.00614018
0.282 0.00657106
0.284 0.00702935
0.286 0.00751661
0.288 0.00803442
0.29 0.00858447
0.292 0.00916851
0.294 0.00978837
0.296 0.010446
0.298 0.0111433
0.3 0.0118824
0.302 0.0126654
0.304 0.0134947
0.306 0.0143725
0.308 0.0153012
0.31 0.0162835
0.312 0.0173219
0.314 0.0184192
0.316 0.0195782
0.318 0.0208017
0.32 0.0220929
0.322 0.0234548
0.324 0.0248907
0.326 0.026404
0.328 0.027998
0.33 0.0296765
0.332 0.0314429
0.334 0.0333012
0.336 0.0352552
0.338 0.037309
0.34 0.0394666
0.342 0.0417322
0.344 0.0441103
0.346 0.0466053
0.348 0.0492217
0.35 0.0519642
0.352 0.0548375
0.354 0.0578466
0.356 0.0609964
0.358 0.0642919
0.36 0.0677385
0.362 0.0713412
0.364 0.0751055
0.366 0.0790368
0.368 0.0831407
0.37 0.0874226
0.372 0.0918883
0.374 0.0965435
0.376 0.101394
0.378 0.106446
0.38 0.111704
0.382 0.117176
0.384 0.122866
0.386 0.128781
0.388 0.134927
0.39 0.14131
0.392 0.147935
0.394 0.154809
0.396 0.161938
0.398 0.169327
0.4 0.176983
0.402 0.184911
0.404 0.193117
0.406 0.201606
0.408 0.210384
0.41 0.219457
0.412 0.228829
0.414 0.238506
0.416 0.248493
0.418 0.258794
0.42 0.269415
0.422 0.28036
0.424 0.291632
0.426 0.303237
0.428 0.315177
0.43 0.327456
0.432 0.340078
0.434 0.353044
0.436 0.366359
0.438 0.380024
0.44 0.394041
0.442 0.408411
0.444 0.423136
0.446 0.438217
0.448 0.453654
0.45 0.469446
0.452 0.485595
0.454 0.502097
0.456 0.518953
0.458 0.536161
0.46 0.553717
0.462 0.57162
0.464 0.589865
0.466 0.60845
0.468 0.627369
0.47 0.646617
0.472 0.666189
0.474 0.68608
0.476 0.706282
0.478 0.726788
0.48 0.74759
0.482 0.76868
0.484 0.790048
0.486 0.811686
0.488 0.833584
0.49 0.855729
0.492 0.878112
0.494 0.90072
0.496 0.92354
0.498 0.94656
0.5 0.969765
0.502 0.993143
0.504 1.01668
0.506 1.04035
0.508 1.06415
0.51 1.08806
0.512 1.11207
0.514 1.13614
0.516 1.16028
0.518 1.18445
0.52 1.20864
0.522 1.23284
0.524 1.25701
0.526 1.28115
0.528 1.30523
0.53 1.32923
0.532 1.35313
0.534 1.37691
0.536 1.40054
0.538 1.42401
0.54 1.4473
0.542 1.47038
0.544 1.49323
0.546 1.51582
0.548 1.53815
0.55 1.56018
0.552 1.58189
0.554 1.60326
0.556 1.62427
0.558 1.6449
0.56 1.66512
0.562 1.68492
0.564 1.70427
0.566 1.72316
0.568 1.74156
0.57 1.75945
0.572 1.77681
0.574 1.79363
0.576 1.80988
0.578 1.82555
0.58 1.84061
0.582 1.85506
0.584 1.86888
0.586 1.88204
0.588 1.89455
0.59 1.90637
0.592 1.91749
0.594 1.92791
0.596 1.93762
0.598 1.94659
0.6 1.95482
0.602 1.9623
0.604 1.96903
0.606 1.97498
0.608 1.98016
0.61 1.98456
0.612 1.98818
0.614 1.991
0.616 1.99304
0.618 1.99427
0.62 1.99471
0.622 1.99435
0.624 1.99319
0.626 1.99124
0.628 1.9885
0.63 1.98496
0.632 1.98064
0.634 1.97553
0.636 1.96966
0.638 1.96301
0.64 1.9556
0.642 1.94745
0.644 1.93855
0.646 1.92892
0.648 1.91857
0.65 1.90751
0.652 1.89576
0.654 1.88333
0.656 1.87023
0.658 1.85647
0.66 1.84209
0.662 1.82708
0.664 1.81147
0.666 1.79528
0.668 1.77852
0.67 1.76121
0.672 1.74337
0.674 1.72502
0.676 1.70618
0.678 1.68688
0.68 1.66712
0.682 1.64694
0.684 1.62635
0.686 1.60538
0.688 1.58404
0.69 1.56236
0.692 1.54036
0.694 1.51807
0.696 1.4955
0.698 1.47267
0.7 1.44962
0.702 1.42635
0.704 1.4029
0.706 1.37928
0.708 1.35551
0.71 1.33162
0.712 1.30763
0.714 1.28356
0.716 1.25943
0.718 1.23526
0.72 1.21106
0.722 1.18687
0.724 1.16269
0.726 1.13855
0.728 1.11447
0.73 1.09046
0.732 1.06654
0.734 1.04273
0.736 1.01904
0.738 0.995489
0.74 0.972096
0.742 0.948872
0.744 0.925833
0.746 0.902992
0.748 0.880363
0.75 0.857957
0.752 0.835787
0.754 0.813865
0.756 0.7922
0.758 0.770804
0.76 0.749686
0.762 0.728855
0.764 0.708319
0.766 0.688086
0.768 0.668164
0.77 0.64856
0.772 0.629279
0.774 0.610327
0.776 0.591709
0.778 0.573429
0.78 0.555492
0.782 0.537901
0.784 0.520658
0.786 0.503767
0.788 0.487229
0.79 0.471045
0.792 0.455217
0.794 0.439745
0.796 0.424628
0.798 0.409868
0.8 0.395462
0.802 0.38141
0.804 0.36771
0.806 0.35436
0.808 0.341359
0.81 0.328703
0.812 0.31639
0.814 0.304416
0.816 0.292778
0.818 0.281473
0.82 0.270495
0.822 0.259842
0.824 0.249509
0.826 0.239491
0.828 0.229783
0.83 0.220381
0.832 0.211278
0.834 0.202471
0.836 0.193953
0.838 0.18572
0.84 0.177764
0.842 0.170082
0.844 0.162666
0.846 0.155512
0.848 0.148613
0.85 0.141963
0.852 0.135556
0.854 0.129387
0.856 0.123449
0.858 0.117737
0.86 0.112244
0.862 0.106965
0.864 0.101893
0.866 0.0970234
0.868 0.0923493
0.87 0.0878654
0.872 0.0835658
0.874 0.0794449
0.876 0.0754972
0.878 0.071717
0.88 0.0680991
0.882 0.064638
0.884 0.0613284
0.886 0.0581652
0.888 0.0551433
0.89 0.0522578
0.892 0.0495037
0.894 0.0468763
0.896 0.0443709
0.898 0.041983
0.9 0.0397081
0.902 0.0375419
0.904 0.0354802
0.906 0.0335187
0.908 0.0316537
0.91 0.0298811
0.912 0.0281972
0.914 0.0265983
0.916 0.0250808
0.918 0.0236414
0.92 0.0222767
0.922 0.0209835
0.924 0.0197587
0.926 0.0185993
0.928 0.0175023
0.93 0.0164651
0.932 0.0154848
0.934 0.014559
0.936 0.0136852
0.938 0.0128609
0.94 0.0120839
0.942 0.011352
0.944 0.0106631
0.946 0.0100152
0.948 0.00940637
0.95 0.00883481
0.952 0.00829877
0.954 0.00779661
0.956 0.00732674
0.958 0.00688768
0.96 0.00647803
0.962 0.00609644
0.964 0.00574168
0.966 0.00541255
0.968 0.00510795
0.97 0.00482685
0.972 0.00456827
0.974 0.00433133
0.976 0.0041152
0.978 0.00391911
0.98 0.00374237
0.982 0.00358434
0.984 0.00344446
0.986 0.00332222
0.988 0.00321717
0.99 0.00312893
0.992 0.00305717
0.994 0.00300163
0.996 0.00296211
0.998 0.00293845
