-1 0.57203
-0.99 0.571815
-0.98 0.571872
-0.97 0.571519
-0.96 0.571398
-0.95 0.570927
-0.94 0.570604
-0.93 0.570041
-0.92 0.569485
-0.91 0.56886
-0.9 0.568042
-0.89 0.567371
-0.88 0.566284
-0.87 0.565553
-0.86 0.564234
-0.85 0.56337
-0.84 0.561919
-0.83 0.560793
-0.82 0.559343
-0.81 0.557834
-0.8 0.556452
-0.79 0.554569
-0.78 0.553138
-0.77 0.551095
-0.76 0.549332
-0.75 0.547397
-0.74 0.545134
-0.73 0.543277
-0.72 0.54077
-0.71 0.538562
-0.7 0.53624
-0.69 0.53346
-0.68 0.531169
-0.67 0.528326
-0.66 0.525442
-0.65 0.522883
-0.64 0.519629
-0.63 0.516624
-0.62 0.513741
-0.61 0.510162
-0.6 0.506951
-0.59 0.503796
-0.58 0.499924
-0.57 0.496404
-0.56 0.493067
-0.55 0.488959
-0.54 0.484982
-0.53 0.481497
-0.52 0.477364
-0.51 0.47281
-0.5 0.468909
-0.49 0.465064
-0.48 0.460322
-0.47 0.455425
-0.46 0.451341
-0.45 0.447419
-0.44 0.44251
-0.43 0.436838
-0.42 0.431781
-0.41 0.428356
-0.4 0.426504
-0.39 0.425543
-0.38 0.424853
-0.37 0.424141
-0.36 0.423345
-0.35 0.422483
-0.34 0.421576
-0.33 0.420634
-0.32 0.419662
-0.31 0.418663
-0.3 0.417642
-0.29 0.416604
-0.28 0.415552
-0.27 0.414492
-0.26 0.413426
-0.25 0.41236
-0.24 0.411298
-0.23 0.410244
-0.22 0.409202
-0.21 0.408175
-0.2 0.407168
-0.19 0.406185
-0.18 0.405229
-0.17 0.404303
-0.16 0.403411
-0.15 0.402557
-0.14 0.401742
-0.13 0.400971
-0.12 0.400245
-0.11 0.399568
-0.1 0.398942
-0.09 0.398368
-0.08 0.397849
-0.07 0.397387
-0.06 0.396984
-0.05 0.39664
-0.04 0.396357
-0.03 0.396136
-0.02 0.395977
-0.01 0.395882
0 0.39585
0.01 0.395882
0.02 0.395977
0.03 0.396136
0.04 0.396357
0.05 0.39664
0.06 0.396984
0.07 0.397387
0.08 0.397849
0.09 0.398368
0.1 0.398942
0.11 0.399568
0.12 0.400245
0.13 0.400971
0.14 0.401742
0.15 0.402557
0.16 0.403411
0.17 0.404303
0.18 0.405229
0.19 0.406185
0.2 0.407168
0.21 0.408175
0.22 0.409202
0.23 0.410244
0.24 0.411298
0.25 0.41236
0.26 0.413426
0.27 0.414492
0.28 0.415552
0.29 0.416604
0.3 0.417642
0.31 0.418663
0.32 0.419662
0.33 0.420634
0.34 0.421576
0.35 0.422483
0.36 0.423345
0.37 0.424141
0.38 0.424853
0.39 0.425543
0.4 0.426504
0.41 0.428356
0.42 0.431781
0.43 0.436838
0.44 0.44251
0.45 0.447419
0.46 0.451341
0.47 0.455425
0.48 0.460322
0.49 0.465064
0.5 0.468909
0.51 0.47281
0.52 0.477364
0.53 0.481497
0.54 0.484982
0.55 0.488959
0.56 0.493067
0.57 0.496404
0.58 0.499924
0.59 0.503796
0.6 0.506951
0.61 0.510162
0.62 0.513741
0.63 0.516624
0.64 0.519629
0.65 0.522883
0.66 0.525442
0.67 0.528326
0.68 0.531169
0.69 0.53346
0.7 0.53624
0.71 0.538562
0.72 0.54077
0.73 0.543277
0.74 0.545134
0.75 0.547397
0.76 0.549332
0.77 0.551095
0.78 0.553138
0.79 0.554569
0.8 0.556452
0.81 0.557834
0.82 0.559343
0.83 0.560793
0.84 0.561919
0.85 0.56337
0.86 0.564234
0.87 0.565553
0.88 0.566284
0.89 0.567371
0.9 0.568042
0.91 0.56886
0.92 0.569485
0.93 0.570041
0.94 0.570604
0.95 0.570927
0.96 0.571398
0.97 0.571519
0.98 0.571872
0.99 0.571815
