-1 0.252839
-0.99 0.252953
-0.98 0.253078
-0.97 0.253524
-0.96 0.253796
-0.95 0.254652
-0.94 0.255015
-0.93 0.256275
-0.92 0.256814
-0.91 0.258265
-0.9 0.259302
-0.89 0.260552
-0.88 0.262362
-0.87 0.263441
-0.86 0.265479
-0.85 0.26732
-0.84 0.268744
-0.83 0.271264
-0.82 0.273379
-0.81 0.274951
-0.8 0.277683
-0.79 0.280633
-0.78 0.282385
-0.77 0.28422
-0.76 0.288017
-0.75 0.293887
-0.74 0.300819
-0.73 0.308032
-0.72 0.31528
-0.71 0.322556
-0.7 0.329881
-0.69 0.337258
-0.68 0.344685
-0.67 0.352156
-0.66 0.359668
-0.65 0.367217
-0.64 0.374799
-0.63 0.382409
-0.62 0.390043
-0.61 0.397697
-0.6 0.405367
-0.59 0.413047
-0.58 0.420733
-0.57 0.428421
-0.56 0.436105
-0.55 0.443781
-0.54 0.451444
-0.53 0.459089
-0.52 0.46671
-0.51 0.474303
-0.5 0.481862
-0.49 0.489383
-0.48 0.496859
-0.47 0.504287
-0.46 0.51166
-0.45 0.518974
-0.44 0.526222
-0.43 0.5334
-0.42 0.540503
-0.41 0.547525
-0.4 0.554461
-0.39 0.561306
-0.38 0.568054
-0.37 0.574701
-0.36 0.58124
-0.35 0.587669
-0.34 0.59398
-0.33 0.600169
-0.32 0.606232
-0.31 0.612164
-0.3 0.617959
-0.29 0.623614
-0.28 0.629123
-0.27 0.634482
-0.26 0.639687
-0.25 0.644733
-0.24 0.649617
-0.23 0.654334
-0.22 0.658881
-0.21 0.663253
-0.2 0.667447
-0.19 0.67146
-0.18 0.675288
-0.17 0.678928
-0.16 0.682377
-0.15 0.685632
-0.14 0.68869
-0.13 0.691548
-0.12 0.694205
-0.11 0.696658
-0.1 0.698904
-0.09 0.700943
-0.08 0.702771
-0.07 0.704388
-0.06 0.705793
-0.05 0.706983
-0.04 0.707958
-0.03 0.708718
-0.02 0.709261
-0.01 0.709587
0 0.709695
0.01 0.709587
0.02 0.709261
0.03 0.708718
0.04 0.707958
0.05 0.706983
0.06 0.705793
0.07 0.704388
0.08 0.702771
0.09 0.700943
0.1 0.698904
0.11 0.696658
0.12 0.694205
0.13 0.691548
0.14 0.68869
0.15 0.685632
0.16 0.682377
0.17 0.678928
0.18 0.675288
0.19 0.67146
0.2 0.667447
0.21 0.663253
0.22 0.658881
0.23 0.654334
0.24 0.649617
0.25 0.644733
0.26 0.639687
0.27 0.634482
0.28 0.629123
0.29 0.623614
0.3 0.617959
0.31 0.612164
0.32 0.606232
0.33 0.600169
0.34 0.59398
0.35 0.587669
0.36 0.58124
0.37 0.574701
0.38 0.568054
0.39 0.561306
0.4 0.554461
0.41 0.547525
0.42 0.540503
0.43 0.5334
0.44 0.526222
0.45 0.518974
0.46 0.51166
0.47 0.504287
0.48 0.496859
0.49 0.489383
0.5 0.481862
0.51 0.474303
0.52 0.46671
0.53 0.459089
0.54 0.451444
0.55 0.443781
0.56 0.436105
0.57 0.428421
0.58 0.420733
0.59 0.413047
0.6 0.405367
0.61 0.397697
0.62 0.390043
0.63 0.382409
0.64 0.374799
0.65 0.367217
0.66 0.359668
0.67 0.352156
0.68 0.344685
0.69 0.337258
0.7 0.329881
0.71 0.322556
0.72 0.31528
0.73 0.308032
0.74 0.300819
0.75 0.293887
0.76 0.288017
0.77 0.28422
0.78 0.282385
0.79 0.280633
0.8 0.277683
0.81 0.274951
0.82 0.273379
0.83 0.271264
0.84 0.268744
0.85 0.26732
0.86 0.265479
0.87 0.263441
0.88 0.262362
0.89 0.260552
0.9 0.259302
0.91 0.258265
0.92 0.256814
0.93 0.256275
0.94 0.255015
0.95 0.254652
0.96 0.253796
0.97 0.253524
0.98 0.253078
0.99 0.252953
