-1 0.416683
-0.99 0.416575
-0.98 0.416774
-0.97 0.416792
-0.96 0.417043
-0.95 0.417226
-0.94 0.417483
-0.93 0.41787
-0.92 0.418091
-0.91 0.418702
-0.9 0.418878
-0.89 0.419674
-0.88 0.419877
-0.87 0.420717
-0.86 0.421116
-0.85 0.421791
-0.84 0.422549
-0.83 0.422966
-0.82 0.424001
-0.81 0.424405
-0.8 0.425293
-0.79 0.42611
-0.78 0.42657
-0.77 0.427692
-0.76 0.428214
-0.75 0.428905
-0.74 0.429992
-0.73 0.430354
-0.72 0.431168
-0.71 0.432173
-0.7 0.432428
-0.69 0.433177
-0.68 0.434187
-0.67 0.434359
-0.66 0.434774
-0.65 0.435835
-0.64 0.436187
-0.63 0.435997
-0.62 0.436604
-0.61 0.437617
-0.6 0.437644
-0.59 0.436847
-0.58 0.436808
-0.57 0.438574
-0.56 0.441893
-0.55 0.445941
-0.54 0.450113
-0.53 0.454189
-0.52 0.458149
-0.51 0.462013
-0.5 0.465792
-0.49 0.469487
-0.48 0.473096
-0.47 0.476618
-0.46 0.480053
-0.45 0.4834
-0.44 0.486659
-0.43 0.489829
-0.42 0.492912
-0.41 0.495906
-0.4 0.498811
-0.39 0.501629
-0.38 0.504359
-0.37 0.507001
-0.36 0.509557
-0.35 0.512026
-0.34 0.514409
-0.33 0.516707
-0.32 0.518921
-0.31 0.521052
-0.3 0.5231
-0.29 0.525066
-0.28 0.526952
-0.27 0.528758
-0.26 0.530485
-0.25 0.532135
-0.24 0.533709
-0.23 0.535207
-0.22 0.536631
-0.21 0.537982
-0.2 0.539261
-0.19 0.54047
-0.18 0.541608
-0.17 0.542679
-0.16 0.543681
-0.15 0.544617
-0.14 0.545488
-0.13 0.546294
-0.12 0.547036
-0.11 0.547716
-0.1 0.548333
-0.09 0.54889
-0.08 0.549386
-0.07 0.549822
-0.06 0.550199
-0.05 0.550517
-0.04 0.550776
-0.03 0.550978
-0.02 0.551122
-0.01 0.551208
0 0.551236
0.01 0.551208
0.02 0.551122
0.03 0.550978
0.04 0.550776
0.05 0.550517
0.06 0.550199
0.07 0.549822
0.08 0.549386
0.09 0.54889
0.1 0.548333
0.11 0.547716
0.12 0.547036
0.13 0.546294
0.14 0.545488
0.15 0.544617
0.16 0.543681
0.17 0.542679
0.18 0.541608
0.19 0.54047
0.2 0.539261
0.21 0.537982
0.22 0.536631
0.23 0.535207
0.24 0.533709
0.25 0.532135
0.26 0.530485
0.27 0.528758
0.28 0.526952
0.29 0.525066
0.3 0.5231
0.31 0.521052
0.32 0.518921
0.33 0.516707
0.34 0.514409
0.35 0.512026
0.36 0.509557
0.37 0.507001
0.38 0.504359
0.39 0.501629
0.4 0.498811
0.41 0.495906
0.42 0.492912
0.43 0.489829
0.44 0.486659
0.45 0.4834
0.46 0.480053
0.47 0.476618
0.48 0.473096
0.49 0.469487
0.5 0.465792
0.51 0.462013
0.52 0.458149
0.53 0.454189
0.54 0.450113
0.55 0.445941
0.56 0.441893
0.57 0.438574
0.58 0.436808
0.59 0.436847
0.6 0.437644
0.61 0.437617
0.62 0.436604
0.63 0.435997
0.64 0.436187
0.65 0.435835
0.66 0.434774
0.67 0.434359
0.68 0.434187
0.69 0.433177
0.7 0.432428
0.71 0.432173
0.72 0.431168
0.73 0.430354
0.74 0.429992
0.75 0.428905
0.76 0.428214
0.77 0.427692
0.78 0.42657
0.79 0.42611
0.8 0.425293
0.81 0.424405
0.82 0.424001
0.83 0.422966
0.84 0.422549
0.85 0.421791
0.86 0.421116
0.87 0.420717
0.88 0.419877
0.89 0.419674
0.9 0.418878
0.91 0.418702
0.92 0.418091
0.93 0.41787
0.94 0.417483
0.95 0.417226
0.96 0.417043
0.97 0.416792
0.98 0.416774
0.99 0.416575
