-1 0.424079
-0.99 0.424404
-0.98 0.424167
-0.97 0.424584
-0.96 0.424432
-0.95 0.424935
-0.94 0.42488
-0.93 0.425434
-0.92 0.425521
-0.91 0.426056
-0.9 0.426356
-0.89 0.426783
-0.88 0.42736
-0.87 0.427635
-0.86 0.428455
-0.85 0.428677
-0.84 0.429531
-0.83 0.429959
-0.82 0.430553
-0.81 0.431377
-0.8 0.431681
-0.79 0.432652
-0.78 0.433121
-0.77 0.433687
-0.76 0.434641
-0.75 0.434911
-0.74 0.435713
-0.73 0.436488
-0.72 0.436685
-0.71 0.437555
-0.7 0.438201
-0.69 0.438288
-0.68 0.439073
-0.67 0.439732
-0.66 0.439637
-0.65 0.440088
-0.64 0.440911
-0.63 0.440839
-0.62 0.440542
-0.61 0.441146
-0.6 0.441828
-0.59 0.441379
-0.58 0.440381
-0.57 0.440448
-0.56 0.442351
-0.55 0.445647
-0.54 0.449517
-0.53 0.45344
-0.52 0.45725
-0.51 0.460946
-0.5 0.464546
-0.49 0.468059
-0.48 0.471486
-0.47 0.474825
-0.46 0.478076
-0.45 0.481239
-0.44 0.484314
-0.43 0.4873
-0.42 0.490198
-0.41 0.493007
-0.4 0.495729
-0.39 0.498364
-0.38 0.500912
-0.37 0.503373
-0.36 0.505749
-0.35 0.508041
-0.34 0.510248
-0.33 0.512373
-0.32 0.514416
-0.31 0.516378
-0.3 0.51826
-0.29 0.520063
-0.28 0.521789
-0.27 0.523439
-0.26 0.525014
-0.25 0.526515
-0.24 0.527944
-0.23 0.529301
-0.22 0.530589
-0.21 0.531809
-0.2 0.532962
-0.19 0.534048
-0.18 0.535071
-0.17 0.53603
-0.16 0.536927
-0.15 0.537763
-0.14 0.538539
-0.13 0.539257
-0.12 0.539917
-0.11 0.540521
-0.1 0.541068
-0.09 0.541561
-0.08 0.542
-0.07 0.542386
-0.06 0.542719
-0.05 0.542999
-0.04 0.543228
-0.03 0.543406
-0.02 0.543533
-0.01 0.543609
0 0.543634
0.01 0.543609
0.02 0.543533
0.03 0.543406
0.04 0.543228
0.05 0.542999
0.06 0.542719
0.07 0.542386
0.08 0.542
0.09 0.541561
0.1 0.541068
0.11 0.540521
0.12 0.539917
0.13 0.539257
0.14 0.538539
0.15 0.537763
0.16 0.536927
0.17 0.53603
0.18 0.535071
0.19 0.534048
0.2 0.532962
0.21 0.531809
0.22 0.530589
0.23 0.529301
0.24 0.527944
0.25 0.526515
0.26 0.525014
0.27 0.523439
0.28 0.521789
0.29 0.520063
0.3 0.51826
0.31 0.516378
0.32 0.514416
0.33 0.512373
0.34 0.510248
0.35 0.508041
0.36 0.505749
0.37 0.503373
0.38 0.500912
0.39 0.498364
0.4 0.495729
0.41 0.493007
0.42 0.490198
0.43 0.4873
0.44 0.484314
0.45 0.481239
0.46 0.478076
0.47 0.474825
0.48 0.471486
0.49 0.468059
0.5 0.464546
0.51 0.460946
0.52 0.45725
0.53 0.45344
0.54 0.449517
0.55 0.445647
0.56 0.442351
0.57 0.440448
0.58 0.440381
0.59 0.441379
0.6 0.441828
0.61 0.441146
0.62 0.440542
0.63 0.440839
0.64 0.440911
0.65 0.440088
0.66 0.439637
0.67 0.439732
0.68 0.439073
0.69 0.438288
0.7 0.438201
0.71 0.437555
0.72 0.436685
0.73 0.436488
0.74 0.435713
0.75 0.434911
0.76 0.434641
0.77 0.433687
0.78 0.433121
0.79 0.432652
0.8 0.431681
0.81 0.431377
0.82 0.430553
0.83 0.429959
0.84 0.429531
0.85 0.428677
0.86 0.428455
0.87 0.427635
0.88 0.42736
0.89 0.426783
0.9 0.426356
0.91 0.426056
0.92 0.425521
0.93 0.425434
0.94 0.42488
0.95 0.424935
0.96 0.424432
0.97 0.424584
0.98 0.424167
0.99 0.424404
