-1 0.727444
-0.99 0.727293
-0.98 0.726966
-0.97 0.726353
-0.96 0.725533
-0.95 0.724477
-0.94 0.723151
-0.93 0.721671
-0.92 0.719829
-0.91 0.717945
-0.9 0.715584
-0.89 0.713307
-0.88 0.710438
-0.87 0.707765
-0.86 0.704422
-0.85 0.701326
-0.84 0.697572
-0.83 0.694004
-0.82 0.689922
-0.81 0.685823
-0.8 0.681489
-0.79 0.676836
-0.78 0.672271
-0.77 0.667119
-0.76 0.662251
-0.75 0.656753
-0.74 0.651437
-0.73 0.645774
-0.72 0.639906
-0.71 0.634145
-0.7 0.627803
-0.69 0.621794
-0.68 0.615254
-0.67 0.608749
-0.66 0.602227
-0.65 0.595212
-0.64 0.588568
-0.63 0.581395
-0.62 0.57427
-0.61 0.567228
-0.6 0.559643
-0.59 0.552454
-0.58 0.54492
-0.57 0.537185
-0.56 0.529822
-0.55 0.5219
-0.54 0.514127
-0.53 0.50653
-0.52 0.49837
-0.51 0.490573
-0.5 0.482777
-0.49 0.474483
-0.48 0.466653
-0.47 0.458751
-0.46 0.450381
-0.45 0.442509
-0.44 0.434619
-0.43 0.426217
-0.42 0.418276
-0.41 0.410514
-0.4 0.402171
-0.39 0.394091
-0.38 0.386507
-0.37 0.378434
-0.36 0.37017
-0.35 0.362592
-0.34 0.355056
-0.33 0.346891
-0.32 0.338931
-0.31 0.331724
-0.3 0.324382
-0.29 0.316351
-0.28 0.308492
-0.27 0.301547
-0.26 0.294872
-0.25 0.287444
-0.24 0.279359
-0.23 0.271785
-0.22 0.265774
-0.21 0.261498
-0.2 0.258445
-0.19 0.255992
-0.18 0.253756
-0.17 0.251601
-0.16 0.249522
-0.15 0.247539
-0.14 0.245668
-0.13 0.243913
-0.12 0.242278
-0.11 0.240763
-0.1 0.239373
-0.09 0.238108
-0.08 0.236971
-0.07 0.235964
-0.06 0.235087
-0.05 0.234344
-0.04 0.233733
-0.03 0.233258
-0.02 0.232918
-0.01 0.232713
0 0.232645
0.01 0.232713
0.02 0.232918
0.03 0.233258
0.04 0.233733
0.05 0.234344
0.06 0.235087
0.07 0.235964
0.08 0.236971
0.09 0.238108
0.1 0.239373
0.11 0.240763
0.12 0.242278
0.13 0.243913
0.14 0.245668
0.15 0.247539
0.16 0.249522
0.17 0.251601
0.18 0.253756
0.19 0.255992
0.2 0.258445
0.21 0.261498
0.22 0.265774
0.23 0.271785
0.24 0.279359
0.25 0.287444
0.26 0.294872
0.27 0.301547
0.28 0.308492
0.29 0.316351
0.3 0.324382
0.31 0.331724
0.32 0.338931
0.33 0.346891
0.34 0.355056
0.35 0.362592
0.36 0.37017
0.37 0.378434
0.38 0.386507
0.39 0.394091
0.4 0.402171
0.41 0.410514
0.42 0.418276
0.43 0.426217
0.44 0.434619
0.45 0.442509
0.46 0.450381
0.47 0.458751
0.48 0.466653
0.49 0.474483
0.5 0.482777
0.51 0.490573
0.52 0.49837
0.53 0.50653
0.54 0.514127
0.55 0.5219
0.56 0.529822
0.57 0.537185
0.58 0.54492
0.59 0.552454
0.6 0.559643
0.61 0.567228
0.62 0.57427
0.63 0.581395
0.64 0.588568
0.65 0.595212
0.66 0.602227
0.67 0.608749
0.68 0.615254
0.69 0.621794
0.7 0.627803
0.71 0.634145
0.72 0.639906
0.73 0.645774
0.74 0.651437
0.75 0.656753
0.76 0.662251
0.77 0.667119
0.78 0.672271
0.79 0.676836
0.8 0.681489
0.81 0.685823
0.82 0.689922
0.83 0.694004
0.84 0.697572
0.85 0.701326
0.86 0.704422
0.87 0.707765
0.88 0.710438
0.89 0.713307
0.9 0.715584
0.91 0.717945
0.92 0.719829
0.93 0.721671
0.94 0.723151
0.95 0.724477
0.96 0.725533
0.97 0.726353
0.98 0.726966
0.99 0.727293
