-1 8.92705e-06
-0.998 8.97175e-06
-0.996 9.10623e-06
-0.994 9.33162e-06
-0.992 9.64979e-06
-0.99 1.00634e-05
-0.988 1.05759e-05
-0.986 1.11916e-05
-0.984 1.19155e-05
-0.982 1.27536e-05
-0.98 1.37128e-05
-0.978 1.4801e-05
-0.976 1.60268e-05
-0.974 1.74004e-05
-0.972 1.89326e-05
-0.97 2.06358e-05
-0.968 2.25233e-05
-0.966 2.461e-05
-0.964 2.69122e-05
-0.962 2.94477e-05
-0.96 3.22359e-05
-0.958 3.52981e-05
-0.956 3.86574e-05
-0.954 4.23388e-05
-0.952 4.63697e-05
-0.95 5.07797e-05
-0.948 5.56009e-05
-0.946 6.08679e-05
-0.944 6.66184e-05
-0.942 7.2893e-05
-0.94 7.97356e-05
-0.938 8.71937e-05
-0.936 9.53182e-05
-0.934 0.000104165
-0.932 0.000113792
-0.93 0.000124265
-0.928 0.000135651
-0.926 0.000148026
-0.924 0.000161468
-0.922 0.000176064
-0.92 0.000191906
-0.918 0.000209091
-0.916 0.000227727
-0.914 0.000247927
-0.912 0.000269812
-0.91 0.000293513
-0.908 0.000319169
-0.906 0.000346931
-0.904 0.000376958
-0.902 0.00040942
-0.9 0.000444502
-0.898 0.000482397
-0.896 0.000523314
-0.894 0.000567475
-0.892 0.000615117
-0.89 0.000666492
-0.888 0.000721871
-0.886 0.000781538
-0.884 0.000845799
-0.882 0.000914978
-0.88 0.00098942
-0.878 0.00106949
-0.876 0.00115558
-0.874 0.0012481
-0.872 0.00134749
-0.87 0.00145421
-0.868 0.00156875
-0.866 0.00169164
-0.864 0.00182343
-0.862 0.0019647
-0.86 0.00211606
-0.858 0.00227818
-0.856 0.00245174
-0.854 0.00263746
-0.852 0.00283612
-0.85 0.00304852
-0.848 0.00327552
-0.846 0.00351801
-0.844 0.00377695
-0.842 0.00405332
-0.84 0.00434818
-0.838 0.00466261
-0.836 0.00499779
-0.834 0.00535492
-0.832 0.00573528
-0.83 0.00614019
-0.828 0.00657106
-0.826 0.00702936
-0.824 0.00751661
-0.822 0.00803442
-0.82 0.00858447
-0.818 0.00916851
-0.816 0.00978837
-0.814 0.010446
-0.812 0.0111433
-0.81 0.0118824
-0.808 0.0126654
-0.806 0.0134947
-0.804 0.0143725
-0.802 0.0153013
-0.8 0.0162835
-0.798 0.017322
-0.796 0.0184192
-0.794 0.0195782
-0.792 0.0208017
-0.79 0.0220929
-0.788 0.0234548
-0.786 0.0248907
-0.784 0.026404
-0.782 0.027998
-0.78 0.0296765
-0.778 0.0314429
-0.776 0.0333012
-0.774 0.0352552
-0.772 0.037309
-0.77 0.0394666
-0.768 0.0417322
-0.766 0.0441103
-0.764 0.0466053
-0.762 0.0492217
-0.76 0.0519641
-0.758 0.0548375
-0.756 0.0578466
-0.754 0.0609963
-0.752 0.0642919
-0.75 0.0677384
-0.748 0.0713412
-0.746 0.0751055
-0.744 0.0790368
-0.742 0.0831407
-0.74 0.0874226
-0.738 0.0918883
-0.736 0.0965435
-0.734 0.101394
-0.732 0.106446
-0.73 0.111704
-0.728 0.117176
-0.726 0.122866
-0.724 0.128781
-0.722 0.134927
-0.72 0.14131
-0.718 0.147935
-0.716 0.154809
-0.714 0.161938
-0.712 0.169327
-0.71 0.176983
-0.708 0.184911
-0.706 0.193117
-0.704 0.201606
-0.702 0.210384
-0.7 0.219456
-0.698 0.228829
-0.696 0.238506
-0.694 0.248493
-0.692 0.258794
-0.69 0.269415
-0.688 0.28036
-0.686 0.291632
-0.684 0.303237
-0.682 0.315177
-0.68 0.327456
-0.678 0.340078
-0.676 0.353044
-0.674 0.366359
-0.672 0.380024
-0.67 0.394041
-0.668 0.408411
-0.666 0.423136
-0.664 0.438217
-0.662 0.453654
-0.66 0.469446
-0.658 0.485595
-0.656 0.502097
-0.654 0.518953
-0.652 0.536161
-0.65 0.553717
-0.648 0.57162
-0.646 0.589865
-0.644 0.60845
-0.642 0.627369
-0.64 0.646617
-0.638 0.666189
-0.636 0.68608
-0.634 0.706282
-0.632 0.726787
-0.63 0.74759
-0.628 0.76868
-0.626 0.790048
-0.624 0.811686
-0.622 0.833584
-0.62 0.855729
-0.618 0.878112
-0.616 0.90072
-0.614 0.92354
-0.612 0.94656
-0.61 0.969765
-0.608 0.993143
-0.606 1.01668
-0.604 1.04035
-0.602 1.06415
-0.6 1.08806
-0.598 1.11207
-0.596 1.13614
-0.594 1.16028
-0.592 1.18445
-0.59 1.20864
-0.588 1.23284
-0.586 1.25701
-0.584 1.28115
-0.582 1.30523
-0.58 1.32923
-0.578 1.35313
-0.576 1.37691
-0.574 1.40054
-0.572 1.42401
-0.57 1.4473
-0.568 1.47038
-0.566 1.49323
-0.564 1.51582
-0.562 1.53815
-0.56 1.56018
-0.558 1.58189
-0.556 1.60326
-0.554 1.62427
-0.552 1.6449
-0.55 1.66512
-0.548 1.68492
-0.546 1.70427
-0.544 1.72316
-0.542 1.74156
-0.54 1.75945
-0.538 1.77681
-0.536 1.79363
-0.534 1.80988
-0.532 1.82555
-0.53 1.84061
-0.528 1.85506
-0.526 1.86888
-0.524 1.88204
-0.522 1.89455
-0.52 1.90637
-0.518 1.91749
-0.516 1.92791
-0.514 1.93762
-0.512 1.94659
-0.51 1.95482
-0.508 1.9623
-0.506 1.96903
-0.504 1.97498
-0.502 1.98016
-0.5 1.98456
-0.498 1.98818
-0.496 1.991
-0.494 1.99304
-0.492 1.99427
-0.49 1.99471
-0.488 1.99435
-0.486 1.99319
-0.484 1.99124
-0.482 1.9885
-0.48 1.98496
-0.478 1.98064
-0.476 1.97553
-0.474 1.96966
-0.472 1.96301
-0.47 1.9556
-0.468 1.94745
-0.466 1.93855
-0.464 1.92892
-0.462 1.91857
-0.46 1.90751
-0.458 1.89576
-0.456 1.88332
-0.454 1.87023
-0.452 1.85647
-0.45 1.84209
-0.448 1.82708
-0.446 1.81147
-0.444 1.79528
-0.442 1.77852
-0.44 1.76121
-0.438 1.74337
-0.436 1.72502
-0.434 1.70618
-0.432 1.68688
-0.43 1.66712
-0.428 1.64694
-0.426 1.62635
-0.424 1.60538
-0.422 1.58404
-0.42 1.56236
-0.418 1.54036
-0.416 1.51807
-0.414 1.4955
-0.412 1.47267
-0.41 1.44962
-0.408 1.42635
-0.406 1.4029
-0.404 1.37928
-0.402 1.35551
-0.4 1.33162
-0.398 1.30763
-0.396 1.28356
-0.394 1.25943
-0.392 1.23526
-0.39 1.21106
-0.388 1.18687
-0.386 1.16269
-0.384 1.13855
-0.382 1.11447
-0.38 1.09046
-0.378 1.06654
-0.376 1.04273
-0.374 1.01904
-0.372 0.995489
-0.37 0.972096
-0.368 0.948872
-0.366 0.925833
-0.364 0.902992
-0.362 0.880363
-0.36 0.857957
-0.358 0.835787
-0.356 0.813865
-0.354 0.7922
-0.352 0.770804
-0.35 0.749686
-0.348 0.728855
-0.346 0.708319
-0.344 0.688086
-0.342 0.668164
-0.34 0.64856
-0.338 0.629279
-0.336 0.610327
-0.334 0.591709
-0.332 0.573429
-0.33 0.555492
-0.328 0.537901
-0.326 0.520658
-0.324 0.503767
-0.322 0.487229
-0.32 0.471045
-0.318 0.455217
-0.316 0.439745
-0.314 0.424628
-0.312 0.409868
-0.31 0.395462
-0.308 0.38141
-0.306 0.36771
-0.304 0.35436
-0.302 0.341359
-0.3 0.328703
-0.298 0.31639
-0.296 0.304416
-0.294 0.292778
-0.292 0.281472
-0.29 0.270495
-0.288 0.259842
-0.286 0.249509
-0.284 0.239491
-0.282 0.229783
-0.28 0.22038
-0.278 0.211278
-0.276 0.202471
-0.274 0.193953
-0.272 0.185719
-0.27 0.177764
-0.268 0.170081
-0.266 0.162665
-0.264 0.155511
-0.262 0.148611
-0.26 0.141961
-0.258 0.135555
-0.256 0.129385
-0.254 0.123447
-0.252 0.117735
-0.25 0.112242
-0.248 0.106962
-0.246 0.10189
-0.244 0.0970197
-0.242 0.0923453
-0.24 0.0878609
-0.238 0.0835608
-0.236 0.0794394
-0.234 0.0754911
-0.232 0.0717103
-0.23 0.0680916
-0.228 0.0646297
-0.226 0.0613193
-0.224 0.0581551
-0.222 0.0551322
-0.22 0.0522455
-0.218 0.0494902
-0.216 0.0468614
-0.214 0.0443545
-0.212 0.0419649
-0.21 0.0396882
-0.208 0.03752
-0.206 0.0354561
-0.204 0.0334923
-0.202 0.0316246
-0.2 0.0298491
-0.198 0.028162
-0.196 0.0265597
-0.194 0.0250385
-0.192 0.023595
-0.19 0.0222258
-0.188 0.0209277
-0.186 0.0196975
-0.184 0.0185323
-0.182 0.017429
-0.18 0.0163848
-0.178 0.015397
-0.176 0.014463
-0.174 0.0135802
-0.172 0.0127462
-0.17 0.0119586
-0.168 0.0112152
-0.166 0.0105138
-0.164 0.00985238
-0.162 0.00922884
-0.16 0.0086413
-0.158 0.00808793
-0.156 0.00756697
-0.154 0.00707674
-0.152 0.00661562
-0.15 0.00618207
-0.148 0.00577462
-0.146 0.00539187
-0.144 0.00503248
-0.142 0.00469516
-0.14 0.00437871
-0.138 0.00408194
-0.136 0.00380377
-0.134 0.00354314
-0.132 0.00329905
-0.13 0.00307054
-0.128 0.00285672
-0.126 0.00265673
-0.124 0.00246975
-0.122 0.00229501
-0.12 0.00213178
-0.118 0.00197937
-0.116 0.00183713
-0.114 0.00170442
-0.112 0.00158067
-0.11 0.00146532
-0.108 0.00135784
-0.106 0.00125775
-0.104 0.00116456
-0.102 0.00107786
-0.1 0.000997209
-0.098 0.000922227
-0.096 0.000852545
-0.094 0.000787815
-0.092 0.000727712
-0.09 0.000671928
-0.088 0.000620176
-0.086 0.000572185
-0.084 0.000527701
-0.082 0.000486485
-0.08 0.000448315
-0.078 0.000412981
-0.076 0.000380287
-0.074 0.000350048
-0.072 0.000322094
-0.07 0.000296264
-0.068 0.000272407
-0.066 0.000250383
-0.064 0.000230062
-0.062 0.000211321
-0.06 0.000194046
-0.058 0.000178131
-0.056 0.000163477
-0.054 0.000149992
-0.052 0.000137591
-0.05 0.000126194
-0.048 0.000115728
-0.046 0.000106124
-0.044 9.73182e-05
-0.042 8.92523e-05
-0.04 8.18721e-05
-0.038 7.51273e-05
-0.036 6.89717e-05
-0.034 6.33627e-05
-0.032 5.82613e-05
-0.03 5.36316e-05
-0.028 4.94408e-05
-0.026 4.56589e-05
-0.024 4.22587e-05
-0.022 3.92157e-05
-0.02 3.65076e-05
-0.018 3.41146e-05
-0.016 3.20191e-05
-0.014 3.02055e-05
-0.012 2.86603e-05
-0.01 2.7372e-05
-0.008 2.6331e-05
-0.006 2.55293e-05
-0.004 2.49609e-05
-0.002 2.46216e-05
0 2.45088e-05
0.002 2.46216e-05
0.004 2.49609e-05
0.006 2.55293e-05
0.008 2.6331e-05
0.01 2.7372e-05
0.012 2.86603e-05
0.014 3.02055e-05
0.016 3.20191e-05
0.018 3.41146e-05
0.02 3.65076e-05
0.022 3.92157e-05
0.024 4.22587e-05
0.026 4.56589e-05
0.028 4.94408e-05
0.03 5.36316e-05
0.032 5.82613e-05
0.034 6.33627e-05
0.036 6.89717e-05
0.038 7.51273e-05
0.04 8.18721e-05
0.042 8.92523e-05
0.044 9.73182e-05
0.046 0.000106124
0.048 0.000115728
0.05 0.000126194
0.052 0.000137591
0.054 0.000149992
0.056 0.000163477
0.058 0.000178131
0.06 0.000194046
0.062 0.000211321
0.064 0.000230062
0.066 0.000250383
0.068 0.000272407
0.07 0.000296264
0.072 0.000322094
0.074 0.000350048
0.076 0.000380287
0.078 0.000412981
0.08 0.000448315
0.082 0.000486485
0.084 0.000527701
0.086 0.000572185
0.088 0.000620176
0.09 0.000671928
0.092 0.000727712
0.094 0.000787815
0.096 0.000852545
0.098 0.000922227
0.1 0.000997209
0.102 0.00107786
0.104 0.00116456
0.106 0.00125775
0.108 0.00135784
0.11 0.00146532
0.112 0.00158067
0.114 0.00170442
0.116 0.00183713
0.118 0.00197937
0.12 0.00213178
0.122 0.00229501
0.124 0.00246975
0.126 0.00265673
0.128 0.00285672
0.13 0.00307054
0.132 0.00329905
0.134 0.00354314
0.136 0.00380377
0.138 0.00408194
0.14 0.00437871
0.142 0.00469516
0.144 0.00503248
0.146 0.00539187
0.148 0.00577462
0.15 0.00618207
0.152 0.00661562
0.154 0.00707674
0.156 0.00756697
0.158 0.00808793
0.16 0.0086413
0.162 0.00922884
0.164 0.00985238
0.166 0.0105138
0.168 0.0112152
0.17 0.0119586
0.172 0.0127462
0.174 0.0135802
0.176 0.014463
0.178 0.015397
0.18 0.0163848
0.182 0.017429
0.184 0.0185323
0.186 0.0196975
0.188 0.0209277
0.19 0.0222258
0.192 0.023595
0.194 0.0250385
0.196 0.0265597
0.198 0.028162
0.2 0.0298491
0.202 0.0316246
0.204 0.0334923
0.206 0.0354561
0.208 0.03752
0.21 0.0396882
0.212 0.0419649
0.214 0.0443545
0.216 0.0468614
0.218 0.0494902
0.22 0.0522455
0.222 0.0551322
0.224 0.0581551
0.226 0.0613193
0.228 0.0646297
0.23 0.0680916
0.232 0.0717103
0.234 0.0754911
0.236 0.0794394
0.238 0.0835608
0.24 0.0878609
0.242 0.0923453
0.244 0.0970197
0.246 0.10189
0.248 0.106962
0.25 0.112242
0.252 0.117735
0.254 0.123447
0.256 0.129385
0.258 0.135555
0.26 0.141961
0.262 0.148611
0.264 0.155511
0.266 0.162665
0.268 0.170081
0.27 0.177764
0.272 0.185719
0.274 0.193953
0.276 0.202471
0.278 0.211278
0.28 0.22038
0.282 0.229783
0.284 0.239491
0.286 0.249509
0.288 0.259842
0.29 0.270495
0.292 0.281472
0.294 0.292778
0.296 0.304416
0.298 0.31639
0.3 0.328703
0.302 0.341359
0.304 0.35436
0.306 0.36771
0.308 0.38141
0.31 0.395462
0.312 0.409868
0.314 0.424628
0.316 0.439745
0.318 0.455217
0.32 0.471045
0.322 0.487229
0.324 0.503767
0.326 0.520658
0.328 0.537901
0.33 0.555492
0.332 0.573429
0.334 0.591709
0.336 0.610327
0.338 0.629279
0.34 0.64856
0.342 0.668164
0.344 0.688086
0.346 0.708319
0.348 0.728855
0.35 0.749686
0.352 0.770804
0.354 0.7922
0.356 0.813865
0.358 0.835787
0.36 0.857957
0.362 0.880363
0.364 0.902992
0.366 0.925833
0.368 0.948872
0.37 0.972096
0.372 0.995489
0.374 1.01904
0.376 1.04273
0.378 1.06654
0.38 1.09046
0.382 1.11447
0.384 1.13855
0.386 1.16269
0.388 1.18687
0.39 1.21106
0.392 1.23526
0.394 1.25943
0.396 1.28356
0.398 1.30763
0.4 1.33162
0.402 1.35551
0.404 1.37928
0.406 1.4029
0.408 1.42635
0.41 1.44962
0.412 1.47267
0.414 1.4955
0.416 1.51807
0.418 1.54036
0.42 1.56236
0.422 1.58404
0.424 1.60538
0.426 1.62635
0.428 1.64694
0.43 1.66712
0.432 1.68688
0.434 1.70618
0.436 1.72502
0.438 1.74337
0.44 1.76121
0.442 1.77852
0.444 1.79528
0.446 1.81147
0.448 1.82708
0.45 1.84209
0.452 1.85647
0.454 1.87023
0.456 1.88332
0.458 1.89576
0.46 1.90751
0.462 1.91857
0.464 1.92892
0.466 1.93855
0.468 1.94745
0.47 1.9556
0.472 1.96301
0.474 1.96966
0.476 1.97553
0.478 1.98064
0.48 1.98496
0.482 1.9885
0.484 1.99124
0.486 1.99319
0.488 1.99435
0.49 1.99471
0.492 1.99427
0.494 1.99304
0.496 1.991
0.498 1.98818
0.5 1.98456
0.502 1.98016
0.504 1.97498
0.506 1.96903
0.508 1.9623
0.51 1.95482
0.512 1.94659
0.514 1.93762
0.516 1.92791
0.518 1.91749
0.52 1.90637
0.522 1.89455
0.524 1.88204
0.526 1.86888
0.528 1.85506
0.53 1.84061
0.532 1.82555
0.534 1.80988
0.536 1.79363
0.538 1.77681
0.54 1.75945
0.542 1.74156
0.544 1.72316
0.546 1.70427
0.548 1.68492
0.55 1.66512
0.552 1.6449
0.554 1.62427
0.556 1.60326
0.558 1.58189
0.56 1.56018
0.562 1.53815
0.564 1.51582
0.566 1.49323
0.568 1.47038
0.57 1.4473
0.572 1.42401
0.574 1.40054
0.576 1.37691
0.578 1.35313
0.58 1.32923
0.582 1.30523
0.584 1.28115
0.586 1.25701
0.588 1.23284
0.59 1.20864
0.592 1.18445
0.594 1.16028
0.596 1.13614
0.598 1.11207
0.6 1.08806
0.602 1.06415
0.604 1.04035
0.606 1.01668
0.608 0.993143
0.61 0.969765
0.612 0.94656
0.614 0.92354
0.616 0.90072
0.618 0.878112
0.62 0.855729
0.622 0.833584
0.624 0.811686
0.626 0.790048
0.628 0.76868
0.63 0.74759
0.632 0.726787
0.634 0.706282
0.636 0.68608
0.638 0.666189
0.64 0.646617
0.642 0.627369
0.644 0.60845
0.646 0.589865
0.648 0.57162
0.65 0.553717
0.652 0.536161
0.654 0.518953
0.656 0.502097
0.658 0.485595
0.66 0.469446
0.662 0.453654
0.664 0.438217
0.666 0.423136
0.668 0.408411
0.67 0.394041
0.672 0.380024
0.674 0.366359
0.676 0.353044
0.678 0.340078
0.68 0.327456
0.682 0.315177
0.684 0.303237
0.686 0.291632
0.688 0.28036
0.69 0.269415
0.692 0.258794
0.694 0.248493
0.696 0.238506
0.698 0.228829
0.7 0.219456
0.702 0.210384
0.704 0.201606
0.706 0.193117
0.708 0.184911
0.71 0.176983
0.712 0.169327
0.714 0.161938
0.716 0.154809
0.718 0.147935
0.72 0.14131
0.722 0.134927
0.724 0.128781
0.726 0.122866
0.728 0.117176
0.73 0.111704
0.732 0.106446
0.734 0.101394
0.736 0.0965435
0.738 0.0918883
0.74 0.0874226
0.742 0.0831407
0.744 0.0790368
0.746 0.0751055
0.748 0.0713412
0.75 0.0677384
0.752 0.0642919
0.754 0.0609963
0.756 0.0578466
0.758 0.0548375
0.76 0.0519641
0.762 0.0492217
0.764 0.0466053
0.766 0.0441103
0.768 0.0417322
0.77 0.0394666
0.772 0.037309
0.774 0.0352552
0.776 0.0333012
0.778 0.0314429
0.78 0.0296765
0.782 0.027998
0.784 0.026404
0.786 0.0248907
0.788 0.0234548
0.79 0.0220929
0.792 0.0208017
0.794 0.0195782
0.796 0.0184192
0.798 0.017322
0.8 0.0162835
0.802 0.0153013
0.804 0.0143725
0.806 0.0134947
0.808 0.0126654
0.81 0.0118824
0.812 0.0111433
0.814 0.010446
0.816 0.00978837
0.818 0.00916851
0.82 0.00858447
0.822 0.00803442
0.824 0.00751661
0.826 0.00702936
0.828 0.00657106
0.83 0.00614019
0.832 0.00573528
0.834 0.00535492
0.836 0.00499779
0.838 0.00466261
0.84 0.00434818
0.842 0.00405332
0.844 0.00377695
0.846 0.00351801
0.848 0.00327552
0.85 0.00304852
0.852 0.00283612
0.854 0.00263746
0.856 0.00245174
0.858 0.00227818
0.86 0.00211606
0.862 0.0019647
0.864 0.00182343
0.866 0.00169164
0.868 0.00156875
0.87 0.00145421
0.872 0.00134749
0.874 0.0012481
0.876 0.00115558
0.878 0.00106949
0.88 0.00098942
0.882 0.000914978
0.884 0.000845799
0.886 0.000781538
0.888 0.000721871
0.89 0.000666492
0.892 0.000615117
0.894 0.000567475
0.896 0.000523314
0.898 0.000482397
0.9 0.000444502
0.902 0.00040942
0.904 0.000376958
0.906 0.000346931
0.908 0.000319169
0.91 0.000293513
0.912 0.000269812
0.914 0.000247927
0.916 0.000227727
0.918 0.000209091
0.92 0.000191906
0.922 0.000176064
0.924 0.000161468
0.926 0.000148026
0.928 0.000135651
0.93 0.000124265
0.932 0.000113792
0.934 0.000104165
0.936 9.53182e-05
0.938 8.71937e-05
0.94 7.97356e-05
0.942 7.2893e-05
0.944 6.66184e-05
0.946 6.08679e-05
0.948 5.56009e-05
0.95 5.07797e-05
0.952 4.63697e-05
0.954 4.23388e-05
0.956 3.86574e-05
0.958 3.52981e-05
0.96 3.22359e-05
0.962 2.94477e-05
0.964 2.69122e-05
0.966 2.461e-05
0.968 2.25233e-05
0.97 2.06358e-05
0.972 1.89326e-05
0.974 1.74004e-05
0.976 1.60268e-05
0.978 1.4801e-05
0.98 1.37128e-05
0.982 1.27536e-05
0.984 1.19155e-05
0.986 1.11916e-05
0.988 1.05759e-05
0.99 1.00634e-05
0.992 9.64979e-06
0.994 9.33162e-06
0.996 9.10623e-06
0.998 8.97175e-06
