0 5.29303e-17
0.01 0.0512584
0.02 0.102314
0.03 0.152967
0.04 0.203015
0.05 0.252263
0.06 0.300515
0.07 0.34758
0.08 0.393274
0.09 0.437416
0.1 0.479832
0.11 0.520354
0.12 0.558823
0.13 0.595086
0.14 0.629
0.15 0.660432
0.16 0.689258
0.17 0.715364
0.18 0.738646
0.19 0.759013
0.2 0.776385
0.21 0.790692
0.22 0.80188
0.23 0.809902
0.24 0.814728
0.25 0.816339
0.26 0.814728
0.27 0.809902
0.28 0.80188
0.29 0.790692
0.3 0.776385
0.31 0.759013
0.32 0.738646
0.33 0.715364
0.34 0.689258
0.35 0.660432
0.36 0.629
0.37 0.595086
0.38 0.558823
0.39 0.520354
0.4 0.479832
0.41 0.437416
0.42 0.393274
0.43 0.34758
0.44 0.300515
0.45 0.252263
0.46 0.203015
0.47 0.152967
0.48 0.102314
0.49 0.0512584
0.5 4.88064e-17
0.51 -0.0512584
0.52 -0.102314
0.53 -0.152967
0.54 -0.203015
0.55 -0.252263
0.56 -0.300515
0.57 -0.34758
0.58 -0.393274
0.59 -0.437416
0.6 -0.479832
0.61 -0.520354
0.62 -0.558823
0.63 -0.595086
0.64 -0.629
0.65 -0.660432
0.66 -0.689258
0.67 -0.715364
0.68 -0.738646
0.69 -0.759013
0.7 -0.776385
0.71 -0.790692
0.72 -0.80188
0.73 -0.809902
0.74 -0.814728
0.75 -0.816339
0.76 -0.814728
0.77 -0.809902
0.78 -0.80188
0.79 -0.790692
0.8 -0.776385
0.81 -0.759013
0.82 -0.738646
0.83 -0.715364
0.84 -0.689258
0.85 -0.660432
0.86 -0.629
0.87 -0.595086
0.88 -0.558823
0.89 -0.520354
0.9 -0.479832
0.91 -0.437416
0.92 -0.393274
0.93 -0.34758
0.94 -0.300515
0.95 -0.252263
0.96 -0.203015
0.97 -0.152967
0.98 -0.102314
0.99 -0.0512584
