-1 1.68092e-18
-0.998 1.70909e-18
-0.996 1.79456e-18
-0.994 1.94001e-18
-0.992 2.15012e-18
-0.99 2.43152e-18
-0.988 2.79319e-18
-0.986 3.24655e-18
-0.984 3.80594e-18
-0.982 4.48896e-18
-0.98 5.31702e-18
-0.978 6.31602e-18
-0.976 7.51702e-18
-0.974 8.95729e-18
-0.972 1.06812e-17
-0.97 1.27419e-17
-0.968 1.52023e-17
-0.966 1.81374e-17
-0.964 2.16361e-17
-0.962 2.58042e-17
-0.96 3.07667e-17
-0.958 3.66722e-17
-0.956 4.36963e-17
-0.954 5.20472e-17
-0.952 6.19709e-17
-0.95 7.37588e-17
-0.948 8.77551e-17
-0.946 1.04367e-16
-0.944 1.24074e-16
-0.942 1.47443e-16
-0.94 1.75146e-16
-0.938 2.0797e-16
-0.936 2.46847e-16
-0.934 2.92876e-16
-0.932 3.47348e-16
-0.93 4.11787e-16
-0.928 4.87985e-16
-0.926 5.78053e-16
-0.924 6.8447e-16
-0.922 8.10155e-16
-0.92 9.58534e-16
-0.918 1.13364e-15
-0.916 1.34019e-15
-0.914 1.58374e-15
-0.912 1.87081e-15
-0.91 2.20903e-15
-0.908 2.60734e-15
-0.906 3.07625e-15
-0.904 3.62804e-15
-0.902 4.27709e-15
-0.9 5.04024e-15
-0.898 5.93718e-15
-0.896 6.99093e-15
-0.894 8.22842e-15
-0.892 9.68109e-15
-0.89 1.13857e-14
-0.888 1.3385e-14
-0.886 1.57291e-14
-0.884 1.84764e-14
-0.882 2.16949e-14
-0.88 2.54638e-14
-0.878 2.98754e-14
-0.876 3.50374e-14
-0.874 4.10749e-14
-0.872 4.81335e-14
-0.87 5.63824e-14
-0.868 6.60187e-14
-0.866 7.7271e-14
-0.864 9.04049e-14
-0.862 1.05729e-13
-0.86 1.23601e-13
-0.858 1.44436e-13
-0.856 1.68716e-13
-0.854 1.96999e-13
-0.852 2.29931e-13
-0.85 2.68261e-13
-0.848 3.12855e-13
-0.846 3.64717e-13
-0.844 4.25005e-13
-0.842 4.95061e-13
-0.84 5.76434e-13
-0.838 6.70915e-13
-0.836 7.80568e-13
-0.834 9.0778e-13
-0.832 1.0553e-12
-0.83 1.22631e-12
-0.828 1.42445e-12
-0.826 1.65395e-12
-0.824 1.91966e-12
-0.822 2.22716e-12
-0.82 2.58289e-12
-0.818 2.99424e-12
-0.816 3.4697e-12
-0.814 4.01907e-12
-0.812 4.65355e-12
-0.81 5.38604e-12
-0.808 6.23133e-12
-0.806 7.20641e-12
-0.804 8.33073e-12
-0.802 9.62661e-12
-0.8 1.11196e-11
-0.798 1.28391e-11
-0.796 1.48184e-11
-0.794 1.70961e-11
-0.792 1.9716e-11
-0.79 2.27283e-11
-0.788 2.61904e-11
-0.786 3.01677e-11
-0.784 3.47352e-11
-0.782 3.99782e-11
-0.78 4.59941e-11
-0.778 5.28942e-11
-0.776 6.08052e-11
-0.774 6.98713e-11
-0.772 8.02571e-11
-0.77 9.21498e-11
-0.768 1.05762e-10
-0.766 1.21338e-10
-0.764 1.39151e-10
-0.762 1.59515e-10
-0.76 1.82786e-10
-0.758 2.09369e-10
-0.756 2.39721e-10
-0.754 2.74365e-10
-0.752 3.13889e-10
-0.75 3.58963e-10
-0.748 4.10345e-10
-0.746 4.68895e-10
-0.744 5.35585e-10
-0.742 6.11515e-10
-0.74 6.97931e-10
-0.738 7.9624e-10
-0.736 9.08033e-10
-0.734 1.03511e-09
-0.732 1.17949e-09
-0.73 1.34348e-09
-0.728 1.52966e-09
-0.726 1.74094e-09
-0.724 1.98062e-09
-0.722 2.25238e-09
-0.72 2.56041e-09
-0.718 2.90941e-09
-0.716 3.30465e-09
-0.714 3.75208e-09
-0.712 4.25839e-09
-0.71 4.83108e-09
-0.708 5.47861e-09
-0.706 6.21044e-09
-0.704 7.03721e-09
-0.702 7.97086e-09
-0.7 9.02477e-09
-0.698 1.02139e-08
-0.696 1.15552e-08
-0.694 1.30673e-08
-0.692 1.47714e-08
-0.69 1.66911e-08
-0.688 1.88527e-08
-0.686 2.12857e-08
-0.684 2.40231e-08
-0.682 2.71018e-08
-0.68 3.05627e-08
-0.678 3.44518e-08
-0.676 3.88202e-08
-0.674 4.37251e-08
-0.672 4.92299e-08
-0.67 5.54057e-08
-0.668 6.23313e-08
-0.666 7.00945e-08
-0.664 7.87931e-08
-0.662 8.85357e-08
-0.66 9.94432e-08
-0.658 1.1165e-07
-0.656 1.25305e-07
-0.654 1.40573e-07
-0.652 1.57639e-07
-0.65 1.76707e-07
-0.648 1.98001e-07
-0.646 2.21773e-07
-0.644 2.48299e-07
-0.642 2.77887e-07
-0.64 3.10877e-07
-0.638 3.47644e-07
-0.636 3.88604e-07
-0.634 4.34216e-07
-0.632 4.84987e-07
-0.63 5.41479e-07
-0.628 6.04309e-07
-0.626 6.74159e-07
-0.624 7.51783e-07
-0.622 8.3801e-07
-0.62 9.33752e-07
-0.618 1.04002e-06
-0.616 1.15791e-06
-0.614 1.28866e-06
-0.612 1.43359e-06
-0.61 1.59419e-06
-0.608 1.77207e-06
-0.606 1.969e-06
-0.604 2.18696e-06
-0.602 2.42806e-06
-0.6 2.69467e-06
-0.598 2.98935e-06
-0.596 3.31494e-06
-0.594 3.67452e-06
-0.592 4.07147e-06
-0.59 4.5095e-06
-0.588 4.99266e-06
-0.586 5.52538e-06
-0.584 6.11249e-06
-0.582 6.75929e-06
-0.58 7.47153e-06
-0.578 8.25553e-06
-0.576 9.11815e-06
-0.574 1.00669e-05
-0.572 1.11099e-05
-0.57 1.2256e-05
-0.568 1.3515e-05
-0.566 1.48974e-05
-0.564 1.64145e-05
-0.562 1.8079e-05
-0.56 1.99043e-05
-0.558 2.19051e-05
-0.556 2.40974e-05
-0.554 2.64985e-05
-0.552 2.91272e-05
-0.55 3.20039e-05
-0.548 3.51506e-05
-0.546 3.85913e-05
-0.544 4.23519e-05
-0.542 4.64603e-05
-0.54 5.09469e-05
-0.538 5.58444e-05
-0.536 6.11883e-05
-0.534 6.70167e-05
-0.532 7.33709e-05
-0.53 8.02955e-05
-0.528 8.78386e-05
-0.526 9.60518e-05
-0.524 0.000104991
-0.522 0.000114716
-0.52 0.000125292
-0.518 0.000136789
-0.516 0.00014928
-0.514 0.000162848
-0.512 0.000177577
-0.51 0.000193561
-0.508 0.000210899
-0.506 0.000229699
-0.504 0.000250075
-0.502 0.000272149
-0.5 0.000296054
-0.498 0.000321929
-0.496 0.000349926
-0.494 0.000380207
-0.492 0.000412942
-0.49 0.000448316
-0.488 0.000486527
-0.486 0.000527783
-0.484 0.000572308
-0.482 0.000620343
-0.48 0.00067214
-0.478 0.000727971
-0.476 0.000788125
-0.474 0.000852909
-0.472 0.000922649
-0.47 0.000997693
-0.468 0.00107841
-0.466 0.00116519
-0.464 0.00125846
-0.462 0.00135864
-0.46 0.00146621
-0.458 0.00158168
-0.456 0.00170555
-0.454 0.00183839
-0.452 0.00198078
-0.45 0.00213335
-0.448 0.00229676
-0.446 0.00247169
-0.444 0.00265889
-0.442 0.00285912
-0.44 0.00307321
-0.438 0.00330201
-0.436 0.00354642
-0.434 0.00380741
-0.432 0.00408598
-0.43 0.00438317
-0.428 0.00470011
-0.426 0.00503796
-0.424 0.00539793
-0.422 0.00578132
-0.42 0.00618947
-0.418 0.0066238
-0.416 0.00708577
-0.414 0.00757695
-0.412 0.00809894
-0.41 0.00865344
-0.408 0.00924223
-0.406 0.00986714
-0.404 0.0105301
-0.402 0.0112331
-0.4 0.0119784
-0.398 0.0127679
-0.396 0.0136041
-0.394 0.0144893
-0.392 0.0154259
-0.39 0.0164165
-0.388 0.0174638
-0.386 0.0185705
-0.384 0.0197395
-0.382 0.0209737
-0.38 0.0222763
-0.378 0.0236503
-0.376 0.0250991
-0.374 0.0266261
-0.372 0.0282347
-0.37 0.0299286
-0.368 0.0317116
-0.366 0.0335874
-0.364 0.0355601
-0.362 0.0376337
-0.36 0.0398124
-0.358 0.0421005
-0.356 0.0445024
-0.354 0.0470228
-0.352 0.0496662
-0.35 0.0524374
-0.348 0.0553413
-0.346 0.0583828
-0.344 0.0615672
-0.342 0.0648995
-0.34 0.0683851
-0.338 0.0720294
-0.336 0.075838
-0.334 0.0798163
-0.332 0.0839702
-0.33 0.0883053
-0.328 0.0928276
-0.326 0.097543
-0.324 0.102457
-0.322 0.107577
-0.32 0.112908
-0.318 0.118457
-0.316 0.124229
-0.314 0.130231
-0.312 0.13647
-0.31 0.142951
-0.308 0.149681
-0.306 0.156666
-0.304 0.163913
-0.302 0.171428
-0.3 0.179218
-0.298 0.187288
-0.296 0.195644
-0.294 0.204294
-0.292 0.213243
-0.29 0.222496
-0.288 0.232061
-0.286 0.241942
-0.284 0.252146
-0.282 0.262678
-0.28 0.273544
-0.278 0.284748
-0.276 0.296296
-0.274 0.308193
-0.272 0.320443
-0.27 0.333051
-0.268 0.346021
-0.266 0.359358
-0.264 0.373065
-0.262 0.387145
-0.26 0.401602
-0.258 0.416439
-0.256 0.431658
-0.254 0.447261
-0.252 0.463251
-0.25 0.47963
-0.248 0.496397
-0.246 0.513556
-0.244 0.531104
-0.242 0.549044
-0.24 0.567374
-0.238 0.586094
-0.236 0.605203
-0.234 0.624699
-0.232 0.64458
-0.23 0.664843
-0.228 0.685486
-0.226 0.706505
-0.224 0.727897
-0.222 0.749656
-0.22 0.771779
-0.218 0.794259
-0.216 0.817091
-0.214 0.840269
-0.212 0.863785
-0.21 0.887634
-0.208 0.911806
-0.206 0.936294
-0.204 0.961089
-0.202 0.986181
-0.2 1.01156
-0.198 1.03722
-0.196 1.06315
-0.194 1.08933
-0.192 1.11576
-0.19 1.14242
-0.188 1.16931
-0.186 1.1964
-0.184 1.22369
-0.182 1.25116
-0.18 1.2788
-0.178 1.3066
-0.176 1.33454
-0.174 1.3626
-0.172 1.39077
-0.17 1.41905
-0.168 1.4474
-0.166 1.47582
-0.164 1.50429
-0.162 1.5328
-0.16 1.56132
-0.158 1.58985
-0.156 1.61836
-0.154 1.64685
-0.152 1.67529
-0.15 1.70367
-0.148 1.73198
-0.146 1.76019
-0.144 1.78829
-0.142 1.81627
-0.14 1.84411
-0.138 1.87179
-0.136 1.8993
-0.134 1.92663
-0.132 1.95375
-0.13 1.98066
-0.128 2.00734
-0.126 2.03378
-0.124 2.05996
-0.122 2.08587
-0.12 2.1115
-0.118 2.13683
-0.116 2.16186
-0.114 2.18656
-0.112 2.21094
-0.11 2.23497
-0.108 2.25865
-0.106 2.28196
-0.104 2.30491
-0.102 2.32747
-0.1 2.34964
-0.098 2.37142
-0.096 2.39279
-0.094 2.41375
-0.092 2.43429
-0.09 2.45441
-0.088 2.47409
-0.086 2.49334
-0.084 2.51215
-0.082 2.53051
-0.08 2.54843
-0.078 2.56589
-0.076 2.5829
-0.074 2.59945
-0.072 2.61555
-0.07 2.63118
-0.068 2.64635
-0.066 2.66106
-0.064 2.67531
-0.062 2.68909
-0.06 2.70241
-0.058 2.71527
-0.056 2.72767
-0.054 2.7396
-0.052 2.75108
-0.05 2.7621
-0.048 2.77266
-0.046 2.78276
-0.044 2.79242
-0.042 2.80162
-0.04 2.81038
-0.038 2.81869
-0.036 2.82655
-0.034 2.83398
-0.032 2.84096
-0.03 2.84751
-0.028 2.85362
-0.026 2.8593
-0.024 2.86455
-0.022 2.86937
-0.02 2.87377
-0.018 2.87774
-0.016 2.88128
-0.014 2.88441
-0.012 2.88712
-0.01 2.88941
-0.008 2.89128
-0.006 2.89273
-0.004 2.89377
-0.002 2.89439
0 2.8946
0.002 2.89439
0.004 2.89377
0.006 2.89273
0.008 2.89128
0.01 2.88941
0.012 2.88712
0.014 2.88441
0.016 2.88128
0.018 2.87774
0.02 2.87377
0.022 2.86937
0.024 2.86455
0.026 2.8593
0.028 2.85362
0.03 2.84751
0.032 2.84096
0.034 2.83398
0.036 2.82655
0.038 2.81869
0.04 2.81038
0.042 2.80162
0.044 2.79242
0.046 2.78276
0.048 2.77266
0.05 2.7621
0.052 2.75108
0.054 2.7396
0.056 2.72767
0.058 2.71527
0.06 2.70241
0.062 2.68909
0.064 2.67531
0.066 2.66106
0.068 2.64635
0.07 2.63118
0.072 2.61555
0.074 2.59945
0.076 2.5829
0.078 2.56589
0.08 2.54843
0.082 2.53051
0.084 2.51215
0.086 2.49334
0.088 2.47409
0.09 2.45441
0.092 2.43429
0.094 2.41375
0.096 2.39279
0.098 2.37142
0.1 2.34964
0.102 2.32747
0.104 2.30491
0.106 2.28196
0.108 2.25865
0.11 2.23497
0.112 2.21094
0.114 2.18656
0.116 2.16186
0.118 2.13683
0.12 2.1115
0.122 2.08587
0.124 2.05996
0.126 2.03378
0.128 2.00734
0.13 1.98066
0.132 1.95375
0.134 1.92663
0.136 1.8993
0.138 1.87179
0.14 1.84411
0.142 1.81627
0.144 1.78829
0.146 1.76019
0.148 1.73198
0.15 1.70367
0.152 1.67529
0.154 1.64685
0.156 1.61836
0.158 1.58985
0.16 1.56132
0.162 1.5328
0.164 1.50429
0.166 1.47582
0.168 1.4474
0.17 1.41905
0.172 1.39077
0.174 1.3626
0.176 1.33454
0.178 1.3066
0.18 1.2788
0.182 1.25116
0.184 1.22369
0.186 1.1964
0.188 1.16931
0.19 1.14242
0.192 1.11576
0.194 1.08933
0.196 1.06315
0.198 1.03722
0.2 1.01156
0.202 0.986181
0.204 0.961089
0.206 0.936294
0.208 0.911806
0.21 0.887634
0.212 0.863785
0.214 0.840269
0.216 0.817091
0.218 0.794259
0.22 0.771779
0.222 0.749656
0.224 0.727897
0.226 0.706505
0.228 0.685486
0.23 0.664843
0.232 0.64458
0.234 0.624699
0.236 0.605203
0.238 0.586094
0.24 0.567374
0.242 0.549044
0.244 0.531104
0.246 0.513556
0.248 0.496397
0.25 0.47963
0.252 0.463251
0.254 0.447261
0.256 0.431658
0.258 0.416439
0.26 0.401602
0.262 0.387145
0.264 0.373065
0.266 0.359358
0.268 0.346021
0.27 0.333051
0.272 0.320443
0.274 0.308193
0.276 0.296296
0.278 0.284748
0.28 0.273544
0.282 0.262678
0.284 0.252146
0.286 0.241942
0.288 0.232061
0.29 0.222496
0.292 0.213243
0.294 0.204294
0.296 0.195644
0.298 0.187288
0.3 0.179218
0.302 0.171428
0.304 0.163913
0.306 0.156666
0.308 0.149681
0.31 0.142951
0.312 0.13647
0.314 0.130231
0.316 0.124229
0.318 0.118457
0.32 0.112908
0.322 0.107577
0.324 0.102457
0.326 0.097543
0.328 0.0928276
0.33 0.0883053
0.332 0.0839702
0.334 0.0798163
0.336 0.075838
0.338 0.0720294
0.34 0.0683851
0.342 0.0648995
0.344 0.0615672
0.346 0.0583828
0.348 0.0553413
0.35 0.0524374
0.352 0.0496662
0.354 0.0470228
0.356 0.0445024
0.358 0.0421005
0.36 0.0398124
0.362 0.0376337
0.364 0.0355601
0.366 0.0335874
0.368 0.0317116
0.37 0.0299286
0.372 0.0282347
0.374 0.0266261
0.376 0.0250991
0.378 0.0236503
0.38 0.0222763
0.382 0.0209737
0.384 0.0197395
0.386 0.0185705
0.388 0.0174638
0.39 0.0164165
0.392 0.0154259
0.394 0.0144893
0.396 0.0136041
0.398 0.0127679
0.4 0.0119784
0.402 0.0112331
0.404 0.0105301
0.406 0.00986714
0.408 0.00924223
0.41 0.00865344
0.412 0.00809894
0.414 0.00757695
0.416 0.00708577
0.418 0.0066238
0.42 0.00618947
0.422 0.00578132
0.424 0.00539793
0.426 0.00503796
0.428 0.00470011
0.43 0.00438317
0.432 0.00408598
0.434 0.00380741
0.436 0.00354642
0.438 0.00330201
0.44 0.00307321
0.442 0.00285912
0.444 0.00265889
0.446 0.00247169
0.448 0.00229676
0.45 0.00213335
0.452 0.00198078
0.454 0.00183839
0.456 0.00170555
0.458 0.00158168
0.46 0.00146621
0.462 0.00135864
0.464 0.00125846
0.466 0.00116519
0.468 0.00107841
0.47 0.000997693
0.472 0.000922649
0.474 0.000852909
0.476 0.000788125
0.478 0.000727971
0.48 0.00067214
0.482 0.000620343
0.484 0.000572308
0.486 0.000527783
0.488 0.000486527
0.49 0.000448316
0.492 0.000412942
0.494 0.000380207
0.496 0.000349926
0.498 0.000321929
0.5 0.000296054
0.502 0.000272149
0.504 0.000250075
0.506 0.000229699
0.508 0.000210899
0.51 0.000193561
0.512 0.000177577
0.514 0.000162848
0.516 0.00014928
0.518 0.000136789
0.52 0.000125292
0.522 0.000114716
0.524 0.000104991
0.526 9.60518e-05
0.528 8.78386e-05
0.53 8.02955e-05
0.532 7.33709e-05
0.534 6.70167e-05
0.536 6.11883e-05
0.538 5.58444e-05
0.54 5.09469e-05
0.542 4.64603e-05
0.544 4.23519e-05
0.546 3.85913e-05
0.548 3.51506e-05
0.55 3.20039e-05
0.552 2.91272e-05
0.554 2.64985e-05
0.556 2.40974e-05
0.558 2.19051e-05
0.56 1.99043e-05
0.562 1.8079e-05
0.564 1.64145e-05
0.566 1.48974e-05
0.568 1.3515e-05
0.57 1.2256e-05
0.572 1.11099e-05
0.574 1.00669e-05
0.576 9.11815e-06
0.578 8.25553e-06
0.58 7.47153e-06
0.582 6.75929e-06
0.584 6.11249e-06
0.586 5.52538e-06
0.588 4.99266e-06
0.59 4.5095e-06
0.592 4.07147e-06
0.594 3.67452e-06
0.596 3.31494e-06
0.598 2.98935e-06
0.6 2.69467e-06
0.602 2.42806e-06
0.604 2.18696e-06
0.606 1.969e-06
0.608 1.77207e-06
0.61 1.59419e-06
0.612 1.43359e-06
0.614 1.28866e-06
0.616 1.15791e-06
0.618 1.04002e-06
0.62 9.33752e-07
0.622 8.3801e-07
0.624 7.51783e-07
0.626 6.74159e-07
0.628 6.04309e-07
0.63 5.41479e-07
0.632 4.84987e-07
0.634 4.34216e-07
0.636 3.88604e-07
0.638 3.47644e-07
0.64 3.10877e-07
0.642 2.77887e-07
0.644 2.48299e-07
0.646 2.21773e-07
0.648 1.98001e-07
0.65 1.76707e-07
0.652 1.57639e-07
0.654 1.40573e-07
0.656 1.25305e-07
0.658 1.1165e-07
0.66 9.94432e-08
0.662 8.85357e-08
0.664 7.87931e-08
0.666 7.00945e-08
0.668 6.23313e-08
0.67 5.54057e-08
0.672 4.92299e-08
0.674 4.37251e-08
0.676 3.88202e-08
0.678 3.44518e-08
0.68 3.05627e-08
0.682 2.71018e-08
0.684 2.40231e-08
0.686 2.12857e-08
0.688 1.88527e-08
0.69 1.66911e-08
0.692 1.47714e-08
0.694 1.30673e-08
0.696 1.15552e-08
0.698 1.02139e-08
0.7 9.02477e-09
0.702 7.97086e-09
0.704 7.03721e-09
0.706 6.21044e-09
0.708 5.47861e-09
0.71 4.83108e-09
0.712 4.25839e-09
0.714 3.75208e-09
0.716 3.30465e-09
0.718 2.90941e-09
0.72 2.56041e-09
0.722 2.25238e-09
0.724 1.98062e-09
0.726 1.74094e-09
0.728 1.52966e-09
0.73 1.34348e-09
0.732 1.17949e-09
0.734 1.03511e-09
0.736 9.08033e-10
0.738 7.9624e-10
0.74 6.97931e-10
0.742 6.11515e-10
0.744 5.35585e-10
0.746 4.68895e-10
0.748 4.10345e-10
0.75 3.58963e-10
0.752 3.13889e-10
0.754 2.74365e-10
0.756 2.39721e-10
0.758 2.09369e-10
0.76 1.82786e-10
0.762 1.59515e-10
0.764 1.39151e-10
0.766 1.21338e-10
0.768 1.05762e-10
0.77 9.21498e-11
0.772 8.02571e-11
0.774 6.98713e-11
0.776 6.08052e-11
0.778 5.28942e-11
0.78 4.59941e-11
0.782 3.99782e-11
0.784 3.47352e-11
0.786 3.01677e-11
0.788 2.61904e-11
0.79 2.27283e-11
0.792 1.9716e-11
0.794 1.70961e-11
0.796 1.48184e-11
0.798 1.28391e-11
0.8 1.11196e-11
0.802 9.62661e-12
0.804 8.33073e-12
0.806 7.20641e-12
0.808 6.23133e-12
0.81 5.38604e-12
0.812 4.65355e-12
0.814 4.01907e-12
0.816 3.4697e-12
0.818 2.99424e-12
0.82 2.58289e-12
0.822 2.22716e-12
0.824 1.91966e-12
0.826 1.65395e-12
0.828 1.42445e-12
0.83 1.22631e-12
0.832 1.0553e-12
0.834 9.0778e-13
0.836 7.80568e-13
0.838 6.70915e-13
0.84 5.76434e-13
0.842 4.95061e-13
0.844 4.25005e-13
0.846 3.64717e-13
0.848 3.12855e-13
0.85 2.68261e-13
0.852 2.29931e-13
0.854 1.96999e-13
0.856 1.68716e-13
0.858 1.44436e-13
0.86 1.23601e-13
0.862 1.05729e-13
0.864 9.04049e-14
0.866 7.7271e-14
0.868 6.60187e-14
0.87 5.63824e-14
0.872 4.81335e-14
0.874 4.10749e-14
0.876 3.50374e-14
0.878 2.98754e-14
0.88 2.54638e-14
0.882 2.16949e-14
0.884 1.84764e-14
0.886 1.57291e-14
0.888 1.3385e-14
0.89 1.13857e-14
0.892 9.68109e-15
0.894 8.22842e-15
0.896 6.99093e-15
0.898 5.93718e-15
0.9 5.04024e-15
0.902 4.27709e-15
0.904 3.62804e-15
0.906 3.07625e-15
0.908 2.60734e-15
0.91 2.20903e-15
0.912 1.87081e-15
0.914 1.58374e-15
0.916 1.34019e-15
0.918 1.13364e-15
0.92 9.58534e-16
0.922 8.10155e-16
0.924 6.8447e-16
0.926 5.78053e-16
0.928 4.87985e-16
0.93 4.11787e-16
0.932 3.47348e-16
0.934 2.92876e-16
0.936 2.46847e-16
0.938 2.0797e-16
0.94 1.75146e-16
0.942 1.47443e-16
0.944 1.24074e-16
0.946 1.04367e-16
0.948 8.77551e-17
0.95 7.37588e-17
0.952 6.19709e-17
0.954 5.20472e-17
0.956 4.36963e-17
0.958 3.66722e-17
0.96 3.07667e-17
0.962 2.58042e-17
0.964 2.16361e-17
0.966 1.81374e-17
0.968 1.52023e-17
0.97 1.27419e-17
0.972 1.06812e-17
0.974 8.95729e-18
0.976 7.51702e-18
0.978 6.31602e-18
0.98 5.31702e-18
0.982 4.48896e-18
0.984 3.80594e-18
0.986 3.24655e-18
0.988 2.79319e-18
0.99 2.43152e-18
0.992 2.15012e-18
0.994 1.94001e-18
0.996 1.79456e-18
0.998 1.70909e-18
