-1 0.577448
-0.99 0.577567
-0.98 0.57728
-0.97 0.577249
-0.96 0.576776
-0.95 0.576611
-0.94 0.575939
-0.93 0.575646
-0.92 0.574776
-0.91 0.574341
-0.9 0.573296
-0.89 0.57268
-0.88 0.571512
-0.87 0.570645
-0.86 0.569429
-0.85 0.568235
-0.84 0.567029
-0.83 0.565478
-0.82 0.564259
-0.81 0.562431
-0.8 0.56105
-0.79 0.559141
-0.78 0.557383
-0.77 0.555568
-0.76 0.553353
-0.75 0.551556
-0.74 0.549121
-0.73 0.546986
-0.72 0.544687
-0.71 0.542005
-0.7 0.539771
-0.69 0.536912
-0.68 0.534203
-0.67 0.531602
-0.66 0.528369
-0.65 0.525586
-0.64 0.522546
-0.63 0.519061
-0.62 0.516098
-0.61 0.512678
-0.6 0.508945
-0.59 0.505746
-0.58 0.502047
-0.57 0.498003
-0.56 0.494534
-0.55 0.49069
-0.54 0.486283
-0.53 0.482425
-0.52 0.478596
-0.51 0.473952
-0.5 0.469434
-0.49 0.465543
-0.48 0.461174
-0.47 0.456025
-0.46 0.451255
-0.45 0.447229
-0.44 0.442822
-0.43 0.437316
-0.42 0.431554
-0.41 0.426935
-0.4 0.424047
-0.39 0.42249
-0.38 0.421547
-0.37 0.420726
-0.36 0.419843
-0.35 0.418885
-0.34 0.417875
-0.33 0.41683
-0.32 0.415756
-0.31 0.414659
-0.3 0.413543
-0.29 0.412411
-0.28 0.411267
-0.27 0.410118
-0.26 0.408966
-0.25 0.407817
-0.24 0.406674
-0.23 0.405542
-0.22 0.404424
-0.21 0.403326
-0.2 0.40225
-0.19 0.4012
-0.18 0.400181
-0.17 0.399195
-0.16 0.398247
-0.15 0.397339
-0.14 0.396474
-0.13 0.395656
-0.12 0.394886
-0.11 0.394169
-0.1 0.393506
-0.09 0.392899
-0.08 0.39235
-0.07 0.391862
-0.06 0.391435
-0.05 0.391072
-0.04 0.390773
-0.03 0.390539
-0.02 0.390372
-0.01 0.390271
0 0.390238
0.01 0.390271
0.02 0.390372
0.03 0.390539
0.04 0.390773
0.05 0.391072
0.06 0.391435
0.07 0.391862
0.08 0.39235
0.09 0.392899
0.1 0.393506
0.11 0.394169
0.12 0.394886
0.13 0.395656
0.14 0.396474
0.15 0.397339
0.16 0.398247
0.17 0.399195
0.18 0.400181
0.19 0.4012
0.2 0.40225
0.21 0.403326
0.22 0.404424
0.23 0.405542
0.24 0.406674
0.25 0.407817
0.26 0.408966
0.27 0.410118
0.28 0.411267
0.29 0.412411
0.3 0.413543
0.31 0.414659
0.32 0.415756
0.33 0.41683
0.34 0.417875
0.35 0.418885
0.36 0.419843
0.37 0.420726
0.38 0.421547
0.39 0.42249
0.4 0.424047
0.41 0.426935
0.42 0.431554
0.43 0.437316
0.44 0.442822
0.45 0.447229
0.46 0.451255
0.47 0.456025
0.48 0.461174
0.49 0.465543
0.5 0.469434
0.51 0.473952
0.52 0.478596
0.53 0.482425
0.54 0.486283
0.55 0.49069
0.56 0.494534
0.57 0.498003
0.58 0.502047
0.59 0.505746
0.6 0.508945
0.61 0.512678
0.62 0.516098
0.63 0.519061
0.64 0.522546
0.65 0.525586
0.66 0.528369
0.67 0.531602
0.68 0.534203
0.69 0.536912
0.7 0.539771
0.71 0.542005
0.72 0.544687
0.73 0.546986
0.74 0.549121
0.75 0.551556
0.76 0.553353
0.77 0.555568
0.78 0.557383
0.79 0.559141
0.8 0.56105
0.81 0.562431
0.82 0.564259
0.83 0.565478
0.84 0.567029
0.85 0.568235
0.86 0.569429
0.87 0.570645
0.88 0.571512
0.89 0.57268
0.9 0.573296
0.91 0.574341
0.92 0.574776
0.93 0.575646
0.94 0.575939
0.95 0.576611
0.96 0.576776
0.97 0.577249
0.98 0.57728
0.99 0.577567
