-1 3.51889
-0.998 3.51836
-0.996 3.51678
-0.994 3.51415
-0.992 3.51047
-0.99 3.50574
-0.988 3.49996
-0.986 3.49315
-0.984 3.4853
-0.982 3.47643
-0.98 3.46654
-0.978 3.45564
-0.976 3.44374
-0.974 3.43084
-0.972 3.41697
-0.97 3.40212
-0.968 3.38632
-0.966 3.36957
-0.964 3.35189
-0.962 3.33329
-0.96 3.31379
-0.958 3.29341
-0.956 3.27215
-0.954 3.25005
-0.952 3.22711
-0.95 3.20335
-0.948 3.1788
-0.946 3.15347
-0.944 3.12739
-0.942 3.10056
-0.94 3.07302
-0.938 3.04479
-0.936 3.01589
-0.934 2.98633
-0.932 2.95615
-0.93 2.92537
-0.928 2.89401
-0.926 2.86209
-0.924 2.82964
-0.922 2.79668
-0.92 2.76324
-0.918 2.72934
-0.916 2.69501
-0.914 2.66027
-0.912 2.62515
-0.91 2.58968
-0.908 2.55387
-0.906 2.51775
-0.904 2.48136
-0.902 2.4447
-0.9 2.40782
-0.898 2.37074
-0.896 2.33347
-0.894 2.29605
-0.892 2.2585
-0.89 2.22084
-0.888 2.1831
-0.886 2.1453
-0.884 2.10747
-0.882 2.06964
-0.88 2.03181
-0.878 1.99402
-0.876 1.95629
-0.874 1.91863
-0.872 1.88108
-0.87 1.84366
-0.868 1.80637
-0.866 1.76926
-0.864 1.73232
-0.862 1.69559
-0.86 1.65908
-0.858 1.62281
-0.856 1.5868
-0.854 1.55106
-0.852 1.51562
-0.85 1.48048
-0.848 1.44566
-0.846 1.41119
-0.844 1.37706
-0.842 1.3433
-0.84 1.30992
-0.838 1.27692
-0.836 1.24433
-0.834 1.21215
-0.832 1.1804
-0.83 1.14908
-0.828 1.1182
-0.826 1.08777
-0.824 1.0578
-0.822 1.0283
-0.82 0.999267
-0.818 0.970714
-0.816 0.942646
-0.814 0.915066
-0.812 0.88798
-0.81 0.86139
-0.808 0.8353
-0.806 0.809713
-0.804 0.78463
-0.802 0.760053
-0.8 0.735982
-0.798 0.712419
-0.796 0.689363
-0.794 0.666814
-0.792 0.64477
-0.79 0.62323
-0.788 0.602193
-0.786 0.581655
-0.784 0.561614
-0.782 0.542066
-0.78 0.523009
-0.778 0.504439
-0.776 0.48635
-0.774 0.468739
-0.772 0.4516
-0.77 0.434928
-0.768 0.418719
-0.766 0.402965
-0.764 0.387662
-0.762 0.372802
-0.76 0.358379
-0.758 0.344388
-0.756 0.33082
-0.754 0.317669
-0.752 0.304927
-0.75 0.292588
-0.748 0.280644
-0.746 0.269087
-0.744 0.25791
-0.742 0.247105
-0.74 0.236664
-0.738 0.226579
-0.736 0.216843
-0.734 0.207447
-0.732 0.198384
-0.73 0.189646
-0.728 0.181224
-0.726 0.173111
-0.724 0.165299
-0.722 0.15778
-0.72 0.150546
-0.718 0.143589
-0.716 0.136902
-0.714 0.130477
-0.712 0.124306
-0.71 0.118382
-0.708 0.112697
-0.706 0.107245
-0.704 0.102018
-0.702 0.0970079
-0.7 0.092209
-0.698 0.0876141
-0.696 0.0832163
-0.694 0.0790091
-0.692 0.0749858
-0.69 0.0711402
-0.688 0.0674658
-0.686 0.0639567
-0.684 0.0606069
-0.682 0.0574104
-0.68 0.0543616
-0.678 0.0514549
-0.676 0.0486848
-0.674 0.0460461
-0.672 0.0435337
-0.67 0.0411424
-0.668 0.0388675
-0.666 0.0367042
-0.664 0.0346478
-0.662 0.032694
-0.66 0.0308385
-0.658 0.029077
-0.656 0.0274055
-0.654 0.02582
-0.652 0.0243168
-0.65 0.0228923
-0.648 0.0215428
-0.646 0.020265
-0.644 0.0190556
-0.642 0.0179114
-0.64 0.0168293
-0.638 0.0158064
-0.636 0.0148399
-0.634 0.0139271
-0.632 0.0130653
-0.63 0.0122521
-0.628 0.011485
-0.626 0.0107617
-0.624 0.0100801
-0.622 0.00943788
-0.62 0.00883315
-0.618 0.00826394
-0.616 0.00772837
-0.614 0.00722469
-0.612 0.00675118
-0.61 0.00630624
-0.608 0.0058883
-0.606 0.00549591
-0.604 0.00512766
-0.602 0.0047822
-0.6 0.00445826
-0.598 0.00415464
-0.596 0.00387017
-0.594 0.00360376
-0.592 0.00335437
-0.59 0.00312101
-0.588 0.00290274
-0.586 0.00269867
-0.584 0.00250797
-0.582 0.00232982
-0.58 0.00216347
-0.578 0.00200821
-0.576 0.00186335
-0.574 0.00172826
-0.572 0.00160234
-0.57 0.001485
-0.568 0.00137571
-0.566 0.00127396
-0.564 0.00117927
-0.562 0.00109119
-0.56 0.00100929
-0.558 0.000933167
-0.556 0.000862444
-0.554 0.000796765
-0.552 0.000735798
-0.55 0.000679227
-0.548 0.000626757
-0.546 0.000578111
-0.544 0.000533031
-0.542 0.000491271
-0.54 0.000452603
-0.538 0.000416814
-0.536 0.000383702
-0.534 0.000353082
-0.532 0.000324776
-0.53 0.000298621
-0.528 0.000274463
-0.526 0.00025216
-0.524 0.000231577
-0.522 0.00021259
-0.52 0.000195082
-0.518 0.000178945
-0.516 0.000164078
-0.514 0.000150386
-0.512 0.000137783
-0.51 0.000126185
-0.508 0.000115518
-0.506 0.00010571
-0.504 9.66968e-05
-0.502 8.84169e-05
-0.5 8.08139e-05
-0.498 7.38353e-05
-0.496 6.74326e-05
-0.494 6.15606e-05
-0.492 5.61776e-05
-0.49 5.12449e-05
-0.488 4.67267e-05
-0.486 4.259e-05
-0.484 3.88041e-05
-0.482 3.53406e-05
-0.48 3.21735e-05
-0.478 2.92785e-05
-0.476 2.66335e-05
-0.474 2.42177e-05
-0.472 2.20123e-05
-0.47 1.99998e-05
-0.468 1.81641e-05
-0.466 1.64902e-05
-0.464 1.49647e-05
-0.462 1.35749e-05
-0.46 1.23093e-05
-0.458 1.11572e-05
-0.456 1.01089e-05
-0.454 9.15546e-06
-0.452 8.28865e-06
-0.45 7.50092e-06
-0.448 6.78534e-06
-0.446 6.13559e-06
-0.444 5.54585e-06
-0.442 5.01079e-06
-0.44 4.52555e-06
-0.438 4.08567e-06
-0.436 3.68708e-06
-0.434 3.32605e-06
-0.432 2.99917e-06
-0.43 2.70334e-06
-0.428 2.43572e-06
-0.426 2.19372e-06
-0.424 1.97497e-06
-0.422 1.77733e-06
-0.42 1.59883e-06
-0.418 1.43768e-06
-0.416 1.29226e-06
-0.414 1.16109e-06
-0.412 1.04281e-06
-0.41 9.3621e-07
-0.408 8.40171e-07
-0.406 7.53683e-07
-0.404 6.75829e-07
-0.402 6.05775e-07
-0.4 5.42766e-07
-0.398 4.86117e-07
-0.396 4.35207e-07
-0.394 3.89473e-07
-0.392 3.48406e-07
-0.39 3.11545e-07
-0.388 2.78472e-07
-0.386 2.48811e-07
-0.384 2.22221e-07
-0.382 1.98393e-07
-0.38 1.77049e-07
-0.378 1.57939e-07
-0.376 1.40835e-07
-0.374 1.25533e-07
-0.372 1.11849e-07
-0.37 9.9617e-08
-0.368 8.86872e-08
-0.366 7.89251e-08
-0.364 7.02096e-08
-0.362 6.24315e-08
-0.36 5.54929e-08
-0.358 4.93058e-08
-0.356 4.37911e-08
-0.354 3.88776e-08
-0.352 3.45016e-08
-0.35 3.0606e-08
-0.348 2.71393e-08
-0.346 2.40558e-08
-0.344 2.1314e-08
-0.342 1.88772e-08
-0.34 1.67124e-08
-0.338 1.47898e-08
-0.336 1.30833e-08
-0.334 1.1569e-08
-0.332 1.02259e-08
-0.33 9.03508e-09
-0.328 7.97977e-09
-0.326 7.04491e-09
-0.324 6.21708e-09
-0.322 5.48434e-09
-0.32 4.83603e-09
-0.318 4.26265e-09
-0.316 3.75575e-09
-0.314 3.30781e-09
-0.312 2.91213e-09
-0.31 2.56275e-09
-0.308 2.2544e-09
-0.306 1.98235e-09
-0.304 1.74243e-09
-0.302 1.53094e-09
-0.3 1.34458e-09
-0.298 1.18043e-09
-0.296 1.03591e-09
-0.294 9.08725e-10
-0.292 7.9683e-10
-0.29 6.98435e-10
-0.288 6.11948e-10
-0.286 5.35956e-10
-0.284 4.69209e-10
-0.282 4.10617e-10
-0.28 3.59194e-10
-0.278 3.14085e-10
-0.276 2.74536e-10
-0.274 2.39862e-10
-0.272 2.09492e-10
-0.27 1.82889e-10
-0.268 1.59605e-10
-0.266 1.39228e-10
-0.264 1.21406e-10
-0.262 1.05819e-10
-0.26 9.21968e-11
-0.258 8.02975e-11
-0.256 6.99052e-11
-0.254 6.0833e-11
-0.252 5.29201e-11
-0.25 4.60135e-11
-0.248 3.99982e-11
-0.246 3.47481e-11
-0.244 3.01789e-11
-0.242 2.62015e-11
-0.24 2.27369e-11
-0.238 1.97235e-11
-0.236 1.71034e-11
-0.234 1.48222e-11
-0.232 1.28489e-11
-0.23 1.11273e-11
-0.228 9.63367e-12
-0.226 8.33314e-12
-0.224 7.20803e-12
-0.222 6.23247e-12
-0.22 5.38993e-12
-0.218 4.65449e-12
-0.216 4.02249e-12
-0.214 3.47156e-12
-0.212 2.99824e-12
-0.21 2.58272e-12
-0.208 2.22942e-12
-0.206 1.92358e-12
-0.204 1.65787e-12
-0.202 1.42767e-12
-0.2 1.23079e-12
-0.198 1.05626e-12
-0.196 9.10819e-13
-0.194 7.83116e-13
-0.192 6.73416e-13
-0.19 5.79993e-13
-0.188 4.93748e-13
-0.186 4.27329e-13
-0.184 3.65026e-13
-0.182 3.15969e-13
-0.18 2.70063e-13
-0.178 2.32899e-13
-0.176 1.97303e-13
-0.174 1.72702e-13
-0.172 1.42821e-13
-0.17 1.23369e-13
-0.168 1.04134e-13
-0.166 9.32189e-14
-0.164 7.7424e-14
-0.162 6.38781e-14
-0.16 5.94825e-14
-0.158 5.05327e-14
-0.156 4.1957e-14
-0.154 3.52025e-14
-0.152 3.16376e-14
-0.15 3.08458e-14
-0.148 2.41734e-14
-0.146 1.96926e-14
-0.144 2.30878e-14
-0.142 1.29906e-14
-0.14 1.32059e-14
-0.138 1.0028e-14
-0.136 1.34667e-14
-0.134 6.36781e-15
-0.132 6.37319e-15
-0.13 7.55311e-15
-0.128 5.25972e-15
-0.126 5.1386e-15
-0.124 5.83087e-15
-0.122 5.20001e-15
-0.12 4.68168e-15
-0.118 4.97042e-15
-0.116 4.44356e-15
-0.114 4.92493e-16
-0.112 4.19665e-15
-0.11 2.31586e-15
-0.108 7.11792e-16
-0.106 2.53277e-15
-0.104 5.39e-15
-0.102 -2.01202e-16
-0.1 1.2967e-15
-0.098 3.7127e-16
-0.096 4.86939e-15
-0.094 5.21604e-15
-0.092 1.19978e-16
-0.09 4.03519e-15
-0.088 1.85874e-15
-0.086 4.39457e-15
-0.084 1.03218e-15
-0.082 -1.84402e-16
-0.08 4.05101e-15
-0.078 4.07513e-15
-0.076 1.19902e-15
-0.074 5.23113e-16
-0.072 6.69947e-16
-0.07 1.64444e-15
-0.068 2.35751e-15
-0.066 4.86003e-16
-0.064 2.69855e-17
-0.062 2.90606e-15
-0.06 1.25643e-15
-0.058 2.77607e-15
-0.056 8.06142e-17
-0.054 7.39103e-16
-0.052 5.0123e-16
-0.05 2.49412e-15
-0.048 2.4014e-15
-0.046 3.14386e-16
-0.044 -1.06214e-15
-0.042 6.55001e-15
-0.04 -3.17316e-16
-0.038 2.02885e-15
-0.036 -1.50555e-16
-0.034 -3.57629e-16
-0.032 1.94214e-15
-0.03 -3.32589e-16
-0.028 -5.58168e-16
-0.026 2.14587e-15
-0.024 3.91553e-15
-0.022 -5.67319e-17
-0.02 3.44433e-15
-0.018 -1.08817e-15
-0.016 1.64205e-15
-0.014 -3.19924e-16
-0.012 1.72057e-16
-0.01 2.02343e-15
-0.008 1.20493e-15
-0.006 -1.72796e-15
-0.004 3.57215e-16
-0.002 -3.57245e-16
0 5.15869e-15
0.002 2.22138e-15
0.004 1.87604e-15
0.006 -2.94594e-15
0.008 1.94578e-15
0.01 -1.40061e-15
0.012 1.24e-15
0.014 1.28397e-15
0.016 -1.55653e-15
0.018 -5.98999e-16
0.02 6.31275e-16
0.022 7.76575e-16
0.024 1.2066e-15
0.026 -1.41186e-15
0.028 3.23515e-15
0.03 -1.02464e-16
0.032 1.20121e-15
0.034 -1.23853e-15
0.036 -4.81994e-17
0.038 1.95294e-15
0.04 5.3061e-16
0.042 3.13631e-16
0.044 -3.49746e-15
0.046 4.13903e-15
0.048 -6.2685e-16
0.05 1.25079e-15
0.052 -7.7673e-16
0.054 5.58549e-16
0.056 -6.52068e-16
0.058 7.47413e-16
0.06 -1.16429e-15
0.062 -1.53078e-15
0.064 3.97722e-16
0.066 -1.32776e-16
0.068 -4.10828e-15
0.07 -8.16833e-16
0.072 1.07569e-15
0.074 -1.72536e-17
0.076 7.06472e-16
0.078 1.07305e-16
0.08 1.45469e-15
0.082 -2.91038e-15
0.084 -7.15216e-16
0.086 -1.53409e-15
0.088 -1.45967e-15
0.09 -9.76329e-16
0.092 1.58829e-15
0.094 -2.6816e-15
0.096 -1.69917e-15
0.098 7.34408e-16
0.1 2.32624e-15
0.102 5.59849e-16
0.104 1.4146e-15
0.106 2.63017e-15
0.108 1.63061e-15
0.11 1.65354e-15
0.112 1.5763e-15
0.114 4.16469e-15
0.116 -1.58202e-15
0.118 1.40439e-15
0.12 1.92719e-15
0.122 7.19112e-16
0.124 6.06213e-16
0.126 6.26132e-15
0.128 2.86304e-15
0.13 4.88817e-15
0.132 5.95581e-15
0.134 5.78843e-15
0.136 8.03968e-15
0.138 7.30992e-15
0.14 1.24302e-14
0.142 1.19366e-14
0.144 1.79072e-14
0.146 1.88711e-14
0.148 1.98604e-14
0.15 2.62203e-14
0.152 3.40839e-14
0.154 3.0614e-14
0.156 3.97335e-14
0.158 4.82871e-14
0.16 5.63815e-14
0.162 6.69506e-14
0.164 7.65395e-14
0.166 9.01777e-14
0.168 1.04613e-13
0.17 1.20504e-13
0.172 1.43319e-13
0.174 1.69193e-13
0.176 1.95876e-13
0.178 2.32827e-13
0.18 2.71521e-13
0.182 3.13427e-13
0.184 3.64379e-13
0.186 4.23119e-13
0.188 4.98661e-13
0.19 5.75004e-13
0.192 6.73285e-13
0.194 7.77213e-13
0.196 9.09196e-13
0.198 1.05502e-12
0.2 1.22595e-12
0.202 1.42447e-12
0.204 1.65161e-12
0.206 1.92089e-12
0.208 2.22496e-12
0.21 2.58215e-12
0.212 2.99479e-12
0.214 3.46988e-12
0.216 4.02124e-12
0.218 4.65536e-12
0.22 5.38231e-12
0.222 6.23264e-12
0.224 7.20787e-12
0.226 8.33363e-12
0.228 9.63213e-12
0.23 1.11231e-11
0.232 1.28428e-11
0.234 1.48219e-11
0.236 1.70987e-11
0.238 1.97207e-11
0.24 2.2734e-11
0.242 2.61995e-11
0.244 3.01818e-11
0.246 3.4751e-11
0.248 3.99958e-11
0.25 4.60125e-11
0.252 5.29151e-11
0.254 6.0832e-11
0.256 6.9897e-11
0.258 8.02941e-11
0.26 9.21918e-11
0.262 1.05818e-10
0.264 1.21397e-10
0.266 1.39225e-10
0.268 1.59599e-10
0.27 1.82889e-10
0.272 2.0949e-10
0.274 2.3986e-10
0.276 2.74534e-10
0.278 3.14081e-10
0.28 3.59191e-10
0.282 4.10614e-10
0.284 4.69209e-10
0.286 5.35952e-10
0.288 6.11946e-10
0.29 6.98435e-10
0.292 7.96828e-10
0.294 9.08719e-10
0.296 1.03591e-09
0.298 1.18043e-09
0.3 1.34458e-09
0.302 1.53094e-09
0.304 1.74243e-09
0.306 1.98234e-09
0.308 2.25439e-09
0.31 2.56275e-09
0.312 2.91213e-09
0.314 3.3078e-09
0.316 3.75575e-09
0.318 4.26264e-09
0.32 4.83602e-09
0.322 5.48434e-09
0.324 6.21708e-09
0.326 7.0449e-09
0.328 7.97977e-09
0.33 9.03508e-09
0.332 1.02259e-08
0.334 1.1569e-08
0.336 1.30833e-08
0.338 1.47898e-08
0.34 1.67124e-08
0.342 1.88772e-08
0.344 2.1314e-08
0.346 2.40558e-08
0.348 2.71393e-08
0.35 3.0606e-08
0.352 3.45016e-08
0.354 3.88776e-08
0.356 4.3791e-08
0.358 4.93058e-08
0.36 5.54929e-08
0.362 6.24315e-08
0.364 7.02096e-08
0.366 7.89251e-08
0.368 8.86872e-08
0.37 9.9617e-08
0.372 1.11849e-07
0.374 1.25533e-07
0.376 1.40835e-07
0.378 1.57939e-07
0.38 1.77049e-07
0.382 1.98393e-07
0.384 2.22221e-07
0.386 2.48811e-07
0.388 2.78472e-07
0.39 3.11545e-07
0.392 3.48406e-07
0.394 3.89473e-07
0.396 4.35207e-07
0.398 4.86117e-07
0.4 5.42766e-07
0.402 6.05775e-07
0.404 6.75829e-07
0.406 7.53683e-07
0.408 8.40171e-07
0.41 9.3621e-07
0.412 1.04281e-06
0.414 1.16109e-06
0.416 1.29226e-06
0.418 1.43768e-06
0.42 1.59883e-06
0.422 1.77733e-06
0.424 1.97497e-06
0.426 2.19372e-06
0.428 2.43572e-06
0.43 2.70334e-06
0.432 2.99917e-06
0.434 3.32605e-06
0.436 3.68708e-06
0.438 4.08567e-06
0.44 4.52555e-06
0.442 5.01079e-06
0.444 5.54585e-06
0.446 6.13559e-06
0.448 6.78534e-06
0.45 7.50092e-06
0.452 8.28865e-06
0.454 9.15546e-06
0.456 1.01089e-05
0.458 1.11572e-05
0.46 1.23093e-05
0.462 1.35749e-05
0.464 1.49647e-05
0.466 1.64902e-05
0.468 1.81641e-05
0.47 1.99998e-05
0.472 2.20123e-05
0.474 2.42177e-05
0.476 2.66335e-05
0.478 2.92785e-05
0.48 3.21735e-05
0.482 3.53406e-05
0.484 3.88041e-05
0.486 4.259e-05
0.488 4.67267e-05
0.49 5.12449e-05
0.492 5.61776e-05
0.494 6.15606e-05
0.496 6.74326e-05
0.498 7.38353e-05
0.5 8.08139e-05
0.502 8.84169e-05
0.504 9.66968e-05
0.506 0.00010571
0.508 0.000115518
0.51 0.000126185
0.512 0.000137783
0.514 0.000150386
0.516 0.000164078
0.518 0.000178945
0.52 0.000195082
0.522 0.00021259
0.524 0.000231577
0.526 0.00025216
0.528 0.000274463
0.53 0.000298621
0.532 0.000324776
0.534 0.000353082
0.536 0.000383702
0.538 0.000416814
0.54 0.000452603
0.542 0.000491271
0.544 0.000533031
0.546 0.000578111
0.548 0.000626757
0.55 0.000679227
0.552 0.000735798
0.554 0.000796765
0.556 0.000862444
0.558 0.000933167
0.56 0.00100929
0.562 0.00109119
0.564 0.00117927
0.566 0.00127396
0.568 0.00137571
0.57 0.001485
0.572 0.00160234
0.574 0.00172826
0.576 0.00186335
0.578 0.00200821
0.58 0.00216347
0.582 0.00232982
0.584 0.00250797
0.586 0.00269867
0.588 0.00290274
0.59 0.00312101
0.592 0.00335437
0.594 0.00360376
0.596 0.00387017
0.598 0.00415464
0.6 0.00445826
0.602 0.0047822
0.604 0.00512766
0.606 0.00549591
0.608 0.0058883
0.61 0.00630624
0.612 0.00675118
0.614 0.00722469
0.616 0.00772837
0.618 0.00826394
0.62 0.00883315
0.622 0.00943788
0.624 0.0100801
0.626 0.0107617
0.628 0.011485
0.63 0.0122521
0.632 0.0130653
0.634 0.0139271
0.636 0.0148399
0.638 0.0158064
0.64 0.0168293
0.642 0.0179114
0.644 0.0190556
0.646 0.020265
0.648 0.0215428
0.65 0.0228923
0.652 0.0243168
0.654 0.02582
0.656 0.0274055
0.658 0.029077
0.66 0.0308385
0.662 0.032694
0.664 0.0346478
0.666 0.0367042
0.668 0.0388675
0.67 0.0411424
0.672 0.0435337
0.674 0.0460461
0.676 0.0486848
0.678 0.0514549
0.68 0.0543616
0.682 0.0574104
0.684 0.0606069
0.686 0.0639567
0.688 0.0674658
0.69 0.0711402
0.692 0.0749858
0.694 0.0790091
0.696 0.0832163
0.698 0.0876141
0.7 0.092209
0.702 0.0970079
0.704 0.102018
0.706 0.107245
0.708 0.112697
0.71 0.118382
0.712 0.124306
0.714 0.130477
0.716 0.136902
0.718 0.143589
0.72 0.150546
0.722 0.15778
0.724 0.165299
0.726 0.173111
0.728 0.181224
0.73 0.189646
0.732 0.198384
0.734 0.207447
0.736 0.216843
0.738 0.226579
0.74 0.236664
0.742 0.247105
0.744 0.25791
0.746 0.269087
0.748 0.280644
0.75 0.292588
0.752 0.304927
0.754 0.317669
0.756 0.33082
0.758 0.344388
0.76 0.358379
0.762 0.372802
0.764 0.387662
0.766 0.402965
0.768 0.418719
0.77 0.434928
0.772 0.4516
0.774 0.468739
0.776 0.48635
0.778 0.504439
0.78 0.523009
0.782 0.542066
0.784 0.561614
0.786 0.581655
0.788 0.602193
0.79 0.62323
0.792 0.64477
0.794 0.666814
0.796 0.689363
0.798 0.712419
0.8 0.735982
0.802 0.760053
0.804 0.78463
0.806 0.809713
0.808 0.8353
0.81 0.86139
0.812 0.88798
0.814 0.915066
0.816 0.942646
0.818 0.970714
0.82 0.999267
0.822 1.0283
0.824 1.0578
0.826 1.08777
0.828 1.1182
0.83 1.14908
0.832 1.1804
0.834 1.21215
0.836 1.24433
0.838 1.27692
0.84 1.30992
0.842 1.3433
0.844 1.37706
0.846 1.41119
0.848 1.44566
0.85 1.48048
0.852 1.51562
0.854 1.55106
0.856 1.5868
0.858 1.62281
0.86 1.65908
0.862 1.69559
0.864 1.73232
0.866 1.76926
0.868 1.80637
0.87 1.84366
0.872 1.88108
0.874 1.91863
0.876 1.95629
0.878 1.99402
0.88 2.03181
0.882 2.06964
0.884 2.10747
0.886 2.1453
0.888 2.1831
0.89 2.22084
0.892 2.2585
0.894 2.29605
0.896 2.33347
0.898 2.37074
0.9 2.40782
0.902 2.4447
0.904 2.48136
0.906 2.51775
0.908 2.55387
0.91 2.58968
0.912 2.62515
0.914 2.66027
0.916 2.69501
0.918 2.72934
0.92 2.76324
0.922 2.79668
0.924 2.82964
0.926 2.86209
0.928 2.89401
0.93 2.92537
0.932 2.95615
0.934 2.98633
0.936 3.01589
0.938 3.04479
0.94 3.07302
0.942 3.10056
0.944 3.12739
0.946 3.15347
0.948 3.1788
0.95 3.20335
0.952 3.22711
0.954 3.25005
0.956 3.27215
0.958 3.29341
0.96 3.31379
0.962 3.33329
0.964 3.35189
0.966 3.36957
0.968 3.38632
0.97 3.40212
0.972 3.41697
0.974 3.43084
0.976 3.44374
0.978 3.45564
0.98 3.46654
0.982 3.47643
0.984 3.4853
0.986 3.49315
0.988 3.49996
0.99 3.50574
0.992 3.51047
0.994 3.51415
0.996 3.51678
0.998 3.51836
