-1 5.0926e-14
-0.998 5.15687e-14
-0.996 5.35122e-14
-0.994 5.68023e-14
-0.992 6.15166e-14
-0.99 6.77661e-14
-0.988 7.56976e-14
-0.986 8.5497e-14
-0.984 9.73931e-14
-0.982 1.11663e-13
-0.98 1.28638e-13
-0.978 1.4871e-13
-0.976 1.7234e-13
-0.974 2.0007e-13
-0.972 2.32533e-13
-0.97 2.70463e-13
-0.968 3.14718e-13
-0.966 3.66291e-13
-0.964 4.26335e-13
-0.962 4.96183e-13
-0.96 5.77379e-13
-0.958 6.71709e-13
-0.956 7.81234e-13
-0.954 9.08337e-13
-0.952 1.05577e-12
-0.95 1.22669e-12
-0.948 1.42477e-12
-0.946 1.65421e-12
-0.944 1.91987e-12
-0.942 2.22732e-12
-0.94 2.58301e-12
-0.938 2.99432e-12
-0.936 3.46976e-12
-0.934 4.01909e-12
-0.932 4.65354e-12
-0.93 5.386e-12
-0.928 6.23127e-12
-0.926 7.20632e-12
-0.924 8.33061e-12
-0.922 9.62646e-12
-0.92 1.11194e-11
-0.918 1.28388e-11
-0.916 1.48182e-11
-0.914 1.70958e-11
-0.912 1.97157e-11
-0.91 2.27279e-11
-0.908 2.61899e-11
-0.906 3.01672e-11
-0.904 3.47346e-11
-0.902 3.99775e-11
-0.9 4.59933e-11
-0.898 5.28933e-11
-0.896 6.08041e-11
-0.894 6.98701e-11
-0.892 8.02557e-11
-0.89 9.21482e-11
-0.888 1.05761e-10
-0.886 1.21335e-10
-0.884 1.39148e-10
-0.882 1.59512e-10
-0.88 1.82783e-10
-0.878 2.09365e-10
-0.876 2.39717e-10
-0.874 2.7436e-10
-0.872 3.13883e-10
-0.87 3.58956e-10
-0.868 4.10338e-10
-0.866 4.68887e-10
-0.864 5.35576e-10
-0.862 6.11505e-10
-0.86 6.97919e-10
-0.858 7.96226e-10
-0.856 9.08017e-10
-0.854 1.03509e-09
-0.852 1.17947e-09
-0.85 1.34346e-09
-0.848 1.52963e-09
-0.846 1.74091e-09
-0.844 1.98058e-09
-0.842 2.25234e-09
-0.84 2.56037e-09
-0.838 2.90935e-09
-0.836 3.30458e-09
-0.834 3.75201e-09
-0.832 4.2583e-09
-0.83 4.83099e-09
-0.828 5.4785e-09
-0.826 6.21032e-09
-0.824 7.03707e-09
-0.822 7.9707e-09
-0.82 9.02458e-09
-0.818 1.02137e-08
-0.816 1.15549e-08
-0.814 1.3067e-08
-0.812 1.47711e-08
-0.81 1.66907e-08
-0.808 1.88523e-08
-0.806 2.12852e-08
-0.804 2.40226e-08
-0.802 2.71011e-08
-0.8 3.05619e-08
-0.798 3.44509e-08
-0.796 3.88192e-08
-0.794 4.37239e-08
-0.792 4.92286e-08
-0.79 5.54042e-08
-0.788 6.23296e-08
-0.786 7.00925e-08
-0.784 7.87908e-08
-0.782 8.85331e-08
-0.78 9.94402e-08
-0.778 1.11646e-07
-0.776 1.25301e-07
-0.774 1.40569e-07
-0.772 1.57634e-07
-0.77 1.76701e-07
-0.768 1.97994e-07
-0.766 2.21765e-07
-0.764 2.4829e-07
-0.762 2.77877e-07
-0.76 3.10865e-07
-0.758 3.4763e-07
-0.756 3.88587e-07
-0.754 4.34197e-07
-0.752 4.84966e-07
-0.75 5.41454e-07
-0.748 6.04281e-07
-0.746 6.74127e-07
-0.744 7.51746e-07
-0.742 8.37967e-07
-0.74 9.33704e-07
-0.738 1.03996e-06
-0.736 1.15785e-06
-0.734 1.28858e-06
-0.732 1.43351e-06
-0.73 1.59409e-06
-0.728 1.77196e-06
-0.726 1.96888e-06
-0.724 2.18681e-06
-0.722 2.4279e-06
-0.72 2.69448e-06
-0.718 2.98914e-06
-0.716 3.31469e-06
-0.714 3.67424e-06
-0.712 4.07115e-06
-0.71 4.50914e-06
-0.708 4.99224e-06
-0.706 5.5249e-06
-0.704 6.11195e-06
-0.702 6.75867e-06
-0.7 7.47083e-06
-0.698 8.25473e-06
-0.696 9.11723e-06
-0.694 1.00658e-05
-0.692 1.11087e-05
-0.69 1.22547e-05
-0.688 1.35135e-05
-0.686 1.48956e-05
-0.684 1.64126e-05
-0.682 1.80768e-05
-0.68 1.99017e-05
-0.678 2.19022e-05
-0.676 2.40941e-05
-0.674 2.64948e-05
-0.672 2.9123e-05
-0.67 3.19991e-05
-0.668 3.51452e-05
-0.666 3.85851e-05
-0.664 4.23449e-05
-0.662 4.64524e-05
-0.66 5.09379e-05
-0.658 5.58342e-05
-0.656 6.11768e-05
-0.654 6.70037e-05
-0.652 7.33562e-05
-0.65 8.0279e-05
-0.648 8.78199e-05
-0.646 9.60307e-05
-0.644 0.000104967
-0.642 0.000114689
-0.64 0.000125262
-0.638 0.000136755
-0.636 0.000149242
-0.634 0.000162804
-0.632 0.000177528
-0.63 0.000193506
-0.628 0.000210838
-0.626 0.00022963
-0.624 0.000249997
-0.622 0.000272062
-0.62 0.000295955
-0.618 0.000321819
-0.616 0.000349802
-0.614 0.000380067
-0.612 0.000412786
-0.61 0.000448141
-0.608 0.000486331
-0.606 0.000527563
-0.604 0.000572063
-0.602 0.000620068
-0.6 0.000671832
-0.598 0.000727627
-0.596 0.00078774
-0.594 0.000852479
-0.592 0.000922169
-0.59 0.000997158
-0.588 0.00107781
-0.586 0.00116453
-0.584 0.00125771
-0.582 0.00135781
-0.58 0.00146529
-0.578 0.00158065
-0.576 0.0017044
-0.574 0.00183711
-0.572 0.00197936
-0.57 0.00213177
-0.568 0.002295
-0.566 0.00246974
-0.564 0.00265672
-0.562 0.00285672
-0.56 0.00307054
-0.558 0.00329905
-0.556 0.00354314
-0.554 0.00380377
-0.552 0.00408195
-0.55 0.00437871
-0.548 0.00469517
-0.546 0.00503249
-0.544 0.00539188
-0.542 0.00577463
-0.54 0.00618207
-0.538 0.00661562
-0.536 0.00707674
-0.534 0.00756698
-0.532 0.00808794
-0.53 0.00864131
-0.528 0.00922885
-0.526 0.00985239
-0.524 0.0105139
-0.522 0.0112152
-0.52 0.0119586
-0.518 0.0127462
-0.516 0.0135802
-0.514 0.014463
-0.512 0.015397
-0.51 0.0163848
-0.508 0.017429
-0.506 0.0185323
-0.504 0.0196975
-0.502 0.0209277
-0.5 0.0222258
-0.498 0.023595
-0.496 0.0250385
-0.494 0.0265597
-0.492 0.028162
-0.49 0.0298491
-0.488 0.0316246
-0.486 0.0334923
-0.484 0.0354561
-0.482 0.03752
-0.48 0.0396882
-0.478 0.0419649
-0.476 0.0443545
-0.474 0.0468614
-0.472 0.0494902
-0.47 0.0522455
-0.468 0.0551322
-0.466 0.0581551
-0.464 0.0613193
-0.462 0.0646297
-0.46 0.0680916
-0.458 0.0717103
-0.456 0.0754911
-0.454 0.0794394
-0.452 0.0835608
-0.45 0.0878608
-0.448 0.0923452
-0.446 0.0970197
-0.444 0.10189
-0.442 0.106962
-0.44 0.112242
-0.438 0.117735
-0.436 0.123447
-0.434 0.129385
-0.432 0.135555
-0.43 0.141961
-0.428 0.148611
-0.426 0.155511
-0.424 0.162665
-0.422 0.170081
-0.42 0.177764
-0.418 0.185719
-0.416 0.193953
-0.414 0.202471
-0.412 0.211278
-0.41 0.22038
-0.408 0.229783
-0.406 0.239491
-0.404 0.249509
-0.402 0.259842
-0.4 0.270495
-0.398 0.281472
-0.396 0.292778
-0.394 0.304416
-0.392 0.31639
-0.39 0.328703
-0.388 0.341359
-0.386 0.35436
-0.384 0.36771
-0.382 0.38141
-0.38 0.395462
-0.378 0.409868
-0.376 0.424628
-0.374 0.439745
-0.372 0.455217
-0.37 0.471045
-0.368 0.487229
-0.366 0.503767
-0.364 0.520659
-0.362 0.537901
-0.36 0.555492
-0.358 0.573429
-0.356 0.591709
-0.354 0.610327
-0.352 0.629279
-0.35 0.64856
-0.348 0.668165
-0.346 0.688087
-0.344 0.708319
-0.342 0.728855
-0.34 0.749687
-0.338 0.770805
-0.336 0.792201
-0.334 0.813866
-0.332 0.835789
-0.33 0.857959
-0.328 0.880365
-0.326 0.902994
-0.324 0.925835
-0.322 0.948875
-0.32 0.972098
-0.318 0.995492
-0.316 1.01904
-0.314 1.04273
-0.312 1.06654
-0.31 1.09046
-0.308 1.11447
-0.306 1.13856
-0.304 1.1627
-0.302 1.18688
-0.3 1.21107
-0.298 1.23526
-0.296 1.25944
-0.294 1.28357
-0.292 1.30764
-0.29 1.33164
-0.288 1.35552
-0.286 1.37929
-0.284 1.40291
-0.282 1.42637
-0.28 1.44964
-0.278 1.47269
-0.276 1.49552
-0.274 1.51809
-0.272 1.54039
-0.27 1.56239
-0.268 1.58408
-0.266 1.60542
-0.264 1.62639
-0.262 1.64699
-0.26 1.66717
-0.258 1.68693
-0.256 1.70624
-0.254 1.72509
-0.252 1.74344
-0.25 1.76129
-0.248 1.7786
-0.246 1.79537
-0.244 1.81157
-0.242 1.82719
-0.24 1.84221
-0.238 1.85661
-0.236 1.87037
-0.234 1.88349
-0.232 1.89593
-0.23 1.9077
-0.228 1.91878
-0.226 1.92915
-0.224 1.9388
-0.222 1.94772
-0.22 1.9559
-0.218 1.96333
-0.216 1.97
-0.214 1.97591
-0.212 1.98105
-0.21 1.9854
-0.208 1.98898
-0.206 1.99177
-0.204 1.99376
-0.202 1.99497
-0.2 1.99538
-0.198 1.99499
-0.196 1.99382
-0.194 1.99185
-0.192 1.98909
-0.19 1.98555
-0.188 1.98123
-0.186 1.97614
-0.184 1.97027
-0.182 1.96365
-0.18 1.95628
-0.178 1.94816
-0.176 1.93931
-0.174 1.92974
-0.172 1.91946
-0.17 1.90848
-0.168 1.89682
-0.166 1.8845
-0.164 1.87152
-0.162 1.8579
-0.16 1.84366
-0.158 1.82882
-0.156 1.8134
-0.154 1.7974
-0.152 1.78086
-0.15 1.76379
-0.148 1.74622
-0.146 1.72816
-0.144 1.70963
-0.142 1.69066
-0.14 1.67126
-0.138 1.65147
-0.136 1.6313
-0.134 1.61078
-0.132 1.58992
-0.13 1.56876
-0.128 1.54732
-0.126 1.52561
-0.124 1.50367
-0.122 1.48152
-0.12 1.45918
-0.118 1.43668
-0.116 1.41404
-0.114 1.39128
-0.112 1.36843
-0.11 1.34551
-0.108 1.32255
-0.106 1.29957
-0.104 1.27659
-0.102 1.25364
-0.1 1.23074
-0.098 1.20791
-0.096 1.18517
-0.094 1.16255
-0.092 1.14006
-0.09 1.11774
-0.088 1.0956
-0.086 1.07365
-0.084 1.05193
-0.082 1.03045
-0.08 1.00923
-0.078 0.988292
-0.076 0.96765
-0.074 0.947325
-0.072 0.927334
-0.07 0.907694
-0.068 0.888421
-0.066 0.869533
-0.064 0.851045
-0.062 0.832971
-0.06 0.815328
-0.058 0.798129
-0.056 0.781387
-0.054 0.765117
-0.052 0.74933
-0.05 0.73404
-0.048 0.719257
-0.046 0.704993
-0.044 0.691259
-0.042 0.678065
-0.04 0.665421
-0.038 0.653336
-0.036 0.641819
-0.034 0.630879
-0.032 0.620522
-0.03 0.610756
-0.028 0.601589
-0.026 0.593026
-0.024 0.585074
-0.022 0.577738
-0.02 0.571024
-0.018 0.564935
-0.016 0.559476
-0.014 0.55465
-0.012 0.550462
-0.01 0.546913
-0.008 0.544006
-0.006 0.541743
-0.004 0.540125
-0.002 0.539154
0 0.538831
0.002 0.539154
0.004 0.540125
0.006 0.541743
0.008 0.544006
0.01 0.546913
0.012 0.550462
0.014 0.55465
0.016 0.559476
0.018 0.564935
0.02 0.571024
0.022 0.577738
0.024 0.585074
0.026 0.593026
0.028 0.601589
0.03 0.610756
0.032 0.620522
0.034 0.630879
0.036 0.641819
0.038 0.653336
0.04 0.665421
0.042 0.678065
0.044 0.691259
0.046 0.704993
0.048 0.719257
0.05 0.73404
0.052 0.74933
0.054 0.765117
0.056 0.781387
0.058 0.798129
0.06 0.815328
0.062 0.832971
0.064 0.851045
0.066 0.869533
0.068 0.888421
0.07 0.907694
0.072 0.927334
0.074 0.947325
0.076 0.96765
0.078 0.988292
0.08 1.00923
0.082 1.03045
0.084 1.05193
0.086 1.07365
0.088 1.0956
0.09 1.11774
0.092 1.14006
0.094 1.16255
0.096 1.18517
0.098 1.20791
0.1 1.23074
0.102 1.25364
0.104 1.27659
0.106 1.29957
0.108 1.32255
0.11 1.34551
0.112 1.36843
0.114 1.39128
0.116 1.41404
0.118 1.43668
0.12 1.45918
0.122 1.48152
0.124 1.50367
0.126 1.52561
0.128 1.54732
0.13 1.56876
0.132 1.58992
0.134 1.61078
0.136 1.6313
0.138 1.65147
0.14 1.67126
0.142 1.69066
0.144 1.70963
0.146 1.72816
0.148 1.74622
0.15 1.76379
0.152 1.78086
0.154 1.7974
0.156 1.8134
0.158 1.82882
0.16 1.84366
0.162 1.8579
0.164 1.87152
0.166 1.8845
0.168 1.89682
0.17 1.90848
0.172 1.91946
0.174 1.92974
0.176 1.93931
0.178 1.94816
0.18 1.95628
0.182 1.96365
0.184 1.97027
0.186 1.97614
0.188 1.98123
0.19 1.98555
0.192 1.98909
0.194 1.99185
0.196 1.99382
0.198 1.99499
0.2 1.99538
0.202 1.99497
0.204 1.99376
0.206 1.99177
0.208 1.98898
0.21 1.9854
0.212 1.98105
0.214 1.97591
0.216 1.97
0.218 1.96333
0.22 1.9559
0.222 1.94772
0.224 1.9388
0.226 1.92915
0.228 1.91878
0.23 1.9077
0.232 1.89593
0.234 1.88349
0.236 1.87037
0.238 1.85661
0.24 1.84221
0.242 1.82719
0.244 1.81157
0.246 1.79537
0.248 1.7786
0.25 1.76129
0.252 1.74344
0.254 1.72509
0.256 1.70624
0.258 1.68693
0.26 1.66717
0.262 1.64699
0.264 1.62639
0.266 1.60542
0.268 1.58408
0.27 1.56239
0.272 1.54039
0.274 1.51809
0.276 1.49552
0.278 1.47269
0.28 1.44964
0.282 1.42637
0.284 1.40291
0.286 1.37929
0.288 1.35552
0.29 1.33164
0.292 1.30764
0.294 1.28357
0.296 1.25944
0.298 1.23526
0.3 1.21107
0.302 1.18688
0.304 1.1627
0.306 1.13856
0.308 1.11447
0.31 1.09046
0.312 1.06654
0.314 1.04273
0.316 1.01904
0.318 0.995492
0.32 0.972098
0.322 0.948875
0.324 0.925835
0.326 0.902994
0.328 0.880365
0.33 0.857959
0.332 0.835789
0.334 0.813866
0.336 0.792201
0.338 0.770805
0.34 0.749687
0.342 0.728855
0.344 0.708319
0.346 0.688087
0.348 0.668165
0.35 0.64856
0.352 0.629279
0.354 0.610327
0.356 0.591709
0.358 0.573429
0.36 0.555492
0.362 0.537901
0.364 0.520659
0.366 0.503767
0.368 0.487229
0.37 0.471045
0.372 0.455217
0.374 0.439745
0.376 0.424628
0.378 0.409868
0.38 0.395462
0.382 0.38141
0.384 0.36771
0.386 0.35436
0.388 0.341359
0.39 0.328703
0.392 0.31639
0.394 0.304416
0.396 0.292778
0.398 0.281472
0.4 0.270495
0.402 0.259842
0.404 0.249509
0.406 0.239491
0.408 0.229783
0.41 0.22038
0.412 0.211278
0.414 0.202471
0.416 0.193953
0.418 0.185719
0.42 0.177764
0.422 0.170081
0.424 0.162665
0.426 0.155511
0.428 0.148611
0.43 0.141961
0.432 0.135555
0.434 0.129385
0.436 0.123447
0.438 0.117735
0.44 0.112242
0.442 0.106962
0.444 0.10189
0.446 0.0970197
0.448 0.0923452
0.45 0.0878608
0.452 0.0835608
0.454 0.0794394
0.456 0.0754911
0.458 0.0717103
0.46 0.0680916
0.462 0.0646297
0.464 0.0613193
0.466 0.0581551
0.468 0.0551322
0.47 0.0522455
0.472 0.0494902
0.474 0.0468614
0.476 0.0443545
0.478 0.0419649
0.48 0.0396882
0.482 0.03752
0.484 0.0354561
0.486 0.0334923
0.488 0.0316246
0.49 0.0298491
0.492 0.028162
0.494 0.0265597
0.496 0.0250385
0.498 0.023595
0.5 0.0222258
0.502 0.0209277
0.504 0.0196975
0.506 0.0185323
0.508 0.017429
0.51 0.0163848
0.512 0.015397
0.514 0.014463
0.516 0.0135802
0.518 0.0127462
0.52 0.0119586
0.522 0.0112152
0.524 0.0105139
0.526 0.00985239
0.528 0.00922885
0.53 0.00864131
0.532 0.00808794
0.534 0.00756698
0.536 0.00707674
0.538 0.00661562
0.54 0.00618207
0.542 0.00577463
0.544 0.00539188
0.546 0.00503249
0.548 0.00469517
0.55 0.00437871
0.552 0.00408195
0.554 0.00380377
0.556 0.00354314
0.558 0.00329905
0.56 0.00307054
0.562 0.00285672
0.564 0.00265672
0.566 0.00246974
0.568 0.002295
0.57 0.00213177
0.572 0.00197936
0.574 0.00183711
0.576 0.0017044
0.578 0.00158065
0.58 0.00146529
0.582 0.00135781
0.584 0.00125771
0.586 0.00116453
0.588 0.00107781
0.59 0.000997158
0.592 0.000922169
0.594 0.000852479
0.596 0.00078774
0.598 0.000727627
0.6 0.000671832
0.602 0.000620068
0.604 0.000572063
0.606 0.000527563
0.608 0.000486331
0.61 0.000448141
0.612 0.000412786
0.614 0.000380067
0.616 0.000349802
0.618 0.000321819
0.62 0.000295955
0.622 0.000272062
0.624 0.000249997
0.626 0.00022963
0.628 0.000210838
0.63 0.000193506
0.632 0.000177528
0.634 0.000162804
0.636 0.000149242
0.638 0.000136755
0.64 0.000125262
0.642 0.000114689
0.644 0.000104967
0.646 9.60307e-05
0.648 8.78199e-05
0.65 8.0279e-05
0.652 7.33562e-05
0.654 6.70037e-05
0.656 6.11768e-05
0.658 5.58342e-05
0.66 5.09379e-05
0.662 4.64524e-05
0.664 4.23449e-05
0.666 3.85851e-05
0.668 3.51452e-05
0.67 3.19991e-05
0.672 2.9123e-05
0.674 2.64948e-05
0.676 2.40941e-05
0.678 2.19022e-05
0.68 1.99017e-05
0.682 1.80768e-05
0.684 1.64126e-05
0.686 1.48956e-05
0.688 1.35135e-05
0.69 1.22547e-05
0.692 1.11087e-05
0.694 1.00658e-05
0.696 9.11723e-06
0.698 8.25473e-06
0.7 7.47083e-06
0.702 6.75867e-06
0.704 6.11195e-06
0.706 5.5249e-06
0.708 4.99224e-06
0.71 4.50914e-06
0.712 4.07115e-06
0.714 3.67424e-06
0.716 3.31469e-06
0.718 2.98914e-06
0.72 2.69448e-06
0.722 2.4279e-06
0.724 2.18681e-06
0.726 1.96888e-06
0.728 1.77196e-06
0.73 1.59409e-06
0.732 1.43351e-06
0.734 1.28858e-06
0.736 1.15785e-06
0.738 1.03996e-06
0.74 9.33704e-07
0.742 8.37967e-07
0.744 7.51746e-07
0.746 6.74127e-07
0.748 6.04281e-07
0.75 5.41454e-07
0.752 4.84966e-07
0.754 4.34197e-07
0.756 3.88587e-07
0.758 3.4763e-07
0.76 3.10865e-07
0.762 2.77877e-07
0.764 2.4829e-07
0.766 2.21765e-07
0.768 1.97994e-07
0.77 1.76701e-07
0.772 1.57634e-07
0.774 1.40569e-07
0.776 1.25301e-07
0.778 1.11646e-07
0.78 9.94402e-08
0.782 8.85331e-08
0.784 7.87908e-08
0.786 7.00925e-08
0.788 6.23296e-08
0.79 5.54042e-08
0.792 4.92286e-08
0.794 4.37239e-08
0.796 3.88192e-08
0.798 3.44509e-08
0.8 3.05619e-08
0.802 2.71011e-08
0.804 2.40226e-08
0.806 2.12852e-08
0.808 1.88523e-08
0.81 1.66907e-08
0.812 1.47711e-08
0.814 1.3067e-08
0.816 1.15549e-08
0.818 1.02137e-08
0.82 9.02458e-09
0.822 7.9707e-09
0.824 7.03707e-09
0.826 6.21032e-09
0.828 5.4785e-09
0.83 4.83099e-09
0.832 4.2583e-09
0.834 3.75201e-09
0.836 3.30458e-09
0.838 2.90935e-09
0.84 2.56037e-09
0.842 2.25234e-09
0.844 1.98058e-09
0.846 1.74091e-09
0.848 1.52963e-09
0.85 1.34346e-09
0.852 1.17947e-09
0.854 1.03509e-09
0.856 9.08017e-10
0.858 7.96226e-10
0.86 6.97919e-10
0.862 6.11505e-10
0.864 5.35576e-10
0.866 4.68887e-10
0.868 4.10338e-10
0.87 3.58956e-10
0.872 3.13883e-10
0.874 2.7436e-10
0.876 2.39717e-10
0.878 2.09365e-10
0.88 1.82783e-10
0.882 1.59512e-10
0.884 1.39148e-10
0.886 1.21335e-10
0.888 1.05761e-10
0.89 9.21482e-11
0.892 8.02557e-11
0.894 6.98701e-11
0.896 6.08041e-11
0.898 5.28933e-11
0.9 4.59933e-11
0.902 3.99775e-11
0.904 3.47346e-11
0.906 3.01672e-11
0.908 2.61899e-11
0.91 2.27279e-11
0.912 1.97157e-11
0.914 1.70958e-11
0.916 1.48182e-11
0.918 1.28388e-11
0.92 1.11194e-11
0.922 9.62646e-12
0.924 8.33061e-12
0.926 7.20632e-12
0.928 6.23127e-12
0.93 5.386e-12
0.932 4.65354e-12
0.934 4.01909e-12
0.936 3.46976e-12
0.938 2.99432e-12
0.94 2.58301e-12
0.942 2.22732e-12
0.944 1.91987e-12
0.946 1.65421e-12
0.948 1.42477e-12
0.95 1.22669e-12
0.952 1.05577e-12
0.954 9.08337e-13
0.956 7.81234e-13
0.958 6.71709e-13
0.96 5.77379e-13
0.962 4.96183e-13
0.964 4.26335e-13
0.966 3.66291e-13
0.968 3.14718e-13
0.97 2.70463e-13
0.972 2.32533e-13
0.974 2.0007e-13
0.976 1.7234e-13
0.978 1.4871e-13
0.98 1.28638e-13
0.982 1.11663e-13
0.984 9.73931e-14
0.986 8.5497e-14
0.988 7.56976e-14
0.99 6.77661e-14
0.992 6.15166e-14
0.994 5.68023e-14
0.996 5.35122e-14
0.998 5.15687e-14
