-1 1.49518
-0.998 1.49547
-0.996 1.49633
-0.994 1.49777
-0.992 1.49977
-0.99 1.50235
-0.988 1.50548
-0.986 1.50917
-0.984 1.51341
-0.982 1.51818
-0.98 1.52348
-0.978 1.5293
-0.976 1.53563
-0.974 1.54245
-0.972 1.54975
-0.97 1.55751
-0.968 1.56572
-0.966 1.57436
-0.964 1.58341
-0.962 1.59286
-0.96 1.60268
-0.958 1.61286
-0.956 1.62337
-0.954 1.6342
-0.952 1.64531
-0.95 1.65668
-0.948 1.6683
-0.946 1.68014
-0.944 1.69217
-0.942 1.70437
-0.94 1.71671
-0.938 1.72917
-0.936 1.74172
-0.934 1.75433
-0.932 1.76698
-0.93 1.77963
-0.928 1.79227
-0.926 1.80487
-0.924 1.81739
-0.922 1.82981
-0.92 1.84211
-0.918 1.85425
-0.916 1.86621
-0.914 1.87797
-0.912 1.88949
-0.91 1.90076
-0.908 1.91174
-0.906 1.92241
-0.904 1.93274
-0.902 1.94272
-0.9 1.95232
-0.898 1.96151
-0.896 1.97027
-0.894 1.97859
-0.892 1.98643
-0.89 1.99379
-0.888 2.00063
-0.886 2.00695
-0.884 2.01272
-0.882 2.01793
-0.88 2.02256
-0.878 2.0266
-0.876 2.03002
-0.874 2.03283
-0.872 2.035
-0.87 2.03653
-0.868 2.0374
-0.866 2.03761
-0.864 2.03715
-0.862 2.036
-0.86 2.03418
-0.858 2.03166
-0.856 2.02845
-0.854 2.02454
-0.852 2.01994
-0.85 2.01464
-0.848 2.00864
-0.846 2.00194
-0.844 1.99455
-0.842 1.98646
-0.84 1.9777
-0.838 1.96825
-0.836 1.95813
-0.834 1.94734
-0.832 1.93589
-0.83 1.92379
-0.828 1.91106
-0.826 1.8977
-0.824 1.88372
-0.822 1.86914
-0.82 1.85397
-0.818 1.83822
-0.816 1.82192
-0.814 1.80506
-0.812 1.78768
-0.81 1.76979
-0.808 1.7514
-0.806 1.73254
-0.804 1.71321
-0.802 1.69345
-0.8 1.67326
-0.798 1.65267
-0.796 1.63171
-0.794 1.61038
-0.792 1.5887
-0.79 1.56671
-0.788 1.54442
-0.786 1.52185
-0.784 1.49902
-0.782 1.47595
-0.78 1.45266
-0.778 1.42919
-0.776 1.40553
-0.774 1.38173
-0.772 1.35779
-0.77 1.33374
-0.768 1.3096
-0.766 1.28539
-0.764 1.26112
-0.762 1.23683
-0.76 1.21252
-0.758 1.18822
-0.756 1.16394
-0.754 1.13971
-0.752 1.11554
-0.75 1.09145
-0.748 1.06745
-0.746 1.04357
-0.744 1.01982
-0.742 0.996211
-0.74 0.972762
-0.738 0.949487
-0.736 0.926401
-0.734 0.903516
-0.732 0.880845
-0.73 0.858402
-0.728 0.836197
-0.726 0.814242
-0.724 0.792547
-0.722 0.771123
-0.72 0.749979
-0.718 0.729124
-0.716 0.708567
-0.714 0.688314
-0.712 0.668373
-0.71 0.648752
-0.708 0.629455
-0.706 0.610488
-0.704 0.591857
-0.702 0.573565
-0.7 0.555616
-0.698 0.538015
-0.696 0.520762
-0.694 0.503862
-0.692 0.487316
-0.69 0.471125
-0.688 0.45529
-0.686 0.439811
-0.684 0.424689
-0.682 0.409923
-0.68 0.395512
-0.678 0.381456
-0.676 0.367752
-0.674 0.354399
-0.672 0.341394
-0.67 0.328735
-0.668 0.316418
-0.666 0.304442
-0.664 0.292802
-0.662 0.281494
-0.66 0.270515
-0.658 0.25986
-0.656 0.249525
-0.654 0.239505
-0.652 0.229796
-0.65 0.220392
-0.648 0.211289
-0.646 0.202481
-0.644 0.193962
-0.642 0.185727
-0.64 0.177771
-0.638 0.170088
-0.636 0.162671
-0.634 0.155516
-0.632 0.148616
-0.63 0.141966
-0.628 0.135559
-0.626 0.129389
-0.624 0.123451
-0.622 0.117738
-0.62 0.112244
-0.618 0.106964
-0.616 0.101892
-0.614 0.0970217
-0.612 0.092347
-0.61 0.0878624
-0.608 0.0835622
-0.606 0.0794407
-0.604 0.0754922
-0.602 0.0717113
-0.6 0.0680926
-0.598 0.0646305
-0.596 0.06132
-0.594 0.0581558
-0.592 0.0551328
-0.59 0.0522461
-0.588 0.0494907
-0.586 0.0468618
-0.584 0.0443549
-0.582 0.0419653
-0.58 0.0396885
-0.578 0.0375203
-0.576 0.0354563
-0.574 0.0334925
-0.572 0.0316248
-0.57 0.0298493
-0.568 0.0281622
-0.566 0.0265598
-0.564 0.0250386
-0.562 0.0235951
-0.56 0.0222259
-0.558 0.0209278
-0.556 0.0196976
-0.554 0.0185323
-0.552 0.017429
-0.55 0.0163849
-0.548 0.0153971
-0.546 0.014463
-0.544 0.0135802
-0.542 0.0127462
-0.54 0.0119587
-0.538 0.0112153
-0.536 0.0105139
-0.534 0.0098524
-0.532 0.00922886
-0.53 0.00864132
-0.528 0.00808795
-0.526 0.00756699
-0.524 0.00707675
-0.522 0.00661563
-0.52 0.00618208
-0.518 0.00577463
-0.516 0.00539188
-0.514 0.00503249
-0.512 0.00469517
-0.51 0.00437871
-0.508 0.00408195
-0.506 0.00380377
-0.504 0.00354314
-0.502 0.00329905
-0.5 0.00307054
-0.498 0.00285672
-0.496 0.00265672
-0.494 0.00246974
-0.492 0.002295
-0.49 0.00213177
-0.488 0.00197936
-0.486 0.00183711
-0.484 0.0017044
-0.482 0.00158064
-0.48 0.00146529
-0.478 0.00135781
-0.476 0.00125771
-0.474 0.00116452
-0.472 0.00107781
-0.47 0.000997155
-0.468 0.000922167
-0.466 0.000852477
-0.464 0.000787738
-0.462 0.000727625
-0.46 0.00067183
-0.458 0.000620065
-0.456 0.000572061
-0.454 0.000527561
-0.452 0.000486329
-0.45 0.000448139
-0.448 0.000412784
-0.446 0.000380066
-0.444 0.000349801
-0.442 0.000321817
-0.44 0.000295954
-0.438 0.00027206
-0.436 0.000249995
-0.434 0.000229628
-0.432 0.000210836
-0.43 0.000193505
-0.428 0.000177527
-0.426 0.000162803
-0.424 0.000149241
-0.422 0.000136754
-0.42 0.000125261
-0.418 0.000114689
-0.416 0.000104966
-0.414 9.60299e-05
-0.412 8.78192e-05
-0.41 8.02783e-05
-0.408 7.33556e-05
-0.406 6.70031e-05
-0.404 6.11762e-05
-0.402 5.58337e-05
-0.4 5.09374e-05
-0.398 4.64519e-05
-0.396 4.23444e-05
-0.394 3.85847e-05
-0.392 3.51448e-05
-0.39 3.19987e-05
-0.388 2.91226e-05
-0.386 2.64945e-05
-0.384 2.40938e-05
-0.382 2.19019e-05
-0.38 1.99015e-05
-0.378 1.80765e-05
-0.376 1.64123e-05
-0.374 1.48954e-05
-0.372 1.35133e-05
-0.37 1.22545e-05
-0.368 1.11085e-05
-0.366 1.00657e-05
-0.364 9.11709e-06
-0.362 8.2546e-06
-0.36 7.47071e-06
-0.358 6.75856e-06
-0.356 6.11185e-06
-0.354 5.52481e-06
-0.352 4.99216e-06
-0.35 4.50905e-06
-0.348 4.07107e-06
-0.346 3.67417e-06
-0.344 3.31463e-06
-0.342 2.98908e-06
-0.34 2.69442e-06
-0.338 2.42784e-06
-0.336 2.18676e-06
-0.334 1.96884e-06
-0.332 1.77192e-06
-0.33 1.59406e-06
-0.328 1.43347e-06
-0.326 1.28855e-06
-0.324 1.15782e-06
-0.322 1.03994e-06
-0.32 9.3368e-07
-0.318 8.37945e-07
-0.316 7.51726e-07
-0.314 6.74109e-07
-0.312 6.04264e-07
-0.31 5.41439e-07
-0.308 4.84952e-07
-0.306 4.34184e-07
-0.304 3.88575e-07
-0.302 3.47619e-07
-0.3 3.10855e-07
-0.298 2.77868e-07
-0.296 2.48282e-07
-0.294 2.21757e-07
-0.292 1.97987e-07
-0.29 1.76694e-07
-0.288 1.57628e-07
-0.286 1.40564e-07
-0.284 1.25296e-07
-0.282 1.11642e-07
-0.28 9.94363e-08
-0.278 8.85295e-08
-0.276 7.87876e-08
-0.274 7.00896e-08
-0.272 6.23269e-08
-0.27 5.54018e-08
-0.268 4.92265e-08
-0.266 4.37219e-08
-0.264 3.88174e-08
-0.262 3.44493e-08
-0.26 3.05605e-08
-0.258 2.70998e-08
-0.256 2.40214e-08
-0.254 2.12842e-08
-0.252 1.88513e-08
-0.25 1.66899e-08
-0.248 1.47703e-08
-0.246 1.30663e-08
-0.244 1.15543e-08
-0.242 1.02132e-08
-0.24 9.02407e-09
-0.238 7.97024e-09
-0.236 7.03665e-09
-0.234 6.20994e-09
-0.232 5.47816e-09
-0.23 4.83069e-09
-0.228 4.25803e-09
-0.226 3.75176e-09
-0.224 3.30437e-09
-0.222 2.90916e-09
-0.22 2.56019e-09
-0.218 2.25219e-09
-0.216 1.98044e-09
-0.214 1.74079e-09
-0.212 1.52952e-09
-0.21 1.34336e-09
-0.208 1.17939e-09
-0.206 1.03501e-09
-0.204 9.07946e-10
-0.202 7.96163e-10
-0.2 6.97863e-10
-0.198 6.11456e-10
-0.196 5.35532e-10
-0.194 4.68849e-10
-0.192 4.10305e-10
-0.19 3.58925e-10
-0.188 3.13858e-10
-0.186 2.74338e-10
-0.184 2.39699e-10
-0.182 2.0935e-10
-0.18 1.82766e-10
-0.178 1.59496e-10
-0.176 1.39143e-10
-0.174 1.21325e-10
-0.172 1.05755e-10
-0.17 9.21391e-11
-0.168 8.02522e-11
-0.166 6.98631e-11
-0.164 6.08001e-11
-0.162 5.28864e-11
-0.16 4.59912e-11
-0.158 3.99774e-11
-0.156 3.4728e-11
-0.154 3.01663e-11
-0.152 2.6185e-11
-0.15 2.27304e-11
-0.148 1.97131e-11
-0.146 1.70945e-11
-0.144 1.48177e-11
-0.142 1.28417e-11
-0.14 1.11199e-11
-0.138 9.63025e-12
-0.136 8.33194e-12
-0.134 7.20634e-12
-0.132 6.23393e-12
-0.13 5.38591e-12
-0.128 4.65757e-12
-0.126 4.0213e-12
-0.124 3.46854e-12
-0.122 2.99654e-12
-0.12 2.58322e-12
-0.118 2.23054e-12
-0.116 1.92013e-12
-0.114 1.65897e-12
-0.112 1.42674e-12
-0.11 1.23026e-12
-0.108 1.0575e-12
-0.106 9.10035e-13
-0.104 7.81813e-13
-0.102 6.72275e-13
-0.1 5.77579e-13
-0.098 4.95791e-13
-0.096 4.29069e-13
-0.094 3.66488e-13
-0.092 3.14732e-13
-0.09 2.7086e-13
-0.088 2.34219e-13
-0.086 2.00734e-13
-0.084 1.68982e-13
-0.082 1.42946e-13
-0.08 1.25757e-13
-0.078 1.10766e-13
-0.076 9.03936e-14
-0.074 7.62766e-14
-0.072 6.88e-14
-0.07 5.53239e-14
-0.068 4.86417e-14
-0.066 4.22037e-14
-0.064 3.63999e-14
-0.062 2.9069e-14
-0.06 2.59073e-14
-0.058 2.413e-14
-0.056 2.18424e-14
-0.054 1.51728e-14
-0.052 1.76968e-14
-0.05 1.08932e-14
-0.048 1.43827e-14
-0.046 7.28495e-15
-0.044 7.94042e-15
-0.042 8.62321e-15
-0.04 7.49409e-15
-0.038 8.05125e-15
-0.036 5.07802e-15
-0.034 4.89205e-15
-0.032 4.68827e-15
-0.03 3.69925e-15
-0.028 1.97754e-15
-0.026 3.21963e-15
-0.024 3.30345e-15
-0.022 1.39261e-15
-0.02 8.57801e-16
-0.018 2.15042e-15
-0.016 2.28138e-15
-0.014 4.86022e-15
-0.012 -1.98223e-15
-0.01 2.08777e-15
-0.008 -1.33661e-15
-0.006 1.39954e-15
-0.004 -7.75797e-16
-0.002 -9.50429e-16
0 3.79743e-15
0.002 2.32757e-15
0.004 5.96907e-16
0.006 1.45846e-15
0.008 -8.59e-16
0.01 4.66896e-15
0.012 1.643e-15
0.014 3.00428e-15
0.016 -2.78015e-16
0.018 5.94038e-15
0.02 -9.35511e-17
0.022 4.26211e-15
0.024 8.16732e-16
0.026 1.75397e-15
0.028 4.5508e-15
0.03 1.43533e-15
0.032 2.75493e-15
0.034 3.69449e-15
0.036 4.08707e-15
0.038 5.20974e-15
0.04 6.23779e-15
0.042 4.2985e-15
0.044 6.18121e-15
0.046 9.36726e-15
0.048 1.0704e-14
0.05 9.63744e-15
0.052 1.16079e-14
0.054 1.70703e-14
0.056 2.11495e-14
0.058 1.84658e-14
0.06 2.83036e-14
0.062 2.81223e-14
0.064 3.52417e-14
0.066 4.21695e-14
0.068 4.73768e-14
0.07 5.39845e-14
0.072 6.79643e-14
0.074 7.69618e-14
0.076 8.6737e-14
0.078 1.08343e-13
0.08 1.23239e-13
0.082 1.42165e-13
0.084 1.64441e-13
0.086 1.96732e-13
0.088 2.29652e-13
0.09 2.71197e-13
0.092 3.13636e-13
0.094 3.64827e-13
0.096 4.21591e-13
0.098 4.96565e-13
0.1 5.7804e-13
0.102 6.68775e-13
0.104 7.81779e-13
0.106 9.04297e-13
0.108 1.05511e-12
0.11 1.22758e-12
0.112 1.42383e-12
0.114 1.65412e-12
0.116 1.92042e-12
0.118 2.22851e-12
0.12 2.5824e-12
0.122 2.99053e-12
0.124 3.47037e-12
0.126 4.01626e-12
0.128 4.65196e-12
0.13 5.38284e-12
0.132 6.22802e-12
0.134 7.20605e-12
0.136 8.32996e-12
0.138 9.62416e-12
0.14 1.11175e-11
0.142 1.28368e-11
0.144 1.48156e-11
0.146 1.70933e-11
0.148 1.97075e-11
0.15 2.27239e-11
0.152 2.61861e-11
0.154 3.01638e-11
0.156 3.47294e-11
0.158 3.99753e-11
0.16 4.59849e-11
0.162 5.28854e-11
0.164 6.07976e-11
0.166 6.98592e-11
0.168 8.02444e-11
0.17 9.21368e-11
0.172 1.0575e-10
0.174 1.21324e-10
0.176 1.39132e-10
0.178 1.59498e-10
0.18 1.82764e-10
0.182 2.09344e-10
0.184 2.39693e-10
0.186 2.74333e-10
0.188 3.13853e-10
0.19 3.58924e-10
0.192 4.10301e-10
0.194 4.68846e-10
0.196 5.3553e-10
0.198 6.11455e-10
0.2 6.97861e-10
0.202 7.96162e-10
0.204 9.07944e-10
0.206 1.03501e-09
0.208 1.17938e-09
0.21 1.34336e-09
0.212 1.52952e-09
0.214 1.74078e-09
0.216 1.98044e-09
0.218 2.25218e-09
0.22 2.56019e-09
0.222 2.90915e-09
0.224 3.30437e-09
0.226 3.75176e-09
0.228 4.25803e-09
0.23 4.83068e-09
0.232 5.47816e-09
0.234 6.20994e-09
0.236 7.03665e-09
0.238 7.97023e-09
0.24 9.02407e-09
0.242 1.02132e-08
0.244 1.15543e-08
0.246 1.30663e-08
0.248 1.47703e-08
0.25 1.66899e-08
0.252 1.88513e-08
0.254 2.12842e-08
0.256 2.40214e-08
0.258 2.70998e-08
0.26 3.05605e-08
0.262 3.44493e-08
0.264 3.88174e-08
0.266 4.37219e-08
0.268 4.92265e-08
0.27 5.54018e-08
0.272 6.23269e-08
0.274 7.00896e-08
0.276 7.87876e-08
0.278 8.85295e-08
0.28 9.94363e-08
0.282 1.11642e-07
0.284 1.25296e-07
0.286 1.40564e-07
0.288 1.57628e-07
0.29 1.76694e-07
0.292 1.97987e-07
0.294 2.21757e-07
0.296 2.48282e-07
0.298 2.77868e-07
0.3 3.10855e-07
0.302 3.47619e-07
0.304 3.88575e-07
0.306 4.34184e-07
0.308 4.84952e-07
0.31 5.41439e-07
0.312 6.04264e-07
0.314 6.74109e-07
0.316 7.51726e-07
0.318 8.37945e-07
0.32 9.3368e-07
0.322 1.03994e-06
0.324 1.15782e-06
0.326 1.28855e-06
0.328 1.43347e-06
0.33 1.59406e-06
0.332 1.77192e-06
0.334 1.96884e-06
0.336 2.18676e-06
0.338 2.42784e-06
0.34 2.69442e-06
0.342 2.98908e-06
0.344 3.31463e-06
0.346 3.67417e-06
0.348 4.07107e-06
0.35 4.50905e-06
0.352 4.99216e-06
0.354 5.52481e-06
0.356 6.11185e-06
0.358 6.75856e-06
0.36 7.47071e-06
0.362 8.2546e-06
0.364 9.11709e-06
0.366 1.00657e-05
0.368 1.11085e-05
0.37 1.22545e-05
0.372 1.35133e-05
0.374 1.48954e-05
0.376 1.64123e-05
0.378 1.80765e-05
0.38 1.99015e-05
0.382 2.19019e-05
0.384 2.40938e-05
0.386 2.64945e-05
0.388 2.91226e-05
0.39 3.19987e-05
0.392 3.51448e-05
0.394 3.85847e-05
0.396 4.23444e-05
0.398 4.64519e-05
0.4 5.09374e-05
0.402 5.58337e-05
0.404 6.11762e-05
0.406 6.70031e-05
0.408 7.33556e-05
0.41 8.02783e-05
0.412 8.78192e-05
0.414 9.60299e-05
0.416 0.000104966
0.418 0.000114689
0.42 0.000125261
0.422 0.000136754
0.424 0.000149241
0.426 0.000162803
0.428 0.000177527
0.43 0.000193505
0.432 0.000210836
0.434 0.000229628
0.436 0.000249995
0.438 0.00027206
0.44 0.000295954
0.442 0.000321817
0.444 0.000349801
0.446 0.000380066
0.448 0.000412784
0.45 0.000448139
0.452 0.000486329
0.454 0.000527561
0.456 0.000572061
0.458 0.000620065
0.46 0.00067183
0.462 0.000727625
0.464 0.000787738
0.466 0.000852477
0.468 0.000922167
0.47 0.000997155
0.472 0.00107781
0.474 0.00116452
0.476 0.00125771
0.478 0.00135781
0.48 0.00146529
0.482 0.00158064
0.484 0.0017044
0.486 0.00183711
0.488 0.00197936
0.49 0.00213177
0.492 0.002295
0.494 0.00246974
0.496 0.00265672
0.498 0.00285672
0.5 0.00307054
0.502 0.00329905
0.504 0.00354314
0.506 0.00380377
0.508 0.00408195
0.51 0.00437871
0.512 0.00469517
0.514 0.00503249
0.516 0.00539188
0.518 0.00577463
0.52 0.00618208
0.522 0.00661563
0.524 0.00707675
0.526 0.00756699
0.528 0.00808795
0.53 0.00864132
0.532 0.00922886
0.534 0.0098524
0.536 0.0105139
0.538 0.0112153
0.54 0.0119587
0.542 0.0127462
0.544 0.0135802
0.546 0.014463
0.548 0.0153971
0.55 0.0163849
0.552 0.017429
0.554 0.0185323
0.556 0.0196976
0.558 0.0209278
0.56 0.0222259
0.562 0.0235951
0.564 0.0250386
0.566 0.0265598
0.568 0.0281622
0.57 0.0298493
0.572 0.0316248
0.574 0.0334925
0.576 0.0354563
0.578 0.0375203
0.58 0.0396885
0.582 0.0419653
0.584 0.0443549
0.586 0.0468618
0.588 0.0494907
0.59 0.0522461
0.592 0.0551328
0.594 0.0581558
0.596 0.06132
0.598 0.0646305
0.6 0.0680926
0.602 0.0717113
0.604 0.0754922
0.606 0.0794407
0.608 0.0835622
0.61 0.0878624
0.612 0.092347
0.614 0.0970217
0.616 0.101892
0.618 0.106964
0.62 0.112244
0.622 0.117738
0.624 0.123451
0.626 0.129389
0.628 0.135559
0.63 0.141966
0.632 0.148616
0.634 0.155516
0.636 0.162671
0.638 0.170088
0.64 0.177771
0.642 0.185727
0.644 0.193962
0.646 0.202481
0.648 0.211289
0.65 0.220392
0.652 0.229796
0.654 0.239505
0.656 0.249525
0.658 0.25986
0.66 0.270515
0.662 0.281494
0.664 0.292802
0.666 0.304442
0.668 0.316418
0.67 0.328735
0.672 0.341394
0.674 0.354399
0.676 0.367752
0.678 0.381456
0.68 0.395512
0.682 0.409923
0.684 0.424689
0.686 0.439811
0.688 0.45529
0.69 0.471125
0.692 0.487316
0.694 0.503862
0.696 0.520762
0.698 0.538015
0.7 0.555616
0.702 0.573565
0.704 0.591857
0.706 0.610488
0.708 0.629455
0.71 0.648752
0.712 0.668373
0.714 0.688314
0.716 0.708567
0.718 0.729124
0.72 0.749979
0.722 0.771123
0.724 0.792547
0.726 0.814242
0.728 0.836197
0.73 0.858402
0.732 0.880845
0.734 0.903516
0.736 0.926401
0.738 0.949487
0.74 0.972762
0.742 0.996211
0.744 1.01982
0.746 1.04357
0.748 1.06745
0.75 1.09145
0.752 1.11554
0.754 1.13971
0.756 1.16394
0.758 1.18822
0.76 1.21252
0.762 1.23683
0.764 1.26112
0.766 1.28539
0.768 1.3096
0.77 1.33374
0.772 1.35779
0.774 1.38173
0.776 1.40553
0.778 1.42919
0.78 1.45266
0.782 1.47595
0.784 1.49902
0.786 1.52185
0.788 1.54442
0.79 1.56671
0.792 1.5887
0.794 1.61038
0.796 1.63171
0.798 1.65267
0.8 1.67326
0.802 1.69345
0.804 1.71321
0.806 1.73254
0.808 1.7514
0.81 1.76979
0.812 1.78768
0.814 1.80506
0.816 1.82192
0.818 1.83822
0.82 1.85397
0.822 1.86914
0.824 1.88372
0.826 1.8977
0.828 1.91106
0.83 1.92379
0.832 1.93589
0.834 1.94734
0.836 1.95813
0.838 1.96825
0.84 1.9777
0.842 1.98646
0.844 1.99455
0.846 2.00194
0.848 2.00864
0.85 2.01464
0.852 2.01994
0.854 2.02454
0.856 2.02845
0.858 2.03166
0.86 2.03418
0.862 2.036
0.864 2.03715
0.866 2.03761
0.868 2.0374
0.87 2.03653
0.872 2.035
0.874 2.03283
0.876 2.03002
0.878 2.0266
0.88 2.02256
0.882 2.01793
0.884 2.01272
0.886 2.00695
0.888 2.00063
0.89 1.99379
0.892 1.98643
0.894 1.97859
0.896 1.97027
0.898 1.96151
0.9 1.95232
0.902 1.94272
0.904 1.93274
0.906 1.92241
0.908 1.91174
0.91 1.90076
0.912 1.88949
0.914 1.87797
0.916 1.86621
0.918 1.85425
0.92 1.84211
0.922 1.82981
0.924 1.81739
0.926 1.80487
0.928 1.79227
0.93 1.77963
0.932 1.76698
0.934 1.75433
0.936 1.74172
0.938 1.72917
0.94 1.71671
0.942 1.70437
0.944 1.69217
0.946 1.68014
0.948 1.6683
0.95 1.65668
0.952 1.64531
0.954 1.6342
0.956 1.62337
0.958 1.61286
0.96 1.60268
0.962 1.59286
0.964 1.58341
0.966 1.57436
0.968 1.56572
0.97 1.55751
0.972 1.54975
0.974 1.54245
0.976 1.53563
0.978 1.5293
0.98 1.52348
0.982 1.51818
0.984 1.51341
0.986 1.50917
0.988 1.50548
0.99 1.50235
0.992 1.49977
0.994 1.49777
0.996 1.49633
0.998 1.49547
