-1 0.132991
-0.99 0.1336
-0.98 0.133088
-0.97 0.134405
-0.96 0.133996
-0.95 0.134552
-0.94 0.138286
-0.93 0.143449
-0.92 0.148845
-0.91 0.154336
-0.9 0.159958
-0.89 0.16572
-0.88 0.171621
-0.87 0.177663
-0.86 0.183844
-0.85 0.190165
-0.84 0.196626
-0.83 0.203226
-0.82 0.209964
-0.81 0.21684
-0.8 0.223853
-0.79 0.231001
-0.78 0.238283
-0.77 0.245697
-0.76 0.253242
-0.75 0.260916
-0.74 0.268715
-0.73 0.276639
-0.72 0.284683
-0.71 0.292846
-0.7 0.301123
-0.69 0.309512
-0.68 0.318009
-0.67 0.32661
-0.66 0.335311
-0.65 0.344108
-0.64 0.352996
-0.63 0.36197
-0.62 0.371026
-0.61 0.380158
-0.6 0.389361
-0.59 0.398629
-0.58 0.407956
-0.57 0.417336
-0.56 0.426763
-0.55 0.436231
-0.54 0.445733
-0.53 0.455261
-0.52 0.464809
-0.51 0.47437
-0.5 0.483936
-0.49 0.4935
-0.48 0.503054
-0.47 0.51259
-0.46 0.5221
-0.45 0.531577
-0.44 0.541012
-0.43 0.550397
-0.42 0.559723
-0.41 0.568982
-0.4 0.578165
-0.39 0.587265
-0.38 0.596272
-0.37 0.605178
-0.36 0.613974
-0.35 0.622651
-0.34 0.631202
-0.33 0.639617
-0.32 0.647889
-0.31 0.656007
-0.3 0.663965
-0.29 0.671754
-0.28 0.679366
-0.27 0.686792
-0.26 0.694025
-0.25 0.701057
-0.24 0.70788
-0.23 0.714487
-0.22 0.720871
-0.21 0.727025
-0.2 0.732941
-0.19 0.738613
-0.18 0.744035
-0.17 0.7492
-0.16 0.754103
-0.15 0.758738
-0.14 0.7631
-0.13 0.767184
-0.12 0.770984
-0.11 0.774497
-0.1 0.777719
-0.09 0.780645
-0.08 0.783273
-0.07 0.785599
-0.06 0.78762
-0.05 0.789335
-0.04 0.79074
-0.03 0.791835
-0.02 0.792618
-0.01 0.793088
0 0.793245
0.01 0.793088
0.02 0.792618
0.03 0.791835
0.04 0.79074
0.05 0.789335
0.06 0.78762
0.07 0.785599
0.08 0.783273
0.09 0.780645
0.1 0.777719
0.11 0.774497
0.12 0.770984
0.13 0.767184
0.14 0.7631
0.15 0.758738
0.16 0.754103
0.17 0.7492
0.18 0.744035
0.19 0.738613
0.2 0.732941
0.21 0.727025
0.22 0.720871
0.23 0.714487
0.24 0.70788
0.25 0.701057
0.26 0.694025
0.27 0.686792
0.28 0.679366
0.29 0.671754
0.3 0.663965
0.31 0.656007
0.32 0.647889
0.33 0.639617
0.34 0.631202
0.35 0.622651
0.36 0.613974
0.37 0.605178
0.38 0.596272
0.39 0.587265
0.4 0.578165
0.41 0.568982
0.42 0.559723
0.43 0.550397
0.44 0.541012
0.45 0.531577
0.46 0.5221
0.47 0.51259
0.48 0.503054
0.49 0.4935
0.5 0.483936
0.51 0.47437
0.52 0.464809
0.53 0.455261
0.54 0.445733
0.55 0.436231
0.56 0.426763
0.57 0.417336
0.58 0.407956
0.59 0.398629
0.6 0.389361
0.61 0.380158
0.62 0.371026
0.63 0.36197
0.64 0.352996
0.65 0.344108
0.66 0.335311
0.67 0.32661
0.68 0.318009
0.69 0.309512
0.7 0.301123
0.71 0.292846
0.72 0.284683
0.73 0.276639
0.74 0.268715
0.75 0.260916
0.76 0.253242
0.77 0.245697
0.78 0.238283
0.79 0.231001
0.8 0.223853
0.81 0.21684
0.82 0.209964
0.83 0.203226
0.84 0.196626
0.85 0.190165
0.86 0.183844
0.87 0.177663
0.88 0.171621
0.89 0.16572
0.9 0.159958
0.91 0.154336
0.92 0.148845
0.93 0.143449
0.94 0.138286
0.95 0.134552
0.96 0.133996
0.97 0.134405
0.98 0.133088
0.99 0.1336
