-1 0.438913
-0.998 0.439213
-0.996 0.440112
-0.994 0.441609
-0.992 0.443705
-0.99 0.446398
-0.988 0.449687
-0.986 0.45357
-0.984 0.458046
-0.982 0.463112
-0.98 0.468766
-0.978 0.475005
-0.976 0.481826
-0.974 0.489225
-0.972 0.497199
-0.97 0.505745
-0.968 0.514857
-0.966 0.52453
-0.964 0.53476
-0.962 0.545542
-0.96 0.556869
-0.958 0.568735
-0.956 0.581134
-0.954 0.594059
-0.952 0.607502
-0.95 0.621456
-0.948 0.635912
-0.946 0.650862
-0.944 0.666296
-0.942 0.682206
-0.94 0.698581
-0.938 0.715411
-0.936 0.732685
-0.934 0.750392
-0.932 0.76852
-0.93 0.787056
-0.928 0.805989
-0.926 0.825304
-0.924 0.844988
-0.922 0.865027
-0.92 0.885406
-0.918 0.90611
-0.916 0.927124
-0.914 0.948431
-0.912 0.970015
-0.91 0.991858
-0.908 1.01394
-0.906 1.03625
-0.904 1.05877
-0.902 1.08147
-0.9 1.10435
-0.898 1.12737
-0.896 1.15052
-0.894 1.17377
-0.892 1.19712
-0.89 1.22053
-0.888 1.24398
-0.886 1.26746
-0.884 1.29094
-0.882 1.3144
-0.88 1.33781
-0.878 1.36116
-0.876 1.38442
-0.874 1.40757
-0.872 1.43058
-0.87 1.45344
-0.868 1.47611
-0.866 1.49858
-0.864 1.52082
-0.862 1.54281
-0.86 1.56452
-0.858 1.58594
-0.856 1.60704
-0.854 1.62779
-0.852 1.64817
-0.85 1.66817
-0.848 1.68776
-0.846 1.70691
-0.844 1.72561
-0.842 1.74383
-0.84 1.76156
-0.838 1.77877
-0.836 1.79545
-0.834 1.81157
-0.832 1.82711
-0.83 1.84207
-0.828 1.85641
-0.826 1.87013
-0.824 1.8832
-0.822 1.89561
-0.82 1.90736
-0.818 1.91841
-0.816 1.92876
-0.814 1.9384
-0.812 1.94731
-0.81 1.95549
-0.808 1.96292
-0.806 1.96959
-0.804 1.9755
-0.802 1.98064
-0.8 1.98501
-0.798 1.98859
-0.796 1.99138
-0.794 1.99338
-0.792 1.99459
-0.79 1.995
-0.788 1.99462
-0.786 1.99344
-0.784 1.99147
-0.782 1.98871
-0.78 1.98515
-0.778 1.98081
-0.776 1.9757
-0.774 1.9698
-0.772 1.96315
-0.77 1.95573
-0.768 1.94756
-0.766 1.93865
-0.764 1.92901
-0.762 1.91865
-0.76 1.90759
-0.758 1.89583
-0.756 1.88339
-0.754 1.87029
-0.752 1.85653
-0.75 1.84214
-0.748 1.82713
-0.746 1.81151
-0.744 1.79531
-0.742 1.77855
-0.74 1.76124
-0.738 1.7434
-0.736 1.72505
-0.734 1.70621
-0.732 1.6869
-0.73 1.66714
-0.728 1.64696
-0.726 1.62637
-0.724 1.60539
-0.722 1.58405
-0.72 1.56237
-0.718 1.54038
-0.716 1.51808
-0.714 1.49551
-0.712 1.47268
-0.71 1.44962
-0.708 1.42636
-0.706 1.4029
-0.704 1.37928
-0.702 1.35552
-0.7 1.33163
-0.698 1.30764
-0.696 1.28357
-0.694 1.25943
-0.692 1.23526
-0.69 1.21107
-0.688 1.18687
-0.686 1.1627
-0.684 1.13856
-0.682 1.11447
-0.68 1.09046
-0.678 1.06654
-0.676 1.04273
-0.674 1.01904
-0.672 0.99549
-0.67 0.972096
-0.668 0.948873
-0.666 0.925834
-0.664 0.902993
-0.662 0.880363
-0.66 0.857958
-0.658 0.835788
-0.656 0.813865
-0.654 0.792201
-0.652 0.770804
-0.65 0.749686
-0.648 0.728855
-0.646 0.708319
-0.644 0.688086
-0.642 0.668165
-0.64 0.64856
-0.638 0.629279
-0.636 0.610327
-0.634 0.591709
-0.632 0.573429
-0.63 0.555492
-0.628 0.537901
-0.626 0.520659
-0.624 0.503767
-0.622 0.487229
-0.62 0.471045
-0.618 0.455217
-0.616 0.439745
-0.614 0.424628
-0.612 0.409868
-0.61 0.395462
-0.608 0.38141
-0.606 0.36771
-0.604 0.35436
-0.602 0.341359
-0.6 0.328703
-0.598 0.31639
-0.596 0.304416
-0.594 0.292778
-0.592 0.281472
-0.59 0.270495
-0.588 0.259842
-0.586 0.249509
-0.584 0.239491
-0.582 0.229783
-0.58 0.22038
-0.578 0.211278
-0.576 0.202471
-0.574 0.193953
-0.572 0.185719
-0.57 0.177764
-0.568 0.170081
-0.566 0.162665
-0.564 0.155511
-0.562 0.148611
-0.56 0.141961
-0.558 0.135555
-0.556 0.129385
-0.554 0.123447
-0.552 0.117735
-0.55 0.112242
-0.548 0.106962
-0.546 0.10189
-0.544 0.0970197
-0.542 0.0923453
-0.54 0.0878609
-0.538 0.0835608
-0.536 0.0794394
-0.534 0.0754911
-0.532 0.0717103
-0.53 0.0680916
-0.528 0.0646297
-0.526 0.0613193
-0.524 0.0581551
-0.522 0.0551322
-0.52 0.0522455
-0.518 0.0494902
-0.516 0.0468614
-0.514 0.0443545
-0.512 0.0419649
-0.51 0.0396882
-0.508 0.03752
-0.506 0.0354561
-0.504 0.0334923
-0.502 0.0316246
-0.5 0.0298491
-0.498 0.028162
-0.496 0.0265597
-0.494 0.0250385
-0.492 0.023595
-0.49 0.0222258
-0.488 0.0209277
-0.486 0.0196975
-0.484 0.0185323
-0.482 0.017429
-0.48 0.0163848
-0.478 0.015397
-0.476 0.014463
-0.474 0.0135802
-0.472 0.0127462
-0.47 0.0119586
-0.468 0.0112152
-0.466 0.0105139
-0.464 0.00985238
-0.462 0.00922884
-0.46 0.0086413
-0.458 0.00808793
-0.456 0.00756697
-0.454 0.00707674
-0.452 0.00661562
-0.45 0.00618207
-0.448 0.00577462
-0.446 0.00539187
-0.444 0.00503248
-0.442 0.00469516
-0.44 0.0043787
-0.438 0.00408194
-0.436 0.00380377
-0.434 0.00354314
-0.432 0.00329904
-0.43 0.00307054
-0.428 0.00285671
-0.426 0.00265672
-0.424 0.00246974
-0.422 0.002295
-0.42 0.00213177
-0.418 0.00197936
-0.416 0.00183711
-0.414 0.0017044
-0.412 0.00158064
-0.41 0.00146529
-0.408 0.00135781
-0.406 0.00125771
-0.404 0.00116452
-0.402 0.00107781
-0.4 0.000997154
-0.398 0.000922166
-0.396 0.000852476
-0.394 0.000787738
-0.392 0.000727624
-0.39 0.00067183
-0.388 0.000620065
-0.386 0.00057206
-0.384 0.000527561
-0.382 0.000486328
-0.38 0.000448139
-0.378 0.000412784
-0.376 0.000380065
-0.374 0.000349801
-0.372 0.000321817
-0.37 0.000295954
-0.368 0.00027206
-0.366 0.000249995
-0.364 0.000229628
-0.362 0.000210836
-0.36 0.000193505
-0.358 0.000177527
-0.356 0.000162803
-0.354 0.000149241
-0.352 0.000136754
-0.35 0.000125261
-0.348 0.000114689
-0.346 0.000104966
-0.344 9.60299e-05
-0.342 8.78191e-05
-0.34 8.02782e-05
-0.338 7.33556e-05
-0.336 6.7003e-05
-0.334 6.11762e-05
-0.332 5.58337e-05
-0.33 5.09374e-05
-0.328 4.64519e-05
-0.326 4.23444e-05
-0.324 3.85847e-05
-0.322 3.51448e-05
-0.32 3.19987e-05
-0.318 2.91226e-05
-0.316 2.64944e-05
-0.314 2.40938e-05
-0.312 2.19019e-05
-0.31 1.99015e-05
-0.308 1.80765e-05
-0.306 1.64123e-05
-0.304 1.48954e-05
-0.302 1.35133e-05
-0.3 1.22545e-05
-0.298 1.11085e-05
-0.296 1.00657e-05
-0.294 9.11708e-06
-0.292 8.25459e-06
-0.29 7.4707e-06
-0.288 6.75855e-06
-0.286 6.11184e-06
-0.284 5.5248e-06
-0.282 4.99215e-06
-0.28 4.50905e-06
-0.278 4.07107e-06
-0.276 3.67416e-06
-0.274 3.31462e-06
-0.272 2.98907e-06
-0.27 2.69442e-06
-0.268 2.42784e-06
-0.266 2.18676e-06
-0.264 1.96883e-06
-0.262 1.77191e-06
-0.26 1.59405e-06
-0.258 1.43347e-06
-0.256 1.28855e-06
-0.254 1.15782e-06
-0.252 1.03993e-06
-0.25 9.33678e-07
-0.248 8.37943e-07
-0.246 7.51725e-07
-0.244 6.74107e-07
-0.242 6.04262e-07
-0.24 5.41437e-07
-0.238 4.8495e-07
-0.236 4.34183e-07
-0.234 3.88575e-07
-0.232 3.47618e-07
-0.23 3.10854e-07
-0.228 2.77867e-07
-0.226 2.48281e-07
-0.224 2.21757e-07
-0.222 1.97987e-07
-0.22 1.76694e-07
-0.218 1.57628e-07
-0.216 1.40563e-07
-0.214 1.25296e-07
-0.212 1.11642e-07
-0.21 9.9436e-08
-0.208 8.85293e-08
-0.206 7.87873e-08
-0.204 7.00894e-08
-0.202 6.23267e-08
-0.2 5.54016e-08
-0.198 4.92263e-08
-0.196 4.37218e-08
-0.194 3.88173e-08
-0.192 3.44492e-08
-0.19 3.05603e-08
-0.188 2.70997e-08
-0.186 2.40213e-08
-0.184 2.12841e-08
-0.182 1.88512e-08
-0.18 1.66898e-08
-0.178 1.47703e-08
-0.176 1.30663e-08
-0.174 1.15543e-08
-0.172 1.02131e-08
-0.17 9.02403e-09
-0.168 7.9702e-09
-0.166 7.03662e-09
-0.164 6.20991e-09
-0.162 5.47814e-09
-0.16 4.83067e-09
-0.158 4.25802e-09
-0.156 3.75175e-09
-0.154 3.30435e-09
-0.152 2.90914e-09
-0.15 2.56018e-09
-0.148 2.25218e-09
-0.146 1.98043e-09
-0.144 1.74078e-09
-0.142 1.52951e-09
-0.14 1.34335e-09
-0.138 1.17938e-09
-0.136 1.035e-09
-0.134 9.07942e-10
-0.132 7.96158e-10
-0.13 6.97861e-10
-0.128 6.1145e-10
-0.126 5.35531e-10
-0.124 4.68845e-10
-0.122 4.103e-10
-0.12 3.58924e-10
-0.118 3.13854e-10
-0.116 2.74336e-10
-0.114 2.39693e-10
-0.112 2.09346e-10
-0.11 1.82766e-10
-0.108 1.59501e-10
-0.106 1.39136e-10
-0.104 1.21324e-10
-0.102 1.05753e-10
-0.1 9.21394e-11
-0.098 8.02483e-11
-0.096 6.98618e-11
-0.094 6.07975e-11
-0.092 5.28892e-11
-0.09 4.59895e-11
-0.088 3.99735e-11
-0.086 3.47299e-11
-0.084 3.01658e-11
-0.082 2.61882e-11
-0.08 2.27243e-11
-0.078 1.97127e-11
-0.076 1.7093e-11
-0.074 1.48162e-11
-0.072 1.28391e-11
-0.07 1.11169e-11
-0.068 9.62904e-12
-0.066 8.33169e-12
-0.064 7.20517e-12
-0.062 6.22997e-12
-0.06 5.3878e-12
-0.058 4.65581e-12
-0.056 4.02046e-12
-0.054 3.47286e-12
-0.052 2.99596e-12
-0.05 2.58686e-12
-0.048 2.22811e-12
-0.046 1.92389e-12
-0.044 1.65447e-12
-0.042 1.42934e-12
-0.04 1.2278e-12
-0.038 1.05967e-12
-0.036 9.10703e-13
-0.034 7.86828e-13
-0.032 6.76893e-13
-0.03 5.8209e-13
-0.028 4.99229e-13
-0.026 4.37385e-13
-0.024 3.71033e-13
-0.022 3.22639e-13
-0.02 2.82202e-13
-0.018 2.4518e-13
-0.016 2.11576e-13
-0.014 1.85175e-13
-0.012 1.72403e-13
-0.01 1.48162e-13
-0.008 1.36345e-13
-0.006 1.26971e-13
-0.004 1.19212e-13
-0.002 1.13062e-13
0 1.12703e-13
0.002 1.16392e-13
0.004 1.19306e-13
0.006 1.25688e-13
0.008 1.35203e-13
0.01 1.46947e-13
0.012 1.68428e-13
0.014 1.87613e-13
0.016 2.12051e-13
0.018 2.42787e-13
0.02 2.85993e-13
0.022 3.23481e-13
0.024 3.72782e-13
0.026 4.3349e-13
0.028 5.01109e-13
0.03 5.84037e-13
0.032 6.76471e-13
0.034 7.86267e-13
0.036 9.1108e-13
0.038 1.05812e-12
0.04 1.23021e-12
0.042 1.42658e-12
0.044 1.65687e-12
0.046 1.92166e-12
0.048 2.22837e-12
0.05 2.58274e-12
0.052 2.99751e-12
0.054 3.46823e-12
0.056 4.01911e-12
0.058 4.65414e-12
0.06 5.38218e-12
0.062 6.23011e-12
0.064 7.20767e-12
0.066 8.32794e-12
0.068 9.6296e-12
0.07 1.11214e-11
0.072 1.28375e-11
0.074 1.48183e-11
0.076 1.70927e-11
0.078 1.97109e-11
0.08 2.27261e-11
0.082 2.61855e-11
0.084 3.01662e-11
0.086 3.47321e-11
0.088 3.99741e-11
0.09 4.59899e-11
0.092 5.2885e-11
0.094 6.07972e-11
0.096 6.98581e-11
0.098 8.02473e-11
0.1 9.21373e-11
0.102 1.05748e-10
0.104 1.21322e-10
0.106 1.39137e-10
0.108 1.59494e-10
0.11 1.82762e-10
0.112 2.09343e-10
0.114 2.39695e-10
0.116 2.7433e-10
0.118 3.13853e-10
0.12 3.5892e-10
0.122 4.10297e-10
0.124 4.68845e-10
0.126 5.35526e-10
0.128 6.11449e-10
0.13 6.97858e-10
0.132 7.96156e-10
0.134 9.07939e-10
0.136 1.035e-09
0.138 1.17938e-09
0.14 1.34335e-09
0.142 1.52951e-09
0.144 1.74078e-09
0.146 1.98042e-09
0.148 2.25217e-09
0.15 2.56018e-09
0.152 2.90914e-09
0.154 3.30435e-09
0.156 3.75174e-09
0.158 4.25801e-09
0.16 4.83066e-09
0.162 5.47814e-09
0.164 6.20991e-09
0.166 7.03662e-09
0.168 7.97019e-09
0.17 9.02403e-09
0.172 1.02131e-08
0.174 1.15543e-08
0.176 1.30663e-08
0.178 1.47703e-08
0.18 1.66898e-08
0.182 1.88512e-08
0.184 2.12841e-08
0.186 2.40213e-08
0.188 2.70997e-08
0.19 3.05603e-08
0.192 3.44492e-08
0.194 3.88173e-08
0.196 4.37218e-08
0.198 4.92263e-08
0.2 5.54016e-08
0.202 6.23267e-08
0.204 7.00894e-08
0.206 7.87873e-08
0.208 8.85293e-08
0.21 9.9436e-08
0.212 1.11642e-07
0.214 1.25296e-07
0.216 1.40563e-07
0.218 1.57628e-07
0.22 1.76694e-07
0.222 1.97987e-07
0.224 2.21757e-07
0.226 2.48281e-07
0.228 2.77867e-07
0.23 3.10854e-07
0.232 3.47618e-07
0.234 3.88575e-07
0.236 4.34183e-07
0.238 4.8495e-07
0.24 5.41437e-07
0.242 6.04262e-07
0.244 6.74107e-07
0.246 7.51725e-07
0.248 8.37943e-07
0.25 9.33678e-07
0.252 1.03993e-06
0.254 1.15782e-06
0.256 1.28855e-06
0.258 1.43347e-06
0.26 1.59405e-06
0.262 1.77191e-06
0.264 1.96883e-06
0.266 2.18676e-06
0.268 2.42784e-06
0.27 2.69442e-06
0.272 2.98907e-06
0.274 3.31462e-06
0.276 3.67416e-06
0.278 4.07107e-06
0.28 4.50905e-06
0.282 4.99215e-06
0.284 5.5248e-06
0.286 6.11184e-06
0.288 6.75855e-06
0.29 7.4707e-06
0.292 8.25459e-06
0.294 9.11708e-06
0.296 1.00657e-05
0.298 1.11085e-05
0.3 1.22545e-05
0.302 1.35133e-05
0.304 1.48954e-05
0.306 1.64123e-05
0.308 1.80765e-05
0.31 1.99015e-05
0.312 2.19019e-05
0.314 2.40938e-05
0.316 2.64944e-05
0.318 2.91226e-05
0.32 3.19987e-05
0.322 3.51448e-05
0.324 3.85847e-05
0.326 4.23444e-05
0.328 4.64519e-05
0.33 5.09374e-05
0.332 5.58337e-05
0.334 6.11762e-05
0.336 6.7003e-05
0.338 7.33556e-05
0.34 8.02782e-05
0.342 8.78191e-05
0.344 9.60299e-05
0.346 0.000104966
0.348 0.000114689
0.35 0.000125261
0.352 0.000136754
0.354 0.000149241
0.356 0.000162803
0.358 0.000177527
0.36 0.000193505
0.362 0.000210836
0.364 0.000229628
0.366 0.000249995
0.368 0.00027206
0.37 0.000295954
0.372 0.000321817
0.374 0.000349801
0.376 0.000380065
0.378 0.000412784
0.38 0.000448139
0.382 0.000486328
0.384 0.000527561
0.386 0.00057206
0.388 0.000620065
0.39 0.00067183
0.392 0.000727624
0.394 0.000787738
0.396 0.000852476
0.398 0.000922166
0.4 0.000997154
0.402 0.00107781
0.404 0.00116452
0.406 0.00125771
0.408 0.00135781
0.41 0.00146529
0.412 0.00158064
0.414 0.0017044
0.416 0.00183711
0.418 0.00197936
0.42 0.00213177
0.422 0.002295
0.424 0.00246974
0.426 0.00265672
0.428 0.00285671
0.43 0.00307054
0.432 0.00329904
0.434 0.00354314
0.436 0.00380377
0.438 0.00408194
0.44 0.0043787
0.442 0.00469516
0.444 0.00503248
0.446 0.00539187
0.448 0.00577462
0.45 0.00618207
0.452 0.00661562
0.454 0.00707674
0.456 0.00756697
0.458 0.00808793
0.46 0.0086413
0.462 0.00922884
0.464 0.00985238
0.466 0.0105139
0.468 0.0112152
0.47 0.0119586
0.472 0.0127462
0.474 0.0135802
0.476 0.014463
0.478 0.015397
0.48 0.0163848
0.482 0.017429
0.484 0.0185323
0.486 0.0196975
0.488 0.0209277
0.49 0.0222258
0.492 0.023595
0.494 0.0250385
0.496 0.0265597
0.498 0.028162
0.5 0.0298491
0.502 0.0316246
0.504 0.0334923
0.506 0.0354561
0.508 0.03752
0.51 0.0396882
0.512 0.0419649
0.514 0.0443545
0.516 0.0468614
0.518 0.0494902
0.52 0.0522455
0.522 0.0551322
0.524 0.0581551
0.526 0.0613193
0.528 0.0646297
0.53 0.0680916
0.532 0.0717103
0.534 0.0754911
0.536 0.0794394
0.538 0.0835608
0.54 0.0878609
0.542 0.0923453
0.544 0.0970197
0.546 0.10189
0.548 0.106962
0.55 0.112242
0.552 0.117735
0.554 0.123447
0.556 0.129385
0.558 0.135555
0.56 0.141961
0.562 0.148611
0.564 0.155511
0.566 0.162665
0.568 0.170081
0.57 0.177764
0.572 0.185719
0.574 0.193953
0.576 0.202471
0.578 0.211278
0.58 0.22038
0.582 0.229783
0.584 0.239491
0.586 0.249509
0.588 0.259842
0.59 0.270495
0.592 0.281472
0.594 0.292778
0.596 0.304416
0.598 0.31639
0.6 0.328703
0.602 0.341359
0.604 0.35436
0.606 0.36771
0.608 0.38141
0.61 0.395462
0.612 0.409868
0.614 0.424628
0.616 0.439745
0.618 0.455217
0.62 0.471045
0.622 0.487229
0.624 0.503767
0.626 0.520659
0.628 0.537901
0.63 0.555492
0.632 0.573429
0.634 0.591709
0.636 0.610327
0.638 0.629279
0.64 0.64856
0.642 0.668165
0.644 0.688086
0.646 0.708319
0.648 0.728855
0.65 0.749686
0.652 0.770804
0.654 0.792201
0.656 0.813865
0.658 0.835788
0.66 0.857958
0.662 0.880363
0.664 0.902993
0.666 0.925834
0.668 0.948873
0.67 0.972096
0.672 0.99549
0.674 1.01904
0.676 1.04273
0.678 1.06654
0.68 1.09046
0.682 1.11447
0.684 1.13856
0.686 1.1627
0.688 1.18687
0.69 1.21107
0.692 1.23526
0.694 1.25943
0.696 1.28357
0.698 1.30764
0.7 1.33163
0.702 1.35552
0.704 1.37928
0.706 1.4029
0.708 1.42636
0.71 1.44962
0.712 1.47268
0.714 1.49551
0.716 1.51808
0.718 1.54038
0.72 1.56237
0.722 1.58405
0.724 1.60539
0.726 1.62637
0.728 1.64696
0.73 1.66714
0.732 1.6869
0.734 1.70621
0.736 1.72505
0.738 1.7434
0.74 1.76124
0.742 1.77855
0.744 1.79531
0.746 1.81151
0.748 1.82713
0.75 1.84214
0.752 1.85653
0.754 1.87029
0.756 1.88339
0.758 1.89583
0.76 1.90759
0.762 1.91865
0.764 1.92901
0.766 1.93865
0.768 1.94756
0.77 1.95573
0.772 1.96315
0.774 1.9698
0.776 1.9757
0.778 1.98081
0.78 1.98515
0.782 1.98871
0.784 1.99147
0.786 1.99344
0.788 1.99462
0.79 1.995
0.792 1.99459
0.794 1.99338
0.796 1.99138
0.798 1.98859
0.8 1.98501
0.802 1.98064
0.804 1.9755
0.806 1.96959
0.808 1.96292
0.81 1.95549
0.812 1.94731
0.814 1.9384
0.816 1.92876
0.818 1.91841
0.82 1.90736
0.822 1.89561
0.824 1.8832
0.826 1.87013
0.828 1.85641
0.83 1.84207
0.832 1.82711
0.834 1.81157
0.836 1.79545
0.838 1.77877
0.84 1.76156
0.842 1.74383
0.844 1.72561
0.846 1.70691
0.848 1.68776
0.85 1.66817
0.852 1.64817
0.854 1.62779
0.856 1.60704
0.858 1.58594
0.86 1.56452
0.862 1.54281
0.864 1.52082
0.866 1.49858
0.868 1.47611
0.87 1.45344
0.872 1.43058
0.874 1.40757
0.876 1.38442
0.878 1.36116
0.88 1.33781
0.882 1.3144
0.884 1.29094
0.886 1.26746
0.888 1.24398
0.89 1.22053
0.892 1.19712
0.894 1.17377
0.896 1.15052
0.898 1.12737
0.9 1.10435
0.902 1.08147
0.904 1.05877
0.906 1.03625
0.908 1.01394
0.91 0.991858
0.912 0.970015
0.914 0.948431
0.916 0.927124
0.918 0.90611
0.92 0.885406
0.922 0.865027
0.924 0.844988
0.926 0.825304
0.928 0.805989
0.93 0.787056
0.932 0.76852
0.934 0.750392
0.936 0.732685
0.938 0.715411
0.94 0.698581
0.942 0.682206
0.944 0.666296
0.946 0.650862
0.948 0.635912
0.95 0.621456
0.952 0.607502
0.954 0.594059
0.956 0.581134
0.958 0.568735
0.96 0.556869
0.962 0.545542
0.964 0.53476
0.966 0.52453
0.968 0.514857
0.97 0.505745
0.972 0.497199
0.974 0.489225
0.976 0.481826
0.978 0.475005
0.98 0.468766
0.982 0.463112
0.984 0.458046
0.986 0.45357
0.988 0.449687
0.99 0.446398
0.992 0.443705
0.994 0.441609
0.996 0.440112
0.998 0.439213
