-1 0.625342
-0.99 0.625358
-0.98 0.62508
-0.97 0.624855
-0.96 0.624296
-0.95 0.623849
-0.94 0.622992
-0.93 0.622337
-0.92 0.621175
-0.91 0.620313
-0.9 0.618855
-0.89 0.617769
-0.88 0.616049
-0.87 0.614691
-0.86 0.612776
-0.85 0.611072
-0.84 0.60904
-0.83 0.606923
-0.82 0.604826
-0.81 0.60229
-0.8 0.600083
-0.79 0.597238
-0.78 0.59476
-0.77 0.59181
-0.76 0.588871
-0.75 0.585953
-0.74 0.582537
-0.73 0.579526
-0.72 0.575905
-0.71 0.572466
-0.7 0.568944
-0.69 0.564957
-0.68 0.561399
-0.67 0.55726
-0.66 0.553182
-0.65 0.549244
-0.64 0.544673
-0.63 0.540503
-0.62 0.536094
-0.61 0.531255
-0.6 0.526901
-0.59 0.522073
-0.58 0.517013
-0.57 0.512427
-0.56 0.507279
-0.55 0.501966
-0.54 0.497151
-0.53 0.491795
-0.52 0.486169
-0.51 0.481115
-0.5 0.475704
-0.49 0.469746
-0.48 0.464323
-0.47 0.459016
-0.46 0.452936
-0.45 0.446882
-0.44 0.441513
-0.43 0.435861
-0.42 0.429394
-0.41 0.423124
-0.4 0.417685
-0.39 0.412178
-0.38 0.405656
-0.37 0.398605
-0.36 0.392389
-0.35 0.387863
-0.34 0.384868
-0.33 0.382733
-0.32 0.380883
-0.31 0.37905
-0.3 0.377182
-0.29 0.375298
-0.28 0.373419
-0.27 0.371555
-0.26 0.369712
-0.25 0.367894
-0.24 0.366106
-0.23 0.364351
-0.22 0.362635
-0.21 0.360962
-0.2 0.359336
-0.19 0.357761
-0.18 0.356242
-0.17 0.354782
-0.16 0.353384
-0.15 0.352053
-0.14 0.350792
-0.13 0.349603
-0.12 0.34849
-0.11 0.347456
-0.1 0.346502
-0.09 0.345633
-0.08 0.344849
-0.07 0.344152
-0.06 0.343545
-0.05 0.343029
-0.04 0.342605
-0.03 0.342274
-0.02 0.342037
-0.01 0.341894
0 0.341847
0.01 0.341894
0.02 0.342037
0.03 0.342274
0.04 0.342605
0.05 0.343029
0.06 0.343545
0.07 0.344152
0.08 0.344849
0.09 0.345633
0.1 0.346502
0.11 0.347456
0.12 0.34849
0.13 0.349603
0.14 0.350792
0.15 0.352053
0.16 0.353384
0.17 0.354782
0.18 0.356242
0.19 0.357761
0.2 0.359336
0.21 0.360962
0.22 0.362635
0.23 0.364351
0.24 0.366106
0.25 0.367894
0.26 0.369712
0.27 0.371555
0.28 0.373419
0.29 0.375298
0.3 0.377182
0.31 0.37905
0.32 0.380883
0.33 0.382733
0.34 0.384868
0.35 0.387863
0.36 0.392389
0.37 0.398605
0.38 0.405656
0.39 0.412178
0.4 0.417685
0.41 0.423124
0.42 0.429394
0.43 0.435861
0.44 0.441513
0.45 0.446882
0.46 0.452936
0.47 0.459016
0.48 0.464323
0.49 0.469746
0.5 0.475704
0.51 0.481115
0.52 0.486169
0.53 0.491795
0.54 0.497151
0.55 0.501966
0.56 0.507279
0.57 0.512427
0.58 0.517013
0.59 0.522073
0.6 0.526901
0.61 0.531255
0.62 0.536094
0.63 0.540503
0.64 0.544673
0.65 0.549244
0.66 0.553182
0.67 0.55726
0.68 0.561399
0.69 0.564957
0.7 0.568944
0.71 0.572466
0.72 0.575905
0.73 0.579526
0.74 0.582537
0.75 0.585953
0.76 0.588871
0.77 0.59181
0.78 0.59476
0.79 0.597238
0.8 0.600083
0.81 0.60229
0.82 0.604826
0.83 0.606923
0.84 0.60904
0.85 0.611072
0.86 0.612776
0.87 0.614691
0.88 0.616049
0.89 0.617769
0.9 0.618855
0.91 0.620313
0.92 0.621175
0.93 0.622337
0.94 0.622992
0.95 0.623849
0.96 0.624296
0.97 0.624855
0.98 0.62508
0.99 0.625358
