-1 1.35202e-15
-0.998 9.74826e-15
-0.996 4.28961e-16
-0.994 5.02798e-15
-0.992 2.80732e-15
-0.99 5.86032e-15
-0.988 5.62436e-15
-0.986 5.88011e-15
-0.984 5.39396e-15
-0.982 3.15263e-15
-0.98 6.83213e-15
-0.978 3.06148e-15
-0.976 5.28605e-15
-0.974 3.96665e-15
-0.972 7.0007e-15
-0.97 4.93852e-15
-0.968 2.0583e-15
-0.966 4.48711e-15
-0.964 6.65248e-15
-0.962 3.97641e-15
-0.96 6.32407e-15
-0.958 4.22889e-15
-0.956 9.83614e-15
-0.954 3.26135e-15
-0.952 3.3572e-15
-0.95 5.67491e-16
-0.948 6.0892e-15
-0.946 9.39363e-15
-0.944 6.64503e-15
-0.942 1.00397e-14
-0.94 4.57362e-15
-0.938 2.60959e-15
-0.936 5.69812e-15
-0.934 9.00003e-15
-0.932 7.19083e-15
-0.93 2.61021e-15
-0.928 4.31272e-15
-0.926 6.87437e-15
-0.924 8.26602e-15
-0.922 6.2243e-15
-0.92 7.91835e-15
-0.918 3.03929e-15
-0.916 6.08636e-15
-0.914 5.56263e-15
-0.912 6.03867e-15
-0.91 1.08936e-14
-0.908 5.49351e-15
-0.906 5.16571e-15
-0.904 9.59226e-15
-0.902 6.86241e-15
-0.9 5.46676e-15
-0.898 1.39525e-14
-0.896 9.89459e-15
-0.894 8.31455e-15
-0.892 1.0035e-14
-0.89 9.84031e-15
-0.888 8.87186e-15
-0.886 8.49599e-15
-0.884 6.10471e-15
-0.882 1.48505e-14
-0.88 2.02215e-14
-0.878 2.07773e-14
-0.876 1.64296e-14
-0.874 2.74298e-14
-0.872 2.5199e-14
-0.87 2.82858e-14
-0.868 3.35193e-14
-0.866 3.32845e-14
-0.864 4.368e-14
-0.862 4.86649e-14
-0.86 5.90454e-14
-0.858 6.80988e-14
-0.856 7.86368e-14
-0.854 9.02109e-14
-0.852 1.10071e-13
-0.85 1.21456e-13
-0.848 1.48514e-13
-0.846 1.73369e-13
-0.844 1.98706e-13
-0.842 2.28393e-13
-0.84 2.75089e-13
-0.838 3.1373e-13
-0.836 3.62367e-13
-0.834 4.25782e-13
-0.832 4.93835e-13
-0.83 5.73309e-13
-0.828 6.62835e-13
-0.826 7.75227e-13
-0.824 8.96929e-13
-0.822 1.04367e-12
-0.82 1.21378e-12
-0.818 1.40449e-12
-0.816 1.63882e-12
-0.814 1.89447e-12
-0.812 2.20163e-12
-0.81 2.55165e-12
-0.808 2.95737e-12
-0.806 3.42459e-12
-0.804 3.96488e-12
-0.802 4.58973e-12
-0.8 5.30877e-12
-0.798 6.15147e-12
-0.796 7.10633e-12
-0.794 8.21747e-12
-0.792 9.49421e-12
-0.79 1.09697e-11
-0.788 1.26597e-11
-0.786 1.46123e-11
-0.784 1.68655e-11
-0.782 1.9443e-11
-0.78 2.24226e-11
-0.778 2.58318e-11
-0.776 2.97633e-11
-0.774 3.42585e-11
-0.772 3.94379e-11
-0.77 4.53726e-11
-0.768 5.21782e-11
-0.766 5.99846e-11
-0.764 6.89287e-11
-0.762 7.91711e-11
-0.76 9.09169e-11
-0.758 1.04343e-10
-0.756 1.19715e-10
-0.754 1.373e-10
-0.752 1.57396e-10
-0.75 1.80361e-10
-0.748 2.06601e-10
-0.746 2.36556e-10
-0.744 2.70754e-10
-0.742 3.09767e-10
-0.74 3.54264e-10
-0.738 4.04993e-10
-0.736 4.62792e-10
-0.734 5.28635e-10
-0.732 6.03603e-10
-0.73 6.88924e-10
-0.728 7.85992e-10
-0.726 8.96383e-10
-0.724 1.02186e-09
-0.722 1.16445e-09
-0.72 1.32639e-09
-0.718 1.51026e-09
-0.716 1.71893e-09
-0.714 1.95564e-09
-0.712 2.22407e-09
-0.71 2.52832e-09
-0.708 2.87305e-09
-0.706 3.26347e-09
-0.704 3.70548e-09
-0.702 4.20566e-09
-0.7 4.77145e-09
-0.698 5.4112e-09
-0.696 6.13426e-09
-0.694 6.95117e-09
-0.692 7.8737e-09
-0.69 8.91512e-09
-0.688 1.00902e-08
-0.686 1.14157e-08
-0.684 1.29101e-08
-0.682 1.45942e-08
-0.68 1.64915e-08
-0.678 1.8628e-08
-0.676 2.10329e-08
-0.674 2.37387e-08
-0.672 2.67819e-08
-0.67 3.02032e-08
-0.668 3.40479e-08
-0.666 3.83667e-08
-0.664 4.3216e-08
-0.662 4.86587e-08
-0.66 5.4765e-08
-0.658 6.1613e-08
-0.656 6.92896e-08
-0.654 7.78914e-08
-0.652 8.75261e-08
-0.65 9.83132e-08
-0.648 1.10386e-07
-0.646 1.23891e-07
-0.644 1.38993e-07
-0.642 1.55874e-07
-0.64 1.74735e-07
-0.638 1.95799e-07
-0.636 2.19316e-07
-0.634 2.45558e-07
-0.632 2.74831e-07
-0.63 3.07471e-07
-0.628 3.43849e-07
-0.626 3.84378e-07
-0.624 4.29512e-07
-0.622 4.79754e-07
-0.62 5.35658e-07
-0.618 5.97838e-07
-0.616 6.66969e-07
-0.614 7.43796e-07
-0.612 8.29142e-07
-0.61 9.23911e-07
-0.608 1.0291e-06
-0.606 1.14581e-06
-0.604 1.27524e-06
-0.602 1.41873e-06
-0.6 1.57773e-06
-0.598 1.75384e-06
-0.596 1.94884e-06
-0.594 2.16466e-06
-0.592 2.40341e-06
-0.59 2.66743e-06
-0.588 2.95926e-06
-0.586 3.28172e-06
-0.584 3.63785e-06
-0.582 4.03103e-06
-0.58 4.46491e-06
-0.578 4.94351e-06
-0.576 5.47123e-06
-0.574 6.05287e-06
-0.572 6.69366e-06
-0.57 7.39933e-06
-0.568 8.17612e-06
-0.566 9.03086e-06
-0.564 9.97096e-06
-0.562 1.10045e-05
-0.56 1.21404e-05
-0.558 1.33881e-05
-0.556 1.47582e-05
-0.554 1.6262e-05
-0.552 1.79118e-05
-0.55 1.97212e-05
-0.548 2.17046e-05
-0.546 2.3878e-05
-0.544 2.62585e-05
-0.542 2.88649e-05
-0.54 3.17172e-05
-0.538 3.48374e-05
-0.536 3.82494e-05
-0.534 4.19787e-05
-0.532 4.60533e-05
-0.53 5.05031e-05
-0.528 5.53608e-05
-0.526 6.06614e-05
-0.524 6.64431e-05
-0.522 7.27467e-05
-0.52 7.96166e-05
-0.518 8.71004e-05
-0.516 9.52497e-05
-0.514 0.00010412
-0.512 0.00011377
-0.51 0.000124266
-0.508 0.000135676
-0.506 0.000148074
-0.504 0.00016154
-0.502 0.000176161
-0.5 0.000192028
-0.498 0.000209241
-0.496 0.000227906
-0.494 0.000248137
-0.492 0.000270056
-0.49 0.000293794
-0.488 0.000319491
-0.486 0.000347297
-0.484 0.000377372
-0.482 0.000409887
-0.48 0.000445027
-0.478 0.000482987
-0.476 0.000523976
-0.474 0.000568216
-0.472 0.000615946
-0.47 0.000667418
-0.468 0.000722904
-0.466 0.00078269
-0.464 0.000847083
-0.462 0.000916408
-0.46 0.000991011
-0.458 0.00107126
-0.456 0.00115755
-0.454 0.00125028
-0.452 0.00134991
-0.45 0.0014569
-0.448 0.00157174
-0.446 0.00169496
-0.444 0.0018271
-0.442 0.00196877
-0.44 0.00212057
-0.438 0.00228317
-0.436 0.00245726
-0.434 0.00264358
-0.432 0.00284288
-0.43 0.00305599
-0.428 0.00328378
-0.426 0.00352713
-0.424 0.00378702
-0.422 0.00406443
-0.42 0.00436043
-0.418 0.00467613
-0.416 0.00501269
-0.414 0.00537134
-0.412 0.00575335
-0.41 0.00616009
-0.408 0.00659297
-0.406 0.00705345
-0.404 0.00754311
-0.402 0.00806355
-0.4 0.00861648
-0.398 0.00920366
-0.396 0.00982696
-0.394 0.0104883
-0.392 0.0111897
-0.39 0.0119333
-0.388 0.0127212
-0.386 0.0135558
-0.384 0.0144395
-0.382 0.0153746
-0.38 0.0163638
-0.378 0.0174098
-0.376 0.0185152
-0.374 0.0196831
-0.372 0.0209164
-0.37 0.0222181
-0.368 0.0235915
-0.366 0.0250399
-0.364 0.0265668
-0.362 0.0281756
-0.36 0.02987
-0.358 0.0316538
-0.356 0.0335309
-0.354 0.0355052
-0.352 0.037581
-0.35 0.0397625
-0.348 0.0420541
-0.346 0.0444601
-0.344 0.0469854
-0.342 0.0496345
-0.34 0.0524123
-0.338 0.0553238
-0.336 0.0583741
-0.334 0.0615684
-0.332 0.064912
-0.33 0.0684103
-0.328 0.0720688
-0.326 0.0758932
-0.324 0.0798893
-0.322 0.0840628
-0.32 0.0884197
-0.318 0.0929661
-0.316 0.097708
-0.314 0.102652
-0.312 0.107803
-0.31 0.113169
-0.308 0.118756
-0.306 0.12457
-0.304 0.130618
-0.302 0.136906
-0.3 0.143441
-0.298 0.15023
-0.296 0.157279
-0.294 0.164595
-0.292 0.172184
-0.29 0.180054
-0.288 0.18821
-0.286 0.19666
-0.284 0.205409
-0.282 0.214466
-0.28 0.223835
-0.278 0.233524
-0.276 0.243538
-0.274 0.253885
-0.272 0.264569
-0.27 0.275597
-0.268 0.286975
-0.266 0.298709
-0.264 0.310804
-0.262 0.323265
-0.26 0.336097
-0.258 0.349306
-0.256 0.362897
-0.254 0.376873
-0.252 0.391239
-0.25 0.405999
-0.248 0.421157
-0.246 0.436716
-0.244 0.45268
-0.242 0.469051
-0.24 0.485831
-0.238 0.503024
-0.236 0.52063
-0.234 0.538651
-0.232 0.557088
-0.23 0.575943
-0.228 0.595215
-0.226 0.614904
-0.224 0.635009
-0.222 0.655531
-0.22 0.676466
-0.218 0.697814
-0.216 0.719572
-0.214 0.741738
-0.212 0.764307
-0.21 0.787278
-0.208 0.810644
-0.206 0.834403
-0.204 0.858548
-0.202 0.883074
-0.2 0.907975
-0.198 0.933244
-0.196 0.958875
-0.194 0.984859
-0.192 1.01119
-0.19 1.03786
-0.188 1.06485
-0.186 1.09217
-0.184 1.11979
-0.182 1.14771
-0.18 1.17592
-0.178 1.20441
-0.176 1.23316
-0.174 1.26217
-0.172 1.29141
-0.17 1.32089
-0.168 1.35057
-0.166 1.38046
-0.164 1.41054
-0.162 1.44078
-0.16 1.47119
-0.158 1.50174
-0.156 1.53242
-0.154 1.56321
-0.152 1.59409
-0.15 1.62506
-0.148 1.6561
-0.146 1.68718
-0.144 1.71829
-0.142 1.74943
-0.14 1.78056
-0.138 1.81167
-0.136 1.84275
-0.134 1.87378
-0.132 1.90474
-0.13 1.93562
-0.128 1.96639
-0.126 1.99705
-0.124 2.02757
-0.122 2.05795
-0.12 2.08815
-0.118 2.11817
-0.116 2.14799
-0.114 2.17759
-0.112 2.20696
-0.11 2.23608
-0.108 2.26493
-0.106 2.29351
-0.104 2.32179
-0.102 2.34976
-0.1 2.37741
-0.098 2.40472
-0.096 2.43168
-0.094 2.45828
-0.092 2.48449
-0.09 2.51031
-0.088 2.53573
-0.086 2.56073
-0.084 2.58531
-0.082 2.60944
-0.08 2.63312
-0.078 2.65634
-0.076 2.67909
-0.074 2.70135
-0.072 2.72313
-0.07 2.7444
-0.068 2.76516
-0.066 2.7854
-0.064 2.80511
-0.062 2.82428
-0.06 2.84292
-0.058 2.861
-0.056 2.87853
-0.054 2.89549
-0.052 2.91188
-0.05 2.9277
-0.048 2.94294
-0.046 2.95758
-0.044 2.97164
-0.042 2.98511
-0.04 2.99797
-0.038 3.01023
-0.036 3.02188
-0.034 3.03292
-0.032 3.04334
-0.03 3.05315
-0.028 3.06234
-0.026 3.0709
-0.024 3.07884
-0.022 3.08615
-0.02 3.09283
-0.018 3.09888
-0.016 3.1043
-0.014 3.10908
-0.012 3.11323
-0.01 3.11674
-0.008 3.11961
-0.006 3.12185
-0.004 3.12345
-0.002 3.1244
0 3.12472
0.002 3.1244
0.004 3.12345
0.006 3.12185
0.008 3.11961
0.01 3.11674
0.012 3.11323
0.014 3.10908
0.016 3.1043
0.018 3.09888
0.02 3.09283
0.022 3.08615
0.024 3.07884
0.026 3.0709
0.028 3.06234
0.03 3.05315
0.032 3.04334
0.034 3.03292
0.036 3.02188
0.038 3.01023
0.04 2.99797
0.042 2.98511
0.044 2.97164
0.046 2.95758
0.048 2.94294
0.05 2.9277
0.052 2.91188
0.054 2.89549
0.056 2.87853
0.058 2.861
0.06 2.84292
0.062 2.82428
0.064 2.80511
0.066 2.7854
0.068 2.76516
0.07 2.7444
0.072 2.72313
0.074 2.70135
0.076 2.67909
0.078 2.65634
0.08 2.63312
0.082 2.60944
0.084 2.58531
0.086 2.56073
0.088 2.53573
0.09 2.51031
0.092 2.48449
0.094 2.45828
0.096 2.43168
0.098 2.40472
0.1 2.37741
0.102 2.34976
0.104 2.32179
0.106 2.29351
0.108 2.26493
0.11 2.23608
0.112 2.20696
0.114 2.17759
0.116 2.14799
0.118 2.11817
0.12 2.08815
0.122 2.05795
0.124 2.02757
0.126 1.99705
0.128 1.96639
0.13 1.93562
0.132 1.90474
0.134 1.87378
0.136 1.84275
0.138 1.81167
0.14 1.78056
0.142 1.74943
0.144 1.71829
0.146 1.68718
0.148 1.6561
0.15 1.62506
0.152 1.59409
0.154 1.56321
0.156 1.53242
0.158 1.50174
0.16 1.47119
0.162 1.44078
0.164 1.41054
0.166 1.38046
0.168 1.35057
0.17 1.32089
0.172 1.29141
0.174 1.26217
0.176 1.23316
0.178 1.20441
0.18 1.17592
0.182 1.14771
0.184 1.11979
0.186 1.09217
0.188 1.06485
0.19 1.03786
0.192 1.01119
0.194 0.984859
0.196 0.958875
0.198 0.933244
0.2 0.907975
0.202 0.883074
0.204 0.858548
0.206 0.834403
0.208 0.810644
0.21 0.787278
0.212 0.764307
0.214 0.741738
0.216 0.719572
0.218 0.697814
0.22 0.676466
0.222 0.655531
0.224 0.635009
0.226 0.614904
0.228 0.595215
0.23 0.575943
0.232 0.557088
0.234 0.538651
0.236 0.52063
0.238 0.503024
0.24 0.485831
0.242 0.469051
0.244 0.45268
0.246 0.436716
0.248 0.421157
0.25 0.405999
0.252 0.391239
0.254 0.376873
0.256 0.362897
0.258 0.349306
0.26 0.336097
0.262 0.323265
0.264 0.310804
0.266 0.298709
0.268 0.286975
0.27 0.275597
0.272 0.264569
0.274 0.253885
0.276 0.243538
0.278 0.233524
0.28 0.223835
0.282 0.214466
0.284 0.205409
0.286 0.19666
0.288 0.18821
0.29 0.180054
0.292 0.172184
0.294 0.164595
0.296 0.157279
0.298 0.15023
0.3 0.143441
0.302 0.136906
0.304 0.130618
0.306 0.12457
0.308 0.118756
0.31 0.113169
0.312 0.107803
0.314 0.102652
0.316 0.097708
0.318 0.0929661
0.32 0.0884197
0.322 0.0840628
0.324 0.0798893
0.326 0.0758932
0.328 0.0720688
0.33 0.0684103
0.332 0.064912
0.334 0.0615684
0.336 0.0583741
0.338 0.0553238
0.34 0.0524123
0.342 0.0496345
0.344 0.0469854
0.346 0.0444601
0.348 0.0420541
0.35 0.0397625
0.352 0.037581
0.354 0.0355052
0.356 0.0335309
0.358 0.0316538
0.36 0.02987
0.362 0.0281756
0.364 0.0265668
0.366 0.0250399
0.368 0.0235915
0.37 0.0222181
0.372 0.0209164
0.374 0.0196831
0.376 0.0185152
0.378 0.0174098
0.38 0.0163638
0.382 0.0153746
0.384 0.0144395
0.386 0.0135558
0.388 0.0127212
0.39 0.0119333
0.392 0.0111897
0.394 0.0104883
0.396 0.00982696
0.398 0.00920366
0.4 0.00861648
0.402 0.00806355
0.404 0.00754311
0.406 0.00705345
0.408 0.00659297
0.41 0.00616009
0.412 0.00575335
0.414 0.00537134
0.416 0.00501269
0.418 0.00467613
0.42 0.00436043
0.422 0.00406443
0.424 0.00378702
0.426 0.00352713
0.428 0.00328378
0.43 0.00305599
0.432 0.00284288
0.434 0.00264358
0.436 0.00245726
0.438 0.00228317
0.44 0.00212057
0.442 0.00196877
0.444 0.0018271
0.446 0.00169496
0.448 0.00157174
0.45 0.0014569
0.452 0.00134991
0.454 0.00125028
0.456 0.00115755
0.458 0.00107126
0.46 0.000991011
0.462 0.000916408
0.464 0.000847083
0.466 0.00078269
0.468 0.000722904
0.47 0.000667418
0.472 0.000615946
0.474 0.000568216
0.476 0.000523976
0.478 0.000482987
0.48 0.000445027
0.482 0.000409887
0.484 0.000377372
0.486 0.000347297
0.488 0.000319491
0.49 0.000293794
0.492 0.000270056
0.494 0.000248137
0.496 0.000227906
0.498 0.000209241
0.5 0.000192028
0.502 0.000176161
0.504 0.00016154
0.506 0.000148074
0.508 0.000135676
0.51 0.000124266
0.512 0.00011377
0.514 0.00010412
0.516 9.52497e-05
0.518 8.71004e-05
0.52 7.96166e-05
0.522 7.27467e-05
0.524 6.64431e-05
0.526 6.06614e-05
0.528 5.53608e-05
0.53 5.05031e-05
0.532 4.60533e-05
0.534 4.19787e-05
0.536 3.82494e-05
0.538 3.48374e-05
0.54 3.17172e-05
0.542 2.88649e-05
0.544 2.62585e-05
0.546 2.3878e-05
0.548 2.17046e-05
0.55 1.97212e-05
0.552 1.79118e-05
0.554 1.6262e-05
0.556 1.47582e-05
0.558 1.33881e-05
0.56 1.21404e-05
0.562 1.10045e-05
0.564 9.97096e-06
0.566 9.03086e-06
0.568 8.17612e-06
0.57 7.39933e-06
0.572 6.69366e-06
0.574 6.05287e-06
0.576 5.47123e-06
0.578 4.94351e-06
0.58 4.46491e-06
0.582 4.03103e-06
0.584 3.63785e-06
0.586 3.28172e-06
0.588 2.95926e-06
0.59 2.66743e-06
0.592 2.40341e-06
0.594 2.16466e-06
0.596 1.94884e-06
0.598 1.75384e-06
0.6 1.57773e-06
0.602 1.41873e-06
0.604 1.27524e-06
0.606 1.14581e-06
0.608 1.0291e-06
0.61 9.23911e-07
0.612 8.29142e-07
0.614 7.43796e-07
0.616 6.66969e-07
0.618 5.97838e-07
0.62 5.35658e-07
0.622 4.79754e-07
0.624 4.29512e-07
0.626 3.84378e-07
0.628 3.43849e-07
0.63 3.07471e-07
0.632 2.74831e-07
0.634 2.45558e-07
0.636 2.19316e-07
0.638 1.95799e-07
0.64 1.74735e-07
0.642 1.55874e-07
0.644 1.38993e-07
0.646 1.23891e-07
0.648 1.10386e-07
0.65 9.83132e-08
0.652 8.75261e-08
0.654 7.78914e-08
0.656 6.92896e-08
0.658 6.1613e-08
0.66 5.4765e-08
0.662 4.86587e-08
0.664 4.3216e-08
0.666 3.83667e-08
0.668 3.40479e-08
0.67 3.02032e-08
0.672 2.67819e-08
0.674 2.37387e-08
0.676 2.10329e-08
0.678 1.8628e-08
0.68 1.64915e-08
0.682 1.45942e-08
0.684 1.29101e-08
0.686 1.14157e-08
0.688 1.00902e-08
0.69 8.91511e-09
0.692 7.8737e-09
0.694 6.95116e-09
0.696 6.13426e-09
0.698 5.41119e-09
0.7 4.77146e-09
0.702 4.20566e-09
0.704 3.70548e-09
0.706 3.26348e-09
0.708 2.87305e-09
0.71 2.52833e-09
0.712 2.22407e-09
0.714 1.95564e-09
0.716 1.71893e-09
0.718 1.51026e-09
0.72 1.32639e-09
0.722 1.16445e-09
0.724 1.02186e-09
0.726 8.96385e-10
0.728 7.85994e-10
0.73 6.88924e-10
0.732 6.03601e-10
0.734 5.28636e-10
0.736 4.62794e-10
0.738 4.04993e-10
0.74 3.54265e-10
0.742 3.09772e-10
0.744 2.70756e-10
0.746 2.36553e-10
0.748 2.06603e-10
0.75 1.8036e-10
0.752 1.57397e-10
0.754 1.37291e-10
0.756 1.19718e-10
0.758 1.04348e-10
0.76 9.09191e-11
0.762 7.91761e-11
0.764 6.89289e-11
0.766 5.99896e-11
0.768 5.21761e-11
0.77 4.5373e-11
0.772 3.94326e-11
0.774 3.42677e-11
0.776 2.97527e-11
0.778 2.58389e-11
0.78 2.2419e-11
0.782 1.94477e-11
0.784 1.68674e-11
0.786 1.46137e-11
0.788 1.2672e-11
0.79 1.09643e-11
0.792 9.49349e-12
0.794 8.22589e-12
0.796 7.10838e-12
0.798 6.14852e-12
0.8 5.31828e-12
0.802 4.59357e-12
0.804 3.96815e-12
0.806 3.42378e-12
0.808 2.95802e-12
0.81 2.54966e-12
0.812 2.20276e-12
0.814 1.89862e-12
0.816 1.63461e-12
0.818 1.40877e-12
0.82 1.21394e-12
0.822 1.04705e-12
0.824 8.9334e-13
0.826 7.77304e-13
0.828 6.61231e-13
0.83 5.72544e-13
0.832 4.93302e-13
0.834 4.21763e-13
0.836 3.6462e-13
0.838 3.1049e-13
0.84 2.73869e-13
0.842 2.27568e-13
0.844 1.97275e-13
0.846 1.69492e-13
0.848 1.49317e-13
0.85 1.29129e-13
0.852 1.06685e-13
0.854 9.55656e-14
0.856 7.88127e-14
0.858 6.9207e-14
0.86 6.42988e-14
0.862 4.95309e-14
0.864 4.65669e-14
0.866 3.87804e-14
0.868 3.07681e-14
0.87 2.86928e-14
0.872 2.22259e-14
0.874 2.45456e-14
0.876 2.04958e-14
0.878 1.53433e-14
0.88 1.85705e-14
0.882 1.00451e-14
0.884 1.25893e-14
0.886 1.51188e-14
0.888 5.79839e-15
0.89 8.57749e-15
0.892 5.08788e-15
0.894 1.30289e-14
0.896 3.96302e-15
0.898 7.49969e-15
0.9 3.24851e-15
0.902 2.29062e-15
0.904 7.67957e-15
0.906 9.30825e-15
0.908 9.4607e-15
0.91 2.35318e-15
0.912 2.83121e-15
0.914 2.52851e-15
0.916 7.49246e-15
0.918 7.45011e-15
0.92 9.4599e-15
0.922 4.94925e-15
0.924 6.7963e-15
0.926 5.00891e-15
0.928 2.13156e-15
0.93 1.93536e-15
0.932 5.90451e-15
0.934 4.4302e-15
0.936 1.33233e-15
0.938 3.71792e-15
0.94 5.84142e-15
0.942 8.40405e-15
0.944 3.51574e-15
0.946 1.28676e-15
0.948 5.4971e-15
0.95 1.07092e-15
0.952 4.18973e-15
0.954 -6.25372e-16
0.956 5.04135e-15
0.958 3.28728e-15
0.96 4.39194e-15
0.962 7.2144e-15
0.964 8.71422e-15
0.966 7.78503e-15
0.968 3.22944e-15
0.97 8.80329e-15
0.972 1.66385e-15
0.974 8.33203e-15
0.976 7.75429e-15
0.978 5.56898e-15
0.98 4.49196e-15
0.982 5.01984e-15
0.984 3.12594e-15
0.986 7.99301e-15
0.988 4.79347e-15
0.99 3.84987e-15
0.992 3.97972e-15
0.994 2.50615e-15
0.996 3.05342e-15
0.998 6.88372e-15
