-1 0.346182
-0.99 0.346485
-0.98 0.346359
-0.97 0.346871
-0.96 0.346891
-0.95 0.34763
-0.94 0.347791
-0.93 0.348728
-0.92 0.349083
-0.91 0.350117
-0.9 0.350789
-0.89 0.35176
-0.88 0.352882
-0.87 0.353702
-0.86 0.35522
-0.85 0.35609
-0.84 0.357613
-0.83 0.35898
-0.82 0.360136
-0.81 0.362018
-0.8 0.363227
-0.79 0.36482
-0.78 0.366779
-0.77 0.368002
-0.76 0.369855
-0.75 0.371915
-0.74 0.373182
-0.73 0.375027
-0.72 0.377345
-0.71 0.378766
-0.7 0.380169
-0.69 0.382599
-0.68 0.384864
-0.67 0.385954
-0.66 0.38701
-0.65 0.389677
-0.64 0.394262
-0.63 0.399986
-0.62 0.406054
-0.61 0.412109
-0.6 0.41809
-0.59 0.424015
-0.58 0.429896
-0.57 0.435732
-0.56 0.441521
-0.55 0.447258
-0.54 0.45294
-0.53 0.458565
-0.52 0.46413
-0.51 0.469632
-0.5 0.475068
-0.49 0.480435
-0.48 0.48573
-0.47 0.490952
-0.46 0.496097
-0.45 0.501163
-0.44 0.506148
-0.43 0.511048
-0.42 0.515863
-0.41 0.52059
-0.4 0.525226
-0.39 0.52977
-0.38 0.53422
-0.37 0.538573
-0.36 0.542829
-0.35 0.546985
-0.34 0.551039
-0.33 0.554991
-0.32 0.558838
-0.31 0.562579
-0.3 0.566213
-0.29 0.569738
-0.28 0.573153
-0.27 0.576458
-0.26 0.57965
-0.25 0.58273
-0.24 0.585695
-0.23 0.588545
-0.22 0.59128
-0.21 0.593898
-0.2 0.596398
-0.19 0.59878
-0.18 0.601044
-0.17 0.603188
-0.16 0.605213
-0.15 0.607117
-0.14 0.6089
-0.13 0.610562
-0.12 0.612102
-0.11 0.613521
-0.1 0.614817
-0.09 0.61599
-0.08 0.61704
-0.07 0.617968
-0.06 0.618772
-0.05 0.619453
-0.04 0.62001
-0.03 0.620443
-0.02 0.620753
-0.01 0.620939
0 0.621001
0.01 0.620939
0.02 0.620753
0.03 0.620443
0.04 0.62001
0.05 0.619453
0.06 0.618772
0.07 0.617968
0.08 0.61704
0.09 0.61599
0.1 0.614817
0.11 0.613521
0.12 0.612102
0.13 0.610562
0.14 0.6089
0.15 0.607117
0.16 0.605213
0.17 0.603188
0.18 0.601044
0.19 0.59878
0.2 0.596398
0.21 0.593898
0.22 0.59128
0.23 0.588545
0.24 0.585695
0.25 0.58273
0.26 0.57965
0.27 0.576458
0.28 0.573153
0.29 0.569738
0.3 0.566213
0.31 0.562579
0.32 0.558838
0.33 0.554991
0.34 0.551039
0.35 0.546985
0.36 0.542829
0.37 0.538573
0.38 0.53422
0.39 0.52977
0.4 0.525226
0.41 0.52059
0.42 0.515863
0.43 0.511048
0.44 0.506148
0.45 0.501163
0.46 0.496097
0.47 0.490952
0.48 0.48573
0.49 0.480435
0.5 0.475068
0.51 0.469632
0.52 0.46413
0.53 0.458565
0.54 0.45294
0.55 0.447258
0.56 0.441521
0.57 0.435732
0.58 0.429896
0.59 0.424015
0.6 0.41809
0.61 0.412109
0.62 0.406054
0.63 0.399986
0.64 0.394262
0.65 0.389677
0.66 0.38701
0.67 0.385954
0.68 0.384864
0.69 0.382599
0.7 0.380169
0.71 0.378766
0.72 0.377345
0.73 0.375027
0.74 0.373182
0.75 0.371915
0.76 0.369855
0.77 0.368002
0.78 0.366779
0.79 0.36482
0.8 0.363227
0.81 0.362018
0.82 0.360136
0.83 0.35898
0.84 0.357613
0.85 0.35609
0.86 0.35522
0.87 0.353702
0.88 0.352882
0.89 0.35176
0.9 0.350789
0.91 0.350117
0.92 0.349083
0.93 0.348728
0.94 0.347791
0.95 0.34763
0.96 0.346891
0.97 0.346871
0.98 0.346359
0.99 0.346485
