-1 0.389427
-0.99 0.389218
-0.98 0.389555
-0.97 0.389504
-0.96 0.389934
-0.95 0.390077
-0.94 0.390552
-0.93 0.390939
-0.92 0.391396
-0.91 0.392074
-0.9 0.392473
-0.89 0.393432
-0.88 0.393823
-0.87 0.394924
-0.86 0.3955
-0.85 0.396483
-0.84 0.397473
-0.83 0.39818
-0.82 0.399531
-0.81 0.400235
-0.8 0.401442
-0.79 0.402651
-0.78 0.403417
-0.77 0.404918
-0.76 0.40592
-0.75 0.406861
-0.74 0.408451
-0.73 0.409351
-0.72 0.410335
-0.71 0.411967
-0.7 0.412886
-0.69 0.413671
-0.68 0.415283
-0.67 0.416485
-0.66 0.416919
-0.65 0.417999
-0.64 0.419738
-0.63 0.420665
-0.62 0.42062
-0.61 0.421146
-0.6 0.42347
-0.59 0.427459
-0.58 0.432275
-0.57 0.437264
-0.56 0.442176
-0.55 0.446985
-0.54 0.45171
-0.53 0.456361
-0.52 0.460939
-0.51 0.465441
-0.5 0.469865
-0.49 0.474209
-0.48 0.478472
-0.47 0.482652
-0.46 0.486749
-0.45 0.490761
-0.44 0.494686
-0.43 0.498525
-0.42 0.502275
-0.41 0.505936
-0.4 0.509508
-0.39 0.512989
-0.38 0.51638
-0.37 0.519679
-0.36 0.522886
-0.35 0.526002
-0.34 0.529025
-0.33 0.531956
-0.32 0.534794
-0.31 0.53754
-0.3 0.540194
-0.29 0.542755
-0.28 0.545225
-0.27 0.547602
-0.26 0.549887
-0.25 0.552082
-0.24 0.554185
-0.23 0.556197
-0.22 0.55812
-0.21 0.559952
-0.2 0.561695
-0.19 0.563349
-0.18 0.564915
-0.17 0.566393
-0.16 0.567783
-0.15 0.569086
-0.14 0.570302
-0.13 0.571433
-0.12 0.572477
-0.11 0.573437
-0.1 0.574311
-0.09 0.575101
-0.08 0.575807
-0.07 0.576429
-0.06 0.576967
-0.05 0.577423
-0.04 0.577795
-0.03 0.578084
-0.02 0.578291
-0.01 0.578414
0 0.578456
0.01 0.578414
0.02 0.578291
0.03 0.578084
0.04 0.577795
0.05 0.577423
0.06 0.576967
0.07 0.576429
0.08 0.575807
0.09 0.575101
0.1 0.574311
0.11 0.573437
0.12 0.572477
0.13 0.571433
0.14 0.570302
0.15 0.569086
0.16 0.567783
0.17 0.566393
0.18 0.564915
0.19 0.563349
0.2 0.561695
0.21 0.559952
0.22 0.55812
0.23 0.556197
0.24 0.554185
0.25 0.552082
0.26 0.549887
0.27 0.547602
0.28 0.545225
0.29 0.542755
0.3 0.540194
0.31 0.53754
0.32 0.534794
0.33 0.531956
0.34 0.529025
0.35 0.526002
0.36 0.522886
0.37 0.519679
0.38 0.51638
0.39 0.512989
0.4 0.509508
0.41 0.505936
0.42 0.502275
0.43 0.498525
0.44 0.494686
0.45 0.490761
0.46 0.486749
0.47 0.482652
0.48 0.478472
0.49 0.474209
0.5 0.469865
0.51 0.465441
0.52 0.460939
0.53 0.456361
0.54 0.45171
0.55 0.446985
0.56 0.442176
0.57 0.437264
0.58 0.432275
0.59 0.427459
0.6 0.42347
0.61 0.421146
0.62 0.42062
0.63 0.420665
0.64 0.419738
0.65 0.417999
0.66 0.416919
0.67 0.416485
0.68 0.415283
0.69 0.413671
0.7 0.412886
0.71 0.411967
0.72 0.410335
0.73 0.409351
0.74 0.408451
0.75 0.406861
0.76 0.40592
0.77 0.404918
0.78 0.403417
0.79 0.402651
0.8 0.401442
0.81 0.400235
0.82 0.399531
0.83 0.39818
0.84 0.397473
0.85 0.396483
0.86 0.3955
0.87 0.394924
0.88 0.393823
0.89 0.393432
0.9 0.392473
0.91 0.392074
0.92 0.391396
0.93 0.390939
0.94 0.390552
0.95 0.390077
0.96 0.389934
0.97 0.389504
0.98 0.389555
0.99 0.389218
