-1 0.756188
-0.99 0.755875
-0.98 0.755646
-0.97 0.754801
-0.96 0.754023
-0.95 0.752658
-0.94 0.751322
-0.93 0.749458
-0.92 0.747555
-0.91 0.745216
-0.9 0.742734
-0.89 0.739951
-0.88 0.736882
-0.87 0.73368
-0.86 0.730029
-0.85 0.726422
-0.84 0.722215
-0.83 0.718191
-0.82 0.71349
-0.81 0.709005
-0.8 0.703904
-0.79 0.698892
-0.78 0.693495
-0.77 0.687907
-0.76 0.682274
-0.75 0.676139
-0.74 0.670234
-0.73 0.663689
-0.72 0.657378
-0.71 0.650622
-0.7 0.643775
-0.69 0.636929
-0.68 0.629577
-0.67 0.622542
-0.66 0.614939
-0.65 0.607471
-0.64 0.599877
-0.63 0.591897
-0.62 0.584258
-0.61 0.576064
-0.6 0.568037
-0.59 0.559975
-0.58 0.551479
-0.57 0.543395
-0.56 0.534879
-0.55 0.526339
-0.54 0.518071
-0.53 0.509259
-0.52 0.500762
-0.51 0.492267
-0.5 0.483335
-0.49 0.474877
-0.48 0.466212
-0.47 0.457267
-0.46 0.448845
-0.45 0.440113
-0.44 0.431202
-0.43 0.422838
-0.42 0.414155
-0.41 0.405289
-0.4 0.39701
-0.39 0.388502
-0.38 0.379692
-0.37 0.371485
-0.36 0.363287
-0.35 0.354606
-0.34 0.34638
-0.33 0.338564
-0.32 0.330241
-0.31 0.321897
-0.3 0.314279
-0.29 0.306646
-0.28 0.298448
-0.27 0.290554
-0.26 0.283427
-0.25 0.276171
-0.24 0.268278
-0.23 0.260593
-0.22 0.253842
-0.21 0.24742
-0.2 0.240314
-0.19 0.232554
-0.18 0.225242
-0.17 0.219448
-0.16 0.215416
-0.15 0.212687
-0.14 0.210642
-0.13 0.208869
-0.12 0.20721
-0.11 0.205646
-0.1 0.204197
-0.09 0.202877
-0.08 0.201691
-0.07 0.200642
-0.06 0.19973
-0.05 0.198956
-0.04 0.198322
-0.03 0.197828
-0.02 0.197474
-0.01 0.197262
0 0.197191
0.01 0.197262
0.02 0.197474
0.03 0.197828
0.04 0.198322
0.05 0.198956
0.06 0.19973
0.07 0.200642
0.08 0.201691
0.09 0.202877
0.1 0.204197
0.11 0.205646
0.12 0.20721
0.13 0.208869
0.14 0.210642
0.15 0.212687
0.16 0.215416
0.17 0.219448
0.18 0.225242
0.19 0.232554
0.2 0.240314
0.21 0.24742
0.22 0.253842
0.23 0.260593
0.24 0.268278
0.25 0.276171
0.26 0.283427
0.27 0.290554
0.28 0.298448
0.29 0.306646
0.3 0.314279
0.31 0.321897
0.32 0.330241
0.33 0.338564
0.34 0.34638
0.35 0.354606
0.36 0.363287
0.37 0.371485
0.38 0.379692
0.39 0.388502
0.4 0.39701
0.41 0.405289
0.42 0.414155
0.43 0.422838
0.44 0.431202
0.45 0.440113
0.46 0.448845
0.47 0.457267
0.48 0.466212
0.49 0.474877
0.5 0.483335
0.51 0.492267
0.52 0.500762
0.53 0.509259
0.54 0.518071
0.55 0.526339
0.56 0.534879
0.57 0.543395
0.58 0.551479
0.59 0.559975
0.6 0.568037
0.61 0.576064
0.62 0.584258
0.63 0.591897
0.64 0.599877
0.65 0.607471
0.66 0.614939
0.67 0.622542
0.68 0.629577
0.69 0.636929
0.7 0.643775
0.71 0.650622
0.72 0.657378
0.73 0.663689
0.74 0.670234
0.75 0.676139
0.76 0.682274
0.77 0.687907
0.78 0.693495
0.79 0.698892
0.8 0.703904
0.81 0.709005
0.82 0.71349
0.83 0.718191
0.84 0.722215
0.85 0.726422
0.86 0.730029
0.87 0.73368
0.88 0.736882
0.89 0.739951
0.9 0.742734
0.91 0.745216
0.92 0.747555
0.93 0.749458
0.94 0.751322
0.95 0.752658
0.96 0.754023
0.97 0.754801
0.98 0.755646
0.99 0.755875
