-1 0.531083
-0.99 0.531322
-0.98 0.531006
-0.97 0.531158
-0.96 0.530776
-0.95 0.530825
-0.94 0.530396
-0.93 0.530313
-0.92 0.529869
-0.91 0.529611
-0.9 0.529192
-0.89 0.528714
-0.88 0.528351
-0.87 0.527633
-0.86 0.527306
-0.85 0.526399
-0.84 0.526002
-0.83 0.525046
-0.82 0.524399
-0.81 0.523561
-0.8 0.522534
-0.79 0.521835
-0.78 0.520527
-0.77 0.519716
-0.76 0.518462
-0.75 0.517199
-0.74 0.516179
-0.73 0.514533
-0.72 0.513377
-0.71 0.511877
-0.7 0.510128
-0.69 0.508849
-0.68 0.506915
-0.67 0.505121
-0.66 0.503575
-0.65 0.501313
-0.64 0.499392
-0.63 0.497576
-0.62 0.495032
-0.61 0.492862
-0.6 0.490852
-0.59 0.488058
-0.58 0.485477
-0.57 0.483332
-0.56 0.480446
-0.55 0.477274
-0.54 0.474799
-0.53 0.47217
-0.52 0.468621
-0.51 0.465157
-0.5 0.462516
-0.49 0.459728
-0.48 0.455814
-0.47 0.45141
-0.46 0.447986
-0.45 0.446291
-0.44 0.445994
-0.43 0.44635
-0.42 0.446822
-0.41 0.447207
-0.4 0.447483
-0.39 0.447675
-0.38 0.447797
-0.37 0.447856
-0.36 0.447856
-0.35 0.447799
-0.34 0.447688
-0.33 0.447528
-0.32 0.447322
-0.31 0.447073
-0.3 0.446786
-0.29 0.446464
-0.28 0.446111
-0.27 0.44573
-0.26 0.445325
-0.25 0.4449
-0.24 0.444459
-0.23 0.444004
-0.22 0.44354
-0.21 0.44307
-0.2 0.442597
-0.19 0.442125
-0.18 0.441656
-0.17 0.441194
-0.16 0.440742
-0.15 0.440302
-0.14 0.439877
-0.13 0.43947
-0.12 0.439083
-0.11 0.438719
-0.1 0.438378
-0.09 0.438065
-0.08 0.437779
-0.07 0.437524
-0.06 0.437299
-0.05 0.437107
-0.04 0.436948
-0.03 0.436824
-0.02 0.436735
-0.01 0.436681
0 0.436663
0.01 0.436681
0.02 0.436735
0.03 0.436824
0.04 0.436948
0.05 0.437107
0.06 0.437299
0.07 0.437524
0.08 0.437779
0.09 0.438065
0.1 0.438378
0.11 0.438719
0.12 0.439083
0.13 0.43947
0.14 0.439877
0.15 0.440302
0.16 0.440742
0.17 0.441194
0.18 0.441656
0.19 0.442125
0.2 0.442597
0.21 0.44307
0.22 0.44354
0.23 0.444004
0.24 0.444459
0.25 0.4449
0.26 0.445325
0.27 0.44573
0.28 0.446111
0.29 0.446464
0.3 0.446786
0.31 0.447073
0.32 0.447322
0.33 0.447528
0.34 0.447688
0.35 0.447799
0.36 0.447856
0.37 0.447856
0.38 0.447797
0.39 0.447675
0.4 0.447483
0.41 0.447207
0.42 0.446822
0.43 0.44635
0.44 0.445994
0.45 0.446291
0.46 0.447986
0.47 0.45141
0.48 0.455814
0.49 0.459728
0.5 0.462516
0.51 0.465157
0.52 0.468621
0.53 0.47217
0.54 0.474799
0.55 0.477274
0.56 0.480446
0.57 0.483332
0.58 0.485477
0.59 0.488058
0.6 0.490852
0.61 0.492862
0.62 0.495032
0.63 0.497576
0.64 0.499392
0.65 0.501313
0.66 0.503575
0.67 0.505121
0.68 0.506915
0.69 0.508849
0.7 0.510128
0.71 0.511877
0.72 0.513377
0.73 0.514533
0.74 0.516179
0.75 0.517199
0.76 0.518462
0.77 0.519716
0.78 0.520527
0.79 0.521835
0.8 0.522534
0.81 0.523561
0.82 0.524399
0.83 0.525046
0.84 0.526002
0.85 0.526399
0.86 0.527306
0.87 0.527633
0.88 0.528351
0.89 0.528714
0.9 0.529192
0.91 0.529611
0.92 0.529869
0.93 0.530313
0.94 0.530396
0.95 0.530825
0.96 0.530776
0.97 0.531158
0.98 0.531006
0.99 0.531322
