-1 0.488911
-0.99 0.488647
-0.98 0.488907
-0.97 0.488626
-0.96 0.488889
-0.95 0.488585
-0.94 0.488846
-0.93 0.488531
-0.92 0.488761
-0.91 0.488471
-0.9 0.488608
-0.89 0.488409
-0.88 0.488372
-0.87 0.488328
-0.86 0.488063
-0.85 0.488173
-0.84 0.487729
-0.83 0.487853
-0.82 0.487424
-0.81 0.48731
-0.8 0.487116
-0.79 0.48662
-0.78 0.486617
-0.77 0.48597
-0.76 0.485739
-0.75 0.485373
-0.74 0.484633
-0.73 0.484454
-0.72 0.483672
-0.71 0.482998
-0.7 0.482633
-0.69 0.481558
-0.68 0.480877
-0.67 0.480271
-0.66 0.478965
-0.65 0.478141
-0.64 0.47736
-0.63 0.475821
-0.62 0.474686
-0.61 0.473828
-0.6 0.472136
-0.59 0.470445
-0.58 0.469441
-0.57 0.467959
-0.56 0.46567
-0.55 0.463837
-0.54 0.4627
-0.53 0.460975
-0.52 0.458127
-0.51 0.455305
-0.5 0.453901
-0.49 0.454223
-0.48 0.455654
-0.47 0.457461
-0.46 0.459248
-0.45 0.460911
-0.44 0.462459
-0.43 0.463914
-0.42 0.465284
-0.41 0.466572
-0.4 0.46778
-0.39 0.468909
-0.38 0.469961
-0.37 0.47094
-0.36 0.471847
-0.35 0.472685
-0.34 0.473457
-0.33 0.474166
-0.32 0.474813
-0.31 0.475403
-0.3 0.475936
-0.29 0.476418
-0.28 0.476849
-0.27 0.477234
-0.26 0.477575
-0.25 0.477875
-0.24 0.478136
-0.23 0.478362
-0.22 0.478555
-0.21 0.478718
-0.2 0.478853
-0.19 0.478964
-0.18 0.479052
-0.17 0.47912
-0.16 0.479171
-0.15 0.479207
-0.14 0.47923
-0.13 0.479241
-0.12 0.479244
-0.11 0.479239
-0.1 0.479229
-0.09 0.479215
-0.08 0.479198
-0.07 0.479181
-0.06 0.479163
-0.05 0.479146
-0.04 0.479131
-0.03 0.479119
-0.02 0.47911
-0.01 0.479104
0 0.479102
0.01 0.479104
0.02 0.47911
0.03 0.479119
0.04 0.479131
0.05 0.479146
0.06 0.479163
0.07 0.479181
0.08 0.479198
0.09 0.479215
0.1 0.479229
0.11 0.479239
0.12 0.479244
0.13 0.479241
0.14 0.47923
0.15 0.479207
0.16 0.479171
0.17 0.47912
0.18 0.479052
0.19 0.478964
0.2 0.478853
0.21 0.478718
0.22 0.478555
0.23 0.478362
0.24 0.478136
0.25 0.477875
0.26 0.477575
0.27 0.477234
0.28 0.476849
0.29 0.476418
0.3 0.475936
0.31 0.475403
0.32 0.474813
0.33 0.474166
0.34 0.473457
0.35 0.472685
0.36 0.471847
0.37 0.47094
0.38 0.469961
0.39 0.468909
0.4 0.46778
0.41 0.466572
0.42 0.465284
0.43 0.463914
0.44 0.462459
0.45 0.460911
0.46 0.459248
0.47 0.457461
0.48 0.455654
0.49 0.454223
0.5 0.453901
0.51 0.455305
0.52 0.458127
0.53 0.460975
0.54 0.4627
0.55 0.463837
0.56 0.46567
0.57 0.467959
0.58 0.469441
0.59 0.470445
0.6 0.472136
0.61 0.473828
0.62 0.474686
0.63 0.475821
0.64 0.47736
0.65 0.478141
0.66 0.478965
0.67 0.480271
0.68 0.480877
0.69 0.481558
0.7 0.482633
0.71 0.482998
0.72 0.483672
0.73 0.484454
0.74 0.484633
0.75 0.485373
0.76 0.485739
0.77 0.48597
0.78 0.486617
0.79 0.48662
0.8 0.487116
0.81 0.48731
0.82 0.487424
0.83 0.487853
0.84 0.487729
0.85 0.488173
0.86 0.488063
0.87 0.488328
0.88 0.488372
0.89 0.488409
0.9 0.488608
0.91 0.488471
0.92 0.488761
0.93 0.488531
0.94 0.488846
0.95 0.488585
0.96 0.488889
0.97 0.488626
0.98 0.488907
0.99 0.488647
