-1 2.66325
-0.998 2.66314
-0.996 2.66284
-0.994 2.66233
-0.992 2.66161
-0.99 2.66068
-0.988 2.65954
-0.986 2.65819
-0.984 2.65662
-0.982 2.65483
-0.98 2.65282
-0.978 2.65058
-0.976 2.6481
-0.974 2.64539
-0.972 2.64243
-0.97 2.63922
-0.968 2.63575
-0.966 2.63202
-0.964 2.62801
-0.962 2.62373
-0.96 2.61916
-0.958 2.6143
-0.956 2.60914
-0.954 2.60367
-0.952 2.59788
-0.95 2.59177
-0.948 2.58533
-0.946 2.57854
-0.944 2.57141
-0.942 2.56392
-0.94 2.55607
-0.938 2.54785
-0.936 2.53924
-0.934 2.53026
-0.932 2.52088
-0.93 2.5111
-0.928 2.50091
-0.926 2.49031
-0.924 2.4793
-0.922 2.46787
-0.92 2.45601
-0.918 2.44371
-0.916 2.43099
-0.914 2.41782
-0.912 2.40422
-0.91 2.39017
-0.908 2.37568
-0.906 2.36075
-0.904 2.34536
-0.902 2.32954
-0.9 2.31327
-0.898 2.29655
-0.896 2.2794
-0.894 2.2618
-0.892 2.24378
-0.89 2.22532
-0.888 2.20643
-0.886 2.18713
-0.884 2.16741
-0.882 2.14728
-0.88 2.12675
-0.878 2.10582
-0.876 2.08452
-0.874 2.06283
-0.872 2.04078
-0.87 2.01838
-0.868 1.99563
-0.866 1.97254
-0.864 1.94914
-0.862 1.92542
-0.86 1.90141
-0.858 1.87711
-0.856 1.85254
-0.854 1.82772
-0.852 1.80266
-0.85 1.77736
-0.848 1.75186
-0.846 1.72616
-0.844 1.70028
-0.842 1.67423
-0.84 1.64804
-0.838 1.62171
-0.836 1.59526
-0.834 1.56872
-0.832 1.54209
-0.83 1.51539
-0.828 1.48864
-0.826 1.46186
-0.824 1.43506
-0.822 1.40826
-0.82 1.38147
-0.818 1.35472
-0.816 1.32801
-0.814 1.30137
-0.812 1.2748
-0.81 1.24833
-0.808 1.22197
-0.806 1.19573
-0.804 1.16963
-0.802 1.14369
-0.8 1.11791
-0.798 1.09231
-0.796 1.06691
-0.794 1.04171
-0.792 1.01674
-0.79 0.991991
-0.788 0.967488
-0.786 0.943238
-0.784 0.919252
-0.782 0.895541
-0.78 0.872114
-0.778 0.848981
-0.776 0.826149
-0.774 0.803629
-0.772 0.781426
-0.77 0.759548
-0.768 0.738003
-0.766 0.716796
-0.764 0.695932
-0.762 0.675418
-0.76 0.655258
-0.758 0.635456
-0.756 0.616017
-0.754 0.596942
-0.752 0.578235
-0.75 0.559899
-0.748 0.541935
-0.746 0.524345
-0.744 0.50713
-0.742 0.49029
-0.74 0.473825
-0.738 0.457736
-0.736 0.442021
-0.734 0.426679
-0.732 0.41171
-0.73 0.397111
-0.728 0.382881
-0.726 0.369016
-0.724 0.355514
-0.722 0.342373
-0.72 0.329588
-0.718 0.317156
-0.716 0.305074
-0.714 0.293337
-0.712 0.281941
-0.71 0.270881
-0.708 0.260152
-0.706 0.249751
-0.704 0.23967
-0.702 0.229907
-0.7 0.220454
-0.698 0.211306
-0.696 0.202458
-0.694 0.193904
-0.692 0.185639
-0.69 0.177655
-0.688 0.169947
-0.686 0.16251
-0.684 0.155337
-0.682 0.148421
-0.68 0.141758
-0.678 0.13534
-0.676 0.129161
-0.674 0.123216
-0.672 0.117497
-0.67 0.112
-0.668 0.106718
-0.666 0.101644
-0.664 0.0967732
-0.662 0.0920992
-0.66 0.0876161
-0.658 0.0833182
-0.656 0.0791996
-0.654 0.0752548
-0.652 0.071478
-0.65 0.0678637
-0.648 0.0644066
-0.646 0.0611013
-0.644 0.0579426
-0.642 0.0549253
-0.64 0.0520444
-0.638 0.049295
-0.636 0.0466723
-0.634 0.0441715
-0.632 0.0417881
-0.63 0.0395175
-0.628 0.0373554
-0.626 0.0352976
-0.624 0.0333398
-0.622 0.0314781
-0.62 0.0297085
-0.618 0.0280272
-0.616 0.0264305
-0.614 0.0249148
-0.612 0.0234767
-0.61 0.0221128
-0.608 0.0208198
-0.606 0.0195946
-0.604 0.0184341
-0.602 0.0173355
-0.6 0.0162958
-0.598 0.0153124
-0.596 0.0143825
-0.594 0.0135038
-0.592 0.0126737
-0.59 0.0118898
-0.588 0.01115
-0.586 0.0104521
-0.584 0.00979389
-0.582 0.0091735
-0.58 0.00858898
-0.578 0.00803849
-0.576 0.00752028
-0.574 0.00703267
-0.572 0.00657405
-0.57 0.00614288
-0.568 0.0057377
-0.566 0.0053571
-0.564 0.00499976
-0.562 0.00466438
-0.56 0.00434977
-0.558 0.00405475
-0.556 0.00377823
-0.554 0.00351917
-0.552 0.00327656
-0.55 0.00304945
-0.548 0.00283695
-0.546 0.00263821
-0.544 0.00245241
-0.542 0.00227878
-0.54 0.0021166
-0.538 0.00196518
-0.536 0.00182386
-0.534 0.00169203
-0.532 0.00156909
-0.53 0.00145451
-0.528 0.00134776
-0.526 0.00124834
-0.524 0.0011558
-0.522 0.00106968
-0.52 0.00098959
-0.518 0.000915129
-0.516 0.000845932
-0.514 0.000781655
-0.512 0.000721973
-0.51 0.000666581
-0.508 0.000615194
-0.506 0.000567541
-0.504 0.000523369
-0.502 0.000482443
-0.5 0.000444539
-0.498 0.00040945
-0.496 0.000376979
-0.494 0.000346945
-0.492 0.000319176
-0.49 0.000293512
-0.488 0.000269804
-0.486 0.000247911
-0.484 0.000227704
-0.482 0.000209061
-0.48 0.000191867
-0.478 0.000176017
-0.476 0.000161411
-0.474 0.000147959
-0.472 0.000135573
-0.47 0.000124175
-0.468 0.000113689
-0.466 0.000104047
-0.464 9.5185e-05
-0.462 8.70428e-05
-0.46 7.95653e-05
-0.458 7.27011e-05
-0.456 6.64025e-05
-0.454 6.06253e-05
-0.452 5.53287e-05
-0.45 5.04746e-05
-0.448 4.60279e-05
-0.446 4.19562e-05
-0.444 3.82294e-05
-0.442 3.48197e-05
-0.44 3.17015e-05
-0.438 2.88509e-05
-0.436 2.62462e-05
-0.434 2.38671e-05
-0.432 2.16949e-05
-0.43 1.97126e-05
-0.428 1.79042e-05
-0.426 1.62552e-05
-0.424 1.47522e-05
-0.422 1.33828e-05
-0.42 1.21357e-05
-0.418 1.10004e-05
-0.416 9.96732e-06
-0.414 9.02764e-06
-0.412 8.17328e-06
-0.41 7.39682e-06
-0.408 6.69144e-06
-0.406 6.05091e-06
-0.404 5.46951e-06
-0.402 4.94199e-06
-0.4 4.46357e-06
-0.398 4.02984e-06
-0.396 3.63681e-06
-0.394 3.2808e-06
-0.392 2.95845e-06
-0.39 2.66671e-06
-0.388 2.40278e-06
-0.386 2.1641e-06
-0.384 1.94836e-06
-0.382 1.75342e-06
-0.38 1.57735e-06
-0.378 1.4184e-06
-0.376 1.27495e-06
-0.374 1.14555e-06
-0.372 1.02888e-06
-0.37 9.23713e-07
-0.368 8.28968e-07
-0.366 7.43644e-07
-0.364 6.66835e-07
-0.362 5.9772e-07
-0.36 5.35555e-07
-0.358 4.79663e-07
-0.356 4.29432e-07
-0.354 3.84308e-07
-0.352 3.43788e-07
-0.35 3.07417e-07
-0.348 2.74784e-07
-0.346 2.45517e-07
-0.344 2.19279e-07
-0.342 1.95767e-07
-0.34 1.74706e-07
-0.338 1.55849e-07
-0.336 1.38971e-07
-0.334 1.23872e-07
-0.332 1.10369e-07
-0.33 9.82985e-08
-0.328 8.75132e-08
-0.326 7.788e-08
-0.324 6.92796e-08
-0.322 6.16043e-08
-0.32 5.47574e-08
-0.318 4.8652e-08
-0.316 4.321e-08
-0.314 3.83615e-08
-0.312 3.40433e-08
-0.31 3.01992e-08
-0.308 2.67784e-08
-0.306 2.37356e-08
-0.304 2.10302e-08
-0.302 1.86256e-08
-0.3 1.64894e-08
-0.298 1.45924e-08
-0.296 1.29084e-08
-0.294 1.14142e-08
-0.292 1.0089e-08
-0.29 8.914e-09
-0.288 7.87273e-09
-0.286 6.9503e-09
-0.284 6.13351e-09
-0.282 5.41053e-09
-0.28 4.77087e-09
-0.278 4.20515e-09
-0.276 3.70503e-09
-0.274 3.26308e-09
-0.272 2.8727e-09
-0.27 2.52801e-09
-0.268 2.22379e-09
-0.266 1.95541e-09
-0.264 1.71871e-09
-0.262 1.51008e-09
-0.26 1.32623e-09
-0.258 1.1643e-09
-0.256 1.02174e-09
-0.254 8.96266e-10
-0.252 7.85894e-10
-0.25 6.88837e-10
-0.248 6.03525e-10
-0.246 5.28565e-10
-0.244 4.62731e-10
-0.242 4.04937e-10
-0.24 3.54216e-10
-0.238 3.09726e-10
-0.236 2.70718e-10
-0.234 2.36525e-10
-0.232 2.06569e-10
-0.23 1.80338e-10
-0.228 1.57368e-10
-0.226 1.37274e-10
-0.224 1.19697e-10
-0.222 1.04332e-10
-0.22 9.08962e-11
-0.218 7.91643e-11
-0.216 6.89183e-11
-0.214 5.99706e-11
-0.212 5.2167e-11
-0.21 4.53604e-11
-0.208 3.94256e-11
-0.206 3.42581e-11
-0.204 2.97478e-11
-0.202 2.58288e-11
-0.2 2.24102e-11
-0.198 1.944e-11
-0.196 1.68607e-11
-0.194 1.46092e-11
-0.192 1.26595e-11
-0.19 1.09594e-11
-0.188 9.49277e-12
-0.186 8.21269e-12
-0.184 7.10452e-12
-0.182 6.14414e-12
-0.18 5.31265e-12
-0.178 4.58623e-12
-0.176 3.9632e-12
-0.174 3.41744e-12
-0.172 2.95107e-12
-0.17 2.54647e-12
-0.168 2.19451e-12
-0.166 1.8939e-12
-0.164 1.62806e-12
-0.162 1.40477e-12
-0.16 1.2108e-12
-0.158 1.03649e-12
-0.156 8.93525e-13
-0.154 7.69831e-13
-0.152 6.60685e-13
-0.15 5.69243e-13
-0.148 4.85199e-13
-0.146 4.20146e-13
-0.144 3.56667e-13
-0.142 3.08388e-13
-0.14 2.66929e-13
-0.138 2.28883e-13
-0.136 1.94239e-13
-0.134 1.6493e-13
-0.132 1.3837e-13
-0.13 1.2356e-13
-0.128 1.0433e-13
-0.126 8.95399e-14
-0.124 7.83059e-14
-0.122 6.49809e-14
-0.12 5.54543e-14
-0.118 4.93517e-14
-0.116 4.20373e-14
-0.114 3.52248e-14
-0.112 3.30895e-14
-0.11 2.15846e-14
-0.108 2.3947e-14
-0.106 1.58615e-14
-0.104 1.52469e-14
-0.102 1.36605e-14
-0.1 1.01525e-14
-0.098 9.5394e-15
-0.096 5.46576e-15
-0.094 8.97851e-15
-0.092 7.27494e-15
-0.09 6.83492e-15
-0.088 3.46203e-15
-0.086 1.14656e-15
-0.084 3.45283e-15
-0.082 -5.76722e-16
-0.08 4.72238e-15
-0.078 -5.31569e-16
-0.076 -3.55125e-16
-0.074 2.69616e-15
-0.072 -1.04128e-15
-0.07 -6.94384e-16
-0.068 3.44091e-16
-0.066 2.92215e-15
-0.064 1.8087e-15
-0.062 5.13798e-15
-0.06 -9.06845e-16
-0.058 2.13622e-15
-0.056 -3.65752e-16
-0.054 3.04596e-15
-0.052 2.49356e-15
-0.05 -9.72015e-16
-0.048 -1.02246e-15
-0.046 2.28094e-15
-0.044 -4.48193e-15
-0.042 1.12074e-15
-0.04 2.50649e-15
-0.038 1.26191e-15
-0.036 2.23436e-15
-0.034 2.1243e-15
-0.032 -2.95575e-15
-0.03 6.08553e-16
-0.028 -2.11555e-15
-0.026 -6.44646e-16
-0.024 3.33918e-16
-0.022 -5.27525e-16
-0.02 -3.86726e-16
-0.018 9.92491e-16
-0.016 -2.09583e-15
-0.014 -6.25e-17
-0.012 1.38955e-15
-0.01 2.21727e-15
-0.008 3.2295e-15
-0.006 1.47126e-15
-0.004 6.4394e-16
-0.002 -1.40508e-15
0 2.34227e-15
0.002 1.98426e-16
0.004 2.85835e-15
0.006 -1.97578e-15
0.008 3.60641e-15
0.01 -1.95198e-15
0.012 9.8247e-17
0.014 2.82482e-16
0.016 1.17554e-15
0.018 -9.87571e-16
0.02 1.35072e-15
0.022 2.00412e-15
0.024 2.22023e-15
0.026 -1.19182e-16
0.028 -1.82163e-15
0.03 -1.89903e-15
0.032 2.04525e-15
0.034 3.38759e-15
0.036 1.49312e-16
0.038 2.99688e-16
0.04 4.77342e-15
0.042 7.63959e-16
0.044 3.73641e-15
0.046 -2.61314e-16
0.048 2.31325e-15
0.05 3.51634e-16
0.052 1.04419e-15
0.054 1.40148e-15
0.056 1.86576e-15
0.058 -1.47825e-15
0.06 5.29728e-15
0.062 -4.23426e-16
0.064 6.49322e-16
0.066 -8.24112e-16
0.068 3.81303e-16
0.07 2.27405e-15
0.072 -7.6273e-16
0.074 3.48481e-15
0.076 1.72938e-15
0.078 5.13461e-15
0.08 3.42075e-15
0.082 1.10124e-15
0.084 2.14391e-15
0.086 4.8363e-15
0.088 7.72351e-15
0.09 8.06571e-15
0.092 3.97572e-15
0.094 7.5549e-15
0.096 6.45198e-15
0.098 1.4696e-14
0.1 1.00392e-14
0.102 1.53384e-14
0.104 1.67389e-14
0.106 1.74329e-14
0.108 2.26406e-14
0.11 2.54399e-14
0.112 2.85146e-14
0.114 3.47086e-14
0.116 4.23944e-14
0.118 4.75124e-14
0.12 5.94402e-14
0.122 6.425e-14
0.124 7.49422e-14
0.126 8.83342e-14
0.128 1.04672e-13
0.13 1.21056e-13
0.132 1.43013e-13
0.134 1.67665e-13
0.136 1.9589e-13
0.138 2.27201e-13
0.14 2.67439e-13
0.142 3.1289e-13
0.144 3.57082e-13
0.146 4.20713e-13
0.148 4.87198e-13
0.15 5.68017e-13
0.152 6.62017e-13
0.154 7.67431e-13
0.156 8.94615e-13
0.158 1.03881e-12
0.16 1.20831e-12
0.162 1.40032e-12
0.164 1.63252e-12
0.166 1.89288e-12
0.168 2.19652e-12
0.17 2.54502e-12
0.172 2.95385e-12
0.174 3.42151e-12
0.176 3.96123e-12
0.178 4.58904e-12
0.18 5.30681e-12
0.182 6.14195e-12
0.184 7.10464e-12
0.186 8.21126e-12
0.188 9.49116e-12
0.19 1.09673e-11
0.192 1.26574e-11
0.194 1.46093e-11
0.196 1.68538e-11
0.198 1.94397e-11
0.2 2.24086e-11
0.202 2.58291e-11
0.204 2.97454e-11
0.206 3.42526e-11
0.208 3.94242e-11
0.21 4.53584e-11
0.212 5.21675e-11
0.214 5.99674e-11
0.216 6.89169e-11
0.218 7.91641e-11
0.22 9.08919e-11
0.222 1.04328e-10
0.224 1.19693e-10
0.226 1.37276e-10
0.228 1.57364e-10
0.23 1.80336e-10
0.232 2.06566e-10
0.234 2.36525e-10
0.236 2.70713e-10
0.238 3.09727e-10
0.24 3.54214e-10
0.242 4.04934e-10
0.244 4.62733e-10
0.246 5.28562e-10
0.248 6.03522e-10
0.25 6.88835e-10
0.252 7.85893e-10
0.254 8.96264e-10
0.256 1.02174e-09
0.258 1.1643e-09
0.26 1.32622e-09
0.262 1.51007e-09
0.264 1.71871e-09
0.266 1.9554e-09
0.268 2.22379e-09
0.27 2.52801e-09
0.272 2.8727e-09
0.274 3.26308e-09
0.276 3.70502e-09
0.278 4.20514e-09
0.28 4.77086e-09
0.282 5.41053e-09
0.284 6.1335e-09
0.286 6.9503e-09
0.288 7.87273e-09
0.29 8.914e-09
0.292 1.0089e-08
0.294 1.14142e-08
0.296 1.29084e-08
0.298 1.45924e-08
0.3 1.64894e-08
0.302 1.86256e-08
0.304 2.10302e-08
0.306 2.37356e-08
0.308 2.67784e-08
0.31 3.01992e-08
0.312 3.40433e-08
0.314 3.83615e-08
0.316 4.321e-08
0.318 4.8652e-08
0.32 5.47574e-08
0.322 6.16043e-08
0.324 6.92796e-08
0.326 7.788e-08
0.328 8.75132e-08
0.33 9.82985e-08
0.332 1.10369e-07
0.334 1.23872e-07
0.336 1.38971e-07
0.338 1.55849e-07
0.34 1.74706e-07
0.342 1.95767e-07
0.344 2.19279e-07
0.346 2.45517e-07
0.348 2.74784e-07
0.35 3.07417e-07
0.352 3.43788e-07
0.354 3.84308e-07
0.356 4.29432e-07
0.358 4.79663e-07
0.36 5.35555e-07
0.362 5.9772e-07
0.364 6.66835e-07
0.366 7.43644e-07
0.368 8.28968e-07
0.37 9.23713e-07
0.372 1.02888e-06
0.374 1.14555e-06
0.376 1.27495e-06
0.378 1.4184e-06
0.38 1.57735e-06
0.382 1.75342e-06
0.384 1.94836e-06
0.386 2.1641e-06
0.388 2.40278e-06
0.39 2.66671e-06
0.392 2.95845e-06
0.394 3.2808e-06
0.396 3.63681e-06
0.398 4.02984e-06
0.4 4.46357e-06
0.402 4.94199e-06
0.404 5.46951e-06
0.406 6.05091e-06
0.408 6.69144e-06
0.41 7.39682e-06
0.412 8.17328e-06
0.414 9.02764e-06
0.416 9.96732e-06
0.418 1.10004e-05
0.42 1.21357e-05
0.422 1.33828e-05
0.424 1.47522e-05
0.426 1.62552e-05
0.428 1.79042e-05
0.43 1.97126e-05
0.432 2.16949e-05
0.434 2.38671e-05
0.436 2.62462e-05
0.438 2.88509e-05
0.44 3.17015e-05
0.442 3.48197e-05
0.444 3.82294e-05
0.446 4.19562e-05
0.448 4.60279e-05
0.45 5.04746e-05
0.452 5.53287e-05
0.454 6.06253e-05
0.456 6.64025e-05
0.458 7.27011e-05
0.46 7.95653e-05
0.462 8.70428e-05
0.464 9.5185e-05
0.466 0.000104047
0.468 0.000113689
0.47 0.000124175
0.472 0.000135573
0.474 0.000147959
0.476 0.000161411
0.478 0.000176017
0.48 0.000191867
0.482 0.000209061
0.484 0.000227704
0.486 0.000247911
0.488 0.000269804
0.49 0.000293512
0.492 0.000319176
0.494 0.000346945
0.496 0.000376979
0.498 0.00040945
0.5 0.000444539
0.502 0.000482443
0.504 0.000523369
0.506 0.000567541
0.508 0.000615194
0.51 0.000666581
0.512 0.000721973
0.514 0.000781655
0.516 0.000845932
0.518 0.000915129
0.52 0.00098959
0.522 0.00106968
0.524 0.0011558
0.526 0.00124834
0.528 0.00134776
0.53 0.00145451
0.532 0.00156909
0.534 0.00169203
0.536 0.00182386
0.538 0.00196518
0.54 0.0021166
0.542 0.00227878
0.544 0.00245241
0.546 0.00263821
0.548 0.00283695
0.55 0.00304945
0.552 0.00327656
0.554 0.00351917
0.556 0.00377823
0.558 0.00405475
0.56 0.00434977
0.562 0.00466438
0.564 0.00499976
0.566 0.0053571
0.568 0.0057377
0.57 0.00614288
0.572 0.00657405
0.574 0.00703267
0.576 0.00752028
0.578 0.00803849
0.58 0.00858898
0.582 0.0091735
0.584 0.00979389
0.586 0.0104521
0.588 0.01115
0.59 0.0118898
0.592 0.0126737
0.594 0.0135038
0.596 0.0143825
0.598 0.0153124
0.6 0.0162958
0.602 0.0173355
0.604 0.0184341
0.606 0.0195946
0.608 0.0208198
0.61 0.0221128
0.612 0.0234767
0.614 0.0249148
0.616 0.0264305
0.618 0.0280272
0.62 0.0297085
0.622 0.0314781
0.624 0.0333398
0.626 0.0352976
0.628 0.0373554
0.63 0.0395175
0.632 0.0417881
0.634 0.0441715
0.636 0.0466723
0.638 0.049295
0.64 0.0520444
0.642 0.0549253
0.644 0.0579426
0.646 0.0611013
0.648 0.0644066
0.65 0.0678637
0.652 0.071478
0.654 0.0752548
0.656 0.0791996
0.658 0.0833182
0.66 0.0876161
0.662 0.0920992
0.664 0.0967732
0.666 0.101644
0.668 0.106718
0.67 0.112
0.672 0.117497
0.674 0.123216
0.676 0.129161
0.678 0.13534
0.68 0.141758
0.682 0.148421
0.684 0.155337
0.686 0.16251
0.688 0.169947
0.69 0.177655
0.692 0.185639
0.694 0.193904
0.696 0.202458
0.698 0.211306
0.7 0.220454
0.702 0.229907
0.704 0.23967
0.706 0.249751
0.708 0.260152
0.71 0.270881
0.712 0.281941
0.714 0.293337
0.716 0.305074
0.718 0.317156
0.72 0.329588
0.722 0.342373
0.724 0.355514
0.726 0.369016
0.728 0.382881
0.73 0.397111
0.732 0.41171
0.734 0.426679
0.736 0.442021
0.738 0.457736
0.74 0.473825
0.742 0.49029
0.744 0.50713
0.746 0.524345
0.748 0.541935
0.75 0.559899
0.752 0.578235
0.754 0.596942
0.756 0.616017
0.758 0.635456
0.76 0.655258
0.762 0.675418
0.764 0.695932
0.766 0.716796
0.768 0.738003
0.77 0.759548
0.772 0.781426
0.774 0.803629
0.776 0.826149
0.778 0.848981
0.78 0.872114
0.782 0.895541
0.784 0.919252
0.786 0.943238
0.788 0.967488
0.79 0.991991
0.792 1.01674
0.794 1.04171
0.796 1.06691
0.798 1.09231
0.8 1.11791
0.802 1.14369
0.804 1.16963
0.806 1.19573
0.808 1.22197
0.81 1.24833
0.812 1.2748
0.814 1.30137
0.816 1.32801
0.818 1.35472
0.82 1.38147
0.822 1.40826
0.824 1.43506
0.826 1.46186
0.828 1.48864
0.83 1.51539
0.832 1.54209
0.834 1.56872
0.836 1.59526
0.838 1.62171
0.84 1.64804
0.842 1.67423
0.844 1.70028
0.846 1.72616
0.848 1.75186
0.85 1.77736
0.852 1.80266
0.854 1.82772
0.856 1.85254
0.858 1.87711
0.86 1.90141
0.862 1.92542
0.864 1.94914
0.866 1.97254
0.868 1.99563
0.87 2.01838
0.872 2.04078
0.874 2.06283
0.876 2.08452
0.878 2.10582
0.88 2.12675
0.882 2.14728
0.884 2.16741
0.886 2.18713
0.888 2.20643
0.89 2.22532
0.892 2.24378
0.894 2.2618
0.896 2.2794
0.898 2.29655
0.9 2.31327
0.902 2.32954
0.904 2.34536
0.906 2.36075
0.908 2.37568
0.91 2.39017
0.912 2.40422
0.914 2.41782
0.916 2.43099
0.918 2.44371
0.92 2.45601
0.922 2.46787
0.924 2.4793
0.926 2.49031
0.928 2.50091
0.93 2.5111
0.932 2.52088
0.934 2.53026
0.936 2.53924
0.938 2.54785
0.94 2.55607
0.942 2.56392
0.944 2.57141
0.946 2.57854
0.948 2.58533
0.95 2.59177
0.952 2.59788
0.954 2.60367
0.956 2.60914
0.958 2.6143
0.96 2.61916
0.962 2.62373
0.964 2.62801
0.966 2.63202
0.968 2.63575
0.97 2.63922
0.972 2.64243
0.974 2.64539
0.976 2.6481
0.978 2.65058
0.98 2.65282
0.982 2.65483
0.984 2.65662
0.986 2.65819
0.988 2.65954
0.99 2.66068
0.992 2.66161
0.994 2.66233
0.996 2.66284
0.998 2.66314
