-1 0.330326
-0.99 0.330434
-0.98 0.330542
-0.97 0.330808
-0.96 0.331188
-0.95 0.331552
-0.94 0.332257
-0.93 0.33267
-0.92 0.333712
-0.91 0.334193
-0.9 0.335482
-0.89 0.336181
-0.88 0.337479
-0.87 0.338648
-0.86 0.339726
-0.85 0.341423
-0.84 0.342451
-0.83 0.344203
-0.82 0.345787
-0.81 0.347092
-0.8 0.349215
-0.79 0.350723
-0.78 0.352333
-0.77 0.354659
-0.76 0.356239
-0.75 0.357918
-0.74 0.360442
-0.73 0.362322
-0.72 0.363744
-0.71 0.366159
-0.7 0.368858
-0.69 0.370437
-0.68 0.37159
-0.67 0.374109
-0.66 0.378644
-0.65 0.38453
-0.64 0.390897
-0.63 0.397299
-0.62 0.403643
-0.61 0.409941
-0.6 0.416209
-0.59 0.422447
-0.58 0.428652
-0.57 0.434818
-0.56 0.440944
-0.55 0.447024
-0.54 0.453058
-0.53 0.459039
-0.52 0.464967
-0.51 0.470836
-0.5 0.476645
-0.49 0.482389
-0.48 0.488066
-0.47 0.493673
-0.46 0.499207
-0.45 0.504664
-0.44 0.510042
-0.43 0.515339
-0.42 0.52055
-0.41 0.525674
-0.4 0.530708
-0.39 0.535649
-0.38 0.540495
-0.37 0.545243
-0.36 0.549892
-0.35 0.554438
-0.34 0.55888
-0.33 0.563215
-0.32 0.567442
-0.31 0.571558
-0.3 0.575561
-0.29 0.57945
-0.28 0.583223
-0.27 0.586878
-0.26 0.590413
-0.25 0.593827
-0.24 0.597119
-0.23 0.600287
-0.22 0.603329
-0.21 0.606245
-0.2 0.609033
-0.19 0.611691
-0.18 0.61422
-0.17 0.616618
-0.16 0.618883
-0.15 0.621016
-0.14 0.623015
-0.13 0.624879
-0.12 0.626608
-0.11 0.628201
-0.1 0.629658
-0.09 0.630977
-0.08 0.632159
-0.07 0.633203
-0.06 0.634108
-0.05 0.634875
-0.04 0.635503
-0.03 0.635991
-0.02 0.63634
-0.01 0.63655
0 0.636619
0.01 0.63655
0.02 0.63634
0.03 0.635991
0.04 0.635503
0.05 0.634875
0.06 0.634108
0.07 0.633203
0.08 0.632159
0.09 0.630977
0.1 0.629658
0.11 0.628201
0.12 0.626608
0.13 0.624879
0.14 0.623015
0.15 0.621016
0.16 0.618883
0.17 0.616618
0.18 0.61422
0.19 0.611691
0.2 0.609033
0.21 0.606245
0.22 0.603329
0.23 0.600287
0.24 0.597119
0.25 0.593827
0.26 0.590413
0.27 0.586878
0.28 0.583223
0.29 0.57945
0.3 0.575561
0.31 0.571558
0.32 0.567442
0.33 0.563215
0.34 0.55888
0.35 0.554438
0.36 0.549892
0.37 0.545243
0.38 0.540495
0.39 0.535649
0.4 0.530708
0.41 0.525674
0.42 0.52055
0.43 0.515339
0.44 0.510042
0.45 0.504664
0.46 0.499207
0.47 0.493673
0.48 0.488066
0.49 0.482389
0.5 0.476645
0.51 0.470836
0.52 0.464967
0.53 0.459039
0.54 0.453058
0.55 0.447024
0.56 0.440944
0.57 0.434818
0.58 0.428652
0.59 0.422447
0.6 0.416209
0.61 0.409941
0.62 0.403643
0.63 0.397299
0.64 0.390897
0.65 0.38453
0.66 0.378644
0.67 0.374109
0.68 0.37159
0.69 0.370437
0.7 0.368858
0.71 0.366159
0.72 0.363744
0.73 0.362322
0.74 0.360442
0.75 0.357918
0.76 0.356239
0.77 0.354659
0.78 0.352333
0.79 0.350723
0.8 0.349215
0.81 0.347092
0.82 0.345787
0.83 0.344203
0.84 0.342451
0.85 0.341423
0.86 0.339726
0.87 0.338648
0.88 0.337479
0.89 0.336181
0.9 0.335482
0.91 0.334193
0.92 0.333712
0.93 0.33267
0.94 0.332257
0.95 0.331552
0.96 0.331188
0.97 0.330808
0.98 0.330542
0.99 0.330434
