-1 0.299306
-0.99 0.299664
-0.98 0.299526
-0.97 0.300141
-0.96 0.300191
-0.95 0.301075
-0.94 0.301325
-0.93 0.302418
-0.92 0.302965
-0.91 0.304111
-0.9 0.305132
-0.89 0.306148
-0.88 0.307728
-0.87 0.30868
-0.86 0.3105
-0.85 0.311897
-0.84 0.313377
-0.83 0.315517
-0.82 0.316902
-0.81 0.318897
-0.8 0.321198
-0.79 0.322715
-0.78 0.324957
-0.77 0.327582
-0.76 0.329279
-0.75 0.331313
-0.74 0.334371
-0.73 0.336869
-0.72 0.338328
-0.71 0.340435
-0.7 0.344567
-0.69 0.350478
-0.68 0.35721
-0.67 0.364117
-0.66 0.371004
-0.65 0.377872
-0.64 0.384737
-0.63 0.391604
-0.62 0.398469
-0.61 0.405327
-0.6 0.412175
-0.59 0.419008
-0.58 0.425822
-0.57 0.432614
-0.56 0.439379
-0.55 0.446114
-0.54 0.452815
-0.53 0.459477
-0.52 0.466096
-0.51 0.472669
-0.5 0.479191
-0.49 0.485659
-0.48 0.492068
-0.47 0.498415
-0.46 0.504695
-0.45 0.510905
-0.44 0.517042
-0.43 0.5231
-0.42 0.529077
-0.41 0.534968
-0.4 0.54077
-0.39 0.54648
-0.38 0.552093
-0.37 0.557607
-0.36 0.563017
-0.35 0.568321
-0.34 0.573515
-0.33 0.578596
-0.32 0.583561
-0.31 0.588406
-0.3 0.593128
-0.29 0.597726
-0.28 0.602195
-0.27 0.606533
-0.26 0.610737
-0.25 0.614805
-0.24 0.618734
-0.23 0.622521
-0.22 0.626165
-0.21 0.629663
-0.2 0.633013
-0.19 0.636213
-0.18 0.639261
-0.17 0.642155
-0.16 0.644893
-0.15 0.647473
-0.14 0.649894
-0.13 0.652155
-0.12 0.654254
-0.11 0.65619
-0.1 0.657962
-0.09 0.659568
-0.08 0.661007
-0.07 0.66228
-0.06 0.663384
-0.05 0.664319
-0.04 0.665085
-0.03 0.665682
-0.02 0.666108
-0.01 0.666364
0 0.666449
0.01 0.666364
0.02 0.666108
0.03 0.665682
0.04 0.665085
0.05 0.664319
0.06 0.663384
0.07 0.66228
0.08 0.661007
0.09 0.659568
0.1 0.657962
0.11 0.65619
0.12 0.654254
0.13 0.652155
0.14 0.649894
0.15 0.647473
0.16 0.644893
0.17 0.642155
0.18 0.639261
0.19 0.636213
0.2 0.633013
0.21 0.629663
0.22 0.626165
0.23 0.622521
0.24 0.618734
0.25 0.614805
0.26 0.610737
0.27 0.606533
0.28 0.602195
0.29 0.597726
0.3 0.593128
0.31 0.588406
0.32 0.583561
0.33 0.578596
0.34 0.573515
0.35 0.568321
0.36 0.563017
0.37 0.557607
0.38 0.552093
0.39 0.54648
0.4 0.54077
0.41 0.534968
0.42 0.529077
0.43 0.5231
0.44 0.517042
0.45 0.510905
0.46 0.504695
0.47 0.498415
0.48 0.492068
0.49 0.485659
0.5 0.479191
0.51 0.472669
0.52 0.466096
0.53 0.459477
0.54 0.452815
0.55 0.446114
0.56 0.439379
0.57 0.432614
0.58 0.425822
0.59 0.419008
0.6 0.412175
0.61 0.405327
0.62 0.398469
0.63 0.391604
0.64 0.384737
0.65 0.377872
0.66 0.371004
0.67 0.364117
0.68 0.35721
0.69 0.350478
0.7 0.344567
0.71 0.340435
0.72 0.338328
0.73 0.336869
0.74 0.334371
0.75 0.331313
0.76 0.329279
0.77 0.327582
0.78 0.324957
0.79 0.322715
0.8 0.321198
0.81 0.318897
0.82 0.316902
0.83 0.315517
0.84 0.313377
0.85 0.311897
0.86 0.3105
0.87 0.30868
0.88 0.307728
0.89 0.306148
0.9 0.305132
0.91 0.304111
0.92 0.302965
0.93 0.302418
0.94 0.301325
0.95 0.301075
0.96 0.300191
0.97 0.300141
0.98 0.299526
0.99 0.299664
