-1 0.575644
-0.99 0.575654
-0.98 0.575478
-0.97 0.575346
-0.96 0.574981
-0.95 0.574729
-0.94 0.574152
-0.93 0.573797
-0.92 0.572996
-0.91 0.57254
-0.9 0.571522
-0.89 0.570941
-0.88 0.569746
-0.87 0.568976
-0.86 0.567681
-0.85 0.566629
-0.84 0.565326
-0.83 0.563912
-0.82 0.562641
-0.81 0.560877
-0.8 0.559549
-0.79 0.557597
-0.78 0.555985
-0.77 0.554081
-0.76 0.552001
-0.75 0.5502
-0.74 0.547768
-0.73 0.545772
-0.72 0.543384
-0.71 0.540843
-0.7 0.538626
-0.69 0.535741
-0.68 0.533201
-0.67 0.530531
-0.66 0.527368
-0.65 0.52471
-0.64 0.52158
-0.63 0.518227
-0.62 0.515344
-0.61 0.511838
-0.6 0.50826
-0.59 0.505129
-0.58 0.50134
-0.57 0.497446
-0.56 0.494074
-0.55 0.490126
-0.54 0.485819
-0.53 0.482129
-0.52 0.478218
-0.51 0.473551
-0.5 0.469238
-0.49 0.465417
-0.48 0.460915
-0.47 0.455795
-0.46 0.451259
-0.45 0.447323
-0.44 0.442763
-0.43 0.437152
-0.42 0.43157
-0.41 0.427338
-0.4 0.42482
-0.39 0.42349
-0.38 0.422648
-0.37 0.421868
-0.36 0.421013
-0.35 0.420086
-0.34 0.41911
-0.33 0.418099
-0.32 0.417059
-0.31 0.415995
-0.3 0.41491
-0.29 0.413809
-0.28 0.412696
-0.27 0.411576
-0.26 0.410453
-0.25 0.409331
-0.24 0.408215
-0.23 0.407109
-0.22 0.406016
-0.21 0.404941
-0.2 0.403888
-0.19 0.402861
-0.18 0.401862
-0.17 0.400897
-0.16 0.399967
-0.15 0.399076
-0.14 0.398228
-0.13 0.397425
-0.12 0.396671
-0.11 0.395967
-0.1 0.395315
-0.09 0.39472
-0.08 0.394181
-0.07 0.393701
-0.06 0.393282
-0.05 0.392925
-0.04 0.392632
-0.03 0.392402
-0.02 0.392238
-0.01 0.392139
0 0.392106
0.01 0.392139
0.02 0.392238
0.03 0.392402
0.04 0.392632
0.05 0.392925
0.06 0.393282
0.07 0.393701
0.08 0.394181
0.09 0.39472
0.1 0.395315
0.11 0.395967
0.12 0.396671
0.13 0.397425
0.14 0.398228
0.15 0.399076
0.16 0.399967
0.17 0.400897
0.18 0.401862
0.19 0.402861
0.2 0.403888
0.21 0.404941
0.22 0.406016
0.23 0.407109
0.24 0.408215
0.25 0.409331
0.26 0.410453
0.27 0.411576
0.28 0.412696
0.29 0.413809
0.3 0.41491
0.31 0.415995
0.32 0.417059
0.33 0.418099
0.34 0.41911
0.35 0.420086
0.36 0.421013
0.37 0.421868
0.38 0.422648
0.39 0.42349
0.4 0.42482
0.41 0.427338
0.42 0.43157
0.43 0.437152
0.44 0.442763
0.45 0.447323
0.46 0.451259
0.47 0.455795
0.48 0.460915
0.49 0.465417
0.5 0.469238
0.51 0.473551
0.52 0.478218
0.53 0.482129
0.54 0.485819
0.55 0.490126
0.56 0.494074
0.57 0.497446
0.58 0.50134
0.59 0.505129
0.6 0.50826
0.61 0.511838
0.62 0.515344
0.63 0.518227
0.64 0.52158
0.65 0.52471
0.66 0.527368
0.67 0.530531
0.68 0.533201
0.69 0.535741
0.7 0.538626
0.71 0.540843
0.72 0.543384
0.73 0.545772
0.74 0.547768
0.75 0.5502
0.76 0.552001
0.77 0.554081
0.78 0.555985
0.79 0.557597
0.8 0.559549
0.81 0.560877
0.82 0.562641
0.83 0.563912
0.84 0.565326
0.85 0.566629
0.86 0.567681
0.87 0.568976
0.88 0.569746
0.89 0.570941
0.9 0.571522
0.91 0.57254
0.92 0.572996
0.93 0.573797
0.94 0.574152
0.95 0.574729
0.96 0.574981
0.97 0.575346
0.98 0.575478
0.99 0.575654
