-1 0.668869
-0.99 0.668727
-0.98 0.668518
-0.97 0.668044
-0.96 0.667466
-0.95 0.66668
-0.94 0.665716
-0.93 0.664639
-0.92 0.663272
-0.91 0.661923
-0.9 0.660145
-0.89 0.658532
-0.88 0.656353
-0.87 0.654462
-0.86 0.651921
-0.85 0.649704
-0.84 0.646878
-0.83 0.644258
-0.82 0.641241
-0.81 0.638145
-0.8 0.635
-0.79 0.631422
-0.78 0.628117
-0.77 0.624168
-0.76 0.620548
-0.75 0.616438
-0.74 0.612321
-0.73 0.608191
-0.72 0.603566
-0.71 0.599307
-0.7 0.594439
-0.69 0.589738
-0.68 0.584925
-0.67 0.579667
-0.66 0.574804
-0.65 0.569357
-0.64 0.563996
-0.63 0.558718
-0.62 0.552851
-0.61 0.547392
-0.6 0.541623
-0.59 0.535528
-0.58 0.529878
-0.57 0.523691
-0.56 0.517437
-0.55 0.511557
-0.54 0.50506
-0.53 0.498636
-0.52 0.492558
-0.51 0.485846
-0.5 0.479207
-0.49 0.472989
-0.48 0.466173
-0.47 0.45926
-0.46 0.452916
-0.45 0.446171
-0.44 0.438977
-0.43 0.432364
-0.42 0.425873
-0.41 0.418658
-0.4 0.411494
-0.39 0.405045
-0.38 0.398414
-0.37 0.391004
-0.36 0.38373
-0.35 0.377325
-0.34 0.371038
-0.33 0.363852
-0.32 0.356033
-0.31 0.348863
-0.3 0.343324
-0.29 0.339431
-0.28 0.336577
-0.27 0.33415
-0.26 0.331825
-0.25 0.329513
-0.24 0.327224
-0.23 0.32498
-0.22 0.322794
-0.21 0.320673
-0.2 0.31862
-0.19 0.316638
-0.18 0.314732
-0.17 0.312906
-0.16 0.311164
-0.15 0.309508
-0.14 0.307943
-0.13 0.306472
-0.12 0.305097
-0.11 0.303822
-0.1 0.302649
-0.09 0.30158
-0.08 0.300618
-0.07 0.299764
-0.06 0.29902
-0.05 0.298389
-0.04 0.29787
-0.03 0.297466
-0.02 0.297177
-0.01 0.297003
0 0.296945
0.01 0.297003
0.02 0.297177
0.03 0.297466
0.04 0.29787
0.05 0.298389
0.06 0.29902
0.07 0.299764
0.08 0.300618
0.09 0.30158
0.1 0.302649
0.11 0.303822
0.12 0.305097
0.13 0.306472
0.14 0.307943
0.15 0.309508
0.16 0.311164
0.17 0.312906
0.18 0.314732
0.19 0.316638
0.2 0.31862
0.21 0.320673
0.22 0.322794
0.23 0.32498
0.24 0.327224
0.25 0.329513
0.26 0.331825
0.27 0.33415
0.28 0.336577
0.29 0.339431
0.3 0.343324
0.31 0.348863
0.32 0.356033
0.33 0.363852
0.34 0.371038
0.35 0.377325
0.36 0.38373
0.37 0.391004
0.38 0.398414
0.39 0.405045
0.4 0.411494
0.41 0.418658
0.42 0.425873
0.43 0.432364
0.44 0.438977
0.45 0.446171
0.46 0.452916
0.47 0.45926
0.48 0.466173
0.49 0.472989
0.5 0.479207
0.51 0.485846
0.52 0.492558
0.53 0.498636
0.54 0.50506
0.55 0.511557
0.56 0.517437
0.57 0.523691
0.58 0.529878
0.59 0.535528
0.6 0.541623
0.61 0.547392
0.62 0.552851
0.63 0.558718
0.64 0.563996
0.65 0.569357
0.66 0.574804
0.67 0.579667
0.68 0.584925
0.69 0.589738
0.7 0.594439
0.71 0.599307
0.72 0.603566
0.73 0.608191
0.74 0.612321
0.75 0.616438
0.76 0.620548
0.77 0.624168
0.78 0.628117
0.79 0.631422
0.8 0.635
0.81 0.638145
0.82 0.641241
0.83 0.644258
0.84 0.646878
0.85 0.649704
0.86 0.651921
0.87 0.654462
0.88 0.656353
0.89 0.658532
0.9 0.660145
0.91 0.661923
0.92 0.663272
0.93 0.664639
0.94 0.665716
0.95 0.66668
0.96 0.667466
0.97 0.668044
0.98 0.668518
0.99 0.668727
