-1 5.16702e-15
-0.998 7.06991e-15
-0.996 -7.92647e-16
-0.994 1.12818e-14
-0.992 -2.46266e-15
-0.99 9.78881e-15
-0.988 6.71409e-16
-0.986 8.96439e-15
-0.984 2.82112e-18
-0.982 7.21881e-15
-0.98 6.75274e-16
-0.978 5.87567e-15
-0.976 1.85017e-15
-0.974 8.72211e-15
-0.972 6.37076e-15
-0.97 4.82255e-15
-0.968 1.68914e-15
-0.966 5.79026e-15
-0.964 4.06342e-15
-0.962 3.35864e-15
-0.96 2.54875e-15
-0.958 5.47766e-15
-0.956 9.1416e-15
-0.954 6.11694e-15
-0.952 8.82274e-15
-0.95 5.28212e-15
-0.948 7.55008e-15
-0.946 5.13074e-15
-0.944 9.9598e-15
-0.942 3.92511e-15
-0.94 3.41324e-15
-0.938 2.57099e-15
-0.936 8.45673e-15
-0.934 4.56879e-15
-0.932 1.07895e-14
-0.93 4.0589e-15
-0.928 3.91312e-15
-0.926 5.32314e-15
-0.924 8.70097e-15
-0.922 7.76838e-15
-0.92 8.77163e-15
-0.918 4.64588e-15
-0.916 8.97237e-15
-0.914 5.16383e-15
-0.912 1.00676e-14
-0.91 3.67009e-15
-0.908 1.14563e-14
-0.906 1.04477e-14
-0.904 6.51109e-15
-0.902 1.27814e-14
-0.9 1.09918e-14
-0.898 7.56677e-15
-0.896 9.15528e-15
-0.894 1.08878e-14
-0.892 1.55979e-14
-0.89 1.58493e-14
-0.888 2.70766e-14
-0.886 1.70811e-14
-0.884 2.53485e-14
-0.882 2.47372e-14
-0.88 2.99346e-14
-0.878 3.50354e-14
-0.876 3.44311e-14
-0.874 4.2875e-14
-0.872 5.01415e-14
-0.87 6.2836e-14
-0.868 6.50534e-14
-0.866 8.12051e-14
-0.864 9.39929e-14
-0.862 1.0581e-13
-0.86 1.29378e-13
-0.858 1.41334e-13
-0.856 1.75738e-13
-0.854 1.93717e-13
-0.852 2.31793e-13
-0.85 2.69208e-13
-0.848 3.17155e-13
-0.846 3.57597e-13
-0.844 4.23916e-13
-0.842 4.9402e-13
-0.84 5.6489e-13
-0.838 6.71015e-13
-0.836 7.68901e-13
-0.834 9.0153e-13
-0.832 1.04021e-12
-0.83 1.21872e-12
-0.828 1.41069e-12
-0.826 1.63285e-12
-0.824 1.90086e-12
-0.822 2.20113e-12
-0.82 2.55565e-12
-0.818 2.95417e-12
-0.816 3.42654e-12
-0.814 3.96618e-12
-0.812 4.58913e-12
-0.81 5.3086e-12
-0.808 6.14346e-12
-0.806 7.11596e-12
-0.804 8.21513e-12
-0.802 9.49614e-12
-0.8 1.09711e-11
-0.798 1.26584e-11
-0.796 1.46172e-11
-0.794 1.68582e-11
-0.792 1.94485e-11
-0.79 2.24197e-11
-0.788 2.58309e-11
-0.786 2.97585e-11
-0.784 3.42555e-11
-0.782 3.94327e-11
-0.78 4.53721e-11
-0.778 5.21715e-11
-0.776 5.99889e-11
-0.774 6.89226e-11
-0.772 7.91751e-11
-0.77 9.09092e-11
-0.768 1.04347e-10
-0.766 1.19714e-10
-0.764 1.37294e-10
-0.762 1.57397e-10
-0.76 1.80356e-10
-0.758 2.06598e-10
-0.756 2.36552e-10
-0.754 2.70743e-10
-0.752 3.09763e-10
-0.75 3.54255e-10
-0.748 4.04979e-10
-0.746 4.62779e-10
-0.744 5.28617e-10
-0.742 6.03587e-10
-0.74 6.88903e-10
-0.738 7.85965e-10
-0.736 8.96355e-10
-0.734 1.02183e-09
-0.732 1.16441e-09
-0.73 1.32635e-09
-0.728 1.51021e-09
-0.726 1.71887e-09
-0.724 1.95557e-09
-0.722 2.22398e-09
-0.72 2.52822e-09
-0.718 2.87293e-09
-0.716 3.26335e-09
-0.714 3.70532e-09
-0.712 4.20548e-09
-0.71 4.77124e-09
-0.708 5.41095e-09
-0.706 6.13397e-09
-0.704 6.95082e-09
-0.702 7.87331e-09
-0.7 8.91465e-09
-0.698 1.00897e-08
-0.696 1.1415e-08
-0.694 1.29094e-08
-0.692 1.45934e-08
-0.69 1.64906e-08
-0.688 1.86269e-08
-0.686 2.10316e-08
-0.684 2.37372e-08
-0.682 2.67802e-08
-0.68 3.02012e-08
-0.678 3.40456e-08
-0.676 3.8364e-08
-0.674 4.32129e-08
-0.672 4.86551e-08
-0.67 5.47609e-08
-0.668 6.16082e-08
-0.666 6.9284e-08
-0.664 7.7885e-08
-0.662 8.75187e-08
-0.66 9.83047e-08
-0.658 1.10376e-07
-0.656 1.2388e-07
-0.654 1.3898e-07
-0.652 1.55859e-07
-0.65 1.74717e-07
-0.648 1.95779e-07
-0.646 2.19293e-07
-0.644 2.45532e-07
-0.642 2.74801e-07
-0.64 3.07436e-07
-0.638 3.43809e-07
-0.636 3.84332e-07
-0.634 4.29459e-07
-0.632 4.79693e-07
-0.63 5.35589e-07
-0.628 5.97758e-07
-0.626 6.66878e-07
-0.624 7.43692e-07
-0.622 8.29022e-07
-0.62 9.23774e-07
-0.618 1.02894e-06
-0.616 1.14563e-06
-0.614 1.27504e-06
-0.612 1.41849e-06
-0.61 1.57746e-06
-0.608 1.75354e-06
-0.606 1.94849e-06
-0.604 2.16426e-06
-0.602 2.40295e-06
-0.6 2.66691e-06
-0.598 2.95867e-06
-0.596 3.28105e-06
-0.594 3.63709e-06
-0.592 4.03016e-06
-0.59 4.46392e-06
-0.588 4.94239e-06
-0.586 5.46996e-06
-0.584 6.05142e-06
-0.582 6.69201e-06
-0.58 7.39746e-06
-0.578 8.17401e-06
-0.576 9.02846e-06
-0.574 9.96824e-06
-0.572 1.10014e-05
-0.57 1.21369e-05
-0.568 1.33842e-05
-0.566 1.47537e-05
-0.564 1.62569e-05
-0.562 1.79061e-05
-0.56 1.97147e-05
-0.558 2.16973e-05
-0.556 2.38698e-05
-0.554 2.62492e-05
-0.552 2.88543e-05
-0.55 3.17053e-05
-0.548 3.48241e-05
-0.546 3.82343e-05
-0.544 4.19617e-05
-0.542 4.60341e-05
-0.54 5.04816e-05
-0.538 5.53365e-05
-0.536 6.06342e-05
-0.534 6.64124e-05
-0.532 7.27123e-05
-0.53 7.95779e-05
-0.528 8.7057e-05
-0.526 9.52009e-05
-0.524 0.000104065
-0.522 0.000113709
-0.52 0.000124197
-0.518 0.000135598
-0.516 0.000147987
-0.514 0.000161443
-0.512 0.000176052
-0.51 0.000191907
-0.508 0.000209106
-0.506 0.000227755
-0.504 0.000247968
-0.502 0.000269867
-0.5 0.000293583
-0.498 0.000319255
-0.496 0.000347033
-0.494 0.000377078
-0.492 0.00040956
-0.49 0.000444663
-0.488 0.000482581
-0.486 0.000523523
-0.484 0.000567712
-0.482 0.000615386
-0.48 0.000666795
-0.478 0.000722212
-0.476 0.000781921
-0.474 0.000846229
-0.472 0.000915459
-0.47 0.000989958
-0.468 0.00107009
-0.466 0.00115625
-0.464 0.00124885
-0.462 0.00134832
-0.46 0.00145514
-0.458 0.00156979
-0.456 0.0016928
-0.454 0.00182472
-0.452 0.00196613
-0.45 0.00211766
-0.448 0.00227995
-0.446 0.00245371
-0.444 0.00263965
-0.442 0.00283855
-0.44 0.00305122
-0.438 0.00327851
-0.436 0.00352133
-0.434 0.00378062
-0.432 0.00405739
-0.43 0.00435269
-0.428 0.00466761
-0.426 0.00500332
-0.424 0.00536103
-0.422 0.00574204
-0.42 0.00614766
-0.418 0.00657932
-0.416 0.00703848
-0.414 0.00752668
-0.412 0.00804554
-0.41 0.00859673
-0.408 0.00918203
-0.406 0.00980327
-0.404 0.0104624
-0.402 0.0111613
-0.4 0.0119023
-0.398 0.0126873
-0.396 0.0135188
-0.394 0.014399
-0.392 0.0153304
-0.39 0.0163155
-0.388 0.0173571
-0.386 0.0184578
-0.384 0.0196205
-0.382 0.0208481
-0.38 0.0221438
-0.378 0.0235106
-0.376 0.0249519
-0.374 0.026471
-0.372 0.0280714
-0.37 0.0297567
-0.368 0.0315307
-0.366 0.0333973
-0.364 0.0353602
-0.362 0.0374237
-0.36 0.0395918
-0.358 0.041869
-0.356 0.0442596
-0.354 0.0467681
-0.352 0.0493992
-0.35 0.0521576
-0.348 0.0550483
-0.346 0.0580762
-0.344 0.0612463
-0.342 0.064564
-0.34 0.0680344
-0.338 0.071663
-0.336 0.0754553
-0.334 0.0794169
-0.332 0.0835534
-0.33 0.0878707
-0.328 0.0923746
-0.326 0.0970711
-0.324 0.101966
-0.322 0.107066
-0.32 0.112376
-0.318 0.117903
-0.316 0.123654
-0.314 0.129634
-0.312 0.135849
-0.31 0.142307
-0.308 0.149013
-0.306 0.155974
-0.304 0.163196
-0.302 0.170685
-0.3 0.178448
-0.298 0.186491
-0.296 0.194821
-0.294 0.203443
-0.292 0.212363
-0.29 0.221588
-0.288 0.231124
-0.286 0.240976
-0.284 0.25115
-0.282 0.261651
-0.28 0.272486
-0.278 0.283659
-0.276 0.295175
-0.274 0.307041
-0.272 0.319259
-0.27 0.331835
-0.268 0.344773
-0.266 0.358077
-0.264 0.371751
-0.262 0.385798
-0.26 0.400223
-0.258 0.415027
-0.256 0.430213
-0.254 0.445784
-0.252 0.461742
-0.25 0.478088
-0.248 0.494823
-0.246 0.51195
-0.244 0.529467
-0.242 0.547376
-0.24 0.565676
-0.238 0.584366
-0.236 0.603445
-0.234 0.622913
-0.232 0.642766
-0.23 0.663002
-0.228 0.683618
-0.226 0.704612
-0.224 0.725979
-0.222 0.747715
-0.22 0.769815
-0.218 0.792275
-0.216 0.815087
-0.214 0.838246
-0.212 0.861746
-0.21 0.885578
-0.208 0.909737
-0.206 0.934212
-0.204 0.958996
-0.202 0.98408
-0.2 1.00945
-0.198 1.03511
-0.196 1.06103
-0.194 1.08721
-0.192 1.11364
-0.19 1.14031
-0.188 1.1672
-0.186 1.1943
-0.184 1.2216
-0.182 1.24908
-0.18 1.27674
-0.178 1.30455
-0.176 1.3325
-0.174 1.36059
-0.172 1.38879
-0.17 1.41709
-0.168 1.44547
-0.166 1.47393
-0.164 1.50243
-0.162 1.53098
-0.16 1.55954
-0.158 1.58811
-0.156 1.61667
-0.154 1.64521
-0.152 1.6737
-0.15 1.70214
-0.148 1.7305
-0.146 1.75877
-0.144 1.78694
-0.142 1.81498
-0.14 1.84289
-0.138 1.87064
-0.136 1.89823
-0.134 1.92563
-0.132 1.95283
-0.13 1.97983
-0.128 2.00659
-0.126 2.03312
-0.124 2.05939
-0.122 2.08539
-0.12 2.11111
-0.118 2.13654
-0.116 2.16166
-0.114 2.18646
-0.112 2.21094
-0.11 2.23507
-0.108 2.25885
-0.106 2.28228
-0.104 2.30533
-0.102 2.328
-0.1 2.35028
-0.098 2.37217
-0.096 2.39365
-0.094 2.41473
-0.092 2.43538
-0.09 2.45561
-0.088 2.47541
-0.086 2.49477
-0.084 2.51369
-0.082 2.53217
-0.08 2.5502
-0.078 2.56778
-0.076 2.5849
-0.074 2.60157
-0.072 2.61778
-0.07 2.63352
-0.068 2.6488
-0.066 2.66362
-0.064 2.67797
-0.062 2.69186
-0.06 2.70529
-0.058 2.71825
-0.056 2.73075
-0.054 2.74278
-0.052 2.75435
-0.05 2.76547
-0.048 2.77612
-0.046 2.78632
-0.044 2.79606
-0.042 2.80535
-0.04 2.81418
-0.038 2.82257
-0.036 2.83051
-0.034 2.838
-0.032 2.84505
-0.03 2.85167
-0.028 2.85784
-0.026 2.86357
-0.024 2.86888
-0.022 2.87375
-0.02 2.87819
-0.018 2.8822
-0.016 2.88578
-0.014 2.88894
-0.012 2.89167
-0.01 2.89399
-0.008 2.89588
-0.006 2.89734
-0.004 2.89839
-0.002 2.89902
0 2.89923
0.002 2.89902
0.004 2.89839
0.006 2.89734
0.008 2.89588
0.01 2.89399
0.012 2.89167
0.014 2.88894
0.016 2.88578
0.018 2.8822
0.02 2.87819
0.022 2.87375
0.024 2.86888
0.026 2.86357
0.028 2.85784
0.03 2.85167
0.032 2.84505
0.034 2.838
0.036 2.83051
0.038 2.82257
0.04 2.81418
0.042 2.80535
0.044 2.79606
0.046 2.78632
0.048 2.77612
0.05 2.76547
0.052 2.75435
0.054 2.74278
0.056 2.73075
0.058 2.71825
0.06 2.70529
0.062 2.69186
0.064 2.67797
0.066 2.66362
0.068 2.6488
0.07 2.63352
0.072 2.61778
0.074 2.60157
0.076 2.5849
0.078 2.56778
0.08 2.5502
0.082 2.53217
0.084 2.51369
0.086 2.49477
0.088 2.47541
0.09 2.45561
0.092 2.43538
0.094 2.41473
0.096 2.39365
0.098 2.37217
0.1 2.35028
0.102 2.328
0.104 2.30533
0.106 2.28228
0.108 2.25885
0.11 2.23507
0.112 2.21094
0.114 2.18646
0.116 2.16166
0.118 2.13654
0.12 2.11111
0.122 2.08539
0.124 2.05939
0.126 2.03312
0.128 2.00659
0.13 1.97983
0.132 1.95283
0.134 1.92563
0.136 1.89823
0.138 1.87064
0.14 1.84289
0.142 1.81498
0.144 1.78694
0.146 1.75877
0.148 1.7305
0.15 1.70214
0.152 1.6737
0.154 1.64521
0.156 1.61667
0.158 1.58811
0.16 1.55954
0.162 1.53098
0.164 1.50243
0.166 1.47393
0.168 1.44547
0.17 1.41709
0.172 1.38879
0.174 1.36059
0.176 1.3325
0.178 1.30455
0.18 1.27674
0.182 1.24908
0.184 1.2216
0.186 1.1943
0.188 1.1672
0.19 1.14031
0.192 1.11364
0.194 1.08721
0.196 1.06103
0.198 1.03511
0.2 1.00945
0.202 0.98408
0.204 0.958996
0.206 0.934212
0.208 0.909737
0.21 0.885578
0.212 0.861746
0.214 0.838246
0.216 0.815087
0.218 0.792275
0.22 0.769815
0.222 0.747715
0.224 0.725979
0.226 0.704612
0.228 0.683618
0.23 0.663002
0.232 0.642766
0.234 0.622913
0.236 0.603445
0.238 0.584366
0.24 0.565676
0.242 0.547376
0.244 0.529467
0.246 0.51195
0.248 0.494823
0.25 0.478088
0.252 0.461742
0.254 0.445784
0.256 0.430213
0.258 0.415027
0.26 0.400223
0.262 0.385798
0.264 0.371751
0.266 0.358077
0.268 0.344773
0.27 0.331835
0.272 0.319259
0.274 0.307041
0.276 0.295175
0.278 0.283659
0.28 0.272486
0.282 0.261651
0.284 0.25115
0.286 0.240976
0.288 0.231124
0.29 0.221588
0.292 0.212363
0.294 0.203443
0.296 0.194821
0.298 0.186491
0.3 0.178448
0.302 0.170685
0.304 0.163196
0.306 0.155974
0.308 0.149013
0.31 0.142307
0.312 0.135849
0.314 0.129634
0.316 0.123654
0.318 0.117903
0.32 0.112376
0.322 0.107066
0.324 0.101966
0.326 0.0970711
0.328 0.0923746
0.33 0.0878707
0.332 0.0835534
0.334 0.0794169
0.336 0.0754553
0.338 0.071663
0.34 0.0680344
0.342 0.064564
0.344 0.0612463
0.346 0.0580762
0.348 0.0550483
0.35 0.0521576
0.352 0.0493992
0.354 0.0467681
0.356 0.0442596
0.358 0.041869
0.36 0.0395918
0.362 0.0374237
0.364 0.0353602
0.366 0.0333973
0.368 0.0315307
0.37 0.0297567
0.372 0.0280714
0.374 0.026471
0.376 0.0249519
0.378 0.0235106
0.38 0.0221438
0.382 0.0208481
0.384 0.0196205
0.386 0.0184578
0.388 0.0173571
0.39 0.0163155
0.392 0.0153304
0.394 0.014399
0.396 0.0135188
0.398 0.0126873
0.4 0.0119023
0.402 0.0111613
0.404 0.0104624
0.406 0.00980327
0.408 0.00918203
0.41 0.00859673
0.412 0.00804554
0.414 0.00752668
0.416 0.00703848
0.418 0.00657932
0.42 0.00614766
0.422 0.00574204
0.424 0.00536103
0.426 0.00500332
0.428 0.00466761
0.43 0.00435269
0.432 0.00405739
0.434 0.00378062
0.436 0.00352133
0.438 0.00327851
0.44 0.00305122
0.442 0.00283855
0.444 0.00263965
0.446 0.00245371
0.448 0.00227995
0.45 0.00211766
0.452 0.00196613
0.454 0.00182472
0.456 0.0016928
0.458 0.00156979
0.46 0.00145514
0.462 0.00134832
0.464 0.00124885
0.466 0.00115625
0.468 0.00107009
0.47 0.000989958
0.472 0.000915459
0.474 0.000846229
0.476 0.000781921
0.478 0.000722212
0.48 0.000666795
0.482 0.000615386
0.484 0.000567712
0.486 0.000523523
0.488 0.000482581
0.49 0.000444663
0.492 0.00040956
0.494 0.000377078
0.496 0.000347033
0.498 0.000319255
0.5 0.000293583
0.502 0.000269867
0.504 0.000247968
0.506 0.000227755
0.508 0.000209106
0.51 0.000191907
0.512 0.000176052
0.514 0.000161443
0.516 0.000147987
0.518 0.000135598
0.52 0.000124197
0.522 0.000113709
0.524 0.000104065
0.526 9.52009e-05
0.528 8.7057e-05
0.53 7.95779e-05
0.532 7.27123e-05
0.534 6.64124e-05
0.536 6.06342e-05
0.538 5.53365e-05
0.54 5.04816e-05
0.542 4.60341e-05
0.544 4.19617e-05
0.546 3.82343e-05
0.548 3.48241e-05
0.55 3.17053e-05
0.552 2.88543e-05
0.554 2.62492e-05
0.556 2.38698e-05
0.558 2.16973e-05
0.56 1.97147e-05
0.562 1.79061e-05
0.564 1.62569e-05
0.566 1.47537e-05
0.568 1.33842e-05
0.57 1.21369e-05
0.572 1.10014e-05
0.574 9.96824e-06
0.576 9.02846e-06
0.578 8.17401e-06
0.58 7.39746e-06
0.582 6.69201e-06
0.584 6.05142e-06
0.586 5.46996e-06
0.588 4.94239e-06
0.59 4.46392e-06
0.592 4.03016e-06
0.594 3.63709e-06
0.596 3.28105e-06
0.598 2.95867e-06
0.6 2.66691e-06
0.602 2.40295e-06
0.604 2.16426e-06
0.606 1.94849e-06
0.608 1.75354e-06
0.61 1.57746e-06
0.612 1.41849e-06
0.614 1.27504e-06
0.616 1.14563e-06
0.618 1.02894e-06
0.62 9.23774e-07
0.622 8.29022e-07
0.624 7.43692e-07
0.626 6.66878e-07
0.628 5.97758e-07
0.63 5.35589e-07
0.632 4.79693e-07
0.634 4.29459e-07
0.636 3.84332e-07
0.638 3.43809e-07
0.64 3.07436e-07
0.642 2.74801e-07
0.644 2.45532e-07
0.646 2.19293e-07
0.648 1.95779e-07
0.65 1.74717e-07
0.652 1.55859e-07
0.654 1.3898e-07
0.656 1.2388e-07
0.658 1.10376e-07
0.66 9.83047e-08
0.662 8.75187e-08
0.664 7.7885e-08
0.666 6.9284e-08
0.668 6.16082e-08
0.67 5.47609e-08
0.672 4.86551e-08
0.674 4.32128e-08
0.676 3.8364e-08
0.678 3.40456e-08
0.68 3.02012e-08
0.682 2.67802e-08
0.684 2.37372e-08
0.686 2.10316e-08
0.688 1.86269e-08
0.69 1.64906e-08
0.692 1.45934e-08
0.694 1.29093e-08
0.696 1.14151e-08
0.698 1.00897e-08
0.7 8.91465e-09
0.702 7.87331e-09
0.704 6.95082e-09
0.706 6.13397e-09
0.708 5.41095e-09
0.71 4.77124e-09
0.712 4.20547e-09
0.714 3.70533e-09
0.716 3.26334e-09
0.718 2.87293e-09
0.72 2.52823e-09
0.722 2.22398e-09
0.724 1.95557e-09
0.726 1.71887e-09
0.728 1.5102e-09
0.73 1.32635e-09
0.732 1.16441e-09
0.734 1.02183e-09
0.736 8.96354e-10
0.738 7.85971e-10
0.74 6.88904e-10
0.742 6.03583e-10
0.744 5.28617e-10
0.746 4.62782e-10
0.748 4.04983e-10
0.75 3.54256e-10
0.752 3.09765e-10
0.754 2.70745e-10
0.756 2.36555e-10
0.758 2.06593e-10
0.76 1.80359e-10
0.762 1.5739e-10
0.764 1.37291e-10
0.766 1.19711e-10
0.768 1.04345e-10
0.77 9.09148e-11
0.772 7.91716e-11
0.774 6.89309e-11
0.776 5.99856e-11
0.778 5.2177e-11
0.78 4.53691e-11
0.782 3.94349e-11
0.784 3.42639e-11
0.786 2.97589e-11
0.788 2.58346e-11
0.79 2.2423e-11
0.792 1.94484e-11
0.794 1.68632e-11
0.796 1.46167e-11
0.798 1.26692e-11
0.8 1.09643e-11
0.802 9.49786e-12
0.804 8.22439e-12
0.806 7.10851e-12
0.808 6.1474e-12
0.81 5.31854e-12
0.812 4.59379e-12
0.814 3.96438e-12
0.816 3.42649e-12
0.818 2.95441e-12
0.82 2.55181e-12
0.822 2.19734e-12
0.824 1.89895e-12
0.826 1.63239e-12
0.828 1.40596e-12
0.83 1.21795e-12
0.832 1.03782e-12
0.834 8.99811e-13
0.836 7.70687e-13
0.838 6.6521e-13
0.84 5.74656e-13
0.842 4.88832e-13
0.844 4.2616e-13
0.846 3.62884e-13
0.848 3.11544e-13
0.85 2.69935e-13
0.852 2.30961e-13
0.854 1.95409e-13
0.856 1.72223e-13
0.858 1.44477e-13
0.86 1.23943e-13
0.862 1.07433e-13
0.864 9.19431e-14
0.866 8.11623e-14
0.868 6.98737e-14
0.87 6.26691e-14
0.872 5.31051e-14
0.874 4.3685e-14
0.876 3.85981e-14
0.878 3.46866e-14
0.88 2.54688e-14
0.882 2.74375e-14
0.884 2.17027e-14
0.886 2.16972e-14
0.888 1.58414e-14
0.89 1.41959e-14
0.892 1.00546e-14
0.894 1.46095e-14
0.896 1.40922e-14
0.898 8.58554e-15
0.9 9.07797e-15
0.902 4.12165e-15
0.904 8.26076e-15
0.906 5.36014e-15
0.908 9.08128e-15
0.91 8.29501e-15
0.912 1.23108e-15
0.914 9.68165e-15
0.916 7.43004e-15
0.918 5.11163e-15
0.92 7.68278e-16
0.922 4.83989e-15
0.924 3.0391e-15
0.926 4.73084e-15
0.928 5.06392e-15
0.93 6.52136e-15
0.932 6.51396e-15
0.934 1.33122e-15
0.936 3.59927e-15
0.938 1.2089e-15
0.94 6.83383e-15
0.942 5.64196e-15
0.944 6.21032e-15
0.946 -3.88209e-16
0.948 6.68347e-15
0.95 5.49829e-16
0.952 1.38242e-14
0.954 8.59102e-16
0.956 8.87865e-15
0.958 6.79449e-16
0.96 1.04994e-15
0.962 2.83038e-15
0.964 -2.86208e-15
0.966 8.93522e-15
0.968 -2.6476e-16
0.97 7.77514e-15
0.972 3.90594e-15
0.974 1.35357e-14
0.976 4.48212e-15
0.978 9.96667e-15
0.98 4.60077e-15
0.982 5.68322e-15
0.984 5.89593e-15
0.986 7.41502e-15
0.988 2.58108e-15
0.99 6.60528e-15
0.992 2.29808e-15
0.994 2.912e-15
0.996 3.73729e-15
0.998 4.49328e-15
