-1 0.715683
-0.99 0.715783
-0.98 0.715237
-0.97 0.714884
-0.96 0.7139
-0.95 0.713086
-0.94 0.711679
-0.93 0.710395
-0.92 0.708586
-0.91 0.706815
-0.9 0.704635
-0.89 0.702358
-0.88 0.699839
-0.87 0.697043
-0.86 0.694209
-0.85 0.690899
-0.84 0.687748
-0.83 0.683967
-0.82 0.680458
-0.81 0.676295
-0.8 0.672345
-0.79 0.667918
-0.78 0.663442
-0.77 0.65884
-0.76 0.653825
-0.75 0.649031
-0.74 0.643597
-0.73 0.63846
-0.72 0.632831
-0.71 0.627172
-0.7 0.621497
-0.69 0.61532
-0.68 0.609487
-0.67 0.603072
-0.66 0.596784
-0.65 0.590418
-0.64 0.583596
-0.63 0.577157
-0.62 0.57018
-0.61 0.563256
-0.6 0.556447
-0.59 0.549071
-0.58 0.542085
-0.57 0.534833
-0.56 0.527275
-0.55 0.520156
-0.54 0.51254
-0.53 0.504897
-0.52 0.497612
-0.51 0.489751
-0.5 0.482042
-0.49 0.474625
-0.48 0.46662
-0.47 0.458829
-0.46 0.451358
-0.45 0.443301
-0.44 0.435391
-0.43 0.427937
-0.42 0.419957
-0.41 0.411887
-0.4 0.404437
-0.39 0.396728
-0.38 0.38855
-0.37 0.380917
-0.36 0.373611
-0.35 0.365687
-0.34 0.357655
-0.33 0.350377
-0.32 0.343234
-0.31 0.335378
-0.3 0.327402
-0.29 0.320271
-0.28 0.313643
-0.27 0.306413
-0.26 0.298365
-0.25 0.290534
-0.24 0.284103
-0.23 0.27944
-0.22 0.276122
-0.21 0.273504
-0.2 0.27114
-0.19 0.26886
-0.18 0.26664
-0.17 0.264504
-0.16 0.262466
-0.15 0.260535
-0.14 0.258715
-0.13 0.257006
-0.12 0.255412
-0.11 0.253936
-0.1 0.25258
-0.09 0.251346
-0.08 0.250237
-0.07 0.249254
-0.06 0.248398
-0.05 0.247672
-0.04 0.247076
-0.03 0.246612
-0.02 0.24628
-0.01 0.24608
0 0.246013
0.01 0.24608
0.02 0.24628
0.03 0.246612
0.04 0.247076
0.05 0.247672
0.06 0.248398
0.07 0.249254
0.08 0.250237
0.09 0.251346
0.1 0.25258
0.11 0.253936
0.12 0.255412
0.13 0.257006
0.14 0.258715
0.15 0.260535
0.16 0.262466
0.17 0.264504
0.18 0.26664
0.19 0.26886
0.2 0.27114
0.21 0.273504
0.22 0.276122
0.23 0.27944
0.24 0.284103
0.25 0.290534
0.26 0.298365
0.27 0.306413
0.28 0.313643
0.29 0.320271
0.3 0.327402
0.31 0.335378
0.32 0.343234
0.33 0.350377
0.34 0.357655
0.35 0.365687
0.36 0.373611
0.37 0.380917
0.38 0.38855
0.39 0.396728
0.4 0.404437
0.41 0.411887
0.42 0.419957
0.43 0.427937
0.44 0.435391
0.45 0.443301
0.46 0.451358
0.47 0.458829
0.48 0.46662
0.49 0.474625
0.5 0.482042
0.51 0.489751
0.52 0.497612
0.53 0.504897
0.54 0.51254
0.55 0.520156
0.56 0.527275
0.57 0.534833
0.58 0.542085
0.59 0.549071
0.6 0.556447
0.61 0.563256
0.62 0.57018
0.63 0.577157
0.64 0.583596
0.65 0.590418
0.66 0.596784
0.67 0.603072
0.68 0.609487
0.69 0.61532
0.7 0.621497
0.71 0.627172
0.72 0.632831
0.73 0.63846
0.74 0.643597
0.75 0.649031
0.76 0.653825
0.77 0.65884
0.78 0.663442
0.79 0.667918
0.8 0.672345
0.81 0.676295
0.82 0.680458
0.83 0.683967
0.84 0.687748
0.85 0.690899
0.86 0.694209
0.87 0.697043
0.88 0.699839
0.89 0.702358
0.9 0.704635
0.91 0.706815
0.92 0.708586
0.93 0.710395
0.94 0.711679
0.95 0.713086
0.96 0.7139
0.97 0.714884
0.98 0.715237
0.99 0.715783
