-1 0.0123641
-0.998 0.0123902
-0.996 0.0124686
-0.994 0.0125995
-0.992 0.0127831
-0.99 0.01302
-0.988 0.0133108
-0.986 0.0136562
-0.984 0.014057
-0.982 0.0145143
-0.98 0.0150292
-0.978 0.0156029
-0.976 0.0162369
-0.974 0.0169327
-0.972 0.017692
-0.97 0.0185166
-0.968 0.0194083
-0.966 0.0203694
-0.964 0.0214019
-0.962 0.0225084
-0.96 0.0236911
-0.958 0.0249528
-0.956 0.0262962
-0.954 0.0277242
-0.952 0.0292398
-0.95 0.0308462
-0.948 0.0325467
-0.946 0.0343447
-0.944 0.0362438
-0.942 0.0382476
-0.94 0.04036
-0.938 0.042585
-0.936 0.0449266
-0.934 0.047389
-0.932 0.0499765
-0.93 0.0526937
-0.928 0.055545
-0.926 0.0585352
-0.924 0.0616691
-0.922 0.0649515
-0.92 0.0683876
-0.918 0.0719824
-0.916 0.0757411
-0.914 0.079669
-0.912 0.0837716
-0.91 0.0880544
-0.908 0.0925228
-0.906 0.0971825
-0.904 0.102039
-0.902 0.107099
-0.9 0.112367
-0.898 0.117849
-0.896 0.123552
-0.894 0.129481
-0.892 0.135642
-0.89 0.142042
-0.888 0.148685
-0.886 0.155578
-0.884 0.162726
-0.882 0.170137
-0.88 0.177814
-0.878 0.185765
-0.876 0.193995
-0.874 0.202509
-0.872 0.211313
-0.87 0.220412
-0.868 0.229812
-0.866 0.239517
-0.864 0.249533
-0.862 0.259864
-0.86 0.270515
-0.858 0.28149
-0.856 0.292794
-0.854 0.304431
-0.852 0.316403
-0.85 0.328715
-0.848 0.34137
-0.846 0.35437
-0.844 0.367719
-0.842 0.381418
-0.84 0.395469
-0.838 0.409874
-0.836 0.424634
-0.834 0.43975
-0.832 0.455222
-0.83 0.47105
-0.828 0.487233
-0.826 0.503771
-0.824 0.520662
-0.822 0.537904
-0.82 0.555495
-0.818 0.573431
-0.816 0.591711
-0.814 0.610329
-0.812 0.62928
-0.81 0.648561
-0.808 0.668166
-0.806 0.688088
-0.804 0.70832
-0.802 0.728856
-0.8 0.749687
-0.798 0.770805
-0.796 0.792201
-0.794 0.813865
-0.792 0.835788
-0.79 0.857958
-0.788 0.880363
-0.786 0.902993
-0.784 0.925834
-0.782 0.948873
-0.78 0.972096
-0.778 0.995489
-0.776 1.01904
-0.774 1.04273
-0.772 1.06654
-0.77 1.09046
-0.768 1.11447
-0.766 1.13855
-0.764 1.16269
-0.762 1.18687
-0.76 1.21106
-0.758 1.23526
-0.756 1.25943
-0.754 1.28356
-0.752 1.30763
-0.75 1.33162
-0.748 1.35551
-0.746 1.37928
-0.744 1.4029
-0.742 1.42635
-0.74 1.44962
-0.738 1.47267
-0.736 1.4955
-0.734 1.51807
-0.732 1.54036
-0.73 1.56236
-0.728 1.58404
-0.726 1.60538
-0.724 1.62635
-0.722 1.64694
-0.72 1.66712
-0.718 1.68688
-0.716 1.70618
-0.714 1.72502
-0.712 1.74337
-0.71 1.76121
-0.708 1.77852
-0.706 1.79528
-0.704 1.81147
-0.702 1.82708
-0.7 1.84209
-0.698 1.85647
-0.696 1.87023
-0.694 1.88333
-0.692 1.89576
-0.69 1.90751
-0.688 1.91857
-0.686 1.92892
-0.684 1.93855
-0.682 1.94745
-0.68 1.9556
-0.678 1.96301
-0.676 1.96966
-0.674 1.97553
-0.672 1.98064
-0.67 1.98496
-0.668 1.9885
-0.666 1.99124
-0.664 1.99319
-0.662 1.99435
-0.66 1.99471
-0.658 1.99427
-0.656 1.99304
-0.654 1.991
-0.652 1.98818
-0.65 1.98456
-0.648 1.98016
-0.646 1.97498
-0.644 1.96903
-0.642 1.9623
-0.64 1.95482
-0.638 1.94659
-0.636 1.93762
-0.634 1.92791
-0.632 1.91749
-0.63 1.90637
-0.628 1.89455
-0.626 1.88204
-0.624 1.86888
-0.622 1.85506
-0.62 1.84061
-0.618 1.82555
-0.616 1.80988
-0.614 1.79363
-0.612 1.77681
-0.61 1.75945
-0.608 1.74156
-0.606 1.72316
-0.604 1.70427
-0.602 1.68492
-0.6 1.66512
-0.598 1.6449
-0.596 1.62427
-0.594 1.60326
-0.592 1.58189
-0.59 1.56018
-0.588 1.53815
-0.586 1.51582
-0.584 1.49323
-0.582 1.47038
-0.58 1.4473
-0.578 1.42401
-0.576 1.40054
-0.574 1.37691
-0.572 1.35313
-0.57 1.32923
-0.568 1.30523
-0.566 1.28115
-0.564 1.25701
-0.562 1.23284
-0.56 1.20864
-0.558 1.18445
-0.556 1.16028
-0.554 1.13614
-0.552 1.11207
-0.55 1.08806
-0.548 1.06415
-0.546 1.04035
-0.544 1.01668
-0.542 0.993143
-0.54 0.969765
-0.538 0.94656
-0.536 0.92354
-0.534 0.90072
-0.532 0.878112
-0.53 0.855729
-0.528 0.833584
-0.526 0.811686
-0.524 0.790048
-0.522 0.76868
-0.52 0.74759
-0.518 0.726788
-0.516 0.706282
-0.514 0.68608
-0.512 0.666189
-0.51 0.646617
-0.508 0.627369
-0.506 0.60845
-0.504 0.589865
-0.502 0.57162
-0.5 0.553717
-0.498 0.536161
-0.496 0.518953
-0.494 0.502097
-0.492 0.485595
-0.49 0.469446
-0.488 0.453654
-0.486 0.438217
-0.484 0.423136
-0.482 0.408411
-0.48 0.394041
-0.478 0.380024
-0.476 0.366359
-0.474 0.353044
-0.472 0.340078
-0.47 0.327456
-0.468 0.315177
-0.466 0.303237
-0.464 0.291632
-0.462 0.28036
-0.46 0.269415
-0.458 0.258794
-0.456 0.248493
-0.454 0.238506
-0.452 0.228829
-0.45 0.219457
-0.448 0.210384
-0.446 0.201606
-0.444 0.193117
-0.442 0.184911
-0.44 0.176983
-0.438 0.169327
-0.436 0.161938
-0.434 0.154809
-0.432 0.147935
-0.43 0.14131
-0.428 0.134927
-0.426 0.128781
-0.424 0.122866
-0.422 0.117176
-0.42 0.111704
-0.418 0.106446
-0.416 0.101394
-0.414 0.0965435
-0.412 0.0918883
-0.41 0.0874226
-0.408 0.0831407
-0.406 0.0790368
-0.404 0.0751055
-0.402 0.0713412
-0.4 0.0677385
-0.398 0.0642919
-0.396 0.0609964
-0.394 0.0578466
-0.392 0.0548375
-0.39 0.0519642
-0.388 0.0492217
-0.386 0.0466053
-0.384 0.0441103
-0.382 0.0417322
-0.38 0.0394666
-0.378 0.037309
-0.376 0.0352552
-0.374 0.0333012
-0.372 0.0314429
-0.37 0.0296765
-0.368 0.027998
-0.366 0.026404
-0.364 0.0248907
-0.362 0.0234548
-0.36 0.0220929
-0.358 0.0208017
-0.356 0.0195782
-0.354 0.0184192
-0.352 0.0173219
-0.35 0.0162835
-0.348 0.0153012
-0.346 0.0143725
-0.344 0.0134947
-0.342 0.0126654
-0.34 0.0118824
-0.338 0.0111433
-0.336 0.010446
-0.334 0.00978837
-0.332 0.00916851
-0.33 0.00858447
-0.328 0.00803442
-0.326 0.00751661
-0.324 0.00702935
-0.322 0.00657106
-0.32 0.00614018
-0.318 0.00573527
-0.316 0.00535492
-0.314 0.00499779
-0.312 0.00466261
-0.31 0.00434817
-0.308 0.00405332
-0.306 0.00377694
-0.304 0.00351801
-0.302 0.00327552
-0.3 0.00304852
-0.298 0.00283612
-0.296 0.00263746
-0.294 0.00245173
-0.292 0.00227818
-0.29 0.00211606
-0.288 0.00196469
-0.286 0.00182342
-0.284 0.00169164
-0.282 0.00156874
-0.28 0.0014542
-0.278 0.00134748
-0.276 0.00124809
-0.274 0.00115557
-0.272 0.00106948
-0.27 0.000989413
-0.268 0.00091497
-0.266 0.000845791
-0.264 0.000781529
-0.262 0.000721861
-0.26 0.000666481
-0.258 0.000615104
-0.256 0.000567461
-0.254 0.000523299
-0.252 0.00048238
-0.25 0.000444483
-0.248 0.0004094
-0.246 0.000376935
-0.244 0.000346906
-0.242 0.000319141
-0.24 0.000293481
-0.238 0.000269776
-0.236 0.000247887
-0.234 0.000227683
-0.232 0.000209042
-0.23 0.00019185
-0.228 0.000176002
-0.226 0.000161398
-0.224 0.000147947
-0.222 0.000135563
-0.22 0.000124165
-0.218 0.000113681
-0.216 0.00010404
-0.214 9.51786e-05
-0.212 8.70372e-05
-0.21 7.95603e-05
-0.208 7.26967e-05
-0.206 6.63986e-05
-0.204 6.06219e-05
-0.202 5.53256e-05
-0.2 5.04719e-05
-0.198 4.60255e-05
-0.196 4.19541e-05
-0.194 3.82276e-05
-0.192 3.48181e-05
-0.19 3.17e-05
-0.188 2.88496e-05
-0.186 2.62451e-05
-0.184 2.38661e-05
-0.182 2.16941e-05
-0.18 1.97118e-05
-0.178 1.79035e-05
-0.176 1.62546e-05
-0.174 1.47517e-05
-0.172 1.33824e-05
-0.17 1.21353e-05
-0.168 1.1e-05
-0.166 9.967e-06
-0.164 9.02736e-06
-0.162 8.17304e-06
-0.16 7.3966e-06
-0.158 6.69125e-06
-0.156 6.05075e-06
-0.154 5.46936e-06
-0.152 4.94186e-06
-0.15 4.46345e-06
-0.148 4.02974e-06
-0.146 3.63672e-06
-0.144 3.28072e-06
-0.142 2.95839e-06
-0.14 2.66665e-06
-0.138 2.40273e-06
-0.136 2.16406e-06
-0.134 1.94832e-06
-0.132 1.75338e-06
-0.13 1.57732e-06
-0.128 1.41837e-06
-0.126 1.27492e-06
-0.124 1.14553e-06
-0.122 1.02886e-06
-0.12 9.23696e-07
-0.118 8.28953e-07
-0.116 7.4363e-07
-0.114 6.66823e-07
-0.112 5.9771e-07
-0.11 5.35545e-07
-0.108 4.79655e-07
-0.106 4.29425e-07
-0.104 3.84302e-07
-0.102 3.43782e-07
-0.1 3.07412e-07
-0.098 2.7478e-07
-0.096 2.45513e-07
-0.094 2.19276e-07
-0.092 1.95765e-07
-0.09 1.74705e-07
-0.088 1.55848e-07
-0.086 1.38971e-07
-0.084 1.23872e-07
-0.082 1.10369e-07
-0.08 9.82994e-08
-0.078 8.75147e-08
-0.076 7.78822e-08
-0.074 6.92824e-08
-0.072 6.16078e-08
-0.07 5.47618e-08
-0.068 4.86573e-08
-0.066 4.32164e-08
-0.064 3.8369e-08
-0.062 3.40523e-08
-0.06 3.02096e-08
-0.058 2.67906e-08
-0.056 2.37498e-08
-0.054 2.10466e-08
-0.052 1.86447e-08
-0.05 1.65115e-08
-0.048 1.4618e-08
-0.046 1.2938e-08
-0.044 1.14483e-08
-0.042 1.01282e-08
-0.04 8.9592e-09
-0.038 7.92474e-09
-0.036 7.01014e-09
-0.034 6.2023e-09
-0.032 5.48959e-09
-0.03 4.86167e-09
-0.028 4.30939e-09
-0.026 3.82465e-09
-0.024 3.40028e-09
-0.022 3.03001e-09
-0.02 2.70829e-09
-0.018 2.43031e-09
-0.016 2.19188e-09
-0.014 1.98939e-09
-0.012 1.81976e-09
-0.01 1.6804e-09
-0.008 1.5692e-09
-0.006 1.48443e-09
-0.004 1.42479e-09
-0.002 1.38938e-09
0 1.37764e-09
0.002 1.38938e-09
0.004 1.42479e-09
0.006 1.48443e-09
0.008 1.5692e-09
0.01 1.68041e-09
0.012 1.81976e-09
0.014 1.98939e-09
0.016 2.19188e-09
0.018 2.43031e-09
0.02 2.70829e-09
0.022 3.03e-09
0.024 3.40028e-09
0.026 3.82465e-09
0.028 4.30939e-09
0.03 4.86167e-09
0.032 5.48959e-09
0.034 6.2023e-09
0.036 7.01014e-09
0.038 7.92474e-09
0.04 8.9592e-09
0.042 1.01282e-08
0.044 1.14483e-08
0.046 1.29379e-08
0.048 1.4618e-08
0.05 1.65115e-08
0.052 1.86447e-08
0.054 2.10467e-08
0.056 2.37498e-08
0.058 2.67906e-08
0.06 3.02096e-08
0.062 3.40523e-08
0.064 3.8369e-08
0.066 4.32164e-08
0.068 4.86573e-08
0.07 5.47618e-08
0.072 6.16078e-08
0.074 6.92824e-08
0.076 7.78822e-08
0.078 8.75147e-08
0.08 9.82994e-08
0.082 1.10369e-07
0.084 1.23872e-07
0.086 1.38971e-07
0.088 1.55848e-07
0.09 1.74705e-07
0.092 1.95765e-07
0.094 2.19276e-07
0.096 2.45513e-07
0.098 2.7478e-07
0.1 3.07412e-07
0.102 3.43782e-07
0.104 3.84302e-07
0.106 4.29425e-07
0.108 4.79655e-07
0.11 5.35545e-07
0.112 5.9771e-07
0.114 6.66823e-07
0.116 7.4363e-07
0.118 8.28953e-07
0.12 9.23696e-07
0.122 1.02886e-06
0.124 1.14553e-06
0.126 1.27492e-06
0.128 1.41837e-06
0.13 1.57732e-06
0.132 1.75338e-06
0.134 1.94832e-06
0.136 2.16406e-06
0.138 2.40273e-06
0.14 2.66665e-06
0.142 2.95839e-06
0.144 3.28072e-06
0.146 3.63672e-06
0.148 4.02974e-06
0.15 4.46345e-06
0.152 4.94186e-06
0.154 5.46936e-06
0.156 6.05075e-06
0.158 6.69125e-06
0.16 7.3966e-06
0.162 8.17304e-06
0.164 9.02736e-06
0.166 9.967e-06
0.168 1.1e-05
0.17 1.21353e-05
0.172 1.33824e-05
0.174 1.47517e-05
0.176 1.62546e-05
0.178 1.79035e-05
0.18 1.97118e-05
0.182 2.16941e-05
0.184 2.38661e-05
0.186 2.62451e-05
0.188 2.88496e-05
0.19 3.17e-05
0.192 3.48181e-05
0.194 3.82276e-05
0.196 4.19541e-05
0.198 4.60255e-05
0.2 5.04719e-05
0.202 5.53256e-05
0.204 6.06219e-05
0.206 6.63986e-05
0.208 7.26967e-05
0.21 7.95603e-05
0.212 8.70372e-05
0.214 9.51786e-05
0.216 0.00010404
0.218 0.000113681
0.22 0.000124165
0.222 0.000135563
0.224 0.000147947
0.226 0.000161398
0.228 0.000176002
0.23 0.00019185
0.232 0.000209042
0.234 0.000227683
0.236 0.000247887
0.238 0.000269776
0.24 0.000293481
0.242 0.000319141
0.244 0.000346906
0.246 0.000376935
0.248 0.0004094
0.25 0.000444483
0.252 0.00048238
0.254 0.000523299
0.256 0.000567461
0.258 0.000615104
0.26 0.000666481
0.262 0.000721861
0.264 0.000781529
0.266 0.000845791
0.268 0.00091497
0.27 0.000989413
0.272 0.00106948
0.274 0.00115557
0.276 0.00124809
0.278 0.00134748
0.28 0.0014542
0.282 0.00156874
0.284 0.00169164
0.286 0.00182342
0.288 0.00196469
0.29 0.00211606
0.292 0.00227818
0.294 0.00245173
0.296 0.00263746
0.298 0.00283612
0.3 0.00304852
0.302 0.00327552
0.304 0.00351801
0.306 0.00377694
0.308 0.00405332
0.31 0.00434817
0.312 0.00466261
0.314 0.00499779
0.316 0.00535492
0.318 0.00573527
0.32 0.00614018
0.322 0.00657106
0.324 0.00702935
0.326 0.00751661
0.328 0.00803442
0.33 0.00858447
0.332 0.00916851
0.334 0.00978837
0.336 0.010446
0.338 0.0111433
0.34 0.0118824
0.342 0.0126654
0.344 0.0134947
0.346 0.0143725
0.348 0.0153012
0.35 0.0162835
0.352 0.0173219
0.354 0.0184192
0.356 0.0195782
0.358 0.0208017
0.36 0.0220929
0.362 0.0234548
0.364 0.0248907
0.366 0.026404
0.368 0.027998
0.37 0.0296765
0.372 0.0314429
0.374 0.0333012
0.376 0.0352552
0.378 0.037309
0.38 0.0394666
0.382 0.0417322
0.384 0.0441103
0.386 0.0466053
0.388 0.0492217
0.39 0.0519642
0.392 0.0548375
0.394 0.0578466
0.396 0.0609964
0.398 0.0642919
0.4 0.0677385
0.402 0.0713412
0.404 0.0751055
0.406 0.0790368
0.408 0.0831407
0.41 0.0874226
0.412 0.0918883
0.414 0.0965435
0.416 0.101394
0.418 0.106446
0.42 0.111704
0.422 0.117176
0.424 0.122866
0.426 0.128781
0.428 0.134927
0.43 0.14131
0.432 0.147935
0.434 0.154809
0.436 0.161938
0.438 0.169327
0.44 0.176983
0.442 0.184911
0.444 0.193117
0.446 0.201606
0.448 0.210384
0.45 0.219457
0.452 0.228829
0.454 0.238506
0.456 0.248493
0.458 0.258794
0.46 0.269415
0.462 0.28036
0.464 0.291632
0.466 0.303237
0.468 0.315177
0.47 0.327456
0.472 0.340078
0.474 0.353044
0.476 0.366359
0.478 0.380024
0.48 0.394041
0.482 0.408411
0.484 0.423136
0.486 0.438217
0.488 0.453654
0.49 0.469446
0.492 0.485595
0.494 0.502097
0.496 0.518953
0.498 0.536161
0.5 0.553717
0.502 0.57162
0.504 0.589865
0.506 0.60845
0.508 0.627369
0.51 0.646617
0.512 0.666189
0.514 0.68608
0.516 0.706282
0.518 0.726788
0.52 0.74759
0.522 0.76868
0.524 0.790048
0.526 0.811686
0.528 0.833584
0.53 0.855729
0.532 0.878112
0.534 0.90072
0.536 0.92354
0.538 0.94656
0.54 0.969765
0.542 0.993143
0.544 1.01668
0.546 1.04035
0.548 1.06415
0.55 1.08806
0.552 1.11207
0.554 1.13614
0.556 1.16028
0.558 1.18445
0.56 1.20864
0.562 1.23284
0.564 1.25701
0.566 1.28115
0.568 1.30523
0.57 1.32923
0.572 1.35313
0.574 1.37691
0.576 1.40054
0.578 1.42401
0.58 1.4473
0.582 1.47038
0.584 1.49323
0.586 1.51582
0.588 1.53815
0.59 1.56018
0.592 1.58189
0.594 1.60326
0.596 1.62427
0.598 1.6449
0.6 1.66512
0.602 1.68492
0.604 1.70427
0.606 1.72316
0.608 1.74156
0.61 1.75945
0.612 1.77681
0.614 1.79363
0.616 1.80988
0.618 1.82555
0.62 1.84061
0.622 1.85506
0.624 1.86888
0.626 1.88204
0.628 1.89455
0.63 1.90637
0.632 1.91749
0.634 1.92791
0.636 1.93762
0.638 1.94659
0.64 1.95482
0.642 1.9623
0.644 1.96903
0.646 1.97498
0.648 1.98016
0.65 1.98456
0.652 1.98818
0.654 1.991
0.656 1.99304
0.658 1.99427
0.66 1.99471
0.662 1.99435
0.664 1.99319
0.666 1.99124
0.668 1.9885
0.67 1.98496
0.672 1.98064
0.674 1.97553
0.676 1.96966
0.678 1.96301
0.68 1.9556
0.682 1.94745
0.684 1.93855
0.686 1.92892
0.688 1.91857
0.69 1.90751
0.692 1.89576
0.694 1.88333
0.696 1.87023
0.698 1.85647
0.7 1.84209
0.702 1.82708
0.704 1.81147
0.706 1.79528
0.708 1.77852
0.71 1.76121
0.712 1.74337
0.714 1.72502
0.716 1.70618
0.718 1.68688
0.72 1.66712
0.722 1.64694
0.724 1.62635
0.726 1.60538
0.728 1.58404
0.73 1.56236
0.732 1.54036
0.734 1.51807
0.736 1.4955
0.738 1.47267
0.74 1.44962
0.742 1.42635
0.744 1.4029
0.746 1.37928
0.748 1.35551
0.75 1.33162
0.752 1.30763
0.754 1.28356
0.756 1.25943
0.758 1.23526
0.76 1.21106
0.762 1.18687
0.764 1.16269
0.766 1.13855
0.768 1.11447
0.77 1.09046
0.772 1.06654
0.774 1.04273
0.776 1.01904
0.778 0.995489
0.78 0.972096
0.782 0.948873
0.784 0.925834
0.786 0.902993
0.788 0.880363
0.79 0.857958
0.792 0.835788
0.794 0.813865
0.796 0.792201
0.798 0.770805
0.8 0.749687
0.802 0.728856
0.804 0.70832
0.806 0.688088
0.808 0.668166
0.81 0.648561
0.812 0.62928
0.814 0.610329
0.816 0.591711
0.818 0.573431
0.82 0.555495
0.822 0.537904
0.824 0.520662
0.826 0.503771
0.828 0.487233
0.83 0.47105
0.832 0.455222
0.834 0.43975
0.836 0.424634
0.838 0.409874
0.84 0.395469
0.842 0.381418
0.844 0.367719
0.846 0.35437
0.848 0.34137
0.85 0.328715
0.852 0.316403
0.854 0.304431
0.856 0.292794
0.858 0.28149
0.86 0.270515
0.862 0.259864
0.864 0.249533
0.866 0.239517
0.868 0.229812
0.87 0.220412
0.872 0.211313
0.874 0.202509
0.876 0.193995
0.878 0.185765
0.88 0.177814
0.882 0.170137
0.884 0.162726
0.886 0.155578
0.888 0.148685
0.89 0.142042
0.892 0.135642
0.894 0.129481
0.896 0.123552
0.898 0.117849
0.9 0.112367
0.902 0.107099
0.904 0.102039
0.906 0.0971825
0.908 0.0925228
0.91 0.0880544
0.912 0.0837716
0.914 0.079669
0.916 0.0757411
0.918 0.0719824
0.92 0.0683876
0.922 0.0649515
0.924 0.0616691
0.926 0.0585352
0.928 0.055545
0.93 0.0526937
0.932 0.0499765
0.934 0.047389
0.936 0.0449266
0.938 0.042585
0.94 0.04036
0.942 0.0382476
0.944 0.0362438
0.946 0.0343447
0.948 0.0325467
0.95 0.0308462
0.952 0.0292398
0.954 0.0277242
0.956 0.0262962
0.958 0.0249528
0.96 0.0236911
0.962 0.0225084
0.964 0.0214019
0.966 0.0203694
0.968 0.0194083
0.97 0.0185166
0.972 0.017692
0.974 0.0169327
0.976 0.0162369
0.978 0.0156029
0.98 0.0150292
0.982 0.0145143
0.984 0.014057
0.986 0.0136562
0.988 0.0133108
0.99 0.01302
0.992 0.0127831
0.994 0.0125995
0.996 0.0124686
0.998 0.0123902
