-1 0.470407
-0.99 0.470389
-0.98 0.47042
-0.97 0.470448
-0.96 0.470458
-0.95 0.470563
-0.94 0.470517
-0.93 0.470725
-0.92 0.470599
-0.91 0.470913
-0.9 0.470713
-0.89 0.471091
-0.88 0.470881
-0.87 0.471213
-0.86 0.471117
-0.85 0.47125
-0.84 0.471388
-0.83 0.471242
-0.82 0.47158
-0.81 0.471296
-0.8 0.47155
-0.79 0.471461
-0.78 0.471315
-0.77 0.471545
-0.76 0.471129
-0.75 0.471238
-0.74 0.471111
-0.73 0.470661
-0.72 0.470797
-0.71 0.470324
-0.7 0.469899
-0.69 0.469903
-0.68 0.469177
-0.67 0.468666
-0.66 0.468525
-0.65 0.467609
-0.64 0.466835
-0.63 0.46658
-0.62 0.465596
-0.61 0.464349
-0.6 0.463841
-0.59 0.463095
-0.58 0.461442
-0.57 0.460056
-0.56 0.459474
-0.55 0.458492
-0.54 0.456346
-0.53 0.454035
-0.52 0.453042
-0.51 0.453816
-0.5 0.455785
-0.49 0.458188
-0.48 0.460589
-0.47 0.462866
-0.46 0.465024
-0.45 0.467085
-0.44 0.469056
-0.43 0.470941
-0.42 0.472739
-0.41 0.474453
-0.4 0.476083
-0.39 0.477632
-0.38 0.479101
-0.37 0.480492
-0.36 0.481808
-0.35 0.48305
-0.34 0.48422
-0.33 0.485321
-0.32 0.486354
-0.31 0.487323
-0.3 0.48823
-0.29 0.489076
-0.28 0.489865
-0.27 0.490598
-0.26 0.491279
-0.25 0.491909
-0.24 0.492492
-0.23 0.493028
-0.22 0.493522
-0.21 0.493975
-0.2 0.49439
-0.19 0.494768
-0.18 0.495112
-0.17 0.495424
-0.16 0.495707
-0.15 0.495961
-0.14 0.49619
-0.13 0.496395
-0.12 0.496577
-0.11 0.496738
-0.1 0.496881
-0.09 0.497005
-0.08 0.497113
-0.07 0.497205
-0.06 0.497283
-0.05 0.497347
-0.04 0.497399
-0.03 0.497438
-0.02 0.497466
-0.01 0.497483
0 0.497488
0.01 0.497483
0.02 0.497466
0.03 0.497438
0.04 0.497399
0.05 0.497347
0.06 0.497283
0.07 0.497205
0.08 0.497113
0.09 0.497005
0.1 0.496881
0.11 0.496738
0.12 0.496577
0.13 0.496395
0.14 0.49619
0.15 0.495961
0.16 0.495707
0.17 0.495424
0.18 0.495112
0.19 0.494768
0.2 0.49439
0.21 0.493975
0.22 0.493522
0.23 0.493028
0.24 0.492492
0.25 0.491909
0.26 0.491279
0.27 0.490598
0.28 0.489865
0.29 0.489076
0.3 0.48823
0.31 0.487323
0.32 0.486354
0.33 0.485321
0.34 0.48422
0.35 0.48305
0.36 0.481808
0.37 0.480492
0.38 0.479101
0.39 0.477632
0.4 0.476083
0.41 0.474453
0.42 0.472739
0.43 0.470941
0.44 0.469056
0.45 0.467085
0.46 0.465024
0.47 0.462866
0.48 0.460589
0.49 0.458188
0.5 0.455785
0.51 0.453816
0.52 0.453042
0.53 0.454035
0.54 0.456346
0.55 0.458492
0.56 0.459474
0.57 0.460056
0.58 0.461442
0.59 0.463095
0.6 0.463841
0.61 0.464349
0.62 0.465596
0.63 0.46658
0.64 0.466835
0.65 0.467609
0.66 0.468525
0.67 0.468666
0.68 0.469177
0.69 0.469903
0.7 0.469899
0.71 0.470324
0.72 0.470797
0.73 0.470661
0.74 0.471111
0.75 0.471238
0.76 0.471129
0.77 0.471545
0.78 0.471315
0.79 0.471461
0.8 0.47155
0.81 0.471296
0.82 0.47158
0.83 0.471242
0.84 0.471388
0.85 0.47125
0.86 0.471117
0.87 0.471213
0.88 0.470881
0.89 0.471091
0.9 0.470713
0.91 0.470913
0.92 0.470599
0.93 0.470725
0.94 0.470517
0.95 0.470563
0.96 0.470458
0.97 0.470448
0.98 0.47042
0.99 0.470389
