-1 0.553025
-0.99 0.55321
-0.98 0.552902
-0.97 0.552981
-0.96 0.552537
-0.95 0.552517
-0.94 0.551931
-0.93 0.551811
-0.92 0.551092
-0.91 0.550845
-0.9 0.550028
-0.89 0.549602
-0.88 0.548748
-0.87 0.548069
-0.86 0.547243
-0.85 0.546253
-0.84 0.545476
-0.83 0.544195
-0.82 0.54338
-0.81 0.54195
-0.8 0.540894
-0.79 0.539528
-0.78 0.538049
-0.77 0.536818
-0.76 0.534989
-0.75 0.533644
-0.74 0.531826
-0.73 0.529994
-0.72 0.528393
-0.71 0.526153
-0.7 0.524369
-0.69 0.52228
-0.68 0.51987
-0.67 0.517946
-0.66 0.515404
-0.65 0.512885
-0.64 0.5107
-0.63 0.507801
-0.62 0.505105
-0.61 0.502657
-0.6 0.499466
-0.59 0.496479
-0.58 0.493824
-0.57 0.490415
-0.56 0.486992
-0.55 0.484132
-0.54 0.480703
-0.53 0.476749
-0.52 0.473413
-0.51 0.470218
-0.5 0.466127
-0.49 0.461802
-0.48 0.458278
-0.47 0.454959
-0.46 0.450657
-0.45 0.445554
-0.44 0.441037
-0.43 0.438151
-0.42 0.436838
-0.41 0.436407
-0.4 0.436231
-0.39 0.436017
-0.38 0.435705
-0.37 0.435313
-0.36 0.434863
-0.35 0.434363
-0.34 0.433818
-0.33 0.433231
-0.32 0.432606
-0.31 0.431947
-0.3 0.431258
-0.29 0.430543
-0.28 0.429807
-0.27 0.429053
-0.26 0.428286
-0.25 0.427509
-0.24 0.426727
-0.23 0.425943
-0.22 0.425161
-0.21 0.424385
-0.2 0.423618
-0.19 0.422865
-0.18 0.422128
-0.17 0.42141
-0.16 0.420716
-0.15 0.420048
-0.14 0.419408
-0.13 0.4188
-0.12 0.418227
-0.11 0.41769
-0.1 0.417192
-0.09 0.416734
-0.08 0.41632
-0.07 0.415951
-0.06 0.415627
-0.05 0.415352
-0.04 0.415124
-0.03 0.414947
-0.02 0.414819
-0.01 0.414742
0 0.414717
0.01 0.414742
0.02 0.414819
0.03 0.414947
0.04 0.415124
0.05 0.415352
0.06 0.415627
0.07 0.415951
0.08 0.41632
0.09 0.416734
0.1 0.417192
0.11 0.41769
0.12 0.418227
0.13 0.4188
0.14 0.419408
0.15 0.420048
0.16 0.420716
0.17 0.42141
0.18 0.422128
0.19 0.422865
0.2 0.423618
0.21 0.424385
0.22 0.425161
0.23 0.425943
0.24 0.426727
0.25 0.427509
0.26 0.428286
0.27 0.429053
0.28 0.429807
0.29 0.430543
0.3 0.431258
0.31 0.431947
0.32 0.432606
0.33 0.433231
0.34 0.433818
0.35 0.434363
0.36 0.434863
0.37 0.435313
0.38 0.435705
0.39 0.436017
0.4 0.436231
0.41 0.436407
0.42 0.436838
0.43 0.438151
0.44 0.441037
0.45 0.445554
0.46 0.450657
0.47 0.454959
0.48 0.458278
0.49 0.461802
0.5 0.466127
0.51 0.470218
0.52 0.473413
0.53 0.476749
0.54 0.480703
0.55 0.484132
0.56 0.486992
0.57 0.490415
0.58 0.493824
0.59 0.496479
0.6 0.499466
0.61 0.502657
0.62 0.505105
0.63 0.507801
0.64 0.5107
0.65 0.512885
0.66 0.515404
0.67 0.517946
0.68 0.51987
0.69 0.52228
0.7 0.524369
0.71 0.526153
0.72 0.528393
0.73 0.529994
0.74 0.531826
0.75 0.533644
0.76 0.534989
0.77 0.536818
0.78 0.538049
0.79 0.539528
0.8 0.540894
0.81 0.54195
0.82 0.54338
0.83 0.544195
0.84 0.545476
0.85 0.546253
0.86 0.547243
0.87 0.548069
0.88 0.548748
0.89 0.549602
0.9 0.550028
0.91 0.550845
0.92 0.551092
0.93 0.551811
0.94 0.551931
0.95 0.552517
0.96 0.552537
0.97 0.552981
0.98 0.552902
0.99 0.55321
