-1 0.425031
-0.99 0.425359
-0.98 0.42512
-0.97 0.425532
-0.96 0.425387
-0.95 0.425868
-0.94 0.425839
-0.93 0.426348
-0.92 0.426483
-0.91 0.426949
-0.9 0.427313
-0.89 0.427663
-0.88 0.428295
-0.87 0.428516
-0.86 0.429348
-0.85 0.429572
-0.84 0.430372
-0.83 0.430857
-0.82 0.431367
-0.81 0.432234
-0.8 0.432511
-0.79 0.433435
-0.78 0.433961
-0.77 0.434441
-0.76 0.435415
-0.75 0.435697
-0.74 0.43641
-0.73 0.437238
-0.72 0.437411
-0.71 0.438201
-0.7 0.438908
-0.69 0.438965
-0.68 0.439661
-0.67 0.440375
-0.66 0.440282
-0.65 0.440623
-0.64 0.441453
-0.63 0.44145
-0.62 0.441079
-0.61 0.441574
-0.6 0.442293
-0.59 0.441935
-0.58 0.440892
-0.57 0.440767
-0.56 0.442463
-0.55 0.445628
-0.54 0.449441
-0.53 0.45334
-0.52 0.457133
-0.51 0.460808
-0.5 0.464386
-0.49 0.467877
-0.48 0.471281
-0.47 0.474597
-0.46 0.477825
-0.45 0.480965
-0.44 0.484017
-0.43 0.48698
-0.42 0.489854
-0.41 0.492641
-0.4 0.49534
-0.39 0.497952
-0.38 0.500477
-0.37 0.502916
-0.36 0.50527
-0.35 0.507539
-0.34 0.509725
-0.33 0.511828
-0.32 0.513849
-0.31 0.51579
-0.3 0.517651
-0.29 0.519434
-0.28 0.52114
-0.27 0.52277
-0.26 0.524326
-0.25 0.525809
-0.24 0.52722
-0.23 0.52856
-0.22 0.529831
-0.21 0.531034
-0.2 0.532171
-0.19 0.533243
-0.18 0.534251
-0.17 0.535196
-0.16 0.53608
-0.15 0.536903
-0.14 0.537668
-0.13 0.538375
-0.12 0.539024
-0.11 0.539619
-0.1 0.540158
-0.09 0.540643
-0.08 0.541074
-0.07 0.541454
-0.06 0.541781
-0.05 0.542057
-0.04 0.542282
-0.03 0.542457
-0.02 0.542582
-0.01 0.542656
0 0.542681
0.01 0.542656
0.02 0.542582
0.03 0.542457
0.04 0.542282
0.05 0.542057
0.06 0.541781
0.07 0.541454
0.08 0.541074
0.09 0.540643
0.1 0.540158
0.11 0.539619
0.12 0.539024
0.13 0.538375
0.14 0.537668
0.15 0.536903
0.16 0.53608
0.17 0.535196
0.18 0.534251
0.19 0.533243
0.2 0.532171
0.21 0.531034
0.22 0.529831
0.23 0.52856
0.24 0.52722
0.25 0.525809
0.26 0.524326
0.27 0.52277
0.28 0.52114
0.29 0.519434
0.3 0.517651
0.31 0.51579
0.32 0.513849
0.33 0.511828
0.34 0.509725
0.35 0.507539
0.36 0.50527
0.37 0.502916
0.38 0.500477
0.39 0.497952
0.4 0.49534
0.41 0.492641
0.42 0.489854
0.43 0.48698
0.44 0.484017
0.45 0.480965
0.46 0.477825
0.47 0.474597
0.48 0.471281
0.49 0.467877
0.5 0.464386
0.51 0.460808
0.52 0.457133
0.53 0.45334
0.54 0.449441
0.55 0.445628
0.56 0.442463
0.57 0.440767
0.58 0.440892
0.59 0.441935
0.6 0.442293
0.61 0.441574
0.62 0.441079
0.63 0.44145
0.64 0.441453
0.65 0.440623
0.66 0.440282
0.67 0.440375
0.68 0.439661
0.69 0.438965
0.7 0.438908
0.71 0.438201
0.72 0.437411
0.73 0.437238
0.74 0.43641
0.75 0.435697
0.76 0.435415
0.77 0.434441
0.78 0.433961
0.79 0.433435
0.8 0.432511
0.81 0.432234
0.82 0.431367
0.83 0.430857
0.84 0.430372
0.85 0.429572
0.86 0.429348
0.87 0.428516
0.88 0.428295
0.89 0.427663
0.9 0.427313
0.91 0.426949
0.92 0.426483
0.93 0.426348
0.94 0.425839
0.95 0.425868
0.96 0.425387
0.97 0.425532
0.98 0.42512
0.99 0.425359
