-1 0.541858
-0.99 0.541573
-0.98 0.541762
-0.97 0.541374
-0.96 0.541471
-0.95 0.540978
-0.94 0.540978
-0.93 0.540392
-0.92 0.540268
-0.91 0.53962
-0.9 0.539326
-0.89 0.538669
-0.88 0.538139
-0.87 0.537528
-0.86 0.536716
-0.85 0.536161
-0.84 0.53509
-0.83 0.534505
-0.82 0.533311
-0.81 0.532504
-0.8 0.531384
-0.79 0.530179
-0.78 0.52921
-0.77 0.527662
-0.76 0.526616
-0.75 0.525066
-0.74 0.523569
-0.73 0.522252
-0.72 0.520326
-0.71 0.518895
-0.7 0.517082
-0.69 0.515044
-0.68 0.513458
-0.67 0.511209
-0.66 0.509103
-0.65 0.507236
-0.64 0.504653
-0.63 0.502396
-0.62 0.500257
-0.61 0.497386
-0.6 0.494859
-0.59 0.492524
-0.58 0.489408
-0.57 0.486454
-0.56 0.483969
-0.55 0.480782
-0.54 0.477242
-0.53 0.474386
-0.52 0.47146
-0.51 0.467611
-0.5 0.463753
-0.49 0.460722
-0.48 0.457657
-0.47 0.453501
-0.46 0.448746
-0.45 0.444848
-0.44 0.442655
-0.43 0.441925
-0.42 0.441923
-0.41 0.442082
-0.4 0.44217
-0.39 0.442154
-0.38 0.442056
-0.37 0.441895
-0.36 0.441677
-0.35 0.441406
-0.34 0.441085
-0.33 0.440718
-0.32 0.440309
-0.31 0.439861
-0.3 0.439379
-0.29 0.438867
-0.28 0.438328
-0.27 0.437766
-0.26 0.437186
-0.25 0.43659
-0.24 0.435983
-0.23 0.435369
-0.22 0.43475
-0.21 0.434131
-0.2 0.433516
-0.19 0.432907
-0.18 0.432308
-0.17 0.431722
-0.16 0.431152
-0.15 0.4306
-0.14 0.430071
-0.13 0.429567
-0.12 0.429089
-0.11 0.42864
-0.1 0.428223
-0.09 0.42784
-0.08 0.427492
-0.07 0.427181
-0.06 0.426908
-0.05 0.426675
-0.04 0.426483
-0.03 0.426333
-0.02 0.426225
-0.01 0.42616
0 0.426138
0.01 0.42616
0.02 0.426225
0.03 0.426333
0.04 0.426483
0.05 0.426675
0.06 0.426908
0.07 0.427181
0.08 0.427492
0.09 0.42784
0.1 0.428223
0.11 0.42864
0.12 0.429089
0.13 0.429567
0.14 0.430071
0.15 0.4306
0.16 0.431152
0.17 0.431722
0.18 0.432308
0.19 0.432907
0.2 0.433516
0.21 0.434131
0.22 0.43475
0.23 0.435369
0.24 0.435983
0.25 0.43659
0.26 0.437186
0.27 0.437766
0.28 0.438328
0.29 0.438867
0.3 0.439379
0.31 0.439861
0.32 0.440309
0.33 0.440718
0.34 0.441085
0.35 0.441406
0.36 0.441677
0.37 0.441895
0.38 0.442056
0.39 0.442154
0.4 0.44217
0.41 0.442082
0.42 0.441923
0.43 0.441925
0.44 0.442655
0.45 0.444848
0.46 0.448746
0.47 0.453501
0.48 0.457657
0.49 0.460722
0.5 0.463753
0.51 0.467611
0.52 0.47146
0.53 0.474386
0.54 0.477242
0.55 0.480782
0.56 0.483969
0.57 0.486454
0.58 0.489408
0.59 0.492524
0.6 0.494859
0.61 0.497386
0.62 0.500257
0.63 0.502396
0.64 0.504653
0.65 0.507236
0.66 0.509103
0.67 0.511209
0.68 0.513458
0.69 0.515044
0.7 0.517082
0.71 0.518895
0.72 0.520326
0.73 0.522252
0.74 0.523569
0.75 0.525066
0.76 0.526616
0.77 0.527662
0.78 0.52921
0.79 0.530179
0.8 0.531384
0.81 0.532504
0.82 0.533311
0.83 0.534505
0.84 0.53509
0.85 0.536161
0.86 0.536716
0.87 0.537528
0.88 0.538139
0.89 0.538669
0.9 0.539326
0.91 0.53962
0.92 0.540268
0.93 0.540392
0.94 0.540978
0.95 0.540978
0.96 0.541471
0.97 0.541374
0.98 0.541762
0.99 0.541573
