-1 0.478971
-0.99 0.479235
-0.98 0.478982
-0.97 0.479242
-0.96 0.479016
-0.95 0.47925
-0.94 0.479075
-0.93 0.479246
-0.92 0.479162
-0.91 0.479217
-0.9 0.479267
-0.89 0.479161
-0.88 0.47936
-0.87 0.479097
-0.86 0.479383
-0.85 0.479067
-0.84 0.479269
-0.83 0.479089
-0.82 0.479003
-0.81 0.479086
-0.8 0.478689
-0.79 0.478871
-0.78 0.478471
-0.77 0.478336
-0.76 0.478269
-0.75 0.477693
-0.74 0.477711
-0.73 0.47723
-0.72 0.476708
-0.71 0.476618
-0.7 0.475824
-0.69 0.475326
-0.68 0.47503
-0.67 0.474003
-0.66 0.473393
-0.65 0.472931
-0.64 0.471692
-0.63 0.470794
-0.62 0.470248
-0.61 0.468886
-0.6 0.467461
-0.59 0.466746
-0.58 0.465604
-0.57 0.46363
-0.56 0.462083
-0.55 0.461256
-0.54 0.459865
-0.53 0.457342
-0.52 0.45483
-0.51 0.453737
-0.5 0.454379
-0.49 0.456131
-0.48 0.458259
-0.47 0.460363
-0.46 0.462341
-0.45 0.464203
-0.44 0.46597
-0.43 0.46765
-0.42 0.469246
-0.41 0.470757
-0.4 0.472186
-0.39 0.473535
-0.38 0.474806
-0.37 0.476001
-0.36 0.477122
-0.35 0.478171
-0.34 0.479152
-0.33 0.480066
-0.32 0.480915
-0.31 0.481703
-0.3 0.482432
-0.29 0.483104
-0.28 0.483723
-0.27 0.48429
-0.26 0.484808
-0.25 0.485281
-0.24 0.48571
-0.23 0.486098
-0.22 0.486448
-0.21 0.486763
-0.2 0.487044
-0.19 0.487294
-0.18 0.487516
-0.17 0.487712
-0.16 0.487884
-0.15 0.488034
-0.14 0.488164
-0.13 0.488276
-0.12 0.488373
-0.11 0.488455
-0.1 0.488524
-0.09 0.488582
-0.08 0.488631
-0.07 0.48867
-0.06 0.488703
-0.05 0.488728
-0.04 0.488748
-0.03 0.488763
-0.02 0.488773
-0.01 0.488779
0 0.488781
0.01 0.488779
0.02 0.488773
0.03 0.488763
0.04 0.488748
0.05 0.488728
0.06 0.488703
0.07 0.48867
0.08 0.488631
0.09 0.488582
0.1 0.488524
0.11 0.488455
0.12 0.488373
0.13 0.488276
0.14 0.488164
0.15 0.488034
0.16 0.487884
0.17 0.487712
0.18 0.487516
0.19 0.487294
0.2 0.487044
0.21 0.486763
0.22 0.486448
0.23 0.486098
0.24 0.48571
0.25 0.485281
0.26 0.484808
0.27 0.48429
0.28 0.483723
0.29 0.483104
0.3 0.482432
0.31 0.481703
0.32 0.480915
0.33 0.480066
0.34 0.479152
0.35 0.478171
0.36 0.477122
0.37 0.476001
0.38 0.474806
0.39 0.473535
0.4 0.472186
0.41 0.470757
0.42 0.469246
0.43 0.46765
0.44 0.46597
0.45 0.464203
0.46 0.462341
0.47 0.460363
0.48 0.458259
0.49 0.456131
0.5 0.454379
0.51 0.453737
0.52 0.45483
0.53 0.457342
0.54 0.459865
0.55 0.461256
0.56 0.462083
0.57 0.46363
0.58 0.465604
0.59 0.466746
0.6 0.467461
0.61 0.468886
0.62 0.470248
0.63 0.470794
0.64 0.471692
0.65 0.472931
0.66 0.473393
0.67 0.474003
0.68 0.47503
0.69 0.475326
0.7 0.475824
0.71 0.476618
0.72 0.476708
0.73 0.47723
0.74 0.477711
0.75 0.477693
0.76 0.478269
0.77 0.478336
0.78 0.478471
0.79 0.478871
0.8 0.478689
0.81 0.479086
0.82 0.479003
0.83 0.479089
0.84 0.479269
0.85 0.479067
0.86 0.479383
0.87 0.479097
0.88 0.47936
0.89 0.479161
0.9 0.479267
0.91 0.479217
0.92 0.479162
0.93 0.479246
0.94 0.479075
0.95 0.47925
0.96 0.479016
0.97 0.479242
0.98 0.478982
0.99 0.479235
