-1 0.657511
-0.99 0.657508
-0.98 0.657194
-0.97 0.656854
-0.96 0.656241
-0.95 0.655547
-0.94 0.654657
-0.93 0.653588
-0.92 0.652444
-0.91 0.650986
-0.9 0.649602
-0.89 0.647751
-0.88 0.646128
-0.87 0.643905
-0.86 0.642013
-0.85 0.639475
-0.84 0.637246
-0.83 0.634485
-0.82 0.631832
-0.81 0.628941
-0.8 0.625807
-0.79 0.622811
-0.78 0.619245
-0.77 0.616041
-0.76 0.612222
-0.75 0.608609
-0.74 0.604745
-0.73 0.600598
-0.72 0.59671
-0.71 0.592182
-0.7 0.587997
-0.69 0.583439
-0.68 0.578689
-0.67 0.574202
-0.66 0.569071
-0.65 0.56426
-0.64 0.559233
-0.63 0.553813
-0.62 0.548823
-0.61 0.543275
-0.6 0.537714
-0.59 0.532425
-0.58 0.526483
-0.57 0.52079
-0.56 0.51519
-0.55 0.508956
-0.54 0.503091
-0.53 0.497249
-0.52 0.490778
-0.51 0.484692
-0.5 0.478713
-0.49 0.472061
-0.48 0.465677
-0.47 0.459647
-0.46 0.452958
-0.45 0.446179
-0.44 0.440031
-0.43 0.433585
-0.42 0.426504
-0.41 0.419857
-0.4 0.413731
-0.39 0.407026
-0.38 0.399733
-0.37 0.392981
-0.36 0.386962
-0.35 0.380583
-0.34 0.373208
-0.33 0.365633
-0.32 0.359184
-0.31 0.354481
-0.3 0.35121
-0.29 0.348696
-0.28 0.346429
-0.27 0.344194
-0.26 0.341958
-0.25 0.339743
-0.24 0.337569
-0.23 0.335444
-0.22 0.333374
-0.21 0.331362
-0.2 0.329413
-0.19 0.32753
-0.18 0.325718
-0.17 0.32398
-0.16 0.322321
-0.15 0.320744
-0.14 0.319252
-0.13 0.317849
-0.12 0.316537
-0.11 0.31532
-0.1 0.3142
-0.09 0.313179
-0.08 0.312259
-0.07 0.311443
-0.06 0.310732
-0.05 0.310128
-0.04 0.309632
-0.03 0.309246
-0.02 0.308969
-0.01 0.308802
0 0.308747
0.01 0.308802
0.02 0.308969
0.03 0.309246
0.04 0.309632
0.05 0.310128
0.06 0.310732
0.07 0.311443
0.08 0.312259
0.09 0.313179
0.1 0.3142
0.11 0.31532
0.12 0.316537
0.13 0.317849
0.14 0.319252
0.15 0.320744
0.16 0.322321
0.17 0.32398
0.18 0.325718
0.19 0.32753
0.2 0.329413
0.21 0.331362
0.22 0.333374
0.23 0.335444
0.24 0.337569
0.25 0.339743
0.26 0.341958
0.27 0.344194
0.28 0.346429
0.29 0.348696
0.3 0.35121
0.31 0.354481
0.32 0.359184
0.33 0.365633
0.34 0.373208
0.35 0.380583
0.36 0.386962
0.37 0.392981
0.38 0.399733
0.39 0.407026
0.4 0.413731
0.41 0.419857
0.42 0.426504
0.43 0.433585
0.44 0.440031
0.45 0.446179
0.46 0.452958
0.47 0.459647
0.48 0.465677
0.49 0.472061
0.5 0.478713
0.51 0.484692
0.52 0.490778
0.53 0.497249
0.54 0.503091
0.55 0.508956
0.56 0.51519
0.57 0.52079
0.58 0.526483
0.59 0.532425
0.6 0.537714
0.61 0.543275
0.62 0.548823
0.63 0.553813
0.64 0.559233
0.65 0.56426
0.66 0.569071
0.67 0.574202
0.68 0.578689
0.69 0.583439
0.7 0.587997
0.71 0.592182
0.72 0.59671
0.73 0.600598
0.74 0.604745
0.75 0.608609
0.76 0.612222
0.77 0.616041
0.78 0.619245
0.79 0.622811
0.8 0.625807
0.81 0.628941
0.82 0.631832
0.83 0.634485
0.84 0.637246
0.85 0.639475
0.86 0.642013
0.87 0.643905
0.88 0.646128
0.89 0.647751
0.9 0.649602
0.91 0.650986
0.92 0.652444
0.93 0.653588
0.94 0.654657
0.95 0.655547
0.96 0.656241
0.97 0.656854
0.98 0.657194
0.99 0.657508
