-1 0.000591909
-0.998 0.000593879
-0.996 0.000599798
-0.994 0.000609696
-0.992 0.000623622
-0.99 0.000641646
-0.988 0.000663857
-0.986 0.000690366
-0.984 0.000721303
-0.982 0.000756821
-0.98 0.000797093
-0.978 0.000842315
-0.976 0.000892706
-0.974 0.000948508
-0.972 0.00100999
-0.97 0.00107744
-0.968 0.00115117
-0.966 0.00123153
-0.964 0.00131889
-0.962 0.00141364
-0.96 0.00151623
-0.958 0.0016271
-0.956 0.00174674
-0.954 0.00187569
-0.952 0.0020145
-0.95 0.00216377
-0.948 0.00232412
-0.946 0.00249623
-0.944 0.00268082
-0.942 0.00287862
-0.94 0.00309044
-0.938 0.00331712
-0.936 0.00355955
-0.934 0.00381867
-0.932 0.00409546
-0.93 0.00439096
-0.928 0.00470627
-0.926 0.00504255
-0.924 0.00540099
-0.922 0.00578288
-0.92 0.00618954
-0.918 0.00662238
-0.916 0.00708285
-0.914 0.0075725
-0.912 0.00809293
-0.91 0.00864582
-0.908 0.00923291
-0.906 0.00985606
-0.904 0.0105172
-0.902 0.0112182
-0.9 0.0119613
-0.898 0.0127486
-0.896 0.0135824
-0.894 0.014465
-0.892 0.0153988
-0.89 0.0163864
-0.888 0.0174304
-0.886 0.0185336
-0.884 0.0196987
-0.882 0.0209287
-0.88 0.0222267
-0.878 0.0235958
-0.876 0.0250392
-0.874 0.0265603
-0.872 0.0281626
-0.87 0.0298496
-0.868 0.031625
-0.866 0.0334927
-0.864 0.0354564
-0.862 0.0375203
-0.86 0.0396885
-0.858 0.0419652
-0.856 0.0443547
-0.854 0.0468616
-0.852 0.0494904
-0.85 0.0522457
-0.848 0.0551324
-0.846 0.0581553
-0.844 0.0613194
-0.842 0.0646298
-0.84 0.0680917
-0.838 0.0717104
-0.836 0.0754911
-0.834 0.0794395
-0.832 0.0835608
-0.83 0.0878609
-0.828 0.0923453
-0.826 0.0970198
-0.824 0.10189
-0.822 0.106962
-0.82 0.112242
-0.818 0.117735
-0.816 0.123447
-0.814 0.129385
-0.812 0.135555
-0.81 0.141961
-0.808 0.148611
-0.806 0.155511
-0.804 0.162665
-0.802 0.170081
-0.8 0.177764
-0.798 0.185719
-0.796 0.193953
-0.794 0.202471
-0.792 0.211278
-0.79 0.22038
-0.788 0.229783
-0.786 0.239491
-0.784 0.249509
-0.782 0.259842
-0.78 0.270495
-0.778 0.281472
-0.776 0.292778
-0.774 0.304416
-0.772 0.31639
-0.77 0.328703
-0.768 0.341359
-0.766 0.35436
-0.764 0.36771
-0.762 0.38141
-0.76 0.395462
-0.758 0.409868
-0.756 0.424628
-0.754 0.439745
-0.752 0.455217
-0.75 0.471045
-0.748 0.487229
-0.746 0.503767
-0.744 0.520658
-0.742 0.537901
-0.74 0.555492
-0.738 0.573429
-0.736 0.591709
-0.734 0.610327
-0.732 0.629279
-0.73 0.64856
-0.728 0.668164
-0.726 0.688086
-0.724 0.708319
-0.722 0.728855
-0.72 0.749686
-0.718 0.770804
-0.716 0.7922
-0.714 0.813865
-0.712 0.835787
-0.71 0.857957
-0.708 0.880363
-0.706 0.902992
-0.704 0.925833
-0.702 0.948872
-0.7 0.972096
-0.698 0.995489
-0.696 1.01904
-0.694 1.04273
-0.692 1.06654
-0.69 1.09046
-0.688 1.11447
-0.686 1.13855
-0.684 1.16269
-0.682 1.18687
-0.68 1.21106
-0.678 1.23526
-0.676 1.25943
-0.674 1.28356
-0.672 1.30763
-0.67 1.33162
-0.668 1.35551
-0.666 1.37928
-0.664 1.4029
-0.662 1.42635
-0.66 1.44962
-0.658 1.47267
-0.656 1.4955
-0.654 1.51807
-0.652 1.54036
-0.65 1.56236
-0.648 1.58404
-0.646 1.60538
-0.644 1.62635
-0.642 1.64694
-0.64 1.66712
-0.638 1.68688
-0.636 1.70618
-0.634 1.72502
-0.632 1.74337
-0.63 1.76121
-0.628 1.77852
-0.626 1.79528
-0.624 1.81147
-0.622 1.82708
-0.62 1.84209
-0.618 1.85647
-0.616 1.87023
-0.614 1.88333
-0.612 1.89576
-0.61 1.90751
-0.608 1.91857
-0.606 1.92892
-0.604 1.93855
-0.602 1.94745
-0.6 1.9556
-0.598 1.96301
-0.596 1.96966
-0.594 1.97553
-0.592 1.98064
-0.59 1.98496
-0.588 1.9885
-0.586 1.99124
-0.584 1.99319
-0.582 1.99435
-0.58 1.99471
-0.578 1.99427
-0.576 1.99304
-0.574 1.991
-0.572 1.98818
-0.57 1.98456
-0.568 1.98016
-0.566 1.97498
-0.564 1.96903
-0.562 1.9623
-0.56 1.95482
-0.558 1.94659
-0.556 1.93762
-0.554 1.92791
-0.552 1.91749
-0.55 1.90637
-0.548 1.89455
-0.546 1.88204
-0.544 1.86888
-0.542 1.85506
-0.54 1.84061
-0.538 1.82555
-0.536 1.80988
-0.534 1.79363
-0.532 1.77681
-0.53 1.75945
-0.528 1.74156
-0.526 1.72316
-0.524 1.70427
-0.522 1.68492
-0.52 1.66512
-0.518 1.6449
-0.516 1.62427
-0.514 1.60326
-0.512 1.58189
-0.51 1.56018
-0.508 1.53815
-0.506 1.51582
-0.504 1.49323
-0.502 1.47038
-0.5 1.4473
-0.498 1.42401
-0.496 1.40054
-0.494 1.37691
-0.492 1.35313
-0.49 1.32923
-0.488 1.30523
-0.486 1.28115
-0.484 1.25701
-0.482 1.23284
-0.48 1.20864
-0.478 1.18445
-0.476 1.16028
-0.474 1.13614
-0.472 1.11207
-0.47 1.08806
-0.468 1.06415
-0.466 1.04035
-0.464 1.01668
-0.462 0.993143
-0.46 0.969765
-0.458 0.94656
-0.456 0.92354
-0.454 0.90072
-0.452 0.878112
-0.45 0.855729
-0.448 0.833584
-0.446 0.811686
-0.444 0.790048
-0.442 0.76868
-0.44 0.74759
-0.438 0.726788
-0.436 0.706282
-0.434 0.68608
-0.432 0.666189
-0.43 0.646617
-0.428 0.627369
-0.426 0.60845
-0.424 0.589865
-0.422 0.57162
-0.42 0.553717
-0.418 0.536161
-0.416 0.518953
-0.414 0.502097
-0.412 0.485595
-0.41 0.469446
-0.408 0.453654
-0.406 0.438217
-0.404 0.423136
-0.402 0.408411
-0.4 0.394041
-0.398 0.380024
-0.396 0.366359
-0.394 0.353044
-0.392 0.340078
-0.39 0.327456
-0.388 0.315177
-0.386 0.303237
-0.384 0.291632
-0.382 0.28036
-0.38 0.269415
-0.378 0.258794
-0.376 0.248493
-0.374 0.238506
-0.372 0.228829
-0.37 0.219457
-0.368 0.210384
-0.366 0.201606
-0.364 0.193117
-0.362 0.184911
-0.36 0.176983
-0.358 0.169327
-0.356 0.161938
-0.354 0.154809
-0.352 0.147935
-0.35 0.14131
-0.348 0.134927
-0.346 0.128781
-0.344 0.122866
-0.342 0.117176
-0.34 0.111704
-0.338 0.106446
-0.336 0.101394
-0.334 0.0965435
-0.332 0.0918883
-0.33 0.0874226
-0.328 0.0831407
-0.326 0.0790368
-0.324 0.0751055
-0.322 0.0713412
-0.32 0.0677385
-0.318 0.0642919
-0.316 0.0609964
-0.314 0.0578466
-0.312 0.0548375
-0.31 0.0519642
-0.308 0.0492217
-0.306 0.0466053
-0.304 0.0441103
-0.302 0.0417322
-0.3 0.0394666
-0.298 0.037309
-0.296 0.0352552
-0.294 0.0333012
-0.292 0.0314429
-0.29 0.0296765
-0.288 0.027998
-0.286 0.026404
-0.284 0.0248907
-0.282 0.0234548
-0.28 0.0220929
-0.278 0.0208017
-0.276 0.0195782
-0.274 0.0184192
-0.272 0.0173219
-0.27 0.0162835
-0.268 0.0153012
-0.266 0.0143725
-0.264 0.0134947
-0.262 0.0126654
-0.26 0.0118824
-0.258 0.0111433
-0.256 0.010446
-0.254 0.00978837
-0.252 0.00916851
-0.25 0.00858447
-0.248 0.00803442
-0.246 0.00751661
-0.244 0.00702935
-0.242 0.00657106
-0.24 0.00614018
-0.238 0.00573527
-0.236 0.00535491
-0.234 0.00499779
-0.232 0.00466261
-0.23 0.00434817
-0.228 0.00405331
-0.226 0.00377694
-0.224 0.00351801
-0.222 0.00327551
-0.22 0.00304852
-0.218 0.00283612
-0.216 0.00263746
-0.214 0.00245173
-0.212 0.00227818
-0.21 0.00211606
-0.208 0.00196469
-0.206 0.00182342
-0.204 0.00169164
-0.202 0.00156874
-0.2 0.0014542
-0.198 0.00134748
-0.196 0.00124809
-0.194 0.00115557
-0.192 0.00106948
-0.19 0.000989413
-0.188 0.00091497
-0.186 0.00084579
-0.184 0.000781528
-0.182 0.00072186
-0.18 0.000666481
-0.178 0.000615104
-0.176 0.000567461
-0.174 0.000523298
-0.172 0.00048238
-0.17 0.000444483
-0.168 0.0004094
-0.166 0.000376935
-0.164 0.000346906
-0.162 0.000319141
-0.16 0.000293481
-0.158 0.000269776
-0.156 0.000247887
-0.154 0.000227683
-0.152 0.000209042
-0.15 0.00019185
-0.148 0.000176002
-0.146 0.000161398
-0.144 0.000147947
-0.142 0.000135563
-0.14 0.000124165
-0.138 0.000113681
-0.136 0.00010404
-0.134 9.51785e-05
-0.132 8.70371e-05
-0.13 7.95603e-05
-0.128 7.26966e-05
-0.126 6.63986e-05
-0.124 6.06219e-05
-0.122 5.53256e-05
-0.12 5.04719e-05
-0.118 4.60256e-05
-0.116 4.19541e-05
-0.114 3.82276e-05
-0.112 3.48181e-05
-0.11 3.17001e-05
-0.108 2.88497e-05
-0.106 2.62452e-05
-0.104 2.38662e-05
-0.102 2.16942e-05
-0.1 1.9712e-05
-0.098 1.79037e-05
-0.096 1.62549e-05
-0.094 1.4752e-05
-0.092 1.33827e-05
-0.09 1.21357e-05
-0.088 1.10004e-05
-0.086 9.96745e-06
-0.084 9.02788e-06
-0.082 8.17363e-06
-0.08 7.39728e-06
-0.078 6.69203e-06
-0.076 6.05163e-06
-0.074 5.47037e-06
-0.072 4.94302e-06
-0.07 4.46477e-06
-0.068 4.03125e-06
-0.066 3.63844e-06
-0.064 3.28267e-06
-0.062 2.9606e-06
-0.06 2.66918e-06
-0.058 2.4056e-06
-0.056 2.16732e-06
-0.054 1.95202e-06
-0.052 1.75758e-06
-0.05 1.58209e-06
-0.048 1.42377e-06
-0.046 1.28105e-06
-0.044 1.15248e-06
-0.042 1.03673e-06
-0.04 9.32608e-07
-0.038 8.3904e-07
-0.036 7.55042e-07
-0.034 6.79729e-07
-0.032 6.123e-07
-0.03 5.52033e-07
-0.028 4.98278e-07
-0.026 4.50453e-07
-0.024 4.08035e-07
-0.022 3.70559e-07
-0.02 3.37609e-07
-0.018 3.08821e-07
-0.016 2.83873e-07
-0.014 2.62484e-07
-0.012 2.44414e-07
-0.01 2.29459e-07
-0.008 2.17449e-07
-0.006 2.08247e-07
-0.004 2.01748e-07
-0.002 1.97878e-07
0 1.96593e-07
0.002 1.97878e-07
0.004 2.01748e-07
0.006 2.08247e-07
0.008 2.17449e-07
0.01 2.29459e-07
0.012 2.44414e-07
0.014 2.62484e-07
0.016 2.83873e-07
0.018 3.08821e-07
0.02 3.37609e-07
0.022 3.70559e-07
0.024 4.08035e-07
0.026 4.50453e-07
0.028 4.98278e-07
0.03 5.52033e-07
0.032 6.123e-07
0.034 6.79729e-07
0.036 7.55042e-07
0.038 8.3904e-07
0.04 9.32608e-07
0.042 1.03673e-06
0.044 1.15248e-06
0.046 1.28105e-06
0.048 1.42377e-06
0.05 1.58209e-06
0.052 1.75758e-06
0.054 1.95202e-06
0.056 2.16732e-06
0.058 2.4056e-06
0.06 2.66918e-06
0.062 2.9606e-06
0.064 3.28267e-06
0.066 3.63844e-06
0.068 4.03125e-06
0.07 4.46477e-06
0.072 4.94302e-06
0.074 5.47037e-06
0.076 6.05163e-06
0.078 6.69203e-06
0.08 7.39728e-06
0.082 8.17363e-06
0.084 9.02788e-06
0.086 9.96745e-06
0.088 1.10004e-05
0.09 1.21357e-05
0.092 1.33827e-05
0.094 1.4752e-05
0.096 1.62549e-05
0.098 1.79037e-05
0.1 1.9712e-05
0.102 2.16942e-05
0.104 2.38662e-05
0.106 2.62452e-05
0.108 2.88497e-05
0.11 3.17001e-05
0.112 3.48181e-05
0.114 3.82276e-05
0.116 4.19541e-05
0.118 4.60256e-05
0.12 5.04719e-05
0.122 5.53256e-05
0.124 6.06219e-05
0.126 6.63986e-05
0.128 7.26966e-05
0.13 7.95603e-05
0.132 8.70371e-05
0.134 9.51785e-05
0.136 0.00010404
0.138 0.000113681
0.14 0.000124165
0.142 0.000135563
0.144 0.000147947
0.146 0.000161398
0.148 0.000176002
0.15 0.00019185
0.152 0.000209042
0.154 0.000227683
0.156 0.000247887
0.158 0.000269776
0.16 0.000293481
0.162 0.000319141
0.164 0.000346906
0.166 0.000376935
0.168 0.0004094
0.17 0.000444483
0.172 0.00048238
0.174 0.000523298
0.176 0.000567461
0.178 0.000615104
0.18 0.000666481
0.182 0.00072186
0.184 0.000781528
0.186 0.00084579
0.188 0.00091497
0.19 0.000989413
0.192 0.00106948
0.194 0.00115557
0.196 0.00124809
0.198 0.00134748
0.2 0.0014542
0.202 0.00156874
0.204 0.00169164
0.206 0.00182342
0.208 0.00196469
0.21 0.00211606
0.212 0.00227818
0.214 0.00245173
0.216 0.00263746
0.218 0.00283612
0.22 0.00304852
0.222 0.00327551
0.224 0.00351801
0.226 0.00377694
0.228 0.00405331
0.23 0.00434817
0.232 0.00466261
0.234 0.00499779
0.236 0.00535491
0.238 0.00573527
0.24 0.00614018
0.242 0.00657106
0.244 0.00702935
0.246 0.00751661
0.248 0.00803442
0.25 0.00858447
0.252 0.00916851
0.254 0.00978837
0.256 0.010446
0.258 0.0111433
0.26 0.0118824
0.262 0.0126654
0.264 0.0134947
0.266 0.0143725
0.268 0.0153012
0.27 0.0162835
0.272 0.0173219
0.274 0.0184192
0.276 0.0195782
0.278 0.0208017
0.28 0.0220929
0.282 0.0234548
0.284 0.0248907
0.286 0.026404
0.288 0.027998
0.29 0.0296765
0.292 0.0314429
0.294 0.0333012
0.296 0.0352552
0.298 0.037309
0.3 0.0394666
0.302 0.0417322
0.304 0.0441103
0.306 0.0466053
0.308 0.0492217
0.31 0.0519642
0.312 0.0548375
0.314 0.0578466
0.316 0.0609964
0.318 0.0642919
0.32 0.0677385
0.322 0.0713412
0.324 0.0751055
0.326 0.0790368
0.328 0.0831407
0.33 0.0874226
0.332 0.0918883
0.334 0.0965435
0.336 0.101394
0.338 0.106446
0.34 0.111704
0.342 0.117176
0.344 0.122866
0.346 0.128781
0.348 0.134927
0.35 0.14131
0.352 0.147935
0.354 0.154809
0.356 0.161938
0.358 0.169327
0.36 0.176983
0.362 0.184911
0.364 0.193117
0.366 0.201606
0.368 0.210384
0.37 0.219457
0.372 0.228829
0.374 0.238506
0.376 0.248493
0.378 0.258794
0.38 0.269415
0.382 0.28036
0.384 0.291632
0.386 0.303237
0.388 0.315177
0.39 0.327456
0.392 0.340078
0.394 0.353044
0.396 0.366359
0.398 0.380024
0.4 0.394041
0.402 0.408411
0.404 0.423136
0.406 0.438217
0.408 0.453654
0.41 0.469446
0.412 0.485595
0.414 0.502097
0.416 0.518953
0.418 0.536161
0.42 0.553717
0.422 0.57162
0.424 0.589865
0.426 0.60845
0.428 0.627369
0.43 0.646617
0.432 0.666189
0.434 0.68608
0.436 0.706282
0.438 0.726788
0.44 0.74759
0.442 0.76868
0.444 0.790048
0.446 0.811686
0.448 0.833584
0.45 0.855729
0.452 0.878112
0.454 0.90072
0.456 0.92354
0.458 0.94656
0.46 0.969765
0.462 0.993143
0.464 1.01668
0.466 1.04035
0.468 1.06415
0.47 1.08806
0.472 1.11207
0.474 1.13614
0.476 1.16028
0.478 1.18445
0.48 1.20864
0.482 1.23284
0.484 1.25701
0.486 1.28115
0.488 1.30523
0.49 1.32923
0.492 1.35313
0.494 1.37691
0.496 1.40054
0.498 1.42401
0.5 1.4473
0.502 1.47038
0.504 1.49323
0.506 1.51582
0.508 1.53815
0.51 1.56018
0.512 1.58189
0.514 1.60326
0.516 1.62427
0.518 1.6449
0.52 1.66512
0.522 1.68492
0.524 1.70427
0.526 1.72316
0.528 1.74156
0.53 1.75945
0.532 1.77681
0.534 1.79363
0.536 1.80988
0.538 1.82555
0.54 1.84061
0.542 1.85506
0.544 1.86888
0.546 1.88204
0.548 1.89455
0.55 1.90637
0.552 1.91749
0.554 1.92791
0.556 1.93762
0.558 1.94659
0.56 1.95482
0.562 1.9623
0.564 1.96903
0.566 1.97498
0.568 1.98016
0.57 1.98456
0.572 1.98818
0.574 1.991
0.576 1.99304
0.578 1.99427
0.58 1.99471
0.582 1.99435
0.584 1.99319
0.586 1.99124
0.588 1.9885
0.59 1.98496
0.592 1.98064
0.594 1.97553
0.596 1.96966
0.598 1.96301
0.6 1.9556
0.602 1.94745
0.604 1.93855
0.606 1.92892
0.608 1.91857
0.61 1.90751
0.612 1.89576
0.614 1.88333
0.616 1.87023
0.618 1.85647
0.62 1.84209
0.622 1.82708
0.624 1.81147
0.626 1.79528
0.628 1.77852
0.63 1.76121
0.632 1.74337
0.634 1.72502
0.636 1.70618
0.638 1.68688
0.64 1.66712
0.642 1.64694
0.644 1.62635
0.646 1.60538
0.648 1.58404
0.65 1.56236
0.652 1.54036
0.654 1.51807
0.656 1.4955
0.658 1.47267
0.66 1.44962
0.662 1.42635
0.664 1.4029
0.666 1.37928
0.668 1.35551
0.67 1.33162
0.672 1.30763
0.674 1.28356
0.676 1.25943
0.678 1.23526
0.68 1.21106
0.682 1.18687
0.684 1.16269
0.686 1.13855
0.688 1.11447
0.69 1.09046
0.692 1.06654
0.694 1.04273
0.696 1.01904
0.698 0.995489
0.7 0.972096
0.702 0.948872
0.704 0.925833
0.706 0.902992
0.708 0.880363
0.71 0.857957
0.712 0.835787
0.714 0.813865
0.716 0.7922
0.718 0.770804
0.72 0.749686
0.722 0.728855
0.724 0.708319
0.726 0.688086
0.728 0.668164
0.73 0.64856
0.732 0.629279
0.734 0.610327
0.736 0.591709
0.738 0.573429
0.74 0.555492
0.742 0.537901
0.744 0.520658
0.746 0.503767
0.748 0.487229
0.75 0.471045
0.752 0.455217
0.754 0.439745
0.756 0.424628
0.758 0.409868
0.76 0.395462
0.762 0.38141
0.764 0.36771
0.766 0.35436
0.768 0.341359
0.77 0.328703
0.772 0.31639
0.774 0.304416
0.776 0.292778
0.778 0.281472
0.78 0.270495
0.782 0.259842
0.784 0.249509
0.786 0.239491
0.788 0.229783
0.79 0.22038
0.792 0.211278
0.794 0.202471
0.796 0.193953
0.798 0.185719
0.8 0.177764
0.802 0.170081
0.804 0.162665
0.806 0.155511
0.808 0.148611
0.81 0.141961
0.812 0.135555
0.814 0.129385
0.816 0.123447
0.818 0.117735
0.82 0.112242
0.822 0.106962
0.824 0.10189
0.826 0.0970198
0.828 0.0923453
0.83 0.0878609
0.832 0.0835608
0.834 0.0794395
0.836 0.0754911
0.838 0.0717104
0.84 0.0680917
0.842 0.0646298
0.844 0.0613194
0.846 0.0581553
0.848 0.0551324
0.85 0.0522457
0.852 0.0494904
0.854 0.0468616
0.856 0.0443547
0.858 0.0419652
0.86 0.0396885
0.862 0.0375203
0.864 0.0354564
0.866 0.0334927
0.868 0.031625
0.87 0.0298496
0.872 0.0281626
0.874 0.0265603
0.876 0.0250392
0.878 0.0235958
0.88 0.0222267
0.882 0.0209287
0.884 0.0196987
0.886 0.0185336
0.888 0.0174304
0.89 0.0163864
0.892 0.0153988
0.894 0.014465
0.896 0.0135824
0.898 0.0127486
0.9 0.0119613
0.902 0.0112182
0.904 0.0105172
0.906 0.00985606
0.908 0.00923291
0.91 0.00864582
0.912 0.00809293
0.914 0.0075725
0.916 0.00708285
0.918 0.00662238
0.92 0.00618954
0.922 0.00578288
0.924 0.00540099
0.926 0.00504255
0.928 0.00470627
0.93 0.00439096
0.932 0.00409546
0.934 0.00381867
0.936 0.00355955
0.938 0.00331712
0.94 0.00309044
0.942 0.00287862
0.944 0.00268082
0.946 0.00249623
0.948 0.00232412
0.95 0.00216377
0.952 0.0020145
0.954 0.00187569
0.956 0.00174674
0.958 0.0016271
0.96 0.00151623
0.962 0.00141364
0.964 0.00131889
0.966 0.00123153
0.968 0.00115117
0.97 0.00107744
0.972 0.00100999
0.974 0.000948508
0.976 0.000892706
0.978 0.000842315
0.98 0.000797093
0.982 0.000756821
0.984 0.000721303
0.986 0.000690366
0.988 0.000663857
0.99 0.000641646
0.992 0.000623622
0.994 0.000609696
0.996 0.000599798
0.998 0.000593879
