-1 0.283923
-0.998 0.284166
-0.996 0.284896
-0.994 0.286113
-0.992 0.287816
-0.99 0.290005
-0.988 0.292681
-0.986 0.295843
-0.984 0.29949
-0.982 0.303623
-0.98 0.308241
-0.978 0.313344
-0.976 0.31893
-0.974 0.325
-0.972 0.331552
-0.97 0.338587
-0.968 0.346102
-0.966 0.354097
-0.964 0.362571
-0.962 0.371522
-0.96 0.380948
-0.958 0.390849
-0.956 0.401222
-0.954 0.412064
-0.952 0.423375
-0.95 0.43515
-0.948 0.447388
-0.946 0.460084
-0.944 0.473237
-0.942 0.486842
-0.94 0.500894
-0.938 0.515391
-0.936 0.530327
-0.934 0.545697
-0.932 0.561496
-0.93 0.577718
-0.928 0.594357
-0.926 0.611406
-0.924 0.628859
-0.922 0.646708
-0.92 0.664945
-0.918 0.683561
-0.916 0.702549
-0.914 0.721899
-0.912 0.741601
-0.91 0.761644
-0.908 0.782019
-0.906 0.802714
-0.904 0.823717
-0.902 0.845016
-0.9 0.866598
-0.898 0.888451
-0.896 0.910559
-0.894 0.93291
-0.892 0.955488
-0.89 0.978278
-0.888 1.00126
-0.886 1.02443
-0.884 1.04776
-0.882 1.07123
-0.88 1.09484
-0.878 1.11855
-0.876 1.14236
-0.874 1.16624
-0.872 1.19017
-0.87 1.21413
-0.868 1.23811
-0.866 1.26209
-0.864 1.28603
-0.862 1.30993
-0.86 1.33376
-0.858 1.35749
-0.856 1.38111
-0.854 1.4046
-0.852 1.42793
-0.85 1.45108
-0.848 1.47403
-0.846 1.49676
-0.844 1.51923
-0.842 1.54144
-0.84 1.56336
-0.838 1.58496
-0.836 1.60623
-0.834 1.62714
-0.832 1.64767
-0.83 1.66779
-0.828 1.6875
-0.826 1.70676
-0.824 1.72555
-0.822 1.74385
-0.82 1.76165
-0.818 1.77893
-0.816 1.79566
-0.814 1.81182
-0.812 1.8274
-0.81 1.84238
-0.808 1.85675
-0.806 1.87048
-0.804 1.88355
-0.802 1.89597
-0.8 1.9077
-0.798 1.91875
-0.796 1.92908
-0.794 1.9387
-0.792 1.94758
-0.79 1.95573
-0.788 1.96312
-0.786 1.96976
-0.784 1.97563
-0.782 1.98073
-0.78 1.98504
-0.778 1.98857
-0.776 1.99131
-0.774 1.99326
-0.772 1.99441
-0.77 1.99476
-0.768 1.99432
-0.766 1.99308
-0.764 1.99104
-0.762 1.98821
-0.76 1.9846
-0.758 1.98019
-0.756 1.97501
-0.754 1.96905
-0.752 1.96233
-0.75 1.95484
-0.748 1.94661
-0.746 1.93763
-0.744 1.92793
-0.742 1.91751
-0.74 1.90638
-0.738 1.89456
-0.736 1.88205
-0.734 1.86889
-0.732 1.85507
-0.73 1.84062
-0.728 1.82555
-0.726 1.80988
-0.724 1.79363
-0.722 1.77681
-0.72 1.75945
-0.718 1.74156
-0.716 1.72316
-0.714 1.70428
-0.712 1.68492
-0.71 1.66513
-0.708 1.6449
-0.706 1.62427
-0.704 1.60326
-0.702 1.58189
-0.7 1.56018
-0.698 1.53815
-0.696 1.51582
-0.694 1.49323
-0.692 1.47038
-0.69 1.4473
-0.688 1.42401
-0.686 1.40054
-0.684 1.37691
-0.682 1.35313
-0.68 1.32923
-0.678 1.30523
-0.676 1.28115
-0.674 1.25701
-0.672 1.23284
-0.67 1.20864
-0.668 1.18445
-0.666 1.16028
-0.664 1.13614
-0.662 1.11207
-0.66 1.08806
-0.658 1.06415
-0.656 1.04035
-0.654 1.01668
-0.652 0.993143
-0.65 0.969765
-0.648 0.94656
-0.646 0.92354
-0.644 0.90072
-0.642 0.878112
-0.64 0.855729
-0.638 0.833584
-0.636 0.811687
-0.634 0.790048
-0.632 0.76868
-0.63 0.74759
-0.628 0.726788
-0.626 0.706282
-0.624 0.68608
-0.622 0.66619
-0.62 0.646617
-0.618 0.627369
-0.616 0.60845
-0.614 0.589865
-0.612 0.57162
-0.61 0.553717
-0.608 0.536161
-0.606 0.518953
-0.604 0.502097
-0.602 0.485595
-0.6 0.469446
-0.598 0.453654
-0.596 0.438217
-0.594 0.423136
-0.592 0.408411
-0.59 0.394041
-0.588 0.380024
-0.586 0.366359
-0.584 0.353044
-0.582 0.340078
-0.58 0.327456
-0.578 0.315177
-0.576 0.303237
-0.574 0.291632
-0.572 0.28036
-0.57 0.269415
-0.568 0.258794
-0.566 0.248493
-0.564 0.238506
-0.562 0.228829
-0.56 0.219456
-0.558 0.210384
-0.556 0.201606
-0.554 0.193117
-0.552 0.184911
-0.55 0.176983
-0.548 0.169327
-0.546 0.161938
-0.544 0.154809
-0.542 0.147935
-0.54 0.14131
-0.538 0.134927
-0.536 0.128781
-0.534 0.122866
-0.532 0.117176
-0.53 0.111704
-0.528 0.106446
-0.526 0.101394
-0.524 0.0965435
-0.522 0.0918883
-0.52 0.0874226
-0.518 0.0831407
-0.516 0.0790368
-0.514 0.0751055
-0.512 0.0713412
-0.51 0.0677385
-0.508 0.0642919
-0.506 0.0609964
-0.504 0.0578466
-0.502 0.0548375
-0.5 0.0519642
-0.498 0.0492217
-0.496 0.0466053
-0.494 0.0441103
-0.492 0.0417322
-0.49 0.0394666
-0.488 0.037309
-0.486 0.0352552
-0.484 0.0333012
-0.482 0.0314429
-0.48 0.0296765
-0.478 0.027998
-0.476 0.026404
-0.474 0.0248907
-0.472 0.0234548
-0.47 0.0220929
-0.468 0.0208017
-0.466 0.0195782
-0.464 0.0184192
-0.462 0.0173219
-0.46 0.0162835
-0.458 0.0153012
-0.456 0.0143725
-0.454 0.0134947
-0.452 0.0126654
-0.45 0.0118824
-0.448 0.0111433
-0.446 0.010446
-0.444 0.00978837
-0.442 0.00916851
-0.44 0.00858447
-0.438 0.00803442
-0.436 0.00751661
-0.434 0.00702935
-0.432 0.00657106
-0.43 0.00614019
-0.428 0.00573527
-0.426 0.00535492
-0.424 0.00499779
-0.422 0.00466261
-0.42 0.00434817
-0.418 0.00405332
-0.416 0.00377694
-0.414 0.00351801
-0.412 0.00327552
-0.41 0.00304852
-0.408 0.00283612
-0.406 0.00263746
-0.404 0.00245173
-0.402 0.00227818
-0.4 0.00211606
-0.398 0.00196469
-0.396 0.00182342
-0.394 0.00169164
-0.392 0.00156875
-0.39 0.0014542
-0.388 0.00134748
-0.386 0.00124809
-0.384 0.00115557
-0.382 0.00106948
-0.38 0.000989413
-0.378 0.000914971
-0.376 0.000845791
-0.374 0.000781529
-0.372 0.000721861
-0.37 0.000666482
-0.368 0.000615105
-0.366 0.000567461
-0.364 0.000523299
-0.362 0.00048238
-0.36 0.000444484
-0.358 0.0004094
-0.356 0.000376935
-0.354 0.000346906
-0.352 0.000319141
-0.35 0.000293481
-0.348 0.000269777
-0.346 0.000247887
-0.344 0.000227683
-0.342 0.000209042
-0.34 0.00019185
-0.338 0.000176002
-0.336 0.000161398
-0.334 0.000147947
-0.332 0.000135563
-0.33 0.000124166
-0.328 0.000113681
-0.326 0.00010404
-0.324 9.51787e-05
-0.322 8.70372e-05
-0.32 7.95604e-05
-0.318 7.26967e-05
-0.316 6.63986e-05
-0.314 6.06219e-05
-0.312 5.53257e-05
-0.31 5.04719e-05
-0.308 4.60256e-05
-0.306 4.19542e-05
-0.304 3.82276e-05
-0.302 3.48181e-05
-0.3 3.17001e-05
-0.298 2.88497e-05
-0.296 2.62451e-05
-0.294 2.38661e-05
-0.292 2.16941e-05
-0.29 1.97118e-05
-0.288 1.79036e-05
-0.286 1.62547e-05
-0.284 1.47517e-05
-0.282 1.33824e-05
-0.28 1.21353e-05
-0.278 1.10001e-05
-0.276 9.96702e-06
-0.274 9.02738e-06
-0.272 8.17305e-06
-0.27 7.39662e-06
-0.268 6.69127e-06
-0.266 6.05076e-06
-0.264 5.46937e-06
-0.262 4.94187e-06
-0.26 4.46346e-06
-0.258 4.02975e-06
-0.256 3.63673e-06
-0.254 3.28073e-06
-0.252 2.95839e-06
-0.25 2.66666e-06
-0.248 2.40273e-06
-0.246 2.16406e-06
-0.244 1.94832e-06
-0.242 1.75338e-06
-0.24 1.57732e-06
-0.238 1.41837e-06
-0.236 1.27493e-06
-0.234 1.14553e-06
-0.232 1.02886e-06
-0.23 9.23699e-07
-0.228 8.28955e-07
-0.226 7.43632e-07
-0.224 6.66825e-07
-0.222 5.97711e-07
-0.22 5.35547e-07
-0.218 4.79656e-07
-0.216 4.29426e-07
-0.214 3.84302e-07
-0.212 3.43783e-07
-0.21 3.07413e-07
-0.208 2.7478e-07
-0.206 2.45514e-07
-0.204 2.19276e-07
-0.202 1.95765e-07
-0.2 1.74704e-07
-0.198 1.55847e-07
-0.196 1.3897e-07
-0.194 1.2387e-07
-0.192 1.10368e-07
-0.19 9.82973e-08
-0.188 8.75121e-08
-0.186 7.78791e-08
-0.184 6.92788e-08
-0.182 6.16036e-08
-0.18 5.47567e-08
-0.178 4.86514e-08
-0.176 4.32096e-08
-0.174 3.8361e-08
-0.172 3.4043e-08
-0.17 3.01988e-08
-0.168 2.67781e-08
-0.166 2.37353e-08
-0.164 2.10299e-08
-0.162 1.86254e-08
-0.16 1.64892e-08
-0.158 1.45922e-08
-0.156 1.29083e-08
-0.154 1.14141e-08
-0.152 1.00889e-08
-0.15 8.9139e-09
-0.148 7.87263e-09
-0.146 6.95023e-09
-0.144 6.13343e-09
-0.142 5.41046e-09
-0.14 4.77081e-09
-0.138 4.20509e-09
-0.136 3.70498e-09
-0.134 3.26304e-09
-0.132 2.87266e-09
-0.13 2.52798e-09
-0.128 2.22377e-09
-0.126 1.95538e-09
-0.124 1.71869e-09
-0.122 1.51006e-09
-0.12 1.32621e-09
-0.118 1.16429e-09
-0.116 1.02172e-09
-0.114 8.96255e-10
-0.112 7.85881e-10
-0.11 6.88827e-10
-0.108 6.03511e-10
-0.106 5.2856e-10
-0.104 4.62725e-10
-0.102 4.04932e-10
-0.1 3.54211e-10
-0.098 3.09723e-10
-0.096 2.70713e-10
-0.094 2.36521e-10
-0.092 2.06564e-10
-0.09 1.80332e-10
-0.088 1.57366e-10
-0.086 1.3727e-10
-0.084 1.19698e-10
-0.082 1.04326e-10
-0.08 9.08962e-11
-0.078 7.91606e-11
-0.076 6.89147e-11
-0.074 5.99705e-11
-0.072 5.21637e-11
-0.07 4.53586e-11
-0.068 3.94267e-11
-0.066 3.42582e-11
-0.064 2.97498e-11
-0.062 2.58259e-11
-0.06 2.2415e-11
-0.058 1.94421e-11
-0.056 1.68598e-11
-0.054 1.46107e-11
-0.052 1.26669e-11
-0.05 1.09641e-11
-0.048 9.49951e-12
-0.046 8.21557e-12
-0.044 7.11237e-12
-0.042 6.15181e-12
-0.04 5.32288e-12
-0.038 4.60225e-12
-0.036 3.97561e-12
-0.034 3.43702e-12
-0.032 2.97354e-12
-0.03 2.56972e-12
-0.028 2.22471e-12
-0.026 1.9251e-12
-0.024 1.6693e-12
-0.022 1.45092e-12
-0.02 1.26385e-12
-0.018 1.10441e-12
-0.016 9.68658e-13
-0.014 8.5624e-13
-0.012 7.64559e-13
-0.01 6.89467e-13
-0.008 6.28125e-13
-0.006 5.86663e-13
-0.004 5.51119e-13
-0.002 5.41826e-13
0 5.26108e-13
0.002 5.37414e-13
0.004 5.52039e-13
0.006 5.86508e-13
0.008 6.26422e-13
0.01 6.91097e-13
0.012 7.63143e-13
0.014 8.61444e-13
0.016 9.69357e-13
0.018 1.10527e-12
0.02 1.26331e-12
0.022 1.45081e-12
0.024 1.67231e-12
0.026 1.9274e-12
0.028 2.22697e-12
0.03 2.57068e-12
0.032 2.97161e-12
0.034 3.43919e-12
0.036 3.979e-12
0.038 4.59892e-12
0.04 5.31762e-12
0.042 6.1492e-12
0.044 7.11203e-12
0.046 8.22109e-12
0.048 9.49834e-12
0.05 1.09663e-11
0.052 1.26643e-11
0.054 1.4614e-11
0.056 1.68532e-11
0.058 1.9441e-11
0.06 2.24113e-11
0.062 2.58276e-11
0.064 2.97496e-11
0.066 3.42543e-11
0.068 3.94228e-11
0.07 4.53588e-11
0.072 5.21661e-11
0.074 5.99725e-11
0.076 6.89166e-11
0.078 7.91606e-11
0.08 9.08965e-11
0.082 1.04327e-10
0.084 1.19697e-10
0.086 1.37272e-10
0.088 1.57369e-10
0.09 1.80333e-10
0.092 2.06564e-10
0.094 2.36516e-10
0.096 2.70716e-10
0.098 3.0972e-10
0.1 3.54211e-10
0.102 4.0493e-10
0.104 4.62725e-10
0.106 5.28556e-10
0.108 6.03511e-10
0.11 6.88823e-10
0.112 7.85878e-10
0.114 8.96254e-10
0.116 1.02172e-09
0.118 1.16428e-09
0.12 1.32621e-09
0.122 1.51005e-09
0.124 1.71869e-09
0.126 1.95538e-09
0.128 2.22377e-09
0.13 2.52798e-09
0.132 2.87267e-09
0.134 3.26304e-09
0.136 3.70498e-09
0.138 4.2051e-09
0.14 4.77081e-09
0.142 5.41046e-09
0.144 6.13343e-09
0.146 6.95022e-09
0.148 7.87263e-09
0.15 8.9139e-09
0.152 1.00889e-08
0.154 1.14141e-08
0.156 1.29083e-08
0.158 1.45922e-08
0.16 1.64892e-08
0.162 1.86254e-08
0.164 2.10299e-08
0.166 2.37353e-08
0.168 2.67781e-08
0.17 3.01989e-08
0.172 3.4043e-08
0.174 3.8361e-08
0.176 4.32096e-08
0.178 4.86514e-08
0.18 5.47567e-08
0.182 6.16036e-08
0.184 6.92788e-08
0.186 7.78791e-08
0.188 8.75121e-08
0.19 9.82973e-08
0.192 1.10368e-07
0.194 1.2387e-07
0.196 1.3897e-07
0.198 1.55847e-07
0.2 1.74704e-07
0.202 1.95765e-07
0.204 2.19276e-07
0.206 2.45514e-07
0.208 2.7478e-07
0.21 3.07413e-07
0.212 3.43783e-07
0.214 3.84302e-07
0.216 4.29426e-07
0.218 4.79656e-07
0.22 5.35547e-07
0.222 5.97711e-07
0.224 6.66825e-07
0.226 7.43632e-07
0.228 8.28955e-07
0.23 9.23699e-07
0.232 1.02886e-06
0.234 1.14553e-06
0.236 1.27493e-06
0.238 1.41837e-06
0.24 1.57732e-06
0.242 1.75338e-06
0.244 1.94832e-06
0.246 2.16406e-06
0.248 2.40273e-06
0.25 2.66666e-06
0.252 2.95839e-06
0.254 3.28073e-06
0.256 3.63673e-06
0.258 4.02975e-06
0.26 4.46346e-06
0.262 4.94187e-06
0.264 5.46937e-06
0.266 6.05076e-06
0.268 6.69127e-06
0.27 7.39662e-06
0.272 8.17305e-06
0.274 9.02738e-06
0.276 9.96702e-06
0.278 1.10001e-05
0.28 1.21353e-05
0.282 1.33824e-05
0.284 1.47517e-05
0.286 1.62547e-05
0.288 1.79036e-05
0.29 1.97118e-05
0.292 2.16941e-05
0.294 2.38661e-05
0.296 2.62451e-05
0.298 2.88497e-05
0.3 3.17001e-05
0.302 3.48181e-05
0.304 3.82276e-05
0.306 4.19542e-05
0.308 4.60256e-05
0.31 5.04719e-05
0.312 5.53257e-05
0.314 6.06219e-05
0.316 6.63986e-05
0.318 7.26967e-05
0.32 7.95604e-05
0.322 8.70372e-05
0.324 9.51787e-05
0.326 0.00010404
0.328 0.000113681
0.33 0.000124166
0.332 0.000135563
0.334 0.000147947
0.336 0.000161398
0.338 0.000176002
0.34 0.00019185
0.342 0.000209042
0.344 0.000227683
0.346 0.000247887
0.348 0.000269777
0.35 0.000293481
0.352 0.000319141
0.354 0.000346906
0.356 0.000376935
0.358 0.0004094
0.36 0.000444484
0.362 0.00048238
0.364 0.000523299
0.366 0.000567461
0.368 0.000615105
0.37 0.000666482
0.372 0.000721861
0.374 0.000781529
0.376 0.000845791
0.378 0.000914971
0.38 0.000989413
0.382 0.00106948
0.384 0.00115557
0.386 0.00124809
0.388 0.00134748
0.39 0.0014542
0.392 0.00156875
0.394 0.00169164
0.396 0.00182342
0.398 0.00196469
0.4 0.00211606
0.402 0.00227818
0.404 0.00245173
0.406 0.00263746
0.408 0.00283612
0.41 0.00304852
0.412 0.00327552
0.414 0.00351801
0.416 0.00377694
0.418 0.00405332
0.42 0.00434817
0.422 0.00466261
0.424 0.00499779
0.426 0.00535492
0.428 0.00573527
0.43 0.00614019
0.432 0.00657106
0.434 0.00702935
0.436 0.00751661
0.438 0.00803442
0.44 0.00858447
0.442 0.00916851
0.444 0.00978837
0.446 0.010446
0.448 0.0111433
0.45 0.0118824
0.452 0.0126654
0.454 0.0134947
0.456 0.0143725
0.458 0.0153012
0.46 0.0162835
0.462 0.0173219
0.464 0.0184192
0.466 0.0195782
0.468 0.0208017
0.47 0.0220929
0.472 0.0234548
0.474 0.0248907
0.476 0.026404
0.478 0.027998
0.48 0.0296765
0.482 0.0314429
0.484 0.0333012
0.486 0.0352552
0.488 0.037309
0.49 0.0394666
0.492 0.0417322
0.494 0.0441103
0.496 0.0466053
0.498 0.0492217
0.5 0.0519642
0.502 0.0548375
0.504 0.0578466
0.506 0.0609964
0.508 0.0642919
0.51 0.0677385
0.512 0.0713412
0.514 0.0751055
0.516 0.0790368
0.518 0.0831407
0.52 0.0874226
0.522 0.0918883
0.524 0.0965435
0.526 0.101394
0.528 0.106446
0.53 0.111704
0.532 0.117176
0.534 0.122866
0.536 0.128781
0.538 0.134927
0.54 0.14131
0.542 0.147935
0.544 0.154809
0.546 0.161938
0.548 0.169327
0.55 0.176983
0.552 0.184911
0.554 0.193117
0.556 0.201606
0.558 0.210384
0.56 0.219456
0.562 0.228829
0.564 0.238506
0.566 0.248493
0.568 0.258794
0.57 0.269415
0.572 0.28036
0.574 0.291632
0.576 0.303237
0.578 0.315177
0.58 0.327456
0.582 0.340078
0.584 0.353044
0.586 0.366359
0.588 0.380024
0.59 0.394041
0.592 0.408411
0.594 0.423136
0.596 0.438217
0.598 0.453654
0.6 0.469446
0.602 0.485595
0.604 0.502097
0.606 0.518953
0.608 0.536161
0.61 0.553717
0.612 0.57162
0.614 0.589865
0.616 0.60845
0.618 0.627369
0.62 0.646617
0.622 0.66619
0.624 0.68608
0.626 0.706282
0.628 0.726788
0.63 0.74759
0.632 0.76868
0.634 0.790048
0.636 0.811687
0.638 0.833584
0.64 0.855729
0.642 0.878112
0.644 0.90072
0.646 0.92354
0.648 0.94656
0.65 0.969765
0.652 0.993143
0.654 1.01668
0.656 1.04035
0.658 1.06415
0.66 1.08806
0.662 1.11207
0.664 1.13614
0.666 1.16028
0.668 1.18445
0.67 1.20864
0.672 1.23284
0.674 1.25701
0.676 1.28115
0.678 1.30523
0.68 1.32923
0.682 1.35313
0.684 1.37691
0.686 1.40054
0.688 1.42401
0.69 1.4473
0.692 1.47038
0.694 1.49323
0.696 1.51582
0.698 1.53815
0.7 1.56018
0.702 1.58189
0.704 1.60326
0.706 1.62427
0.708 1.6449
0.71 1.66513
0.712 1.68492
0.714 1.70428
0.716 1.72316
0.718 1.74156
0.72 1.75945
0.722 1.77681
0.724 1.79363
0.726 1.80988
0.728 1.82555
0.73 1.84062
0.732 1.85507
0.734 1.86889
0.736 1.88205
0.738 1.89456
0.74 1.90638
0.742 1.91751
0.744 1.92793
0.746 1.93763
0.748 1.94661
0.75 1.95484
0.752 1.96233
0.754 1.96905
0.756 1.97501
0.758 1.98019
0.76 1.9846
0.762 1.98821
0.764 1.99104
0.766 1.99308
0.768 1.99432
0.77 1.99476
0.772 1.99441
0.774 1.99326
0.776 1.99131
0.778 1.98857
0.78 1.98504
0.782 1.98073
0.784 1.97563
0.786 1.96976
0.788 1.96312
0.79 1.95573
0.792 1.94758
0.794 1.9387
0.796 1.92908
0.798 1.91875
0.8 1.9077
0.802 1.89597
0.804 1.88355
0.806 1.87048
0.808 1.85675
0.81 1.84238
0.812 1.8274
0.814 1.81182
0.816 1.79566
0.818 1.77893
0.82 1.76165
0.822 1.74385
0.824 1.72555
0.826 1.70676
0.828 1.6875
0.83 1.66779
0.832 1.64767
0.834 1.62714
0.836 1.60623
0.838 1.58496
0.84 1.56336
0.842 1.54144
0.844 1.51923
0.846 1.49676
0.848 1.47403
0.85 1.45108
0.852 1.42793
0.854 1.4046
0.856 1.38111
0.858 1.35749
0.86 1.33376
0.862 1.30993
0.864 1.28603
0.866 1.26209
0.868 1.23811
0.87 1.21413
0.872 1.19017
0.874 1.16624
0.876 1.14236
0.878 1.11855
0.88 1.09484
0.882 1.07123
0.884 1.04776
0.886 1.02443
0.888 1.00126
0.89 0.978278
0.892 0.955488
0.894 0.93291
0.896 0.910559
0.898 0.888451
0.9 0.866598
0.902 0.845016
0.904 0.823717
0.906 0.802714
0.908 0.782019
0.91 0.761644
0.912 0.741601
0.914 0.721899
0.916 0.702549
0.918 0.683561
0.92 0.664945
0.922 0.646708
0.924 0.628859
0.926 0.611406
0.928 0.594357
0.93 0.577718
0.932 0.561496
0.934 0.545697
0.936 0.530327
0.938 0.515391
0.94 0.500894
0.942 0.486842
0.944 0.473237
0.946 0.460084
0.948 0.447388
0.95 0.43515
0.952 0.423375
0.954 0.412064
0.956 0.401222
0.958 0.390849
0.96 0.380948
0.962 0.371522
0.964 0.362571
0.966 0.354097
0.968 0.346102
0.97 0.338587
0.972 0.331552
0.974 0.325
0.976 0.31893
0.978 0.313344
0.98 0.308241
0.982 0.303623
0.984 0.29949
0.986 0.295843
0.988 0.292681
0.99 0.290005
0.992 0.287816
0.994 0.286113
0.996 0.284896
0.998 0.284166
