-1 3.96913
-0.998 3.96834
-0.996 3.96598
-0.994 3.96206
-0.992 3.95657
-0.99 3.94953
-0.988 3.94094
-0.986 3.93081
-0.984 3.91916
-0.982 3.90599
-0.98 3.89133
-0.978 3.87518
-0.976 3.85758
-0.974 3.83854
-0.972 3.81807
-0.97 3.79622
-0.968 3.77299
-0.966 3.74842
-0.964 3.72254
-0.962 3.69538
-0.96 3.66696
-0.958 3.63731
-0.956 3.60648
-0.954 3.5745
-0.952 3.5414
-0.95 3.50721
-0.948 3.47198
-0.946 3.43574
-0.944 3.39854
-0.942 3.3604
-0.94 3.32138
-0.938 3.28152
-0.936 3.24084
-0.934 3.19941
-0.932 3.15725
-0.93 3.11442
-0.928 3.07095
-0.926 3.02689
-0.924 2.98228
-0.922 2.93717
-0.92 2.89159
-0.918 2.84559
-0.916 2.79922
-0.914 2.75251
-0.912 2.70551
-0.91 2.65826
-0.908 2.6108
-0.906 2.56317
-0.904 2.51542
-0.902 2.46758
-0.9 2.41969
-0.898 2.37179
-0.896 2.32391
-0.894 2.27611
-0.892 2.2284
-0.89 2.18083
-0.888 2.13343
-0.886 2.08623
-0.884 2.03927
-0.882 1.99258
-0.88 1.94619
-0.878 1.90012
-0.876 1.85441
-0.874 1.80909
-0.872 1.76417
-0.87 1.71969
-0.868 1.67566
-0.866 1.63211
-0.864 1.58907
-0.862 1.54655
-0.86 1.50457
-0.858 1.46316
-0.856 1.42231
-0.854 1.38207
-0.852 1.34242
-0.85 1.3034
-0.848 1.26502
-0.846 1.22727
-0.844 1.19018
-0.842 1.15376
-0.84 1.11801
-0.838 1.08293
-0.836 1.04854
-0.834 1.01484
-0.832 0.98184
-0.83 0.949533
-0.828 0.917925
-0.826 0.887018
-0.824 0.856812
-0.822 0.827307
-0.82 0.798501
-0.818 0.770394
-0.816 0.742981
-0.814 0.716261
-0.812 0.690227
-0.81 0.664877
-0.808 0.640204
-0.806 0.616203
-0.804 0.592866
-0.802 0.570188
-0.8 0.548159
-0.798 0.526773
-0.796 0.506021
-0.794 0.485894
-0.792 0.466383
-0.79 0.447478
-0.788 0.42917
-0.786 0.411447
-0.784 0.3943
-0.782 0.377718
-0.78 0.36169
-0.778 0.346205
-0.776 0.331252
-0.774 0.316819
-0.772 0.302895
-0.77 0.289468
-0.768 0.276527
-0.766 0.264059
-0.764 0.252054
-0.762 0.2405
-0.76 0.229384
-0.758 0.218695
-0.756 0.208422
-0.754 0.198553
-0.752 0.189076
-0.75 0.17998
-0.748 0.171254
-0.746 0.162886
-0.744 0.154866
-0.742 0.147183
-0.74 0.139825
-0.738 0.132782
-0.736 0.126045
-0.734 0.119601
-0.732 0.113443
-0.73 0.107558
-0.728 0.101939
-0.726 0.0965745
-0.724 0.0914564
-0.722 0.0865751
-0.72 0.081922
-0.718 0.0774882
-0.716 0.0732654
-0.714 0.0692452
-0.712 0.0654197
-0.71 0.0617811
-0.708 0.0583217
-0.706 0.0550342
-0.704 0.0519115
-0.702 0.0489465
-0.7 0.0461326
-0.698 0.0434633
-0.696 0.0409321
-0.694 0.0385332
-0.692 0.0362604
-0.69 0.0341082
-0.688 0.032071
-0.686 0.0301435
-0.684 0.0283206
-0.682 0.0265975
-0.68 0.0249693
-0.678 0.0234314
-0.676 0.0219796
-0.674 0.0206096
-0.672 0.0193173
-0.67 0.0180988
-0.668 0.0169505
-0.666 0.0158688
-0.664 0.0148502
-0.662 0.0138915
-0.66 0.0129895
-0.658 0.0121413
-0.656 0.0113439
-0.654 0.0105948
-0.652 0.00989114
-0.65 0.00923059
-0.648 0.00861074
-0.646 0.00802933
-0.644 0.00748422
-0.642 0.00697334
-0.64 0.00649477
-0.638 0.00604664
-0.636 0.00562719
-0.634 0.00523477
-0.632 0.00486779
-0.63 0.00452474
-0.628 0.0042042
-0.626 0.00390481
-0.624 0.00362531
-0.622 0.00336448
-0.62 0.00312118
-0.618 0.00289433
-0.616 0.0026829
-0.614 0.00248593
-0.612 0.0023025
-0.61 0.00213177
-0.608 0.00197291
-0.606 0.00182517
-0.604 0.00168782
-0.602 0.00156019
-0.6 0.00144164
-0.598 0.00133157
-0.596 0.00122941
-0.594 0.00113464
-0.592 0.00104677
-0.59 0.000965312
-0.588 0.000889843
-0.586 0.000819948
-0.584 0.000755245
-0.582 0.000695371
-0.58 0.00063999
-0.578 0.000588786
-0.576 0.000541464
-0.574 0.000497748
-0.572 0.00045738
-0.57 0.00042012
-0.568 0.000385741
-0.566 0.000354036
-0.564 0.000324807
-0.562 0.000297874
-0.56 0.000273065
-0.558 0.000250224
-0.556 0.000229202
-0.554 0.000209863
-0.552 0.00019208
-0.55 0.000175733
-0.548 0.000160714
-0.546 0.000146921
-0.544 0.000134258
-0.542 0.000122637
-0.54 0.000111979
-0.538 0.000102205
-0.536 9.32483e-05
-0.534 8.50425e-05
-0.532 7.75279e-05
-0.53 7.06494e-05
-0.528 6.43556e-05
-0.526 5.85992e-05
-0.524 5.33366e-05
-0.522 4.85273e-05
-0.52 4.41341e-05
-0.518 4.01228e-05
-0.516 3.64616e-05
-0.514 3.31213e-05
-0.512 3.0075e-05
-0.51 2.72982e-05
-0.508 2.47678e-05
-0.506 2.24632e-05
-0.504 2.03648e-05
-0.502 1.84552e-05
-0.5 1.6718e-05
-0.498 1.51383e-05
-0.496 1.37024e-05
-0.494 1.23979e-05
-0.492 1.1213e-05
-0.49 1.01374e-05
-0.488 9.16132e-06
-0.486 8.27593e-06
-0.484 7.47315e-06
-0.482 6.74556e-06
-0.48 6.0864e-06
-0.478 5.48946e-06
-0.476 4.94911e-06
-0.474 4.46018e-06
-0.472 4.01795e-06
-0.47 3.61814e-06
-0.468 3.25681e-06
-0.466 2.93041e-06
-0.464 2.63567e-06
-0.462 2.36964e-06
-0.46 2.12961e-06
-0.458 1.91314e-06
-0.456 1.71799e-06
-0.454 1.54213e-06
-0.452 1.38372e-06
-0.45 1.2411e-06
-0.448 1.11273e-06
-0.446 9.97244e-07
-0.444 8.93389e-07
-0.442 8.00032e-07
-0.44 7.16147e-07
-0.438 6.40802e-07
-0.436 5.73157e-07
-0.434 5.12449e-07
-0.432 4.57989e-07
-0.43 4.09154e-07
-0.428 3.65382e-07
-0.426 3.26163e-07
-0.424 2.91038e-07
-0.422 2.59592e-07
-0.42 2.31453e-07
-0.418 2.06281e-07
-0.416 1.83774e-07
-0.414 1.63658e-07
-0.412 1.45686e-07
-0.41 1.29636e-07
-0.408 1.15308e-07
-0.406 1.02524e-07
-0.404 9.11202e-08
-0.402 8.09529e-08
-0.4 7.18916e-08
-0.398 6.38192e-08
-0.396 5.66307e-08
-0.394 5.02319e-08
-0.392 4.45385e-08
-0.39 3.94747e-08
-0.388 3.49727e-08
-0.386 3.09719e-08
-0.384 2.74178e-08
-0.382 2.4262e-08
-0.38 2.14609e-08
-0.378 1.89756e-08
-0.376 1.67715e-08
-0.374 1.48175e-08
-0.372 1.30859e-08
-0.37 1.15522e-08
-0.368 1.01941e-08
-0.366 8.99212e-09
-0.364 7.92872e-09
-0.362 6.98829e-09
-0.36 6.15697e-09
-0.358 5.42238e-09
-0.356 4.77354e-09
-0.354 4.20067e-09
-0.352 3.69508e-09
-0.35 3.24906e-09
-0.348 2.85574e-09
-0.346 2.50903e-09
-0.344 2.20354e-09
-0.342 1.93448e-09
-0.34 1.69759e-09
-0.338 1.48913e-09
-0.336 1.30574e-09
-0.334 1.14448e-09
-0.332 1.00274e-09
-0.33 8.78207e-10
-0.328 7.6883e-10
-0.326 6.72813e-10
-0.324 5.88552e-10
-0.322 5.14637e-10
-0.32 4.49829e-10
-0.318 3.93025e-10
-0.316 3.43255e-10
-0.314 2.9967e-10
-0.312 2.61517e-10
-0.31 2.28129e-10
-0.308 1.98926e-10
-0.306 1.73396e-10
-0.304 1.51075e-10
-0.302 1.31584e-10
-0.3 1.14551e-10
-0.298 9.96893e-11
-0.296 8.6722e-11
-0.294 7.54106e-11
-0.292 6.55488e-11
-0.29 5.69522e-11
-0.288 4.9466e-11
-0.286 4.29424e-11
-0.284 3.72728e-11
-0.282 3.23291e-11
-0.28 2.80377e-11
-0.278 2.4303e-11
-0.276 2.1057e-11
-0.274 1.82361e-11
-0.272 1.57882e-11
-0.27 1.36674e-11
-0.268 1.1823e-11
-0.266 1.02241e-11
-0.264 8.8345e-12
-0.262 7.63751e-12
-0.26 6.59301e-12
-0.258 5.69409e-12
-0.256 4.91456e-12
-0.254 4.23998e-12
-0.252 3.65652e-12
-0.25 3.15094e-12
-0.248 2.71652e-12
-0.246 2.33836e-12
-0.244 2.01564e-12
-0.242 1.73491e-12
-0.24 1.49209e-12
-0.238 1.28592e-12
-0.236 1.10296e-12
-0.234 9.47618e-13
-0.232 8.12884e-13
-0.23 6.97582e-13
-0.228 6.02682e-13
-0.226 5.15555e-13
-0.224 4.43056e-13
-0.222 3.8136e-13
-0.22 3.2471e-13
-0.218 2.79185e-13
-0.216 2.3792e-13
-0.214 2.04945e-13
-0.212 1.741e-13
-0.21 1.50445e-13
-0.208 1.26383e-13
-0.206 1.11086e-13
-0.204 9.3554e-14
-0.202 7.96465e-14
-0.2 6.64899e-14
-0.198 5.77647e-14
-0.196 5.19266e-14
-0.194 4.2075e-14
-0.192 3.77658e-14
-0.19 3.44621e-14
-0.188 2.79909e-14
-0.186 2.16813e-14
-0.184 1.86964e-14
-0.182 1.8341e-14
-0.18 1.58467e-14
-0.178 9.53041e-15
-0.176 1.14332e-14
-0.174 1.19335e-14
-0.172 5.21738e-15
-0.17 6.77727e-15
-0.168 7.69939e-15
-0.166 7.48117e-15
-0.164 7.37484e-15
-0.162 6.77252e-15
-0.16 6.20173e-15
-0.158 1.29371e-15
-0.156 6.52458e-15
-0.154 3.44098e-15
-0.152 3.78767e-15
-0.15 4.29036e-15
-0.148 2.04419e-15
-0.146 -1.56658e-15
-0.144 4.10875e-15
-0.142 1.57347e-15
-0.14 2.4429e-15
-0.138 4.54795e-16
-0.136 1.71663e-15
-0.134 5.59815e-15
-0.132 -3.18418e-15
-0.13 4.04047e-15
-0.128 -2.12214e-15
-0.126 2.60576e-15
-0.124 -4.43109e-16
-0.122 2.46539e-16
-0.12 3.98894e-15
-0.118 1.60746e-15
-0.116 5.18206e-16
-0.114 2.65086e-15
-0.112 1.1087e-15
-0.11 3.01499e-15
-0.108 4.67488e-15
-0.106 2.8885e-15
-0.104 2.25273e-15
-0.102 9.50813e-16
-0.1 3.42153e-16
-0.098 5.25632e-15
-0.096 -1.30432e-15
-0.094 8.95368e-16
-0.092 6.17779e-16
-0.09 5.88629e-16
-0.088 -7.43634e-16
-0.086 1.27142e-15
-0.084 -2.87952e-16
-0.082 5.01581e-16
-0.08 4.6337e-15
-0.078 2.53246e-16
-0.076 1.16336e-17
-0.074 -5.18576e-16
-0.072 3.41914e-15
-0.07 -2.1088e-15
-0.068 -2.37682e-16
-0.066 3.04908e-15
-0.064 9.39016e-16
-0.062 3.33118e-16
-0.06 -2.57037e-16
-0.058 -5.91011e-16
-0.056 5.23923e-15
-0.054 4.95018e-16
-0.052 1.11156e-15
-0.05 1.27933e-16
-0.048 3.90596e-15
-0.046 -3.67962e-15
-0.044 1.46211e-15
-0.042 -1.1444e-15
-0.04 4.55745e-15
-0.038 1.22825e-15
-0.036 6.32149e-16
-0.034 -2.29981e-15
-0.032 1.30237e-15
-0.03 -1.1602e-15
-0.028 2.59057e-15
-0.026 -2.34709e-15
-0.024 1.73544e-15
-0.022 -3.28933e-16
-0.02 -1.21042e-16
-0.018 4.18657e-15
-0.016 -3.26749e-16
-0.014 1.92393e-15
-0.012 2.04197e-15
-0.01 4.2916e-15
-0.008 -2.65703e-15
-0.006 4.42137e-15
-0.004 -3.31625e-15
-0.002 5.10416e-15
0 8.24513e-16
0.002 1.63359e-15
0.004 -1.42439e-15
0.006 5.90969e-16
0.008 -1.10891e-15
0.01 1.88357e-15
0.012 -3.96454e-15
0.014 3.03602e-15
0.016 1.24348e-15
0.018 2.26438e-15
0.02 -2.6157e-16
0.022 2.66773e-15
0.024 -1.43277e-15
0.026 -5.29268e-16
0.028 1.53322e-17
0.03 -1.11713e-15
0.032 7.66395e-16
0.034 9.17373e-16
0.036 -1.03947e-16
0.038 2.08209e-15
0.04 3.1411e-15
0.042 2.41676e-15
0.044 -8.12127e-16
0.046 1.41693e-15
0.048 8.36302e-16
0.05 -1.72067e-15
0.052 1.98652e-15
0.054 -8.57206e-16
0.056 -1.11982e-15
0.058 -1.84705e-15
0.06 1.60457e-15
0.062 2.07775e-15
0.064 -2.44538e-15
0.066 5.04074e-16
0.068 -2.93633e-16
0.07 2.72604e-15
0.072 -6.08609e-16
0.074 1.18461e-15
0.076 2.86895e-16
0.078 2.30861e-16
0.08 8.34993e-16
0.082 -2.00097e-15
0.084 1.81388e-16
0.086 -1.06617e-15
0.088 1.22142e-15
0.09 2.68607e-15
0.092 -6.28272e-17
0.094 -6.10824e-16
0.096 1.40095e-15
0.098 -2.18574e-15
0.1 2.99053e-17
0.102 1.70219e-15
0.104 9.23383e-16
0.106 -1.65528e-15
0.108 -9.20475e-16
0.11 5.8649e-16
0.112 2.20047e-15
0.114 -1.47999e-15
0.116 1.81557e-15
0.118 -3.69745e-15
0.12 1.94909e-15
0.122 4.30974e-16
0.124 -2.5669e-15
0.126 -1.13412e-15
0.128 -2.06888e-15
0.13 -4.13194e-16
0.132 -1.96787e-15
0.134 1.91996e-15
0.136 1.65687e-15
0.138 2.3301e-15
0.14 -2.51335e-16
0.142 3.08214e-15
0.144 1.99264e-15
0.146 5.58655e-16
0.148 -2.07063e-16
0.15 4.46619e-15
0.152 1.05414e-15
0.154 1.01709e-15
0.156 2.48095e-15
0.158 1.19286e-15
0.16 1.61634e-15
0.162 2.53409e-15
0.164 2.31932e-15
0.166 5.06726e-15
0.168 3.46065e-15
0.17 5.66989e-15
0.172 6.39832e-15
0.174 7.58695e-15
0.176 1.36832e-14
0.178 1.14575e-14
0.18 9.36496e-15
0.182 1.90454e-14
0.184 1.49529e-14
0.186 2.39567e-14
0.188 2.85899e-14
0.19 2.99932e-14
0.192 3.56968e-14
0.194 3.79868e-14
0.196 4.86995e-14
0.198 5.81655e-14
0.2 6.6367e-14
0.202 7.9274e-14
0.204 9.2952e-14
0.206 1.07934e-13
0.208 1.29673e-13
0.21 1.45155e-13
0.212 1.71475e-13
0.214 1.99798e-13
0.216 2.38122e-13
0.218 2.76201e-13
0.22 3.25614e-13
0.222 3.76228e-13
0.224 4.40834e-13
0.226 5.11378e-13
0.228 6.00019e-13
0.23 6.97617e-13
0.232 8.13743e-13
0.234 9.45317e-13
0.236 1.10375e-12
0.238 1.27976e-12
0.24 1.49163e-12
0.242 1.7322e-12
0.244 2.01316e-12
0.246 2.33625e-12
0.248 2.71666e-12
0.25 3.14512e-12
0.252 3.65771e-12
0.254 4.23685e-12
0.256 4.90972e-12
0.258 5.69101e-12
0.26 6.58813e-12
0.262 7.63852e-12
0.264 8.83335e-12
0.266 1.02228e-11
0.268 1.1821e-11
0.27 1.3667e-11
0.272 1.57918e-11
0.274 1.82335e-11
0.276 2.10555e-11
0.278 2.42965e-11
0.28 2.80343e-11
0.282 3.23253e-11
0.284 3.7271e-11
0.286 4.29422e-11
0.288 4.94663e-11
0.29 5.69518e-11
0.292 6.55466e-11
0.294 7.54034e-11
0.296 8.67137e-11
0.298 9.9688e-11
0.3 1.14547e-10
0.302 1.31578e-10
0.304 1.51073e-10
0.306 1.73391e-10
0.308 1.98922e-10
0.31 2.28123e-10
0.312 2.61517e-10
0.314 2.99668e-10
0.316 3.43252e-10
0.318 3.93019e-10
0.32 4.49825e-10
0.322 5.14634e-10
0.324 5.8855e-10
0.326 6.7281e-10
0.328 7.68833e-10
0.33 8.78204e-10
0.332 1.00274e-09
0.334 1.14448e-09
0.336 1.30574e-09
0.338 1.48913e-09
0.34 1.69759e-09
0.342 1.93447e-09
0.344 2.20354e-09
0.346 2.50902e-09
0.348 2.85573e-09
0.35 3.24906e-09
0.352 3.69508e-09
0.354 4.20067e-09
0.356 4.77353e-09
0.358 5.42237e-09
0.36 6.15696e-09
0.362 6.98829e-09
0.364 7.92872e-09
0.366 8.99212e-09
0.368 1.01941e-08
0.37 1.15522e-08
0.372 1.30859e-08
0.374 1.48175e-08
0.376 1.67715e-08
0.378 1.89756e-08
0.38 2.14609e-08
0.382 2.4262e-08
0.384 2.74178e-08
0.386 3.09719e-08
0.388 3.49727e-08
0.39 3.94747e-08
0.392 4.45385e-08
0.394 5.02319e-08
0.396 5.66307e-08
0.398 6.38192e-08
0.4 7.18916e-08
0.402 8.09529e-08
0.404 9.11202e-08
0.406 1.02524e-07
0.408 1.15308e-07
0.41 1.29636e-07
0.412 1.45686e-07
0.414 1.63658e-07
0.416 1.83774e-07
0.418 2.06281e-07
0.42 2.31453e-07
0.422 2.59592e-07
0.424 2.91038e-07
0.426 3.26163e-07
0.428 3.65382e-07
0.43 4.09154e-07
0.432 4.57989e-07
0.434 5.12449e-07
0.436 5.73157e-07
0.438 6.40802e-07
0.44 7.16147e-07
0.442 8.00032e-07
0.444 8.93389e-07
0.446 9.97244e-07
0.448 1.11273e-06
0.45 1.2411e-06
0.452 1.38372e-06
0.454 1.54213e-06
0.456 1.71799e-06
0.458 1.91314e-06
0.46 2.12961e-06
0.462 2.36964e-06
0.464 2.63567e-06
0.466 2.93041e-06
0.468 3.25681e-06
0.47 3.61814e-06
0.472 4.01795e-06
0.474 4.46018e-06
0.476 4.94911e-06
0.478 5.48946e-06
0.48 6.0864e-06
0.482 6.74556e-06
0.484 7.47315e-06
0.486 8.27593e-06
0.488 9.16132e-06
0.49 1.01374e-05
0.492 1.1213e-05
0.494 1.23979e-05
0.496 1.37024e-05
0.498 1.51383e-05
0.5 1.6718e-05
0.502 1.84552e-05
0.504 2.03648e-05
0.506 2.24632e-05
0.508 2.47678e-05
0.51 2.72982e-05
0.512 3.0075e-05
0.514 3.31213e-05
0.516 3.64616e-05
0.518 4.01228e-05
0.52 4.41341e-05
0.522 4.85273e-05
0.524 5.33366e-05
0.526 5.85992e-05
0.528 6.43556e-05
0.53 7.06494e-05
0.532 7.75279e-05
0.534 8.50425e-05
0.536 9.32483e-05
0.538 0.000102205
0.54 0.000111979
0.542 0.000122637
0.544 0.000134258
0.546 0.000146921
0.548 0.000160714
0.55 0.000175733
0.552 0.00019208
0.554 0.000209863
0.556 0.000229202
0.558 0.000250224
0.56 0.000273065
0.562 0.000297874
0.564 0.000324807
0.566 0.000354036
0.568 0.000385741
0.57 0.00042012
0.572 0.00045738
0.574 0.000497748
0.576 0.000541464
0.578 0.000588786
0.58 0.00063999
0.582 0.000695371
0.584 0.000755245
0.586 0.000819948
0.588 0.000889843
0.59 0.000965312
0.592 0.00104677
0.594 0.00113464
0.596 0.00122941
0.598 0.00133157
0.6 0.00144164
0.602 0.00156019
0.604 0.00168782
0.606 0.00182517
0.608 0.00197291
0.61 0.00213177
0.612 0.0023025
0.614 0.00248593
0.616 0.0026829
0.618 0.00289433
0.62 0.00312118
0.622 0.00336448
0.624 0.00362531
0.626 0.00390481
0.628 0.0042042
0.63 0.00452474
0.632 0.00486779
0.634 0.00523477
0.636 0.00562719
0.638 0.00604664
0.64 0.00649477
0.642 0.00697334
0.644 0.00748422
0.646 0.00802933
0.648 0.00861074
0.65 0.00923059
0.652 0.00989114
0.654 0.0105948
0.656 0.0113439
0.658 0.0121413
0.66 0.0129895
0.662 0.0138915
0.664 0.0148502
0.666 0.0158688
0.668 0.0169505
0.67 0.0180988
0.672 0.0193173
0.674 0.0206096
0.676 0.0219796
0.678 0.0234314
0.68 0.0249693
0.682 0.0265975
0.684 0.0283206
0.686 0.0301435
0.688 0.032071
0.69 0.0341082
0.692 0.0362604
0.694 0.0385332
0.696 0.0409321
0.698 0.0434633
0.7 0.0461326
0.702 0.0489465
0.704 0.0519115
0.706 0.0550342
0.708 0.0583217
0.71 0.0617811
0.712 0.0654197
0.714 0.0692452
0.716 0.0732654
0.718 0.0774882
0.72 0.081922
0.722 0.0865751
0.724 0.0914564
0.726 0.0965745
0.728 0.101939
0.73 0.107558
0.732 0.113443
0.734 0.119601
0.736 0.126045
0.738 0.132782
0.74 0.139825
0.742 0.147183
0.744 0.154866
0.746 0.162886
0.748 0.171254
0.75 0.17998
0.752 0.189076
0.754 0.198553
0.756 0.208422
0.758 0.218695
0.76 0.229384
0.762 0.2405
0.764 0.252054
0.766 0.264059
0.768 0.276527
0.77 0.289468
0.772 0.302895
0.774 0.316819
0.776 0.331252
0.778 0.346205
0.78 0.36169
0.782 0.377718
0.784 0.3943
0.786 0.411447
0.788 0.42917
0.79 0.447478
0.792 0.466383
0.794 0.485894
0.796 0.506021
0.798 0.526773
0.8 0.548159
0.802 0.570188
0.804 0.592866
0.806 0.616203
0.808 0.640204
0.81 0.664877
0.812 0.690227
0.814 0.716261
0.816 0.742981
0.818 0.770394
0.82 0.798501
0.822 0.827307
0.824 0.856812
0.826 0.887018
0.828 0.917925
0.83 0.949533
0.832 0.98184
0.834 1.01484
0.836 1.04854
0.838 1.08293
0.84 1.11801
0.842 1.15376
0.844 1.19018
0.846 1.22727
0.848 1.26502
0.85 1.3034
0.852 1.34242
0.854 1.38207
0.856 1.42231
0.858 1.46316
0.86 1.50457
0.862 1.54655
0.864 1.58907
0.866 1.63211
0.868 1.67566
0.87 1.71969
0.872 1.76417
0.874 1.80909
0.876 1.85441
0.878 1.90012
0.88 1.94619
0.882 1.99258
0.884 2.03927
0.886 2.08623
0.888 2.13343
0.89 2.18083
0.892 2.2284
0.894 2.27611
0.896 2.32391
0.898 2.37179
0.9 2.41969
0.902 2.46758
0.904 2.51542
0.906 2.56317
0.908 2.6108
0.91 2.65826
0.912 2.70551
0.914 2.75251
0.916 2.79922
0.918 2.84559
0.92 2.89159
0.922 2.93717
0.924 2.98228
0.926 3.02689
0.928 3.07095
0.93 3.11442
0.932 3.15725
0.934 3.19941
0.936 3.24084
0.938 3.28152
0.94 3.32138
0.942 3.3604
0.944 3.39854
0.946 3.43574
0.948 3.47198
0.95 3.50721
0.952 3.5414
0.954 3.5745
0.956 3.60648
0.958 3.63731
0.96 3.66696
0.962 3.69538
0.964 3.72254
0.966 3.74842
0.968 3.77299
0.97 3.79622
0.972 3.81807
0.974 3.83854
0.976 3.85758
0.978 3.87518
0.98 3.89133
0.982 3.90599
0.984 3.91916
0.986 3.93081
0.988 3.94094
0.99 3.94953
0.992 3.95657
0.994 3.96206
0.996 3.96598
0.998 3.96834
