-1 0.213378
-0.99 0.213546
-0.98 0.213624
-0.97 0.214171
-0.96 0.214368
-0.95 0.215388
-0.94 0.215674
-0.93 0.217065
-0.92 0.217717
-0.91 0.219003
-0.9 0.220553
-0.89 0.221435
-0.88 0.223504
-0.87 0.225165
-0.86 0.226368
-0.85 0.228901
-0.84 0.231288
-0.83 0.232496
-0.82 0.234524
-0.81 0.238934
-0.8 0.245165
-0.79 0.252086
-0.78 0.25915
-0.77 0.266272
-0.76 0.273475
-0.75 0.280773
-0.74 0.288162
-0.73 0.29564
-0.72 0.303204
-0.71 0.310851
-0.7 0.318576
-0.69 0.326377
-0.68 0.33425
-0.67 0.342192
-0.66 0.350197
-0.65 0.358262
-0.64 0.366383
-0.63 0.374555
-0.62 0.382773
-0.61 0.391033
-0.6 0.399331
-0.59 0.40766
-0.58 0.416016
-0.57 0.424393
-0.56 0.432786
-0.55 0.44119
-0.54 0.449599
-0.53 0.458006
-0.52 0.466407
-0.51 0.474796
-0.5 0.483165
-0.49 0.49151
-0.48 0.499823
-0.47 0.508099
-0.46 0.516332
-0.45 0.524514
-0.44 0.53264
-0.43 0.540703
-0.42 0.548697
-0.41 0.556614
-0.4 0.564449
-0.39 0.572195
-0.38 0.579845
-0.37 0.587394
-0.36 0.594833
-0.35 0.602158
-0.34 0.609362
-0.33 0.616437
-0.32 0.623379
-0.31 0.63018
-0.3 0.636835
-0.29 0.643337
-0.28 0.649681
-0.27 0.655861
-0.26 0.66187
-0.25 0.667704
-0.24 0.673356
-0.23 0.678822
-0.22 0.684097
-0.21 0.689174
-0.2 0.69405
-0.19 0.698719
-0.18 0.703177
-0.17 0.707421
-0.16 0.711444
-0.15 0.715244
-0.14 0.718818
-0.13 0.72216
-0.12 0.725269
-0.11 0.72814
-0.1 0.730771
-0.09 0.73316
-0.08 0.735304
-0.07 0.737201
-0.06 0.738849
-0.05 0.740246
-0.04 0.741391
-0.03 0.742283
-0.02 0.74292
-0.01 0.743303
0 0.743431
0.01 0.743303
0.02 0.74292
0.03 0.742283
0.04 0.741391
0.05 0.740246
0.06 0.738849
0.07 0.737201
0.08 0.735304
0.09 0.73316
0.1 0.730771
0.11 0.72814
0.12 0.725269
0.13 0.72216
0.14 0.718818
0.15 0.715244
0.16 0.711444
0.17 0.707421
0.18 0.703177
0.19 0.698719
0.2 0.69405
0.21 0.689174
0.22 0.684097
0.23 0.678822
0.24 0.673356
0.25 0.667704
0.26 0.66187
0.27 0.655861
0.28 0.649681
0.29 0.643337
0.3 0.636835
0.31 0.63018
0.32 0.623379
0.33 0.616437
0.34 0.609362
0.35 0.602158
0.36 0.594833
0.37 0.587394
0.38 0.579845
0.39 0.572195
0.4 0.564449
0.41 0.556614
0.42 0.548697
0.43 0.540703
0.44 0.53264
0.45 0.524514
0.46 0.516332
0.47 0.508099
0.48 0.499823
0.49 0.49151
0.5 0.483165
0.51 0.474796
0.52 0.466407
0.53 0.458006
0.54 0.449599
0.55 0.44119
0.56 0.432786
0.57 0.424393
0.58 0.416016
0.59 0.40766
0.6 0.399331
0.61 0.391033
0.62 0.382773
0.63 0.374555
0.64 0.366383
0.65 0.358262
0.66 0.350197
0.67 0.342192
0.68 0.33425
0.69 0.326377
0.7 0.318576
0.71 0.310851
0.72 0.303204
0.73 0.29564
0.74 0.288162
0.75 0.280773
0.76 0.273475
0.77 0.266272
0.78 0.25915
0.79 0.252086
0.8 0.245165
0.81 0.238934
0.82 0.234524
0.83 0.232496
0.84 0.231288
0.85 0.228901
0.86 0.226368
0.87 0.225165
0.88 0.223504
0.89 0.221435
0.9 0.220553
0.91 0.219003
0.92 0.217717
0.93 0.217065
0.94 0.215674
0.95 0.215388
0.96 0.214368
0.97 0.214171
0.98 0.213624
0.99 0.213546
