-1 0.527263
-0.99 0.527472
-0.98 0.527186
-0.97 0.527334
-0.96 0.526958
-0.95 0.527053
-0.94 0.52658
-0.93 0.526616
-0.92 0.526061
-0.91 0.526006
-0.9 0.525408
-0.89 0.5252
-0.88 0.524627
-0.87 0.524187
-0.86 0.523702
-0.85 0.522979
-0.84 0.522581
-0.83 0.521624
-0.82 0.521185
-0.81 0.520176
-0.8 0.519462
-0.79 0.518611
-0.78 0.51748
-0.77 0.516767
-0.76 0.515409
-0.75 0.514473
-0.74 0.513292
-0.73 0.511828
-0.72 0.510829
-0.71 0.509175
-0.7 0.507764
-0.69 0.506443
-0.68 0.504493
-0.67 0.503047
-0.66 0.501356
-0.65 0.499187
-0.64 0.497588
-0.63 0.495597
-0.62 0.493171
-0.61 0.491341
-0.6 0.489167
-0.59 0.486413
-0.58 0.484232
-0.57 0.482028
-0.56 0.478995
-0.55 0.476191
-0.54 0.473957
-0.53 0.471083
-0.52 0.467521
-0.51 0.464517
-0.5 0.462118
-0.49 0.45905
-0.48 0.454905
-0.47 0.450851
-0.46 0.448216
-0.45 0.447283
-0.44 0.447454
-0.43 0.448019
-0.42 0.448583
-0.41 0.449036
-0.4 0.449388
-0.39 0.449661
-0.38 0.449866
-0.37 0.450007
-0.36 0.450086
-0.35 0.450108
-0.34 0.450075
-0.33 0.449991
-0.32 0.44986
-0.31 0.449684
-0.3 0.449469
-0.29 0.449217
-0.28 0.448933
-0.27 0.448619
-0.26 0.448279
-0.25 0.447917
-0.24 0.447537
-0.23 0.447142
-0.22 0.446735
-0.21 0.44632
-0.2 0.4459
-0.19 0.445478
-0.18 0.445058
-0.17 0.444642
-0.16 0.444233
-0.15 0.443835
-0.14 0.443449
-0.13 0.443078
-0.12 0.442725
-0.11 0.442391
-0.1 0.44208
-0.09 0.441792
-0.08 0.44153
-0.07 0.441294
-0.06 0.441088
-0.05 0.440911
-0.04 0.440765
-0.03 0.44065
-0.02 0.440568
-0.01 0.440518
0 0.440502
0.01 0.440518
0.02 0.440568
0.03 0.44065
0.04 0.440765
0.05 0.440911
0.06 0.441088
0.07 0.441294
0.08 0.44153
0.09 0.441792
0.1 0.44208
0.11 0.442391
0.12 0.442725
0.13 0.443078
0.14 0.443449
0.15 0.443835
0.16 0.444233
0.17 0.444642
0.18 0.445058
0.19 0.445478
0.2 0.4459
0.21 0.44632
0.22 0.446735
0.23 0.447142
0.24 0.447537
0.25 0.447917
0.26 0.448279
0.27 0.448619
0.28 0.448933
0.29 0.449217
0.3 0.449469
0.31 0.449684
0.32 0.44986
0.33 0.449991
0.34 0.450075
0.35 0.450108
0.36 0.450086
0.37 0.450007
0.38 0.449866
0.39 0.449661
0.4 0.449388
0.41 0.449036
0.42 0.448583
0.43 0.448019
0.44 0.447454
0.45 0.447283
0.46 0.448216
0.47 0.450851
0.48 0.454905
0.49 0.45905
0.5 0.462118
0.51 0.464517
0.52 0.467521
0.53 0.471083
0.54 0.473957
0.55 0.476191
0.56 0.478995
0.57 0.482028
0.58 0.484232
0.59 0.486413
0.6 0.489167
0.61 0.491341
0.62 0.493171
0.63 0.495597
0.64 0.497588
0.65 0.499187
0.66 0.501356
0.67 0.503047
0.68 0.504493
0.69 0.506443
0.7 0.507764
0.71 0.509175
0.72 0.510829
0.73 0.511828
0.74 0.513292
0.75 0.514473
0.76 0.515409
0.77 0.516767
0.78 0.51748
0.79 0.518611
0.8 0.519462
0.81 0.520176
0.82 0.521185
0.83 0.521624
0.84 0.522581
0.85 0.522979
0.86 0.523702
0.87 0.524187
0.88 0.524627
0.89 0.5252
0.9 0.525408
0.91 0.526006
0.92 0.526061
0.93 0.526616
0.94 0.52658
0.95 0.527053
0.96 0.526958
0.97 0.527334
0.98 0.527186
0.99 0.527472
