-1 0.20884
-0.99 0.208441
-0.98 0.209115
-0.97 0.209022
-0.96 0.209906
-0.95 0.210242
-0.94 0.211132
-0.93 0.212148
-0.92 0.212819
-0.91 0.214532
-0.9 0.215357
-0.89 0.216905
-0.88 0.218893
-0.87 0.219915
-0.86 0.221923
-0.85 0.22456
-0.84 0.225965
-0.83 0.227403
-0.82 0.231005
-0.81 0.236767
-0.8 0.243521
-0.79 0.250512
-0.78 0.257567
-0.77 0.264701
-0.76 0.271932
-0.75 0.27926
-0.74 0.286684
-0.73 0.294198
-0.72 0.301801
-0.71 0.309489
-0.7 0.317259
-0.69 0.325107
-0.68 0.333029
-0.67 0.341023
-0.66 0.349083
-0.65 0.357206
-0.64 0.365387
-0.63 0.373623
-0.62 0.381907
-0.61 0.390235
-0.6 0.398604
-0.59 0.407006
-0.58 0.415438
-0.57 0.423893
-0.56 0.432367
-0.55 0.440854
-0.54 0.449347
-0.53 0.457842
-0.52 0.466332
-0.51 0.474811
-0.5 0.483273
-0.49 0.491711
-0.48 0.500121
-0.47 0.508494
-0.46 0.516825
-0.45 0.525107
-0.44 0.533333
-0.43 0.541498
-0.42 0.549593
-0.41 0.557614
-0.4 0.565552
-0.39 0.573402
-0.38 0.581156
-0.37 0.588808
-0.36 0.596352
-0.35 0.60378
-0.34 0.611086
-0.33 0.618264
-0.32 0.625307
-0.31 0.632209
-0.3 0.638963
-0.29 0.645563
-0.28 0.652004
-0.27 0.658278
-0.26 0.664381
-0.25 0.670306
-0.24 0.676047
-0.23 0.6816
-0.22 0.686958
-0.21 0.692118
-0.2 0.697072
-0.19 0.701818
-0.18 0.706349
-0.17 0.710662
-0.16 0.714753
-0.15 0.718616
-0.14 0.722249
-0.13 0.725648
-0.12 0.728809
-0.11 0.731729
-0.1 0.734405
-0.09 0.736835
-0.08 0.739015
-0.07 0.740944
-0.06 0.742621
-0.05 0.744042
-0.04 0.745206
-0.03 0.746114
-0.02 0.746762
-0.01 0.747152
0 0.747281
0.01 0.747152
0.02 0.746762
0.03 0.746114
0.04 0.745206
0.05 0.744042
0.06 0.742621
0.07 0.740944
0.08 0.739015
0.09 0.736835
0.1 0.734405
0.11 0.731729
0.12 0.728809
0.13 0.725648
0.14 0.722249
0.15 0.718616
0.16 0.714753
0.17 0.710662
0.18 0.706349
0.19 0.701818
0.2 0.697072
0.21 0.692118
0.22 0.686958
0.23 0.6816
0.24 0.676047
0.25 0.670306
0.26 0.664381
0.27 0.658278
0.28 0.652004
0.29 0.645563
0.3 0.638963
0.31 0.632209
0.32 0.625307
0.33 0.618264
0.34 0.611086
0.35 0.60378
0.36 0.596352
0.37 0.588808
0.38 0.581156
0.39 0.573402
0.4 0.565552
0.41 0.557614
0.42 0.549593
0.43 0.541498
0.44 0.533333
0.45 0.525107
0.46 0.516825
0.47 0.508494
0.48 0.500121
0.49 0.491711
0.5 0.483273
0.51 0.474811
0.52 0.466332
0.53 0.457842
0.54 0.449347
0.55 0.440854
0.56 0.432367
0.57 0.423893
0.58 0.415438
0.59 0.407006
0.6 0.398604
0.61 0.390235
0.62 0.381907
0.63 0.373623
0.64 0.365387
0.65 0.357206
0.66 0.349083
0.67 0.341023
0.68 0.333029
0.69 0.325107
0.7 0.317259
0.71 0.309489
0.72 0.301801
0.73 0.294198
0.74 0.286684
0.75 0.27926
0.76 0.271932
0.77 0.264701
0.78 0.257567
0.79 0.250512
0.8 0.243521
0.81 0.236767
0.82 0.231005
0.83 0.227403
0.84 0.225965
0.85 0.22456
0.86 0.221923
0.87 0.219915
0.88 0.218893
0.89 0.216905
0.9 0.215357
0.91 0.214532
0.92 0.212819
0.93 0.212148
0.94 0.211132
0.95 0.210242
0.96 0.209906
0.97 0.209022
0.98 0.209115
0.99 0.208441
