-1 0.785109
-0.99 0.784865
-0.98 0.784504
-0.97 0.783645
-0.96 0.782693
-0.95 0.781211
-0.94 0.779683
-0.93 0.777576
-0.92 0.775485
-0.91 0.772759
-0.9 0.770117
-0.89 0.766788
-0.88 0.763595
-0.87 0.759696
-0.86 0.755944
-0.85 0.751523
-0.84 0.747191
-0.83 0.74231
-0.82 0.737373
-0.81 0.732095
-0.8 0.726544
-0.79 0.720911
-0.78 0.714773
-0.77 0.708778
-0.76 0.70214
-0.75 0.695721
-0.74 0.688723
-0.73 0.681789
-0.72 0.674565
-0.71 0.667074
-0.7 0.659671
-0.69 0.651709
-0.68 0.644031
-0.67 0.635812
-0.66 0.627689
-0.65 0.619414
-0.64 0.610797
-0.63 0.602455
-0.62 0.593553
-0.61 0.584906
-0.6 0.576034
-0.59 0.566928
-0.58 0.558124
-0.57 0.548794
-0.56 0.539741
-0.55 0.530578
-0.54 0.521111
-0.53 0.512061
-0.52 0.502573
-0.51 0.493196
-0.5 0.484036
-0.49 0.474408
-0.48 0.465185
-0.47 0.455898
-0.46 0.446306
-0.45 0.437225
-0.44 0.427884
-0.43 0.418432
-0.42 0.409494
-0.41 0.400205
-0.4 0.390933
-0.39 0.382172
-0.38 0.373037
-0.37 0.363954
-0.36 0.355418
-0.35 0.346539
-0.34 0.337637
-0.33 0.329354
-0.32 0.320851
-0.31 0.312137
-0.3 0.30407
-0.29 0.296067
-0.28 0.287634
-0.27 0.279655
-0.26 0.272181
-0.25 0.264297
-0.24 0.256329
-0.23 0.2491
-0.22 0.242054
-0.21 0.234477
-0.2 0.227043
-0.19 0.220431
-0.18 0.213967
-0.17 0.206901
-0.16 0.19979
-0.15 0.193547
-0.14 0.187946
-0.13 0.18195
-0.12 0.175181
-0.11 0.168443
-0.1 0.162908
-0.09 0.159138
-0.08 0.156899
-0.07 0.155593
-0.06 0.154713
-0.05 0.154007
-0.04 0.153407
-0.03 0.152923
-0.02 0.15257
-0.01 0.152357
0 0.152287
0.01 0.152357
0.02 0.15257
0.03 0.152923
0.04 0.153407
0.05 0.154007
0.06 0.154713
0.07 0.155593
0.08 0.156899
0.09 0.159138
0.1 0.162908
0.11 0.168443
0.12 0.175181
0.13 0.18195
0.14 0.187946
0.15 0.193547
0.16 0.19979
0.17 0.206901
0.18 0.213967
0.19 0.220431
0.2 0.227043
0.21 0.234477
0.22 0.242054
0.23 0.2491
0.24 0.256329
0.25 0.264297
0.26 0.272181
0.27 0.279655
0.28 0.287634
0.29 0.296067
0.3 0.30407
0.31 0.312137
0.32 0.320851
0.33 0.329354
0.34 0.337637
0.35 0.346539
0.36 0.355418
0.37 0.363954
0.38 0.373037
0.39 0.382172
0.4 0.390933
0.41 0.400205
0.42 0.409494
0.43 0.418432
0.44 0.427884
0.45 0.437225
0.46 0.446306
0.47 0.455898
0.48 0.465185
0.49 0.474408
0.5 0.484036
0.51 0.493196
0.52 0.502573
0.53 0.512061
0.54 0.521111
0.55 0.530578
0.56 0.539741
0.57 0.548794
0.58 0.558124
0.59 0.566928
0.6 0.576034
0.61 0.584906
0.62 0.593553
0.63 0.602455
0.64 0.610797
0.65 0.619414
0.66 0.627689
0.67 0.635812
0.68 0.644031
0.69 0.651709
0.7 0.659671
0.71 0.667074
0.72 0.674565
0.73 0.681789
0.74 0.688723
0.75 0.695721
0.76 0.70214
0.77 0.708778
0.78 0.714773
0.79 0.720911
0.8 0.726544
0.81 0.732095
0.82 0.737373
0.83 0.74231
0.84 0.747191
0.85 0.751523
0.86 0.755944
0.87 0.759696
0.88 0.763595
0.89 0.766788
0.9 0.770117
0.91 0.772759
0.92 0.775485
0.93 0.777576
0.94 0.779683
0.95 0.781211
0.96 0.782693
0.97 0.783645
0.98 0.784504
0.99 0.784865
