-1 0.045663
-0.99 0.0474819
-0.98 0.053005
-0.97 0.0624295
-0.96 0.0760765
-0.95 0.0943792
-0.94 0.117866
-0.93 0.147138
-0.92 0.182839
-0.91 0.225623
-0.9 0.276109
-0.89 0.334839
-0.88 0.402226
-0.87 0.478501
-0.86 0.563664
-0.85 0.657434
-0.84 0.759209
-0.83 0.868039
-0.82 0.98261
-0.81 1.10125
-0.8 1.22193
-0.79 1.34236
-0.78 1.45998
-0.77 1.57212
-0.76 1.67602
-0.75 1.76902
-0.74 1.8486
-0.73 1.91254
-0.72 1.95901
-0.71 1.98664
-0.7 1.99461
-0.69 1.98269
-0.68 1.95123
-0.67 1.90116
-0.66 1.83395
-0.65 1.7515
-0.64 1.65612
-0.63 1.55035
-0.62 1.43688
-0.61 1.31847
-0.6 1.19778
-0.59 1.07731
-0.58 0.959312
-0.57 0.845737
-0.56 0.738189
-0.55 0.637905
-0.54 0.54576
-0.53 0.462278
-0.52 0.38767
-0.51 0.321869
-0.5 0.264577
-0.49 0.21532
-0.48 0.17349
-0.47 0.138396
-0.46 0.109302
-0.45 0.0854664
-0.44 0.066164
-0.43 0.0507117
-0.42 0.0384818
-0.41 0.0289111
-0.4 0.0215049
-0.39 0.015837
-0.38 0.011547
-0.37 0.00833556
-0.36 0.00595752
-0.35 0.00421563
-0.34 0.00295344
-0.33 0.00204863
-0.32 0.00140692
-0.31 0.000956634
-0.3 0.000644016
-0.29 0.000429262
-0.28 0.000283286
-0.27 0.0001851
-0.26 0.000119748
-0.25 7.67027e-05
-0.24 4.86449e-05
-0.23 3.05457e-05
-0.22 1.89912e-05
-0.21 1.16908e-05
-0.2 7.12571e-06
-0.19 4.30039e-06
-0.18 2.56972e-06
-0.17 1.52042e-06
-0.16 8.90731e-07
-0.15 5.16695e-07
-0.14 2.96778e-07
-0.13 1.68788e-07
-0.12 9.50536e-08
-0.11 5.30047e-08
-0.1 2.92673e-08
-0.09 1.60022e-08
-0.08 8.6638e-09
-0.07 4.64501e-09
-0.06 2.46638e-09
-0.05 1.2975e-09
-0.04 6.77379e-10
-0.03 3.53195e-10
-0.02 1.88531e-10
-0.01 1.12062e-10
0 8.9893e-11
0.01 1.12062e-10
0.02 1.8853e-10
0.03 3.53196e-10
0.04 6.77377e-10
0.05 1.2975e-09
0.06 2.46638e-09
0.07 4.64501e-09
0.08 8.6638e-09
0.09 1.60022e-08
0.1 2.92673e-08
0.11 5.30047e-08
0.12 9.50536e-08
0.13 1.68788e-07
0.14 2.96778e-07
0.15 5.16695e-07
0.16 8.90731e-07
0.17 1.52042e-06
0.18 2.56972e-06
0.19 4.30039e-06
0.2 7.12571e-06
0.21 1.16908e-05
0.22 1.89912e-05
0.23 3.05457e-05
0.24 4.86449e-05
0.25 7.67027e-05
0.26 0.000119748
0.27 0.0001851
0.28 0.000283286
0.29 0.000429262
0.3 0.000644016
0.31 0.000956634
0.32 0.00140692
0.33 0.00204863
0.34 0.00295344
0.35 0.00421563
0.36 0.00595752
0.37 0.00833556
0.38 0.011547
0.39 0.015837
0.4 0.0215049
0.41 0.0289111
0.42 0.0384818
0.43 0.0507117
0.44 0.066164
0.45 0.0854664
0.46 0.109302
0.47 0.138396
0.48 0.17349
0.49 0.21532
0.5 0.264577
0.51 0.321869
0.52 0.38767
0.53 0.462278
0.54 0.54576
0.55 0.637905
0.56 0.738189
0.57 0.845737
0.58 0.959312
0.59 1.07731
0.6 1.19778
0.61 1.31847
0.62 1.43688
0.63 1.55035
0.64 1.65612
0.65 1.7515
0.66 1.83395
0.67 1.90116
0.68 1.95123
0.69 1.98269
0.7 1.99461
0.71 1.98664
0.72 1.95901
0.73 1.91254
0.74 1.8486
0.75 1.76902
0.76 1.67602
0.77 1.57212
0.78 1.45998
0.79 1.34236
0.8 1.22193
0.81 1.10125
0.82 0.98261
0.83 0.868039
0.84 0.759209
0.85 0.657434
0.86 0.563664
0.87 0.478501
0.88 0.402226
0.89 0.334839
0.9 0.276109
0.91 0.225623
0.92 0.182839
0.93 0.147138
0.94 0.117866
0.95 0.0943792
0.96 0.0760765
0.97 0.0624295
0.98 0.053005
0.99 0.0474819
