-1 0.78449
-0.99 0.784341
-0.98 0.783887
-0.97 0.783123
-0.96 0.782081
-0.95 0.780693
-0.94 0.779081
-0.93 0.777062
-0.92 0.774898
-0.91 0.772248
-0.9 0.769551
-0.89 0.766278
-0.88 0.763059
-0.87 0.759184
-0.86 0.755444
-0.85 0.751007
-0.84 0.746731
-0.83 0.741794
-0.82 0.736951
-0.81 0.73159
-0.8 0.726149
-0.79 0.720434
-0.78 0.714389
-0.77 0.70835
-0.76 0.70175
-0.75 0.695356
-0.74 0.688324
-0.73 0.681482
-0.72 0.674176
-0.71 0.666798
-0.7 0.65933
-0.69 0.651428
-0.68 0.643767
-0.67 0.635513
-0.66 0.627493
-0.65 0.619132
-0.64 0.610617
-0.63 0.602247
-0.62 0.593346
-0.61 0.584785
-0.6 0.575827
-0.59 0.56683
-0.58 0.557994
-0.57 0.54866
-0.56 0.539702
-0.55 0.53045
-0.54 0.521075
-0.53 0.512031
-0.52 0.50249
-0.51 0.493234
-0.5 0.484006
-0.49 0.474397
-0.48 0.465264
-0.47 0.455881
-0.46 0.446366
-0.45 0.437328
-0.44 0.427896
-0.43 0.418549
-0.42 0.409619
-0.41 0.400249
-0.4 0.391093
-0.39 0.382324
-0.38 0.37311
-0.37 0.364144
-0.36 0.355605
-0.35 0.346635
-0.34 0.33784
-0.33 0.329587
-0.32 0.320972
-0.31 0.312329
-0.3 0.304348
-0.29 0.296235
-0.28 0.287793
-0.27 0.279948
-0.26 0.272434
-0.25 0.26444
-0.24 0.256562
-0.23 0.249432
-0.22 0.242279
-0.21 0.234621
-0.2 0.22731
-0.19 0.220791
-0.18 0.214209
-0.17 0.207028
-0.16 0.200012
-0.15 0.193932
-0.14 0.188308
-0.13 0.182123
-0.12 0.17524
-0.11 0.16863
-0.1 0.163402
-0.09 0.159948
-0.08 0.157918
-0.07 0.156702
-0.06 0.155842
-0.05 0.155129
-0.04 0.154523
-0.03 0.154035
-0.02 0.153681
-0.01 0.153469
0 0.153398
0.01 0.153469
0.02 0.153681
0.03 0.154035
0.04 0.154523
0.05 0.155129
0.06 0.155842
0.07 0.156702
0.08 0.157918
0.09 0.159948
0.1 0.163402
0.11 0.16863
0.12 0.17524
0.13 0.182123
0.14 0.188308
0.15 0.193932
0.16 0.200012
0.17 0.207028
0.18 0.214209
0.19 0.220791
0.2 0.22731
0.21 0.234621
0.22 0.242279
0.23 0.249432
0.24 0.256562
0.25 0.26444
0.26 0.272434
0.27 0.279948
0.28 0.287793
0.29 0.296235
0.3 0.304348
0.31 0.312329
0.32 0.320972
0.33 0.329587
0.34 0.33784
0.35 0.346635
0.36 0.355605
0.37 0.364144
0.38 0.37311
0.39 0.382324
0.4 0.391093
0.41 0.400249
0.42 0.409619
0.43 0.418549
0.44 0.427896
0.45 0.437328
0.46 0.446366
0.47 0.455881
0.48 0.465264
0.49 0.474397
0.5 0.484006
0.51 0.493234
0.52 0.50249
0.53 0.512031
0.54 0.521075
0.55 0.53045
0.56 0.539702
0.57 0.54866
0.58 0.557994
0.59 0.56683
0.6 0.575827
0.61 0.584785
0.62 0.593346
0.63 0.602247
0.64 0.610617
0.65 0.619132
0.66 0.627493
0.67 0.635513
0.68 0.643767
0.69 0.651428
0.7 0.65933
0.71 0.666798
0.72 0.674176
0.73 0.681482
0.74 0.688324
0.75 0.695356
0.76 0.70175
0.77 0.70835
0.78 0.714389
0.79 0.720434
0.8 0.726149
0.81 0.73159
0.82 0.736951
0.83 0.741794
0.84 0.746731
0.85 0.751007
0.86 0.755444
0.87 0.759184
0.88 0.763059
0.89 0.766278
0.9 0.769551
0.91 0.772248
0.92 0.774898
0.93 0.777062
0.94 0.779081
0.95 0.780693
0.96 0.782081
0.97 0.783123
0.98 0.783887
0.99 0.784341
