-1 0.114021
-0.99 0.113237
-0.98 0.116929
-0.97 0.121635
-0.96 0.126428
-0.95 0.131347
-0.94 0.136404
-0.93 0.141598
-0.92 0.146932
-0.91 0.152406
-0.9 0.15802
-0.89 0.163775
-0.88 0.169673
-0.87 0.175712
-0.86 0.181894
-0.85 0.188218
-0.84 0.194684
-0.83 0.201292
-0.82 0.208041
-0.81 0.21493
-0.8 0.221959
-0.79 0.229125
-0.78 0.236429
-0.77 0.243868
-0.76 0.251441
-0.75 0.259145
-0.74 0.266978
-0.73 0.274938
-0.72 0.283023
-0.71 0.291228
-0.7 0.299552
-0.69 0.307991
-0.68 0.31654
-0.67 0.325198
-0.66 0.333958
-0.65 0.342817
-0.64 0.351771
-0.63 0.360814
-0.62 0.369942
-0.61 0.379149
-0.6 0.38843
-0.59 0.397779
-0.58 0.40719
-0.57 0.416658
-0.56 0.426175
-0.55 0.435735
-0.54 0.445332
-0.53 0.454958
-0.52 0.464607
-0.51 0.47427
-0.5 0.483941
-0.49 0.493612
-0.48 0.503275
-0.47 0.512922
-0.46 0.522545
-0.45 0.532136
-0.44 0.541687
-0.43 0.551188
-0.42 0.560632
-0.41 0.57001
-0.4 0.579313
-0.39 0.588532
-0.38 0.597659
-0.37 0.606686
-0.36 0.615602
-0.35 0.6244
-0.34 0.633071
-0.33 0.641605
-0.32 0.649995
-0.31 0.658231
-0.3 0.666305
-0.29 0.674209
-0.28 0.681933
-0.27 0.689471
-0.26 0.696813
-0.25 0.703952
-0.24 0.71088
-0.23 0.717589
-0.22 0.724072
-0.21 0.730322
-0.2 0.736331
-0.19 0.742093
-0.18 0.747601
-0.17 0.752849
-0.16 0.757831
-0.15 0.762541
-0.14 0.766974
-0.13 0.771124
-0.12 0.774986
-0.11 0.778557
-0.1 0.781832
-0.09 0.784806
-0.08 0.787477
-0.07 0.789842
-0.06 0.791897
-0.05 0.793639
-0.04 0.795068
-0.03 0.796181
-0.02 0.796978
-0.01 0.797456
0 0.797615
0.01 0.797456
0.02 0.796978
0.03 0.796181
0.04 0.795068
0.05 0.793639
0.06 0.791897
0.07 0.789842
0.08 0.787477
0.09 0.784806
0.1 0.781832
0.11 0.778557
0.12 0.774986
0.13 0.771124
0.14 0.766974
0.15 0.762541
0.16 0.757831
0.17 0.752849
0.18 0.747601
0.19 0.742093
0.2 0.736331
0.21 0.730322
0.22 0.724072
0.23 0.717589
0.24 0.71088
0.25 0.703952
0.26 0.696813
0.27 0.689471
0.28 0.681933
0.29 0.674209
0.3 0.666305
0.31 0.658231
0.32 0.649995
0.33 0.641605
0.34 0.633071
0.35 0.6244
0.36 0.615602
0.37 0.606686
0.38 0.597659
0.39 0.588532
0.4 0.579313
0.41 0.57001
0.42 0.560632
0.43 0.551188
0.44 0.541687
0.45 0.532136
0.46 0.522545
0.47 0.512922
0.48 0.503275
0.49 0.493612
0.5 0.483941
0.51 0.47427
0.52 0.464607
0.53 0.454958
0.54 0.445332
0.55 0.435735
0.56 0.426175
0.57 0.416658
0.58 0.40719
0.59 0.397779
0.6 0.38843
0.61 0.379149
0.62 0.369942
0.63 0.360814
0.64 0.351771
0.65 0.342817
0.66 0.333958
0.67 0.325198
0.68 0.31654
0.69 0.307991
0.7 0.299552
0.71 0.291228
0.72 0.283023
0.73 0.274938
0.74 0.266978
0.75 0.259145
0.76 0.251441
0.77 0.243868
0.78 0.236429
0.79 0.229125
0.8 0.221959
0.81 0.21493
0.82 0.208041
0.83 0.201292
0.84 0.194684
0.85 0.188218
0.86 0.181894
0.87 0.175712
0.88 0.169673
0.89 0.163775
0.9 0.15802
0.91 0.152406
0.92 0.146932
0.93 0.141598
0.94 0.136404
0.95 0.131347
0.96 0.126428
0.97 0.121635
0.98 0.116929
0.99 0.113237
