-1 0.300953
-0.99 0.301374
-0.98 0.301178
-0.97 0.301833
-0.96 0.301862
-0.95 0.30273
-0.94 0.303028
-0.93 0.304022
-0.92 0.3047
-0.91 0.305673
-0.9 0.30686
-0.89 0.307725
-0.88 0.309372
-0.87 0.310339
-0.86 0.312026
-0.85 0.313593
-0.84 0.314909
-0.83 0.317073
-0.82 0.318561
-0.81 0.32035
-0.8 0.32275
-0.79 0.324335
-0.78 0.326355
-0.77 0.329055
-0.76 0.330894
-0.75 0.332719
-0.74 0.335656
-0.73 0.338373
-0.72 0.339933
-0.71 0.341741
-0.7 0.345427
-0.69 0.351037
-0.68 0.357653
-0.67 0.364531
-0.66 0.371402
-0.65 0.378247
-0.64 0.385086
-0.63 0.391925
-0.62 0.398761
-0.61 0.405589
-0.6 0.412406
-0.59 0.419207
-0.58 0.425989
-0.57 0.432747
-0.56 0.439478
-0.55 0.446178
-0.54 0.452843
-0.53 0.459468
-0.52 0.46605
-0.51 0.472585
-0.5 0.479069
-0.49 0.485498
-0.48 0.491868
-0.47 0.498175
-0.46 0.504415
-0.45 0.510584
-0.44 0.51668
-0.43 0.522697
-0.42 0.528632
-0.41 0.534482
-0.4 0.540243
-0.39 0.545911
-0.38 0.551482
-0.37 0.556955
-0.36 0.562324
-0.35 0.567587
-0.34 0.57274
-0.33 0.57778
-0.32 0.582705
-0.31 0.58751
-0.3 0.592194
-0.29 0.596753
-0.28 0.601184
-0.27 0.605484
-0.26 0.609652
-0.25 0.613685
-0.24 0.617579
-0.23 0.621333
-0.22 0.624944
-0.21 0.62841
-0.2 0.63173
-0.19 0.6349
-0.18 0.637919
-0.17 0.640786
-0.16 0.643498
-0.15 0.646054
-0.14 0.648453
-0.13 0.650692
-0.12 0.652771
-0.11 0.654688
-0.1 0.656442
-0.09 0.658033
-0.08 0.659458
-0.07 0.660718
-0.06 0.661811
-0.05 0.662737
-0.04 0.663496
-0.03 0.664087
-0.02 0.664509
-0.01 0.664762
0 0.664846
0.01 0.664762
0.02 0.664509
0.03 0.664087
0.04 0.663496
0.05 0.662737
0.06 0.661811
0.07 0.660718
0.08 0.659458
0.09 0.658033
0.1 0.656442
0.11 0.654688
0.12 0.652771
0.13 0.650692
0.14 0.648453
0.15 0.646054
0.16 0.643498
0.17 0.640786
0.18 0.637919
0.19 0.6349
0.2 0.63173
0.21 0.62841
0.22 0.624944
0.23 0.621333
0.24 0.617579
0.25 0.613685
0.26 0.609652
0.27 0.605484
0.28 0.601184
0.29 0.596753
0.3 0.592194
0.31 0.58751
0.32 0.582705
0.33 0.57778
0.34 0.57274
0.35 0.567587
0.36 0.562324
0.37 0.556955
0.38 0.551482
0.39 0.545911
0.4 0.540243
0.41 0.534482
0.42 0.528632
0.43 0.522697
0.44 0.51668
0.45 0.510584
0.46 0.504415
0.47 0.498175
0.48 0.491868
0.49 0.485498
0.5 0.479069
0.51 0.472585
0.52 0.46605
0.53 0.459468
0.54 0.452843
0.55 0.446178
0.56 0.439478
0.57 0.432747
0.58 0.425989
0.59 0.419207
0.6 0.412406
0.61 0.405589
0.62 0.398761
0.63 0.391925
0.64 0.385086
0.65 0.378247
0.66 0.371402
0.67 0.364531
0.68 0.357653
0.69 0.351037
0.7 0.345427
0.71 0.341741
0.72 0.339933
0.73 0.338373
0.74 0.335656
0.75 0.332719
0.76 0.330894
0.77 0.329055
0.78 0.326355
0.79 0.324335
0.8 0.32275
0.81 0.32035
0.82 0.318561
0.83 0.317073
0.84 0.314909
0.85 0.313593
0.86 0.312026
0.87 0.310339
0.88 0.309372
0.89 0.307725
0.9 0.30686
0.91 0.305673
0.92 0.3047
0.93 0.304022
0.94 0.303028
0.95 0.30273
0.96 0.301862
0.97 0.301833
0.98 0.301178
0.99 0.301374
