-1 0.568333
-0.99 0.568033
-0.98 0.568188
-0.97 0.56774
-0.96 0.567749
-0.95 0.567158
-0.94 0.567011
-0.93 0.56629
-0.92 0.565963
-0.91 0.565144
-0.9 0.564593
-0.89 0.563723
-0.88 0.562896
-0.87 0.562018
-0.86 0.56088
-0.85 0.559998
-0.84 0.55858
-0.83 0.557614
-0.82 0.556037
-0.81 0.55482
-0.8 0.553261
-0.79 0.551634
-0.78 0.550174
-0.77 0.548167
-0.76 0.546632
-0.75 0.544534
-0.74 0.542582
-0.73 0.540658
-0.72 0.538217
-0.71 0.536262
-0.7 0.533768
-0.69 0.531277
-0.68 0.529033
-0.67 0.526117
-0.66 0.523582
-0.65 0.520925
-0.64 0.517729
-0.63 0.515048
-0.62 0.512009
-0.61 0.508558
-0.6 0.505656
-0.59 0.50233
-0.58 0.498577
-0.57 0.495399
-0.56 0.491918
-0.55 0.487819
-0.54 0.484239
-0.53 0.480747
-0.52 0.476433
-0.51 0.47219
-0.5 0.468593
-0.49 0.46455
-0.48 0.459701
-0.47 0.455201
-0.46 0.451454
-0.45 0.447342
-0.44 0.442122
-0.43 0.436626
-0.42 0.432263
-0.41 0.429632
-0.4 0.42833
-0.39 0.427635
-0.38 0.427052
-0.37 0.426401
-0.36 0.425666
-0.35 0.424872
-0.34 0.424036
-0.33 0.423164
-0.32 0.42226
-0.31 0.421328
-0.3 0.420372
-0.29 0.419397
-0.28 0.418407
-0.27 0.417407
-0.26 0.416399
-0.25 0.41539
-0.24 0.414383
-0.23 0.413381
-0.22 0.41239
-0.21 0.411412
-0.2 0.410452
-0.19 0.409514
-0.18 0.4086
-0.17 0.407715
-0.16 0.406862
-0.15 0.406043
-0.14 0.405263
-0.13 0.404523
-0.12 0.403827
-0.11 0.403178
-0.1 0.402576
-0.09 0.402025
-0.08 0.401527
-0.07 0.401083
-0.06 0.400695
-0.05 0.400364
-0.04 0.400092
-0.03 0.399879
-0.02 0.399727
-0.01 0.399635
0 0.399605
0.01 0.399635
0.02 0.399727
0.03 0.399879
0.04 0.400092
0.05 0.400364
0.06 0.400695
0.07 0.401083
0.08 0.401527
0.09 0.402025
0.1 0.402576
0.11 0.403178
0.12 0.403827
0.13 0.404523
0.14 0.405263
0.15 0.406043
0.16 0.406862
0.17 0.407715
0.18 0.4086
0.19 0.409514
0.2 0.410452
0.21 0.411412
0.22 0.41239
0.23 0.413381
0.24 0.414383
0.25 0.41539
0.26 0.416399
0.27 0.417407
0.28 0.418407
0.29 0.419397
0.3 0.420372
0.31 0.421328
0.32 0.42226
0.33 0.423164
0.34 0.424036
0.35 0.424872
0.36 0.425666
0.37 0.426401
0.38 0.427052
0.39 0.427635
0.4 0.42833
0.41 0.429632
0.42 0.432263
0.43 0.436626
0.44 0.442122
0.45 0.447342
0.46 0.451454
0.47 0.455201
0.48 0.459701
0.49 0.46455
0.5 0.468593
0.51 0.47219
0.52 0.476433
0.53 0.480747
0.54 0.484239
0.55 0.487819
0.56 0.491918
0.57 0.495399
0.58 0.498577
0.59 0.50233
0.6 0.505656
0.61 0.508558
0.62 0.512009
0.63 0.515048
0.64 0.517729
0.65 0.520925
0.66 0.523582
0.67 0.526117
0.68 0.529033
0.69 0.531277
0.7 0.533768
0.71 0.536262
0.72 0.538217
0.73 0.540658
0.74 0.542582
0.75 0.544534
0.76 0.546632
0.77 0.548167
0.78 0.550174
0.79 0.551634
0.8 0.553261
0.81 0.55482
0.82 0.556037
0.83 0.557614
0.84 0.55858
0.85 0.559998
0.86 0.56088
0.87 0.562018
0.88 0.562896
0.89 0.563723
0.9 0.564593
0.91 0.565144
0.92 0.565963
0.93 0.56629
0.94 0.567011
0.95 0.567158
0.96 0.567749
0.97 0.56774
0.98 0.568188
0.99 0.568033
