-1 0.325811
-0.99 0.326204
-0.98 0.32602
-0.97 0.326606
-0.96 0.326654
-0.95 0.327393
-0.94 0.327726
-0.93 0.328537
-0.92 0.329242
-0.91 0.330022
-0.9 0.33117
-0.89 0.331891
-0.88 0.333393
-0.87 0.334256
-0.86 0.335766
-0.85 0.337153
-0.84 0.338351
-0.83 0.340285
-0.82 0.341529
-0.81 0.343274
-0.8 0.345282
-0.79 0.346606
-0.78 0.34871
-0.77 0.35082
-0.76 0.352235
-0.75 0.354448
-0.74 0.356877
-0.73 0.35838
-0.72 0.360242
-0.71 0.36307
-0.7 0.365348
-0.69 0.366559
-0.68 0.368265
-0.67 0.37188
-0.66 0.377287
-0.65 0.383579
-0.64 0.390073
-0.63 0.396532
-0.62 0.402939
-0.61 0.409316
-0.6 0.415668
-0.59 0.421991
-0.58 0.428283
-0.57 0.43454
-0.56 0.440757
-0.55 0.446931
-0.54 0.45306
-0.53 0.459139
-0.52 0.465165
-0.51 0.471135
-0.5 0.477045
-0.49 0.482893
-0.48 0.488674
-0.47 0.494387
-0.46 0.500027
-0.45 0.505591
-0.44 0.511077
-0.43 0.516481
-0.42 0.521801
-0.41 0.527034
-0.4 0.532177
-0.39 0.537227
-0.38 0.542182
-0.37 0.547039
-0.36 0.551795
-0.35 0.556449
-0.34 0.560997
-0.33 0.565438
-0.32 0.569769
-0.31 0.573988
-0.3 0.578093
-0.29 0.582082
-0.28 0.585953
-0.27 0.589705
-0.26 0.593334
-0.25 0.596841
-0.24 0.600222
-0.23 0.603478
-0.22 0.606605
-0.21 0.609602
-0.2 0.61247
-0.19 0.615205
-0.18 0.617807
-0.17 0.620274
-0.16 0.622606
-0.15 0.624802
-0.14 0.62686
-0.13 0.62878
-0.12 0.630561
-0.11 0.632203
-0.1 0.633704
-0.09 0.635063
-0.08 0.636281
-0.07 0.637357
-0.06 0.638291
-0.05 0.639081
-0.04 0.639728
-0.03 0.640232
-0.02 0.640592
-0.01 0.640808
0 0.64088
0.01 0.640808
0.02 0.640592
0.03 0.640232
0.04 0.639728
0.05 0.639081
0.06 0.638291
0.07 0.637357
0.08 0.636281
0.09 0.635063
0.1 0.633704
0.11 0.632203
0.12 0.630561
0.13 0.62878
0.14 0.62686
0.15 0.624802
0.16 0.622606
0.17 0.620274
0.18 0.617807
0.19 0.615205
0.2 0.61247
0.21 0.609602
0.22 0.606605
0.23 0.603478
0.24 0.600222
0.25 0.596841
0.26 0.593334
0.27 0.589705
0.28 0.585953
0.29 0.582082
0.3 0.578093
0.31 0.573988
0.32 0.569769
0.33 0.565438
0.34 0.560997
0.35 0.556449
0.36 0.551795
0.37 0.547039
0.38 0.542182
0.39 0.537227
0.4 0.532177
0.41 0.527034
0.42 0.521801
0.43 0.516481
0.44 0.511077
0.45 0.505591
0.46 0.500027
0.47 0.494387
0.48 0.488674
0.49 0.482893
0.5 0.477045
0.51 0.471135
0.52 0.465165
0.53 0.459139
0.54 0.45306
0.55 0.446931
0.56 0.440757
0.57 0.43454
0.58 0.428283
0.59 0.421991
0.6 0.415668
0.61 0.409316
0.62 0.402939
0.63 0.396532
0.64 0.390073
0.65 0.383579
0.66 0.377287
0.67 0.37188
0.68 0.368265
0.69 0.366559
0.7 0.365348
0.71 0.36307
0.72 0.360242
0.73 0.35838
0.74 0.356877
0.75 0.354448
0.76 0.352235
0.77 0.35082
0.78 0.34871
0.79 0.346606
0.8 0.345282
0.81 0.343274
0.82 0.341529
0.83 0.340285
0.84 0.338351
0.85 0.337153
0.86 0.335766
0.87 0.334256
0.88 0.333393
0.89 0.331891
0.9 0.33117
0.91 0.330022
0.92 0.329242
0.93 0.328537
0.94 0.327726
0.95 0.327393
0.96 0.326654
0.97 0.326606
0.98 0.32602
0.99 0.326204
