-1 2.19297e-11
-0.998 2.21547e-11
-0.996 2.28229e-11
-0.994 2.39655e-11
-0.992 2.55877e-11
-0.99 2.77304e-11
-0.988 3.04159e-11
-0.986 3.37183e-11
-0.984 3.76792e-11
-0.982 4.23789e-11
-0.98 4.79155e-11
-0.978 5.43692e-11
-0.976 6.18725e-11
-0.974 7.05534e-11
-0.972 8.05759e-11
-0.97 9.21143e-11
-0.968 1.05378e-10
-0.966 1.20603e-10
-0.964 1.38053e-10
-0.962 1.58053e-10
-0.96 1.80917e-10
-0.958 2.07075e-10
-0.956 2.36966e-10
-0.954 2.711e-10
-0.952 3.10057e-10
-0.95 3.54513e-10
-0.948 4.05192e-10
-0.946 4.62962e-10
-0.944 5.28769e-10
-0.942 6.03713e-10
-0.94 6.89006e-10
-0.938 7.86051e-10
-0.936 8.96421e-10
-0.934 1.02188e-09
-0.932 1.16444e-09
-0.93 1.32637e-09
-0.928 1.51022e-09
-0.926 1.71886e-09
-0.924 1.95555e-09
-0.922 2.22395e-09
-0.92 2.52819e-09
-0.918 2.87289e-09
-0.916 3.26328e-09
-0.914 3.70524e-09
-0.912 4.20539e-09
-0.91 4.77112e-09
-0.908 5.41082e-09
-0.906 6.13382e-09
-0.904 6.95065e-09
-0.902 7.87311e-09
-0.9 8.91442e-09
-0.898 1.00894e-08
-0.896 1.14148e-08
-0.894 1.2909e-08
-0.892 1.4593e-08
-0.89 1.64901e-08
-0.888 1.86264e-08
-0.886 2.1031e-08
-0.884 2.37365e-08
-0.882 2.67794e-08
-0.88 3.02003e-08
-0.878 3.40446e-08
-0.876 3.83628e-08
-0.874 4.32115e-08
-0.872 4.86536e-08
-0.87 5.47591e-08
-0.868 6.16062e-08
-0.866 6.92817e-08
-0.864 7.78824e-08
-0.862 8.75157e-08
-0.86 9.83013e-08
-0.858 1.10372e-07
-0.856 1.23875e-07
-0.854 1.38975e-07
-0.852 1.55853e-07
-0.85 1.7471e-07
-0.848 1.95772e-07
-0.846 2.19284e-07
-0.844 2.45522e-07
-0.842 2.74789e-07
-0.84 3.07423e-07
-0.838 3.43794e-07
-0.836 3.84314e-07
-0.834 4.29439e-07
-0.832 4.7967e-07
-0.83 5.35563e-07
-0.828 5.97728e-07
-0.826 6.66843e-07
-0.824 7.43653e-07
-0.822 8.28978e-07
-0.82 9.23723e-07
-0.818 1.02889e-06
-0.816 1.14556e-06
-0.814 1.27496e-06
-0.812 1.4184e-06
-0.81 1.57736e-06
-0.808 1.75342e-06
-0.806 1.94836e-06
-0.804 2.16411e-06
-0.802 2.40278e-06
-0.8 2.66671e-06
-0.798 2.95845e-06
-0.796 3.28079e-06
-0.794 3.6368e-06
-0.792 4.02983e-06
-0.79 4.46354e-06
-0.788 4.94196e-06
-0.786 5.46947e-06
-0.784 6.05086e-06
-0.782 6.69138e-06
-0.78 7.39674e-06
-0.778 8.17318e-06
-0.776 9.02752e-06
-0.774 9.96717e-06
-0.772 1.10002e-05
-0.77 1.21355e-05
-0.768 1.33826e-05
-0.766 1.47519e-05
-0.764 1.62549e-05
-0.762 1.79038e-05
-0.76 1.97121e-05
-0.758 2.16944e-05
-0.756 2.38664e-05
-0.754 2.62454e-05
-0.752 2.885e-05
-0.75 3.17004e-05
-0.748 3.48185e-05
-0.746 3.8228e-05
-0.744 4.19546e-05
-0.742 4.60261e-05
-0.74 5.04724e-05
-0.738 5.53262e-05
-0.736 6.06225e-05
-0.734 6.63992e-05
-0.732 7.26974e-05
-0.73 7.95611e-05
-0.728 8.7038e-05
-0.726 9.51794e-05
-0.724 0.000104041
-0.722 0.000113682
-0.72 0.000124166
-0.718 0.000135564
-0.716 0.000147948
-0.714 0.000161399
-0.712 0.000176003
-0.71 0.000191851
-0.708 0.000209043
-0.706 0.000227684
-0.704 0.000247889
-0.702 0.000269778
-0.7 0.000293483
-0.698 0.000319143
-0.696 0.000346908
-0.694 0.000376937
-0.692 0.000409402
-0.69 0.000444486
-0.688 0.000482382
-0.686 0.000523301
-0.684 0.000567464
-0.682 0.000615107
-0.68 0.000666484
-0.678 0.000721863
-0.676 0.000781532
-0.674 0.000845794
-0.672 0.000914974
-0.67 0.000989416
-0.668 0.00106949
-0.666 0.00115558
-0.664 0.0012481
-0.662 0.00134748
-0.66 0.0014542
-0.658 0.00156875
-0.656 0.00169164
-0.654 0.00182343
-0.652 0.0019647
-0.65 0.00211606
-0.648 0.00227818
-0.646 0.00245174
-0.644 0.00263746
-0.642 0.00283612
-0.64 0.00304852
-0.638 0.00327552
-0.636 0.00351801
-0.634 0.00377695
-0.632 0.00405332
-0.63 0.00434818
-0.628 0.00466261
-0.626 0.00499779
-0.624 0.00535492
-0.622 0.00573528
-0.62 0.00614019
-0.618 0.00657106
-0.616 0.00702936
-0.614 0.00751661
-0.612 0.00803443
-0.61 0.00858448
-0.608 0.00916851
-0.606 0.00978837
-0.604 0.010446
-0.602 0.0111433
-0.6 0.0118824
-0.598 0.0126654
-0.596 0.0134947
-0.594 0.0143725
-0.592 0.0153013
-0.59 0.0162835
-0.588 0.017322
-0.586 0.0184192
-0.584 0.0195782
-0.582 0.0208017
-0.58 0.0220929
-0.578 0.0234548
-0.576 0.0248907
-0.574 0.026404
-0.572 0.027998
-0.57 0.0296765
-0.568 0.0314429
-0.566 0.0333012
-0.564 0.0352552
-0.562 0.037309
-0.56 0.0394666
-0.558 0.0417322
-0.556 0.0441103
-0.554 0.0466053
-0.552 0.0492217
-0.55 0.0519641
-0.548 0.0548375
-0.546 0.0578466
-0.544 0.0609963
-0.542 0.0642919
-0.54 0.0677384
-0.538 0.0713412
-0.536 0.0751055
-0.534 0.0790368
-0.532 0.0831407
-0.53 0.0874226
-0.528 0.0918883
-0.526 0.0965435
-0.524 0.101394
-0.522 0.106446
-0.52 0.111704
-0.518 0.117176
-0.516 0.122866
-0.514 0.128781
-0.512 0.134927
-0.51 0.14131
-0.508 0.147935
-0.506 0.154809
-0.504 0.161938
-0.502 0.169327
-0.5 0.176983
-0.498 0.184911
-0.496 0.193117
-0.494 0.201606
-0.492 0.210384
-0.49 0.219456
-0.488 0.228829
-0.486 0.238506
-0.484 0.248493
-0.482 0.258794
-0.48 0.269415
-0.478 0.28036
-0.476 0.291632
-0.474 0.303237
-0.472 0.315177
-0.47 0.327456
-0.468 0.340078
-0.466 0.353044
-0.464 0.366359
-0.462 0.380024
-0.46 0.394041
-0.458 0.408411
-0.456 0.423136
-0.454 0.438217
-0.452 0.453654
-0.45 0.469446
-0.448 0.485595
-0.446 0.502097
-0.444 0.518953
-0.442 0.536161
-0.44 0.553717
-0.438 0.57162
-0.436 0.589865
-0.434 0.60845
-0.432 0.627369
-0.43 0.646617
-0.428 0.666189
-0.426 0.68608
-0.424 0.706282
-0.422 0.726787
-0.42 0.74759
-0.418 0.76868
-0.416 0.790048
-0.414 0.811686
-0.412 0.833584
-0.41 0.855729
-0.408 0.878112
-0.406 0.90072
-0.404 0.92354
-0.402 0.94656
-0.4 0.969765
-0.398 0.993143
-0.396 1.01668
-0.394 1.04035
-0.392 1.06415
-0.39 1.08806
-0.388 1.11207
-0.386 1.13614
-0.384 1.16028
-0.382 1.18445
-0.38 1.20864
-0.378 1.23284
-0.376 1.25701
-0.374 1.28115
-0.372 1.30523
-0.37 1.32923
-0.368 1.35313
-0.366 1.37691
-0.364 1.40054
-0.362 1.42401
-0.36 1.4473
-0.358 1.47038
-0.356 1.49323
-0.354 1.51582
-0.352 1.53815
-0.35 1.56018
-0.348 1.58189
-0.346 1.60326
-0.344 1.62427
-0.342 1.6449
-0.34 1.66512
-0.338 1.68492
-0.336 1.70427
-0.334 1.72316
-0.332 1.74156
-0.33 1.75945
-0.328 1.77681
-0.326 1.79363
-0.324 1.80988
-0.322 1.82555
-0.32 1.84061
-0.318 1.85506
-0.316 1.86888
-0.314 1.88205
-0.312 1.89455
-0.31 1.90637
-0.308 1.91749
-0.306 1.92791
-0.304 1.93762
-0.302 1.94659
-0.3 1.95482
-0.298 1.9623
-0.296 1.96903
-0.294 1.97498
-0.292 1.98016
-0.29 1.98456
-0.288 1.98818
-0.286 1.991
-0.284 1.99304
-0.282 1.99427
-0.28 1.99471
-0.278 1.99435
-0.276 1.9932
-0.274 1.99124
-0.272 1.9885
-0.27 1.98496
-0.268 1.98064
-0.266 1.97553
-0.264 1.96966
-0.262 1.96301
-0.26 1.9556
-0.258 1.94745
-0.256 1.93855
-0.254 1.92892
-0.252 1.91857
-0.25 1.90751
-0.248 1.89576
-0.246 1.88333
-0.244 1.87023
-0.242 1.85648
-0.24 1.84209
-0.238 1.82708
-0.236 1.81147
-0.234 1.79528
-0.232 1.77852
-0.23 1.76121
-0.228 1.74337
-0.226 1.72503
-0.224 1.70619
-0.222 1.68688
-0.22 1.66713
-0.218 1.64695
-0.216 1.62636
-0.214 1.60539
-0.212 1.58405
-0.21 1.56237
-0.208 1.54038
-0.206 1.51808
-0.204 1.49551
-0.202 1.47269
-0.2 1.44964
-0.198 1.42637
-0.196 1.40292
-0.194 1.3793
-0.192 1.35554
-0.19 1.33166
-0.188 1.30767
-0.186 1.2836
-0.184 1.25947
-0.182 1.2353
-0.18 1.21111
-0.178 1.18692
-0.176 1.16275
-0.174 1.13862
-0.172 1.11454
-0.17 1.09054
-0.168 1.06663
-0.166 1.04282
-0.164 1.01914
-0.162 0.995604
-0.16 0.972221
-0.158 0.949009
-0.156 0.925982
-0.154 0.903155
-0.152 0.88054
-0.15 0.858151
-0.148 0.835998
-0.146 0.814094
-0.144 0.79245
-0.142 0.771076
-0.14 0.749982
-0.138 0.729176
-0.136 0.708669
-0.134 0.688466
-0.132 0.668577
-0.13 0.649008
-0.128 0.629765
-0.126 0.610854
-0.124 0.592281
-0.122 0.574049
-0.12 0.556164
-0.118 0.538628
-0.116 0.521446
-0.114 0.50462
-0.112 0.488151
-0.11 0.472042
-0.108 0.456295
-0.106 0.440909
-0.104 0.425886
-0.102 0.411225
-0.1 0.396927
-0.098 0.38299
-0.096 0.369414
-0.094 0.356197
-0.092 0.343338
-0.09 0.330835
-0.088 0.318685
-0.086 0.306885
-0.084 0.295435
-0.082 0.284329
-0.08 0.273566
-0.078 0.263141
-0.076 0.253052
-0.074 0.243294
-0.072 0.233865
-0.07 0.224759
-0.068 0.215973
-0.066 0.207503
-0.064 0.199345
-0.062 0.191494
-0.06 0.183946
-0.058 0.176697
-0.056 0.169742
-0.054 0.163078
-0.052 0.156699
-0.05 0.150603
-0.048 0.144783
-0.046 0.139238
-0.044 0.133961
-0.042 0.12895
-0.04 0.1242
-0.038 0.119708
-0.036 0.11547
-0.034 0.111483
-0.032 0.107742
-0.03 0.104246
-0.028 0.10099
-0.026 0.0979717
-0.024 0.0951886
-0.022 0.092638
-0.02 0.0903174
-0.018 0.0882247
-0.016 0.0863578
-0.014 0.0847148
-0.012 0.0832942
-0.01 0.0820946
-0.008 0.0811147
-0.006 0.0803537
-0.004 0.0798106
-0.002 0.0794849
0 0.0793764
0.002 0.0794849
0.004 0.0798106
0.006 0.0803537
0.008 0.0811147
0.01 0.0820946
0.012 0.0832942
0.014 0.0847148
0.016 0.0863578
0.018 0.0882247
0.02 0.0903174
0.022 0.092638
0.024 0.0951886
0.026 0.0979717
0.028 0.10099
0.03 0.104246
0.032 0.107742
0.034 0.111483
0.036 0.11547
0.038 0.119708
0.04 0.1242
0.042 0.12895
0.044 0.133961
0.046 0.139238
0.048 0.144783
0.05 0.150603
0.052 0.156699
0.054 0.163078
0.056 0.169742
0.058 0.176697
0.06 0.183946
0.062 0.191494
0.064 0.199345
0.066 0.207503
0.068 0.215973
0.07 0.224759
0.072 0.233865
0.074 0.243294
0.076 0.253052
0.078 0.263141
0.08 0.273566
0.082 0.284329
0.084 0.295435
0.086 0.306885
0.088 0.318685
0.09 0.330835
0.092 0.343338
0.094 0.356197
0.096 0.369414
0.098 0.38299
0.1 0.396927
0.102 0.411225
0.104 0.425886
0.106 0.440909
0.108 0.456295
0.11 0.472042
0.112 0.488151
0.114 0.50462
0.116 0.521446
0.118 0.538628
0.12 0.556164
0.122 0.574049
0.124 0.592281
0.126 0.610854
0.128 0.629765
0.13 0.649008
0.132 0.668577
0.134 0.688466
0.136 0.708669
0.138 0.729176
0.14 0.749982
0.142 0.771076
0.144 0.79245
0.146 0.814094
0.148 0.835998
0.15 0.858151
0.152 0.88054
0.154 0.903155
0.156 0.925982
0.158 0.949009
0.16 0.972221
0.162 0.995604
0.164 1.01914
0.166 1.04282
0.168 1.06663
0.17 1.09054
0.172 1.11454
0.174 1.13862
0.176 1.16275
0.178 1.18692
0.18 1.21111
0.182 1.2353
0.184 1.25947
0.186 1.2836
0.188 1.30767
0.19 1.33166
0.192 1.35554
0.194 1.3793
0.196 1.40292
0.198 1.42637
0.2 1.44964
0.202 1.47269
0.204 1.49551
0.206 1.51808
0.208 1.54038
0.21 1.56237
0.212 1.58405
0.214 1.60539
0.216 1.62636
0.218 1.64695
0.22 1.66713
0.222 1.68688
0.224 1.70619
0.226 1.72503
0.228 1.74337
0.23 1.76121
0.232 1.77852
0.234 1.79528
0.236 1.81147
0.238 1.82708
0.24 1.84209
0.242 1.85648
0.244 1.87023
0.246 1.88333
0.248 1.89576
0.25 1.90751
0.252 1.91857
0.254 1.92892
0.256 1.93855
0.258 1.94745
0.26 1.9556
0.262 1.96301
0.264 1.96966
0.266 1.97553
0.268 1.98064
0.27 1.98496
0.272 1.9885
0.274 1.99124
0.276 1.9932
0.278 1.99435
0.28 1.99471
0.282 1.99427
0.284 1.99304
0.286 1.991
0.288 1.98818
0.29 1.98456
0.292 1.98016
0.294 1.97498
0.296 1.96903
0.298 1.9623
0.3 1.95482
0.302 1.94659
0.304 1.93762
0.306 1.92791
0.308 1.91749
0.31 1.90637
0.312 1.89455
0.314 1.88205
0.316 1.86888
0.318 1.85506
0.32 1.84061
0.322 1.82555
0.324 1.80988
0.326 1.79363
0.328 1.77681
0.33 1.75945
0.332 1.74156
0.334 1.72316
0.336 1.70427
0.338 1.68492
0.34 1.66512
0.342 1.6449
0.344 1.62427
0.346 1.60326
0.348 1.58189
0.35 1.56018
0.352 1.53815
0.354 1.51582
0.356 1.49323
0.358 1.47038
0.36 1.4473
0.362 1.42401
0.364 1.40054
0.366 1.37691
0.368 1.35313
0.37 1.32923
0.372 1.30523
0.374 1.28115
0.376 1.25701
0.378 1.23284
0.38 1.20864
0.382 1.18445
0.384 1.16028
0.386 1.13614
0.388 1.11207
0.39 1.08806
0.392 1.06415
0.394 1.04035
0.396 1.01668
0.398 0.993143
0.4 0.969765
0.402 0.94656
0.404 0.92354
0.406 0.90072
0.408 0.878112
0.41 0.855729
0.412 0.833584
0.414 0.811686
0.416 0.790048
0.418 0.76868
0.42 0.74759
0.422 0.726787
0.424 0.706282
0.426 0.68608
0.428 0.666189
0.43 0.646617
0.432 0.627369
0.434 0.60845
0.436 0.589865
0.438 0.57162
0.44 0.553717
0.442 0.536161
0.444 0.518953
0.446 0.502097
0.448 0.485595
0.45 0.469446
0.452 0.453654
0.454 0.438217
0.456 0.423136
0.458 0.408411
0.46 0.394041
0.462 0.380024
0.464 0.366359
0.466 0.353044
0.468 0.340078
0.47 0.327456
0.472 0.315177
0.474 0.303237
0.476 0.291632
0.478 0.28036
0.48 0.269415
0.482 0.258794
0.484 0.248493
0.486 0.238506
0.488 0.228829
0.49 0.219456
0.492 0.210384
0.494 0.201606
0.496 0.193117
0.498 0.184911
0.5 0.176983
0.502 0.169327
0.504 0.161938
0.506 0.154809
0.508 0.147935
0.51 0.14131
0.512 0.134927
0.514 0.128781
0.516 0.122866
0.518 0.117176
0.52 0.111704
0.522 0.106446
0.524 0.101394
0.526 0.0965435
0.528 0.0918883
0.53 0.0874226
0.532 0.0831407
0.534 0.0790368
0.536 0.0751055
0.538 0.0713412
0.54 0.0677384
0.542 0.0642919
0.544 0.0609963
0.546 0.0578466
0.548 0.0548375
0.55 0.0519641
0.552 0.0492217
0.554 0.0466053
0.556 0.0441103
0.558 0.0417322
0.56 0.0394666
0.562 0.037309
0.564 0.0352552
0.566 0.0333012
0.568 0.0314429
0.57 0.0296765
0.572 0.027998
0.574 0.026404
0.576 0.0248907
0.578 0.0234548
0.58 0.0220929
0.582 0.0208017
0.584 0.0195782
0.586 0.0184192
0.588 0.017322
0.59 0.0162835
0.592 0.0153013
0.594 0.0143725
0.596 0.0134947
0.598 0.0126654
0.6 0.0118824
0.602 0.0111433
0.604 0.010446
0.606 0.00978837
0.608 0.00916851
0.61 0.00858448
0.612 0.00803443
0.614 0.00751661
0.616 0.00702936
0.618 0.00657106
0.62 0.00614019
0.622 0.00573528
0.624 0.00535492
0.626 0.00499779
0.628 0.00466261
0.63 0.00434818
0.632 0.00405332
0.634 0.00377695
0.636 0.00351801
0.638 0.00327552
0.64 0.00304852
0.642 0.00283612
0.644 0.00263746
0.646 0.00245174
0.648 0.00227818
0.65 0.00211606
0.652 0.0019647
0.654 0.00182343
0.656 0.00169164
0.658 0.00156875
0.66 0.0014542
0.662 0.00134748
0.664 0.0012481
0.666 0.00115558
0.668 0.00106949
0.67 0.000989416
0.672 0.000914974
0.674 0.000845794
0.676 0.000781532
0.678 0.000721863
0.68 0.000666484
0.682 0.000615107
0.684 0.000567464
0.686 0.000523301
0.688 0.000482382
0.69 0.000444486
0.692 0.000409402
0.694 0.000376937
0.696 0.000346908
0.698 0.000319143
0.7 0.000293483
0.702 0.000269778
0.704 0.000247889
0.706 0.000227684
0.708 0.000209043
0.71 0.000191851
0.712 0.000176003
0.714 0.000161399
0.716 0.000147948
0.718 0.000135564
0.72 0.000124166
0.722 0.000113682
0.724 0.000104041
0.726 9.51794e-05
0.728 8.7038e-05
0.73 7.95611e-05
0.732 7.26974e-05
0.734 6.63992e-05
0.736 6.06225e-05
0.738 5.53262e-05
0.74 5.04724e-05
0.742 4.60261e-05
0.744 4.19546e-05
0.746 3.8228e-05
0.748 3.48185e-05
0.75 3.17004e-05
0.752 2.885e-05
0.754 2.62454e-05
0.756 2.38664e-05
0.758 2.16944e-05
0.76 1.97121e-05
0.762 1.79038e-05
0.764 1.62549e-05
0.766 1.47519e-05
0.768 1.33826e-05
0.77 1.21355e-05
0.772 1.10002e-05
0.774 9.96717e-06
0.776 9.02752e-06
0.778 8.17318e-06
0.78 7.39674e-06
0.782 6.69138e-06
0.784 6.05086e-06
0.786 5.46947e-06
0.788 4.94196e-06
0.79 4.46354e-06
0.792 4.02983e-06
0.794 3.6368e-06
0.796 3.28079e-06
0.798 2.95845e-06
0.8 2.66671e-06
0.802 2.40278e-06
0.804 2.16411e-06
0.806 1.94836e-06
0.808 1.75342e-06
0.81 1.57736e-06
0.812 1.4184e-06
0.814 1.27496e-06
0.816 1.14556e-06
0.818 1.02889e-06
0.82 9.23723e-07
0.822 8.28978e-07
0.824 7.43653e-07
0.826 6.66843e-07
0.828 5.97728e-07
0.83 5.35562e-07
0.832 4.7967e-07
0.834 4.29439e-07
0.836 3.84314e-07
0.838 3.43794e-07
0.84 3.07423e-07
0.842 2.74789e-07
0.844 2.45522e-07
0.846 2.19284e-07
0.848 1.95772e-07
0.85 1.7471e-07
0.852 1.55853e-07
0.854 1.38975e-07
0.856 1.23875e-07
0.858 1.10372e-07
0.86 9.83012e-08
0.862 8.75157e-08
0.864 7.78824e-08
0.866 6.92817e-08
0.868 6.16062e-08
0.87 5.47591e-08
0.872 4.86536e-08
0.874 4.32115e-08
0.876 3.83628e-08
0.878 3.40446e-08
0.88 3.02003e-08
0.882 2.67794e-08
0.884 2.37365e-08
0.886 2.1031e-08
0.888 1.86264e-08
0.89 1.64901e-08
0.892 1.4593e-08
0.894 1.2909e-08
0.896 1.14147e-08
0.898 1.00894e-08
0.9 8.91442e-09
0.902 7.87311e-09
0.904 6.95064e-09
0.906 6.13382e-09
0.908 5.41082e-09
0.91 4.77112e-09
0.912 4.20539e-09
0.914 3.70524e-09
0.916 3.26328e-09
0.918 2.87288e-09
0.92 2.52818e-09
0.922 2.22396e-09
0.924 1.95556e-09
0.926 1.71886e-09
0.928 1.51021e-09
0.93 1.32637e-09
0.932 1.16444e-09
0.934 1.02188e-09
0.936 8.96414e-10
0.938 7.86055e-10
0.94 6.89003e-10
0.942 6.0371e-10
0.944 5.28767e-10
0.946 4.62968e-10
0.948 4.05193e-10
0.95 3.5451e-10
0.952 3.1006e-10
0.954 2.71098e-10
0.956 2.36963e-10
0.958 2.07073e-10
0.96 1.80918e-10
0.962 1.58044e-10
0.964 1.38055e-10
0.966 1.20603e-10
0.968 1.05382e-10
0.97 9.21112e-11
0.972 8.05792e-11
0.974 7.05574e-11
0.976 6.18726e-11
0.978 5.43652e-11
0.98 4.79158e-11
0.982 4.23859e-11
0.984 3.76795e-11
0.986 3.37175e-11
0.988 3.0416e-11
0.99 2.77245e-11
0.992 2.5589e-11
0.994 2.39653e-11
0.996 2.28294e-11
0.998 2.21535e-11
