-1 0.29049
-0.99 0.290173
-0.98 0.290728
-0.97 0.290648
-0.96 0.291429
-0.95 0.291616
-0.94 0.292557
-0.93 0.293105
-0.92 0.294073
-0.91 0.295116
-0.9 0.295987
-0.89 0.297548
-0.88 0.29844
-0.87 0.300185
-0.86 0.301577
-0.85 0.302993
-0.84 0.305116
-0.83 0.306481
-0.82 0.308465
-0.81 0.310755
-0.8 0.312267
-0.79 0.314551
-0.78 0.317171
-0.77 0.318863
-0.76 0.320994
-0.75 0.324116
-0.74 0.326573
-0.73 0.328065
-0.72 0.330386
-0.71 0.334801
-0.7 0.340931
-0.69 0.347802
-0.68 0.354816
-0.67 0.361816
-0.66 0.368807
-0.65 0.375808
-0.64 0.38282
-0.63 0.389839
-0.62 0.396861
-0.61 0.403881
-0.6 0.410895
-0.59 0.417899
-0.58 0.42489
-0.57 0.431863
-0.56 0.438814
-0.55 0.445739
-0.54 0.452633
-0.53 0.459493
-0.52 0.466314
-0.51 0.473092
-0.5 0.479822
-0.49 0.486501
-0.48 0.493124
-0.47 0.499688
-0.46 0.506187
-0.45 0.512618
-0.44 0.518976
-0.43 0.525258
-0.42 0.53146
-0.41 0.537577
-0.4 0.543605
-0.39 0.549541
-0.38 0.55538
-0.37 0.56112
-0.36 0.566755
-0.35 0.572282
-0.34 0.577698
-0.33 0.582999
-0.32 0.588182
-0.31 0.593243
-0.3 0.598178
-0.29 0.602985
-0.28 0.607661
-0.27 0.612201
-0.26 0.616603
-0.25 0.620865
-0.24 0.624983
-0.23 0.628955
-0.22 0.632777
-0.21 0.636448
-0.2 0.639965
-0.19 0.643326
-0.18 0.646528
-0.17 0.649569
-0.16 0.652447
-0.15 0.655161
-0.14 0.657708
-0.13 0.660087
-0.12 0.662296
-0.11 0.664334
-0.1 0.666199
-0.09 0.667891
-0.08 0.669407
-0.07 0.670747
-0.06 0.671911
-0.05 0.672896
-0.04 0.673704
-0.03 0.674332
-0.02 0.674782
-0.01 0.675051
0 0.675141
0.01 0.675051
0.02 0.674782
0.03 0.674332
0.04 0.673704
0.05 0.672896
0.06 0.671911
0.07 0.670747
0.08 0.669407
0.09 0.667891
0.1 0.666199
0.11 0.664334
0.12 0.662296
0.13 0.660087
0.14 0.657708
0.15 0.655161
0.16 0.652447
0.17 0.649569
0.18 0.646528
0.19 0.643326
0.2 0.639965
0.21 0.636448
0.22 0.632777
0.23 0.628955
0.24 0.624983
0.25 0.620865
0.26 0.616603
0.27 0.612201
0.28 0.607661
0.29 0.602985
0.3 0.598178
0.31 0.593243
0.32 0.588182
0.33 0.582999
0.34 0.577698
0.35 0.572282
0.36 0.566755
0.37 0.56112
0.38 0.55538
0.39 0.549541
0.4 0.543605
0.41 0.537577
0.42 0.53146
0.43 0.525258
0.44 0.518976
0.45 0.512618
0.46 0.506187
0.47 0.499688
0.48 0.493124
0.49 0.486501
0.5 0.479822
0.51 0.473092
0.52 0.466314
0.53 0.459493
0.54 0.452633
0.55 0.445739
0.56 0.438814
0.57 0.431863
0.58 0.42489
0.59 0.417899
0.6 0.410895
0.61 0.403881
0.62 0.396861
0.63 0.389839
0.64 0.38282
0.65 0.375808
0.66 0.368807
0.67 0.361816
0.68 0.354816
0.69 0.347802
0.7 0.340931
0.71 0.334801
0.72 0.330386
0.73 0.328065
0.74 0.326573
0.75 0.324116
0.76 0.320994
0.77 0.318863
0.78 0.317171
0.79 0.314551
0.8 0.312267
0.81 0.310755
0.82 0.308465
0.83 0.306481
0.84 0.305116
0.85 0.302993
0.86 0.301577
0.87 0.300185
0.88 0.29844
0.89 0.297548
0.9 0.295987
0.91 0.295116
0.92 0.294073
0.93 0.293105
0.94 0.292557
0.95 0.291616
0.96 0.291429
0.97 0.290648
0.98 0.290728
0.99 0.290173
