-1 0.694687
-0.99 0.694816
-0.98 0.694284
-0.97 0.694014
-0.96 0.693077
-0.95 0.692411
-0.94 0.691073
-0.93 0.690008
-0.92 0.688284
-0.91 0.686806
-0.9 0.684724
-0.89 0.682809
-0.88 0.68041
-0.87 0.678027
-0.86 0.675356
-0.85 0.672478
-0.84 0.669566
-0.83 0.666197
-0.82 0.663034
-0.81 0.659236
-0.8 0.655746
-0.79 0.651644
-0.78 0.647709
-0.77 0.643442
-0.76 0.638975
-0.75 0.634598
-0.74 0.629652
-0.73 0.625047
-0.72 0.619847
-0.71 0.614783
-0.7 0.609558
-0.69 0.603944
-0.68 0.598652
-0.67 0.592735
-0.66 0.587044
-0.65 0.581185
-0.64 0.574928
-0.63 0.569056
-0.62 0.56261
-0.61 0.556255
-0.6 0.550006
-0.59 0.543174
-0.58 0.536736
-0.57 0.530064
-0.56 0.523018
-0.55 0.51644
-0.54 0.50942
-0.53 0.50223
-0.52 0.495494
-0.51 0.488234
-0.5 0.480904
-0.49 0.474039
-0.48 0.46665
-0.47 0.459153
-0.46 0.452195
-0.45 0.444813
-0.44 0.437127
-0.43 0.430044
-0.42 0.422838
-0.41 0.415044
-0.4 0.407668
-0.39 0.400714
-0.38 0.393163
-0.37 0.385361
-0.36 0.378269
-0.35 0.371383
-0.34 0.363771
-0.33 0.355937
-0.32 0.348902
-0.31 0.342397
-0.3 0.335295
-0.29 0.327328
-0.28 0.319524
-0.27 0.313095
-0.26 0.308426
-0.25 0.305088
-0.24 0.302426
-0.23 0.299992
-0.22 0.297618
-0.21 0.295285
-0.2 0.293015
-0.19 0.290825
-0.18 0.288722
-0.17 0.286712
-0.16 0.284795
-0.15 0.282977
-0.14 0.281261
-0.13 0.279648
-0.12 0.278143
-0.11 0.276748
-0.1 0.275466
-0.09 0.274299
-0.08 0.273249
-0.07 0.272318
-0.06 0.271507
-0.05 0.270819
-0.04 0.270254
-0.03 0.269814
-0.02 0.269499
-0.01 0.269309
0 0.269246
0.01 0.269309
0.02 0.269499
0.03 0.269814
0.04 0.270254
0.05 0.270819
0.06 0.271507
0.07 0.272318
0.08 0.273249
0.09 0.274299
0.1 0.275466
0.11 0.276748
0.12 0.278143
0.13 0.279648
0.14 0.281261
0.15 0.282977
0.16 0.284795
0.17 0.286712
0.18 0.288722
0.19 0.290825
0.2 0.293015
0.21 0.295285
0.22 0.297618
0.23 0.299992
0.24 0.302426
0.25 0.305088
0.26 0.308426
0.27 0.313095
0.28 0.319524
0.29 0.327328
0.3 0.335295
0.31 0.342397
0.32 0.348902
0.33 0.355937
0.34 0.363771
0.35 0.371383
0.36 0.378269
0.37 0.385361
0.38 0.393163
0.39 0.400714
0.4 0.407668
0.41 0.415044
0.42 0.422838
0.43 0.430044
0.44 0.437127
0.45 0.444813
0.46 0.452195
0.47 0.459153
0.48 0.46665
0.49 0.474039
0.5 0.480904
0.51 0.488234
0.52 0.495494
0.53 0.50223
0.54 0.50942
0.55 0.51644
0.56 0.523018
0.57 0.530064
0.58 0.536736
0.59 0.543174
0.6 0.550006
0.61 0.556255
0.62 0.56261
0.63 0.569056
0.64 0.574928
0.65 0.581185
0.66 0.587044
0.67 0.592735
0.68 0.598652
0.69 0.603944
0.7 0.609558
0.71 0.614783
0.72 0.619847
0.73 0.625047
0.74 0.629652
0.75 0.634598
0.76 0.638975
0.77 0.643442
0.78 0.647709
0.79 0.651644
0.8 0.655746
0.81 0.659236
0.82 0.663034
0.83 0.666197
0.84 0.669566
0.85 0.672478
0.86 0.675356
0.87 0.678027
0.88 0.68041
0.89 0.682809
0.9 0.684724
0.91 0.686806
0.92 0.688284
0.93 0.690008
0.94 0.691073
0.95 0.692411
0.96 0.693077
0.97 0.694014
0.98 0.694284
0.99 0.694816
