-1 0.0593529
-0.998 0.059441
-0.996 0.0597052
-0.994 0.0601459
-0.992 0.0607638
-0.99 0.0615594
-0.988 0.0625339
-0.986 0.0636885
-0.984 0.0650245
-0.982 0.0665436
-0.98 0.0682477
-0.978 0.0701387
-0.976 0.072219
-0.974 0.074491
-0.972 0.0769573
-0.97 0.0796208
-0.968 0.0824845
-0.966 0.0855515
-0.964 0.0888252
-0.962 0.0923092
-0.96 0.0960071
-0.958 0.0999227
-0.956 0.10406
-0.954 0.108423
-0.952 0.113017
-0.95 0.117844
-0.948 0.122911
-0.946 0.128221
-0.944 0.133779
-0.942 0.13959
-0.94 0.145658
-0.938 0.151988
-0.936 0.158586
-0.934 0.165456
-0.932 0.172603
-0.93 0.180032
-0.928 0.187747
-0.926 0.195754
-0.924 0.204057
-0.922 0.212662
-0.92 0.221573
-0.918 0.230793
-0.916 0.240329
-0.914 0.250184
-0.912 0.260363
-0.91 0.270869
-0.908 0.281707
-0.906 0.29288
-0.904 0.304392
-0.902 0.316246
-0.9 0.328446
-0.898 0.340993
-0.896 0.35389
-0.894 0.367141
-0.892 0.380746
-0.89 0.394707
-0.888 0.409026
-0.886 0.423704
-0.884 0.43874
-0.882 0.454136
-0.88 0.469891
-0.878 0.486004
-0.876 0.502474
-0.874 0.5193
-0.872 0.53648
-0.87 0.554011
-0.868 0.57189
-0.866 0.590113
-0.864 0.608677
-0.862 0.627578
-0.86 0.646809
-0.858 0.666365
-0.856 0.686241
-0.854 0.70643
-0.852 0.726923
-0.85 0.747714
-0.848 0.768793
-0.846 0.790152
-0.844 0.811782
-0.842 0.833671
-0.84 0.855809
-0.838 0.878185
-0.836 0.900786
-0.834 0.923601
-0.832 0.946615
-0.83 0.969816
-0.828 0.993189
-0.826 1.01672
-0.824 1.04039
-0.822 1.06419
-0.82 1.08809
-0.818 1.11209
-0.816 1.13617
-0.814 1.1603
-0.812 1.18447
-0.81 1.20866
-0.808 1.23286
-0.806 1.25703
-0.804 1.28117
-0.802 1.30524
-0.8 1.32924
-0.798 1.35314
-0.796 1.37692
-0.794 1.40055
-0.792 1.42402
-0.79 1.44731
-0.788 1.47038
-0.786 1.49323
-0.784 1.51583
-0.782 1.53815
-0.78 1.56018
-0.778 1.58189
-0.776 1.60326
-0.774 1.62427
-0.772 1.6449
-0.77 1.66513
-0.768 1.68492
-0.766 1.70428
-0.764 1.72316
-0.762 1.74156
-0.76 1.75945
-0.758 1.77681
-0.756 1.79363
-0.754 1.80988
-0.752 1.82555
-0.75 1.84061
-0.748 1.85506
-0.746 1.86888
-0.744 1.88205
-0.742 1.89455
-0.74 1.90637
-0.738 1.91749
-0.736 1.92792
-0.734 1.93762
-0.732 1.94659
-0.73 1.95482
-0.728 1.9623
-0.726 1.96903
-0.724 1.97498
-0.722 1.98016
-0.72 1.98456
-0.718 1.98818
-0.716 1.991
-0.714 1.99304
-0.712 1.99427
-0.71 1.99471
-0.708 1.99435
-0.706 1.9932
-0.704 1.99124
-0.702 1.9885
-0.7 1.98496
-0.698 1.98064
-0.696 1.97553
-0.694 1.96966
-0.692 1.96301
-0.69 1.9556
-0.688 1.94745
-0.686 1.93855
-0.684 1.92892
-0.682 1.91857
-0.68 1.90751
-0.678 1.89576
-0.676 1.88333
-0.674 1.87023
-0.672 1.85647
-0.67 1.84209
-0.668 1.82708
-0.666 1.81147
-0.664 1.79528
-0.662 1.77852
-0.66 1.76121
-0.658 1.74337
-0.656 1.72502
-0.654 1.70618
-0.652 1.68688
-0.65 1.66712
-0.648 1.64694
-0.646 1.62635
-0.644 1.60538
-0.642 1.58404
-0.64 1.56236
-0.638 1.54036
-0.636 1.51807
-0.634 1.4955
-0.632 1.47267
-0.63 1.44962
-0.628 1.42635
-0.626 1.4029
-0.624 1.37928
-0.622 1.35551
-0.62 1.33162
-0.618 1.30763
-0.616 1.28356
-0.614 1.25943
-0.612 1.23526
-0.61 1.21106
-0.608 1.18687
-0.606 1.16269
-0.604 1.13855
-0.602 1.11447
-0.6 1.09046
-0.598 1.06654
-0.596 1.04273
-0.594 1.01904
-0.592 0.995489
-0.59 0.972096
-0.588 0.948872
-0.586 0.925833
-0.584 0.902992
-0.582 0.880363
-0.58 0.857957
-0.578 0.835787
-0.576 0.813865
-0.574 0.7922
-0.572 0.770804
-0.57 0.749686
-0.568 0.728855
-0.566 0.708319
-0.564 0.688086
-0.562 0.668164
-0.56 0.64856
-0.558 0.629279
-0.556 0.610327
-0.554 0.591709
-0.552 0.573429
-0.55 0.555492
-0.548 0.537901
-0.546 0.520658
-0.544 0.503767
-0.542 0.487229
-0.54 0.471045
-0.538 0.455217
-0.536 0.439745
-0.534 0.424628
-0.532 0.409868
-0.53 0.395462
-0.528 0.38141
-0.526 0.36771
-0.524 0.35436
-0.522 0.341359
-0.52 0.328703
-0.518 0.31639
-0.516 0.304416
-0.514 0.292778
-0.512 0.281472
-0.51 0.270495
-0.508 0.259842
-0.506 0.249509
-0.504 0.239491
-0.502 0.229783
-0.5 0.22038
-0.498 0.211278
-0.496 0.202471
-0.494 0.193953
-0.492 0.185719
-0.49 0.177764
-0.488 0.170081
-0.486 0.162665
-0.484 0.155511
-0.482 0.148611
-0.48 0.141961
-0.478 0.135555
-0.476 0.129385
-0.474 0.123447
-0.472 0.117735
-0.47 0.112242
-0.468 0.106962
-0.466 0.10189
-0.464 0.0970197
-0.462 0.0923453
-0.46 0.0878609
-0.458 0.0835608
-0.456 0.0794394
-0.454 0.0754911
-0.452 0.0717103
-0.45 0.0680916
-0.448 0.0646297
-0.446 0.0613193
-0.444 0.0581551
-0.442 0.0551322
-0.44 0.0522455
-0.438 0.0494902
-0.436 0.0468614
-0.434 0.0443545
-0.432 0.0419649
-0.43 0.0396882
-0.428 0.03752
-0.426 0.0354561
-0.424 0.0334923
-0.422 0.0316246
-0.42 0.0298491
-0.418 0.028162
-0.416 0.0265597
-0.414 0.0250385
-0.412 0.023595
-0.41 0.0222258
-0.408 0.0209277
-0.406 0.0196975
-0.404 0.0185323
-0.402 0.017429
-0.4 0.0163848
-0.398 0.015397
-0.396 0.014463
-0.394 0.0135802
-0.392 0.0127462
-0.39 0.0119586
-0.388 0.0112152
-0.386 0.0105138
-0.384 0.00985238
-0.382 0.00922884
-0.38 0.0086413
-0.378 0.00808793
-0.376 0.00756697
-0.374 0.00707674
-0.372 0.00661562
-0.37 0.00618207
-0.368 0.00577462
-0.366 0.00539187
-0.364 0.00503248
-0.362 0.00469516
-0.36 0.0043787
-0.358 0.00408194
-0.356 0.00380377
-0.354 0.00354314
-0.352 0.00329904
-0.35 0.00307054
-0.348 0.00285671
-0.346 0.00265672
-0.344 0.00246974
-0.342 0.002295
-0.34 0.00213177
-0.338 0.00197936
-0.336 0.00183711
-0.334 0.0017044
-0.332 0.00158064
-0.33 0.00146529
-0.328 0.00135781
-0.326 0.00125771
-0.324 0.00116452
-0.322 0.00107781
-0.32 0.000997154
-0.318 0.000922166
-0.316 0.000852476
-0.314 0.000787737
-0.312 0.000727624
-0.31 0.000671829
-0.308 0.000620065
-0.306 0.00057206
-0.304 0.000527561
-0.302 0.000486328
-0.3 0.000448139
-0.298 0.000412783
-0.296 0.000380065
-0.294 0.0003498
-0.292 0.000321817
-0.29 0.000295953
-0.288 0.00027206
-0.286 0.000249995
-0.284 0.000229628
-0.282 0.000210836
-0.28 0.000193505
-0.278 0.000177527
-0.276 0.000162803
-0.274 0.000149241
-0.272 0.000136753
-0.27 0.000125261
-0.268 0.000114688
-0.266 0.000104966
-0.264 9.60298e-05
-0.262 8.7819e-05
-0.26 8.02782e-05
-0.258 7.33555e-05
-0.256 6.7003e-05
-0.254 6.11761e-05
-0.252 5.58336e-05
-0.25 5.09373e-05
-0.248 4.64518e-05
-0.246 4.23444e-05
-0.244 3.85847e-05
-0.242 3.51447e-05
-0.24 3.19987e-05
-0.238 2.91226e-05
-0.236 2.64944e-05
-0.234 2.40938e-05
-0.232 2.19019e-05
-0.23 1.99014e-05
-0.228 1.80765e-05
-0.226 1.64123e-05
-0.224 1.48954e-05
-0.222 1.35132e-05
-0.22 1.22545e-05
-0.218 1.11085e-05
-0.216 1.00657e-05
-0.214 9.11707e-06
-0.212 8.25458e-06
-0.21 7.47069e-06
-0.208 6.75854e-06
-0.206 6.11183e-06
-0.204 5.52479e-06
-0.202 4.99214e-06
-0.2 4.50904e-06
-0.198 4.07106e-06
-0.196 3.67415e-06
-0.194 3.31462e-06
-0.192 2.98907e-06
-0.19 2.69441e-06
-0.188 2.42784e-06
-0.186 2.18676e-06
-0.184 1.96883e-06
-0.182 1.77191e-06
-0.18 1.59405e-06
-0.178 1.43347e-06
-0.176 1.28855e-06
-0.174 1.15782e-06
-0.172 1.03993e-06
-0.17 9.33676e-07
-0.168 8.37942e-07
-0.166 7.51723e-07
-0.164 6.74106e-07
-0.162 6.04261e-07
-0.16 5.41436e-07
-0.158 4.84949e-07
-0.156 4.34182e-07
-0.154 3.88574e-07
-0.152 3.47617e-07
-0.15 3.10853e-07
-0.148 2.77866e-07
-0.146 2.4828e-07
-0.144 2.21756e-07
-0.142 1.97986e-07
-0.14 1.76693e-07
-0.138 1.57628e-07
-0.136 1.40563e-07
-0.134 1.25295e-07
-0.132 1.11641e-07
-0.13 9.94357e-08
-0.128 8.8529e-08
-0.126 7.87871e-08
-0.124 7.00891e-08
-0.122 6.23265e-08
-0.12 5.54014e-08
-0.118 4.92261e-08
-0.116 4.37216e-08
-0.114 3.88171e-08
-0.112 3.4449e-08
-0.11 3.05602e-08
-0.108 2.70996e-08
-0.106 2.40212e-08
-0.104 2.1284e-08
-0.102 1.88512e-08
-0.1 1.66897e-08
-0.098 1.47702e-08
-0.096 1.30662e-08
-0.094 1.15542e-08
-0.092 1.02131e-08
-0.09 9.02401e-09
-0.088 7.97019e-09
-0.086 7.03662e-09
-0.084 6.20992e-09
-0.082 5.47816e-09
-0.08 4.83069e-09
-0.078 4.25806e-09
-0.076 3.7518e-09
-0.074 3.30443e-09
-0.072 2.90923e-09
-0.07 2.56029e-09
-0.068 2.2523e-09
-0.066 1.98059e-09
-0.064 1.74096e-09
-0.062 1.52974e-09
-0.06 1.34361e-09
-0.058 1.17969e-09
-0.056 1.03536e-09
-0.054 9.08361e-10
-0.052 7.96645e-10
-0.05 6.98432e-10
-0.048 6.12119e-10
-0.046 5.36305e-10
-0.044 4.69746e-10
-0.042 4.11353e-10
-0.04 3.60146e-10
-0.038 3.15276e-10
-0.036 2.75988e-10
-0.034 2.41609e-10
-0.032 2.11569e-10
-0.03 1.85347e-10
-0.028 1.6249e-10
-0.026 1.42601e-10
-0.024 1.25342e-10
-0.022 1.10404e-10
-0.02 9.75213e-11
-0.018 8.64761e-11
-0.016 7.7066e-11
-0.014 6.91272e-11
-0.012 6.25159e-11
-0.01 5.7106e-11
-0.008 5.281e-11
-0.006 4.95443e-11
-0.004 4.72594e-11
-0.002 4.58956e-11
0 4.54476e-11
0.002 4.58994e-11
0.004 4.72573e-11
0.006 4.95479e-11
0.008 5.28151e-11
0.01 5.71039e-11
0.012 6.25151e-11
0.014 6.91235e-11
0.016 7.70646e-11
0.018 8.64748e-11
0.02 9.75217e-11
0.022 1.104e-10
0.024 1.25344e-10
0.026 1.42601e-10
0.028 1.62489e-10
0.03 1.85346e-10
0.032 2.11569e-10
0.034 2.4161e-10
0.036 2.75988e-10
0.038 3.15274e-10
0.04 3.60144e-10
0.042 4.11352e-10
0.044 4.69751e-10
0.046 5.36302e-10
0.048 6.12114e-10
0.05 6.98436e-10
0.052 7.96644e-10
0.054 9.08359e-10
0.056 1.03536e-09
0.058 1.17968e-09
0.06 1.34361e-09
0.062 1.52973e-09
0.064 1.74096e-09
0.066 1.98058e-09
0.068 2.2523e-09
0.07 2.56029e-09
0.072 2.90923e-09
0.074 3.30442e-09
0.076 3.7518e-09
0.078 4.25805e-09
0.08 4.83069e-09
0.082 5.47816e-09
0.084 6.20992e-09
0.086 7.03662e-09
0.088 7.97019e-09
0.09 9.02401e-09
0.092 1.02131e-08
0.094 1.15542e-08
0.096 1.30662e-08
0.098 1.47702e-08
0.1 1.66897e-08
0.102 1.88512e-08
0.104 2.1284e-08
0.106 2.40212e-08
0.108 2.70996e-08
0.11 3.05602e-08
0.112 3.4449e-08
0.114 3.88171e-08
0.116 4.37216e-08
0.118 4.92261e-08
0.12 5.54014e-08
0.122 6.23265e-08
0.124 7.00891e-08
0.126 7.87871e-08
0.128 8.8529e-08
0.13 9.94357e-08
0.132 1.11641e-07
0.134 1.25295e-07
0.136 1.40563e-07
0.138 1.57628e-07
0.14 1.76693e-07
0.142 1.97986e-07
0.144 2.21756e-07
0.146 2.4828e-07
0.148 2.77866e-07
0.15 3.10853e-07
0.152 3.47617e-07
0.154 3.88574e-07
0.156 4.34182e-07
0.158 4.84949e-07
0.16 5.41436e-07
0.162 6.04261e-07
0.164 6.74106e-07
0.166 7.51723e-07
0.168 8.37942e-07
0.17 9.33676e-07
0.172 1.03993e-06
0.174 1.15782e-06
0.176 1.28855e-06
0.178 1.43347e-06
0.18 1.59405e-06
0.182 1.77191e-06
0.184 1.96883e-06
0.186 2.18676e-06
0.188 2.42784e-06
0.19 2.69441e-06
0.192 2.98907e-06
0.194 3.31462e-06
0.196 3.67415e-06
0.198 4.07106e-06
0.2 4.50904e-06
0.202 4.99214e-06
0.204 5.52479e-06
0.206 6.11183e-06
0.208 6.75854e-06
0.21 7.47069e-06
0.212 8.25458e-06
0.214 9.11707e-06
0.216 1.00657e-05
0.218 1.11085e-05
0.22 1.22545e-05
0.222 1.35132e-05
0.224 1.48954e-05
0.226 1.64123e-05
0.228 1.80765e-05
0.23 1.99014e-05
0.232 2.19019e-05
0.234 2.40938e-05
0.236 2.64944e-05
0.238 2.91226e-05
0.24 3.19987e-05
0.242 3.51447e-05
0.244 3.85847e-05
0.246 4.23444e-05
0.248 4.64518e-05
0.25 5.09373e-05
0.252 5.58336e-05
0.254 6.11761e-05
0.256 6.7003e-05
0.258 7.33555e-05
0.26 8.02782e-05
0.262 8.7819e-05
0.264 9.60298e-05
0.266 0.000104966
0.268 0.000114688
0.27 0.000125261
0.272 0.000136753
0.274 0.000149241
0.276 0.000162803
0.278 0.000177527
0.28 0.000193505
0.282 0.000210836
0.284 0.000229628
0.286 0.000249995
0.288 0.00027206
0.29 0.000295953
0.292 0.000321817
0.294 0.0003498
0.296 0.000380065
0.298 0.000412783
0.3 0.000448139
0.302 0.000486328
0.304 0.000527561
0.306 0.00057206
0.308 0.000620065
0.31 0.000671829
0.312 0.000727624
0.314 0.000787737
0.316 0.000852476
0.318 0.000922166
0.32 0.000997154
0.322 0.00107781
0.324 0.00116452
0.326 0.00125771
0.328 0.00135781
0.33 0.00146529
0.332 0.00158064
0.334 0.0017044
0.336 0.00183711
0.338 0.00197936
0.34 0.00213177
0.342 0.002295
0.344 0.00246974
0.346 0.00265672
0.348 0.00285671
0.35 0.00307054
0.352 0.00329904
0.354 0.00354314
0.356 0.00380377
0.358 0.00408194
0.36 0.0043787
0.362 0.00469516
0.364 0.00503248
0.366 0.00539187
0.368 0.00577462
0.37 0.00618207
0.372 0.00661562
0.374 0.00707674
0.376 0.00756697
0.378 0.00808793
0.38 0.0086413
0.382 0.00922884
0.384 0.00985238
0.386 0.0105138
0.388 0.0112152
0.39 0.0119586
0.392 0.0127462
0.394 0.0135802
0.396 0.014463
0.398 0.015397
0.4 0.0163848
0.402 0.017429
0.404 0.0185323
0.406 0.0196975
0.408 0.0209277
0.41 0.0222258
0.412 0.023595
0.414 0.0250385
0.416 0.0265597
0.418 0.028162
0.42 0.0298491
0.422 0.0316246
0.424 0.0334923
0.426 0.0354561
0.428 0.03752
0.43 0.0396882
0.432 0.0419649
0.434 0.0443545
0.436 0.0468614
0.438 0.0494902
0.44 0.0522455
0.442 0.0551322
0.444 0.0581551
0.446 0.0613193
0.448 0.0646297
0.45 0.0680916
0.452 0.0717103
0.454 0.0754911
0.456 0.0794394
0.458 0.0835608
0.46 0.0878609
0.462 0.0923453
0.464 0.0970197
0.466 0.10189
0.468 0.106962
0.47 0.112242
0.472 0.117735
0.474 0.123447
0.476 0.129385
0.478 0.135555
0.48 0.141961
0.482 0.148611
0.484 0.155511
0.486 0.162665
0.488 0.170081
0.49 0.177764
0.492 0.185719
0.494 0.193953
0.496 0.202471
0.498 0.211278
0.5 0.22038
0.502 0.229783
0.504 0.239491
0.506 0.249509
0.508 0.259842
0.51 0.270495
0.512 0.281472
0.514 0.292778
0.516 0.304416
0.518 0.31639
0.52 0.328703
0.522 0.341359
0.524 0.35436
0.526 0.36771
0.528 0.38141
0.53 0.395462
0.532 0.409868
0.534 0.424628
0.536 0.439745
0.538 0.455217
0.54 0.471045
0.542 0.487229
0.544 0.503767
0.546 0.520658
0.548 0.537901
0.55 0.555492
0.552 0.573429
0.554 0.591709
0.556 0.610327
0.558 0.629279
0.56 0.64856
0.562 0.668164
0.564 0.688086
0.566 0.708319
0.568 0.728855
0.57 0.749686
0.572 0.770804
0.574 0.7922
0.576 0.813865
0.578 0.835787
0.58 0.857957
0.582 0.880363
0.584 0.902992
0.586 0.925833
0.588 0.948872
0.59 0.972096
0.592 0.995489
0.594 1.01904
0.596 1.04273
0.598 1.06654
0.6 1.09046
0.602 1.11447
0.604 1.13855
0.606 1.16269
0.608 1.18687
0.61 1.21106
0.612 1.23526
0.614 1.25943
0.616 1.28356
0.618 1.30763
0.62 1.33162
0.622 1.35551
0.624 1.37928
0.626 1.4029
0.628 1.42635
0.63 1.44962
0.632 1.47267
0.634 1.4955
0.636 1.51807
0.638 1.54036
0.64 1.56236
0.642 1.58404
0.644 1.60538
0.646 1.62635
0.648 1.64694
0.65 1.66712
0.652 1.68688
0.654 1.70618
0.656 1.72502
0.658 1.74337
0.66 1.76121
0.662 1.77852
0.664 1.79528
0.666 1.81147
0.668 1.82708
0.67 1.84209
0.672 1.85647
0.674 1.87023
0.676 1.88333
0.678 1.89576
0.68 1.90751
0.682 1.91857
0.684 1.92892
0.686 1.93855
0.688 1.94745
0.69 1.9556
0.692 1.96301
0.694 1.96966
0.696 1.97553
0.698 1.98064
0.7 1.98496
0.702 1.9885
0.704 1.99124
0.706 1.9932
0.708 1.99435
0.71 1.99471
0.712 1.99427
0.714 1.99304
0.716 1.991
0.718 1.98818
0.72 1.98456
0.722 1.98016
0.724 1.97498
0.726 1.96903
0.728 1.9623
0.73 1.95482
0.732 1.94659
0.734 1.93762
0.736 1.92792
0.738 1.91749
0.74 1.90637
0.742 1.89455
0.744 1.88205
0.746 1.86888
0.748 1.85506
0.75 1.84061
0.752 1.82555
0.754 1.80988
0.756 1.79363
0.758 1.77681
0.76 1.75945
0.762 1.74156
0.764 1.72316
0.766 1.70428
0.768 1.68492
0.77 1.66513
0.772 1.6449
0.774 1.62427
0.776 1.60326
0.778 1.58189
0.78 1.56018
0.782 1.53815
0.784 1.51583
0.786 1.49323
0.788 1.47038
0.79 1.44731
0.792 1.42402
0.794 1.40055
0.796 1.37692
0.798 1.35314
0.8 1.32924
0.802 1.30524
0.804 1.28117
0.806 1.25703
0.808 1.23286
0.81 1.20866
0.812 1.18447
0.814 1.1603
0.816 1.13617
0.818 1.11209
0.82 1.08809
0.822 1.06419
0.824 1.04039
0.826 1.01672
0.828 0.993189
0.83 0.969816
0.832 0.946615
0.834 0.923601
0.836 0.900786
0.838 0.878185
0.84 0.855809
0.842 0.833671
0.844 0.811782
0.846 0.790152
0.848 0.768793
0.85 0.747714
0.852 0.726923
0.854 0.70643
0.856 0.686241
0.858 0.666365
0.86 0.646809
0.862 0.627578
0.864 0.608677
0.866 0.590113
0.868 0.57189
0.87 0.554011
0.872 0.53648
0.874 0.5193
0.876 0.502474
0.878 0.486004
0.88 0.469891
0.882 0.454136
0.884 0.43874
0.886 0.423704
0.888 0.409026
0.89 0.394707
0.892 0.380746
0.894 0.367141
0.896 0.35389
0.898 0.340993
0.9 0.328446
0.902 0.316246
0.904 0.304392
0.906 0.29288
0.908 0.281707
0.91 0.270869
0.912 0.260363
0.914 0.250184
0.916 0.240329
0.918 0.230793
0.92 0.221573
0.922 0.212662
0.924 0.204057
0.926 0.195754
0.928 0.187747
0.93 0.180032
0.932 0.172603
0.934 0.165456
0.936 0.158586
0.938 0.151988
0.94 0.145658
0.942 0.13959
0.944 0.133779
0.946 0.128221
0.948 0.122911
0.95 0.117844
0.952 0.113017
0.954 0.108423
0.956 0.10406
0.958 0.0999227
0.96 0.0960071
0.962 0.0923092
0.964 0.0888252
0.966 0.0855515
0.968 0.0824845
0.97 0.0796208
0.972 0.0769573
0.974 0.074491
0.976 0.072219
0.978 0.0701387
0.98 0.0682477
0.982 0.0665436
0.984 0.0650245
0.986 0.0636885
0.988 0.0625339
0.99 0.0615594
0.992 0.0607638
0.994 0.0601459
0.996 0.0597052
0.998 0.059441
