-1 5.12067e-09
-0.998 5.16163e-09
-0.996 5.2851e-09
-0.994 5.49286e-09
-0.992 5.78787e-09
-0.99 6.17438e-09
-0.988 6.6579e-09
-0.986 7.24533e-09
-0.984 7.945e-09
-0.982 8.76684e-09
-0.98 9.72241e-09
-0.978 1.08251e-08
-0.976 1.20904e-08
-0.974 1.35358e-08
-0.972 1.51813e-08
-0.97 1.70495e-08
-0.968 1.9166e-08
-0.966 2.15594e-08
-0.964 2.42621e-08
-0.962 2.73102e-08
-0.96 3.07444e-08
-0.958 3.46101e-08
-0.956 3.8958e-08
-0.954 4.38449e-08
-0.952 4.9334e-08
-0.95 5.54959e-08
-0.948 6.24094e-08
-0.946 7.01619e-08
-0.944 7.8851e-08
-0.942 8.85854e-08
-0.94 9.94855e-08
-0.938 1.11686e-07
-0.936 1.25335e-07
-0.934 1.40598e-07
-0.932 1.57659e-07
-0.93 1.76722e-07
-0.928 1.98013e-07
-0.926 2.21781e-07
-0.924 2.48303e-07
-0.922 2.77888e-07
-0.92 3.10874e-07
-0.918 3.47638e-07
-0.916 3.88594e-07
-0.914 4.34202e-07
-0.912 4.8497e-07
-0.91 5.41457e-07
-0.908 6.04282e-07
-0.906 6.74128e-07
-0.904 7.51746e-07
-0.902 8.37967e-07
-0.9 9.33702e-07
-0.898 1.03996e-06
-0.896 1.15785e-06
-0.894 1.28858e-06
-0.892 1.4335e-06
-0.89 1.59409e-06
-0.888 1.77195e-06
-0.886 1.96887e-06
-0.884 2.1868e-06
-0.882 2.42789e-06
-0.88 2.69447e-06
-0.878 2.98913e-06
-0.876 3.31468e-06
-0.874 3.67422e-06
-0.872 4.07114e-06
-0.87 4.50912e-06
-0.868 4.99223e-06
-0.866 5.52489e-06
-0.864 6.11193e-06
-0.862 6.75865e-06
-0.86 7.47081e-06
-0.858 8.25471e-06
-0.856 9.11721e-06
-0.854 1.00658e-05
-0.852 1.11086e-05
-0.85 1.22546e-05
-0.848 1.35134e-05
-0.846 1.48956e-05
-0.844 1.64125e-05
-0.842 1.80767e-05
-0.84 1.99017e-05
-0.838 2.19021e-05
-0.836 2.4094e-05
-0.834 2.64947e-05
-0.832 2.91229e-05
-0.83 3.1999e-05
-0.828 3.51451e-05
-0.826 3.85851e-05
-0.824 4.23448e-05
-0.822 4.64523e-05
-0.82 5.09378e-05
-0.818 5.58342e-05
-0.816 6.11767e-05
-0.814 6.70036e-05
-0.812 7.33561e-05
-0.81 8.02789e-05
-0.808 8.78197e-05
-0.806 9.60306e-05
-0.804 0.000104967
-0.802 0.000114689
-0.8 0.000125262
-0.798 0.000136754
-0.796 0.000149242
-0.794 0.000162804
-0.792 0.000177528
-0.79 0.000193506
-0.788 0.000210837
-0.786 0.00022963
-0.784 0.000249997
-0.782 0.000272061
-0.78 0.000295955
-0.778 0.000321818
-0.776 0.000349802
-0.774 0.000380067
-0.772 0.000412785
-0.77 0.000448141
-0.768 0.00048633
-0.766 0.000527563
-0.764 0.000572062
-0.762 0.000620067
-0.76 0.000671832
-0.758 0.000727627
-0.756 0.00078774
-0.754 0.000852479
-0.752 0.000922169
-0.75 0.000997157
-0.748 0.00107781
-0.746 0.00116452
-0.744 0.00125771
-0.742 0.00135781
-0.74 0.00146529
-0.738 0.00158065
-0.736 0.0017044
-0.734 0.00183711
-0.732 0.00197936
-0.73 0.00213177
-0.728 0.002295
-0.726 0.00246974
-0.724 0.00265672
-0.722 0.00285672
-0.72 0.00307054
-0.718 0.00329905
-0.716 0.00354314
-0.714 0.00380377
-0.712 0.00408195
-0.71 0.00437871
-0.708 0.00469517
-0.706 0.00503248
-0.704 0.00539188
-0.702 0.00577463
-0.7 0.00618207
-0.698 0.00661562
-0.696 0.00707674
-0.694 0.00756698
-0.692 0.00808794
-0.69 0.00864131
-0.688 0.00922885
-0.686 0.00985239
-0.684 0.0105139
-0.682 0.0112152
-0.68 0.0119586
-0.678 0.0127462
-0.676 0.0135802
-0.674 0.014463
-0.672 0.015397
-0.67 0.0163848
-0.668 0.017429
-0.666 0.0185323
-0.664 0.0196975
-0.662 0.0209277
-0.66 0.0222258
-0.658 0.023595
-0.656 0.0250385
-0.654 0.0265597
-0.652 0.028162
-0.65 0.0298491
-0.648 0.0316246
-0.646 0.0334923
-0.644 0.0354561
-0.642 0.03752
-0.64 0.0396882
-0.638 0.0419649
-0.636 0.0443545
-0.634 0.0468614
-0.632 0.0494902
-0.63 0.0522455
-0.628 0.0551322
-0.626 0.0581551
-0.624 0.0613193
-0.622 0.0646297
-0.62 0.0680916
-0.618 0.0717103
-0.616 0.0754911
-0.614 0.0794394
-0.612 0.0835608
-0.61 0.0878608
-0.608 0.0923452
-0.606 0.0970197
-0.604 0.10189
-0.602 0.106962
-0.6 0.112242
-0.598 0.117735
-0.596 0.123447
-0.594 0.129385
-0.592 0.135555
-0.59 0.141961
-0.588 0.148611
-0.586 0.155511
-0.584 0.162665
-0.582 0.170081
-0.58 0.177764
-0.578 0.185719
-0.576 0.193953
-0.574 0.202471
-0.572 0.211278
-0.57 0.22038
-0.568 0.229783
-0.566 0.239491
-0.564 0.249509
-0.562 0.259842
-0.56 0.270495
-0.558 0.281472
-0.556 0.292778
-0.554 0.304416
-0.552 0.31639
-0.55 0.328703
-0.548 0.341359
-0.546 0.35436
-0.544 0.36771
-0.542 0.38141
-0.54 0.395462
-0.538 0.409868
-0.536 0.424628
-0.534 0.439745
-0.532 0.455217
-0.53 0.471045
-0.528 0.487229
-0.526 0.503767
-0.524 0.520658
-0.522 0.537901
-0.52 0.555492
-0.518 0.573429
-0.516 0.591709
-0.514 0.610327
-0.512 0.629279
-0.51 0.64856
-0.508 0.668164
-0.506 0.688086
-0.504 0.708319
-0.502 0.728855
-0.5 0.749686
-0.498 0.770804
-0.496 0.7922
-0.494 0.813865
-0.492 0.835787
-0.49 0.857957
-0.488 0.880363
-0.486 0.902992
-0.484 0.925833
-0.482 0.948872
-0.48 0.972096
-0.478 0.995489
-0.476 1.01904
-0.474 1.04273
-0.472 1.06654
-0.47 1.09046
-0.468 1.11447
-0.466 1.13855
-0.464 1.16269
-0.462 1.18687
-0.46 1.21106
-0.458 1.23526
-0.456 1.25943
-0.454 1.28356
-0.452 1.30763
-0.45 1.33162
-0.448 1.35551
-0.446 1.37928
-0.444 1.4029
-0.442 1.42635
-0.44 1.44962
-0.438 1.47267
-0.436 1.4955
-0.434 1.51807
-0.432 1.54036
-0.43 1.56236
-0.428 1.58404
-0.426 1.60538
-0.424 1.62635
-0.422 1.64694
-0.42 1.66712
-0.418 1.68688
-0.416 1.70618
-0.414 1.72502
-0.412 1.74337
-0.41 1.76121
-0.408 1.77852
-0.406 1.79528
-0.404 1.81147
-0.402 1.82708
-0.4 1.84209
-0.398 1.85647
-0.396 1.87023
-0.394 1.88333
-0.392 1.89576
-0.39 1.90751
-0.388 1.91857
-0.386 1.92892
-0.384 1.93855
-0.382 1.94745
-0.38 1.9556
-0.378 1.96301
-0.376 1.96966
-0.374 1.97553
-0.372 1.98064
-0.37 1.98496
-0.368 1.9885
-0.366 1.99124
-0.364 1.99319
-0.362 1.99435
-0.36 1.99471
-0.358 1.99427
-0.356 1.99304
-0.354 1.991
-0.352 1.98818
-0.35 1.98456
-0.348 1.98016
-0.346 1.97498
-0.344 1.96903
-0.342 1.9623
-0.34 1.95482
-0.338 1.94659
-0.336 1.93762
-0.334 1.92791
-0.332 1.91749
-0.33 1.90637
-0.328 1.89455
-0.326 1.88204
-0.324 1.86888
-0.322 1.85506
-0.32 1.84061
-0.318 1.82555
-0.316 1.80988
-0.314 1.79363
-0.312 1.77681
-0.31 1.75945
-0.308 1.74156
-0.306 1.72316
-0.304 1.70427
-0.302 1.68492
-0.3 1.66512
-0.298 1.6449
-0.296 1.62427
-0.294 1.60326
-0.292 1.58189
-0.29 1.56018
-0.288 1.53815
-0.286 1.51582
-0.284 1.49323
-0.282 1.47038
-0.28 1.4473
-0.278 1.42401
-0.276 1.40054
-0.274 1.37691
-0.272 1.35313
-0.27 1.32923
-0.268 1.30523
-0.266 1.28115
-0.264 1.25701
-0.262 1.23284
-0.26 1.20864
-0.258 1.18445
-0.256 1.16028
-0.254 1.13614
-0.252 1.11207
-0.25 1.08806
-0.248 1.06415
-0.246 1.04035
-0.244 1.01668
-0.242 0.993143
-0.24 0.969765
-0.238 0.94656
-0.236 0.92354
-0.234 0.90072
-0.232 0.878112
-0.23 0.855729
-0.228 0.833584
-0.226 0.811687
-0.224 0.790048
-0.222 0.76868
-0.22 0.74759
-0.218 0.726788
-0.216 0.706282
-0.214 0.68608
-0.212 0.66619
-0.21 0.646617
-0.208 0.627369
-0.206 0.60845
-0.204 0.589866
-0.202 0.57162
-0.2 0.553718
-0.198 0.536161
-0.196 0.518954
-0.194 0.502098
-0.192 0.485595
-0.19 0.469447
-0.188 0.453654
-0.186 0.438218
-0.184 0.423137
-0.182 0.408412
-0.18 0.394042
-0.178 0.380025
-0.176 0.36636
-0.174 0.353046
-0.172 0.340079
-0.17 0.327458
-0.168 0.315179
-0.166 0.303239
-0.164 0.291635
-0.162 0.280362
-0.16 0.269418
-0.158 0.258797
-0.156 0.248496
-0.154 0.23851
-0.152 0.228833
-0.15 0.219461
-0.148 0.210389
-0.146 0.201611
-0.144 0.193123
-0.142 0.184918
-0.14 0.17699
-0.138 0.169336
-0.136 0.161947
-0.134 0.154819
-0.132 0.147946
-0.13 0.141322
-0.128 0.13494
-0.126 0.128796
-0.124 0.122882
-0.122 0.117194
-0.12 0.111724
-0.118 0.106467
-0.116 0.101418
-0.114 0.0965698
-0.112 0.0919172
-0.11 0.0874543
-0.108 0.0831755
-0.106 0.0790751
-0.104 0.0751475
-0.102 0.0713872
-0.1 0.0677889
-0.098 0.0643473
-0.096 0.061057
-0.094 0.057913
-0.092 0.0549102
-0.09 0.0520437
-0.088 0.0493087
-0.086 0.0467005
-0.084 0.0442144
-0.082 0.0418459
-0.08 0.0395907
-0.078 0.0374445
-0.076 0.0354032
-0.074 0.0334626
-0.072 0.0316189
-0.07 0.0298683
-0.068 0.0282071
-0.066 0.0266316
-0.064 0.0251386
-0.062 0.0237246
-0.06 0.0223863
-0.058 0.0211208
-0.056 0.0199251
-0.054 0.0187961
-0.052 0.0177313
-0.05 0.016728
-0.048 0.0157836
-0.046 0.0148958
-0.044 0.0140621
-0.042 0.0132805
-0.04 0.0125488
-0.038 0.0118651
-0.036 0.0112275
-0.034 0.0106342
-0.032 0.0100835
-0.03 0.00957388
-0.028 0.0091039
-0.026 0.00867218
-0.024 0.00827744
-0.022 0.00791853
-0.02 0.00759438
-0.018 0.00730401
-0.016 0.00704655
-0.014 0.00682121
-0.012 0.0066273
-0.01 0.00646423
-0.008 0.00633149
-0.006 0.00622867
-0.004 0.00615546
-0.002 0.00611163
0 0.00609703
0.002 0.00611163
0.004 0.00615546
0.006 0.00622867
0.008 0.00633149
0.01 0.00646423
0.012 0.0066273
0.014 0.00682121
0.016 0.00704655
0.018 0.00730401
0.02 0.00759438
0.022 0.00791853
0.024 0.00827744
0.026 0.00867218
0.028 0.0091039
0.03 0.00957388
0.032 0.0100835
0.034 0.0106342
0.036 0.0112275
0.038 0.0118651
0.04 0.0125488
0.042 0.0132805
0.044 0.0140621
0.046 0.0148958
0.048 0.0157836
0.05 0.016728
0.052 0.0177313
0.054 0.0187961
0.056 0.0199251
0.058 0.0211208
0.06 0.0223863
0.062 0.0237246
0.064 0.0251386
0.066 0.0266316
0.068 0.0282071
0.07 0.0298683
0.072 0.0316189
0.074 0.0334626
0.076 0.0354032
0.078 0.0374445
0.08 0.0395907
0.082 0.0418459
0.084 0.0442144
0.086 0.0467005
0.088 0.0493087
0.09 0.0520437
0.092 0.0549102
0.094 0.057913
0.096 0.061057
0.098 0.0643473
0.1 0.0677889
0.102 0.0713872
0.104 0.0751475
0.106 0.0790751
0.108 0.0831755
0.11 0.0874543
0.112 0.0919172
0.114 0.0965698
0.116 0.101418
0.118 0.106467
0.12 0.111724
0.122 0.117194
0.124 0.122882
0.126 0.128796
0.128 0.13494
0.13 0.141322
0.132 0.147946
0.134 0.154819
0.136 0.161947
0.138 0.169336
0.14 0.17699
0.142 0.184918
0.144 0.193123
0.146 0.201611
0.148 0.210389
0.15 0.219461
0.152 0.228833
0.154 0.23851
0.156 0.248496
0.158 0.258797
0.16 0.269418
0.162 0.280362
0.164 0.291635
0.166 0.303239
0.168 0.315179
0.17 0.327458
0.172 0.340079
0.174 0.353046
0.176 0.36636
0.178 0.380025
0.18 0.394042
0.182 0.408412
0.184 0.423137
0.186 0.438218
0.188 0.453654
0.19 0.469447
0.192 0.485595
0.194 0.502098
0.196 0.518954
0.198 0.536161
0.2 0.553718
0.202 0.57162
0.204 0.589866
0.206 0.60845
0.208 0.627369
0.21 0.646617
0.212 0.66619
0.214 0.68608
0.216 0.706282
0.218 0.726788
0.22 0.74759
0.222 0.76868
0.224 0.790048
0.226 0.811687
0.228 0.833584
0.23 0.855729
0.232 0.878112
0.234 0.90072
0.236 0.92354
0.238 0.94656
0.24 0.969765
0.242 0.993143
0.244 1.01668
0.246 1.04035
0.248 1.06415
0.25 1.08806
0.252 1.11207
0.254 1.13614
0.256 1.16028
0.258 1.18445
0.26 1.20864
0.262 1.23284
0.264 1.25701
0.266 1.28115
0.268 1.30523
0.27 1.32923
0.272 1.35313
0.274 1.37691
0.276 1.40054
0.278 1.42401
0.28 1.4473
0.282 1.47038
0.284 1.49323
0.286 1.51582
0.288 1.53815
0.29 1.56018
0.292 1.58189
0.294 1.60326
0.296 1.62427
0.298 1.6449
0.3 1.66512
0.302 1.68492
0.304 1.70427
0.306 1.72316
0.308 1.74156
0.31 1.75945
0.312 1.77681
0.314 1.79363
0.316 1.80988
0.318 1.82555
0.32 1.84061
0.322 1.85506
0.324 1.86888
0.326 1.88204
0.328 1.89455
0.33 1.90637
0.332 1.91749
0.334 1.92791
0.336 1.93762
0.338 1.94659
0.34 1.95482
0.342 1.9623
0.344 1.96903
0.346 1.97498
0.348 1.98016
0.35 1.98456
0.352 1.98818
0.354 1.991
0.356 1.99304
0.358 1.99427
0.36 1.99471
0.362 1.99435
0.364 1.99319
0.366 1.99124
0.368 1.9885
0.37 1.98496
0.372 1.98064
0.374 1.97553
0.376 1.96966
0.378 1.96301
0.38 1.9556
0.382 1.94745
0.384 1.93855
0.386 1.92892
0.388 1.91857
0.39 1.90751
0.392 1.89576
0.394 1.88333
0.396 1.87023
0.398 1.85647
0.4 1.84209
0.402 1.82708
0.404 1.81147
0.406 1.79528
0.408 1.77852
0.41 1.76121
0.412 1.74337
0.414 1.72502
0.416 1.70618
0.418 1.68688
0.42 1.66712
0.422 1.64694
0.424 1.62635
0.426 1.60538
0.428 1.58404
0.43 1.56236
0.432 1.54036
0.434 1.51807
0.436 1.4955
0.438 1.47267
0.44 1.44962
0.442 1.42635
0.444 1.4029
0.446 1.37928
0.448 1.35551
0.45 1.33162
0.452 1.30763
0.454 1.28356
0.456 1.25943
0.458 1.23526
0.46 1.21106
0.462 1.18687
0.464 1.16269
0.466 1.13855
0.468 1.11447
0.47 1.09046
0.472 1.06654
0.474 1.04273
0.476 1.01904
0.478 0.995489
0.48 0.972096
0.482 0.948872
0.484 0.925833
0.486 0.902992
0.488 0.880363
0.49 0.857957
0.492 0.835787
0.494 0.813865
0.496 0.7922
0.498 0.770804
0.5 0.749686
0.502 0.728855
0.504 0.708319
0.506 0.688086
0.508 0.668164
0.51 0.64856
0.512 0.629279
0.514 0.610327
0.516 0.591709
0.518 0.573429
0.52 0.555492
0.522 0.537901
0.524 0.520658
0.526 0.503767
0.528 0.487229
0.53 0.471045
0.532 0.455217
0.534 0.439745
0.536 0.424628
0.538 0.409868
0.54 0.395462
0.542 0.38141
0.544 0.36771
0.546 0.35436
0.548 0.341359
0.55 0.328703
0.552 0.31639
0.554 0.304416
0.556 0.292778
0.558 0.281472
0.56 0.270495
0.562 0.259842
0.564 0.249509
0.566 0.239491
0.568 0.229783
0.57 0.22038
0.572 0.211278
0.574 0.202471
0.576 0.193953
0.578 0.185719
0.58 0.177764
0.582 0.170081
0.584 0.162665
0.586 0.155511
0.588 0.148611
0.59 0.141961
0.592 0.135555
0.594 0.129385
0.596 0.123447
0.598 0.117735
0.6 0.112242
0.602 0.106962
0.604 0.10189
0.606 0.0970197
0.608 0.0923452
0.61 0.0878608
0.612 0.0835608
0.614 0.0794394
0.616 0.0754911
0.618 0.0717103
0.62 0.0680916
0.622 0.0646297
0.624 0.0613193
0.626 0.0581551
0.628 0.0551322
0.63 0.0522455
0.632 0.0494902
0.634 0.0468614
0.636 0.0443545
0.638 0.0419649
0.64 0.0396882
0.642 0.03752
0.644 0.0354561
0.646 0.0334923
0.648 0.0316246
0.65 0.0298491
0.652 0.028162
0.654 0.0265597
0.656 0.0250385
0.658 0.023595
0.66 0.0222258
0.662 0.0209277
0.664 0.0196975
0.666 0.0185323
0.668 0.017429
0.67 0.0163848
0.672 0.015397
0.674 0.014463
0.676 0.0135802
0.678 0.0127462
0.68 0.0119586
0.682 0.0112152
0.684 0.0105139
0.686 0.00985239
0.688 0.00922885
0.69 0.00864131
0.692 0.00808794
0.694 0.00756698
0.696 0.00707674
0.698 0.00661562
0.7 0.00618207
0.702 0.00577463
0.704 0.00539188
0.706 0.00503248
0.708 0.00469517
0.71 0.00437871
0.712 0.00408195
0.714 0.00380377
0.716 0.00354314
0.718 0.00329905
0.72 0.00307054
0.722 0.00285672
0.724 0.00265672
0.726 0.00246974
0.728 0.002295
0.73 0.00213177
0.732 0.00197936
0.734 0.00183711
0.736 0.0017044
0.738 0.00158065
0.74 0.00146529
0.742 0.00135781
0.744 0.00125771
0.746 0.00116452
0.748 0.00107781
0.75 0.000997157
0.752 0.000922169
0.754 0.000852479
0.756 0.00078774
0.758 0.000727627
0.76 0.000671832
0.762 0.000620067
0.764 0.000572062
0.766 0.000527563
0.768 0.00048633
0.77 0.000448141
0.772 0.000412785
0.774 0.000380067
0.776 0.000349802
0.778 0.000321818
0.78 0.000295955
0.782 0.000272061
0.784 0.000249997
0.786 0.00022963
0.788 0.000210837
0.79 0.000193506
0.792 0.000177528
0.794 0.000162804
0.796 0.000149242
0.798 0.000136754
0.8 0.000125262
0.802 0.000114689
0.804 0.000104967
0.806 9.60306e-05
0.808 8.78197e-05
0.81 8.02789e-05
0.812 7.33561e-05
0.814 6.70036e-05
0.816 6.11767e-05
0.818 5.58342e-05
0.82 5.09378e-05
0.822 4.64523e-05
0.824 4.23448e-05
0.826 3.85851e-05
0.828 3.51451e-05
0.83 3.1999e-05
0.832 2.91229e-05
0.834 2.64947e-05
0.836 2.4094e-05
0.838 2.19021e-05
0.84 1.99017e-05
0.842 1.80767e-05
0.844 1.64125e-05
0.846 1.48956e-05
0.848 1.35134e-05
0.85 1.22546e-05
0.852 1.11086e-05
0.854 1.00658e-05
0.856 9.11721e-06
0.858 8.25471e-06
0.86 7.47081e-06
0.862 6.75865e-06
0.864 6.11193e-06
0.866 5.52489e-06
0.868 4.99223e-06
0.87 4.50912e-06
0.872 4.07114e-06
0.874 3.67422e-06
0.876 3.31468e-06
0.878 2.98913e-06
0.88 2.69447e-06
0.882 2.42789e-06
0.884 2.1868e-06
0.886 1.96887e-06
0.888 1.77195e-06
0.89 1.59409e-06
0.892 1.4335e-06
0.894 1.28858e-06
0.896 1.15785e-06
0.898 1.03996e-06
0.9 9.33702e-07
0.902 8.37967e-07
0.904 7.51746e-07
0.906 6.74128e-07
0.908 6.04282e-07
0.91 5.41457e-07
0.912 4.8497e-07
0.914 4.34202e-07
0.916 3.88594e-07
0.918 3.47638e-07
0.92 3.10874e-07
0.922 2.77888e-07
0.924 2.48303e-07
0.926 2.21781e-07
0.928 1.98013e-07
0.93 1.76722e-07
0.932 1.57659e-07
0.934 1.40598e-07
0.936 1.25335e-07
0.938 1.11686e-07
0.94 9.94855e-08
0.942 8.85854e-08
0.944 7.8851e-08
0.946 7.01619e-08
0.948 6.24094e-08
0.95 5.54959e-08
0.952 4.9334e-08
0.954 4.38449e-08
0.956 3.8958e-08
0.958 3.46101e-08
0.96 3.07444e-08
0.962 2.73102e-08
0.964 2.42621e-08
0.966 2.15594e-08
0.968 1.9166e-08
0.97 1.70495e-08
0.972 1.51813e-08
0.974 1.35358e-08
0.976 1.20904e-08
0.978 1.08251e-08
0.98 9.72241e-09
0.982 8.76684e-09
0.984 7.945e-09
0.986 7.24533e-09
0.988 6.6579e-09
0.99 6.17438e-09
0.992 5.78787e-09
0.994 5.49286e-09
0.996 5.2851e-09
0.998 5.16163e-09
