-1 0.795715
-0.99 0.795532
-0.98 0.795085
-0.97 0.794261
-0.96 0.793199
-0.95 0.791726
-0.94 0.790064
-0.93 0.787938
-0.92 0.785695
-0.91 0.782919
-0.9 0.78011
-0.89 0.776694
-0.88 0.773331
-0.87 0.769298
-0.86 0.765384
-0.85 0.760774
-0.84 0.756298
-0.83 0.751168
-0.82 0.746108
-0.81 0.740528
-0.8 0.734862
-0.79 0.728897
-0.78 0.722623
-0.77 0.716311
-0.76 0.709469
-0.75 0.702795
-0.74 0.695489
-0.73 0.688384
-0.72 0.68076
-0.71 0.673142
-0.7 0.665323
-0.69 0.657176
-0.68 0.649183
-0.67 0.640625
-0.66 0.632342
-0.65 0.623595
-0.64 0.614872
-0.63 0.606103
-0.62 0.596941
-0.61 0.588094
-0.6 0.578733
-0.59 0.569574
-0.58 0.560295
-0.57 0.55073
-0.56 0.541514
-0.55 0.531816
-0.54 0.522348
-0.53 0.512864
-0.52 0.503051
-0.51 0.49367
-0.5 0.483916
-0.49 0.47424
-0.48 0.46483
-0.47 0.45498
-0.46 0.445524
-0.45 0.436048
-0.44 0.42629
-0.43 0.417045
-0.42 0.407563
-0.41 0.398013
-0.4 0.388969
-0.39 0.379582
-0.38 0.370291
-0.37 0.361473
-0.36 0.352276
-0.35 0.343257
-0.34 0.334713
-0.33 0.325792
-0.32 0.317036
-0.31 0.308816
-0.3 0.300262
-0.29 0.29175
-0.28 0.28387
-0.27 0.275795
-0.26 0.267534
-0.25 0.259928
-0.24 0.252445
-0.23 0.244546
-0.22 0.237064
-0.21 0.230153
-0.2 0.222907
-0.19 0.215504
-0.18 0.208811
-0.17 0.202442
-0.16 0.195585
-0.15 0.188726
-0.14 0.182669
-0.13 0.176952
-0.12 0.170704
-0.11 0.164225
-0.1 0.158483
-0.09 0.153545
-0.08 0.14846
-0.07 0.142593
-0.06 0.136471
-0.05 0.131255
-0.04 0.127715
-0.03 0.125822
-0.02 0.125038
-0.01 0.124796
0 0.124751
0.01 0.124796
0.02 0.125038
0.03 0.125822
0.04 0.127715
0.05 0.131255
0.06 0.136471
0.07 0.142593
0.08 0.14846
0.09 0.153545
0.1 0.158483
0.11 0.164225
0.12 0.170704
0.13 0.176952
0.14 0.182669
0.15 0.188726
0.16 0.195585
0.17 0.202442
0.18 0.208811
0.19 0.215504
0.2 0.222907
0.21 0.230153
0.22 0.237064
0.23 0.244546
0.24 0.252445
0.25 0.259928
0.26 0.267534
0.27 0.275795
0.28 0.28387
0.29 0.29175
0.3 0.300262
0.31 0.308816
0.32 0.317036
0.33 0.325792
0.34 0.334713
0.35 0.343257
0.36 0.352276
0.37 0.361473
0.38 0.370291
0.39 0.379582
0.4 0.388969
0.41 0.398013
0.42 0.407563
0.43 0.417045
0.44 0.42629
0.45 0.436048
0.46 0.445524
0.47 0.45498
0.48 0.46483
0.49 0.47424
0.5 0.483916
0.51 0.49367
0.52 0.503051
0.53 0.512864
0.54 0.522348
0.55 0.531816
0.56 0.541514
0.57 0.55073
0.58 0.560295
0.59 0.569574
0.6 0.578733
0.61 0.588094
0.62 0.596941
0.63 0.606103
0.64 0.614872
0.65 0.623595
0.66 0.632342
0.67 0.640625
0.68 0.649183
0.69 0.657176
0.7 0.665323
0.71 0.673142
0.72 0.68076
0.73 0.688384
0.74 0.695489
0.75 0.702795
0.76 0.709469
0.77 0.716311
0.78 0.722623
0.79 0.728897
0.8 0.734862
0.81 0.740528
0.82 0.746108
0.83 0.751168
0.84 0.756298
0.85 0.760774
0.86 0.765384
0.87 0.769298
0.88 0.773331
0.89 0.776694
0.9 0.78011
0.91 0.782919
0.92 0.785695
0.93 0.787938
0.94 0.790064
0.95 0.791726
0.96 0.793199
0.97 0.794261
0.98 0.795085
0.99 0.795532
