-1 0.246975
-0.99 0.246628
-0.98 0.247245
-0.97 0.247155
-0.96 0.248035
-0.95 0.248242
-0.94 0.249288
-0.93 0.249941
-0.92 0.250948
-0.91 0.252244
-0.9 0.253091
-0.89 0.25492
-0.88 0.256022
-0.87 0.257669
-0.86 0.25972
-0.85 0.260989
-0.84 0.263213
-0.83 0.265554
-0.82 0.267032
-0.81 0.269415
-0.8 0.272478
-0.79 0.274447
-0.78 0.276044
-0.77 0.279342
-0.76 0.284856
-0.75 0.291654
-0.74 0.298843
-0.73 0.306091
-0.72 0.31337
-0.71 0.320701
-0.7 0.328092
-0.69 0.33554
-0.68 0.34304
-0.67 0.350588
-0.66 0.35818
-0.65 0.365813
-0.64 0.373483
-0.63 0.381184
-0.62 0.388913
-0.61 0.396666
-0.6 0.404437
-0.59 0.412222
-0.58 0.420017
-0.57 0.427816
-0.56 0.435615
-0.55 0.443409
-0.54 0.451192
-0.53 0.458959
-0.52 0.466706
-0.51 0.474427
-0.5 0.482116
-0.49 0.489769
-0.48 0.49738
-0.47 0.504944
-0.46 0.512455
-0.45 0.519908
-0.44 0.527297
-0.43 0.534617
-0.42 0.541862
-0.41 0.549027
-0.4 0.556107
-0.39 0.563096
-0.38 0.569988
-0.37 0.576779
-0.36 0.583462
-0.35 0.590034
-0.34 0.596487
-0.33 0.602818
-0.32 0.609021
-0.31 0.615091
-0.3 0.621023
-0.29 0.626813
-0.28 0.632455
-0.27 0.637945
-0.26 0.643278
-0.25 0.648449
-0.24 0.653455
-0.23 0.658292
-0.22 0.662954
-0.21 0.667438
-0.2 0.671741
-0.19 0.675858
-0.18 0.679786
-0.17 0.683522
-0.16 0.687062
-0.15 0.690403
-0.14 0.693543
-0.13 0.696478
-0.12 0.699207
-0.11 0.701726
-0.1 0.704034
-0.09 0.706128
-0.08 0.708006
-0.07 0.709668
-0.06 0.711111
-0.05 0.712334
-0.04 0.713336
-0.03 0.714117
-0.02 0.714674
-0.01 0.715009
0 0.715121
0.01 0.715009
0.02 0.714674
0.03 0.714117
0.04 0.713336
0.05 0.712334
0.06 0.711111
0.07 0.709668
0.08 0.708006
0.09 0.706128
0.1 0.704034
0.11 0.701726
0.12 0.699207
0.13 0.696478
0.14 0.693543
0.15 0.690403
0.16 0.687062
0.17 0.683522
0.18 0.679786
0.19 0.675858
0.2 0.671741
0.21 0.667438
0.22 0.662954
0.23 0.658292
0.24 0.653455
0.25 0.648449
0.26 0.643278
0.27 0.637945
0.28 0.632455
0.29 0.626813
0.3 0.621023
0.31 0.615091
0.32 0.609021
0.33 0.602818
0.34 0.596487
0.35 0.590034
0.36 0.583462
0.37 0.576779
0.38 0.569988
0.39 0.563096
0.4 0.556107
0.41 0.549027
0.42 0.541862
0.43 0.534617
0.44 0.527297
0.45 0.519908
0.46 0.512455
0.47 0.504944
0.48 0.49738
0.49 0.489769
0.5 0.482116
0.51 0.474427
0.52 0.466706
0.53 0.458959
0.54 0.451192
0.55 0.443409
0.56 0.435615
0.57 0.427816
0.58 0.420017
0.59 0.412222
0.6 0.404437
0.61 0.396666
0.62 0.388913
0.63 0.381184
0.64 0.373483
0.65 0.365813
0.66 0.35818
0.67 0.350588
0.68 0.34304
0.69 0.33554
0.7 0.328092
0.71 0.320701
0.72 0.31337
0.73 0.306091
0.74 0.298843
0.75 0.291654
0.76 0.284856
0.77 0.279342
0.78 0.276044
0.79 0.274447
0.8 0.272478
0.81 0.269415
0.82 0.267032
0.83 0.265554
0.84 0.263213
0.85 0.260989
0.86 0.25972
0.87 0.257669
0.88 0.256022
0.89 0.25492
0.9 0.253091
0.91 0.252244
0.92 0.250948
0.93 0.249941
0.94 0.249288
0.95 0.248242
0.96 0.248035
0.97 0.247155
0.98 0.247245
0.99 0.246628
