-1 3.96992
-0.998 3.96913
-0.996 3.96678
-0.994 3.96285
-0.992 3.95736
-0.99 3.95031
-0.988 3.94172
-0.986 3.93158
-0.984 3.91992
-0.982 3.90675
-0.98 3.89207
-0.978 3.87592
-0.976 3.85831
-0.974 3.83925
-0.972 3.81878
-0.97 3.79691
-0.968 3.77367
-0.966 3.74909
-0.964 3.72319
-0.962 3.69601
-0.96 3.66757
-0.958 3.63791
-0.956 3.60707
-0.954 3.57506
-0.952 3.54194
-0.95 3.50774
-0.948 3.47249
-0.946 3.43623
-0.944 3.399
-0.942 3.36085
-0.94 3.32181
-0.938 3.28192
-0.936 3.24123
-0.934 3.19977
-0.932 3.15759
-0.93 3.11474
-0.928 3.07125
-0.926 3.02717
-0.924 2.98254
-0.922 2.9374
-0.92 2.8918
-0.918 2.84578
-0.916 2.79939
-0.914 2.75266
-0.912 2.70563
-0.91 2.65836
-0.908 2.61088
-0.906 2.56323
-0.904 2.51546
-0.902 2.4676
-0.9 2.41969
-0.898 2.37177
-0.896 2.32388
-0.894 2.27605
-0.892 2.22833
-0.89 2.18074
-0.888 2.13332
-0.886 2.08611
-0.884 2.03914
-0.882 1.99243
-0.88 1.94602
-0.878 1.89994
-0.876 1.85422
-0.874 1.80888
-0.872 1.76395
-0.87 1.71945
-0.868 1.67541
-0.866 1.63186
-0.864 1.58881
-0.862 1.54628
-0.86 1.50429
-0.858 1.46286
-0.856 1.42201
-0.854 1.38176
-0.852 1.34211
-0.85 1.30308
-0.848 1.26469
-0.846 1.22694
-0.844 1.18985
-0.842 1.15342
-0.84 1.11766
-0.838 1.08259
-0.836 1.04819
-0.834 1.01449
-0.832 0.981487
-0.83 0.949179
-0.828 0.917571
-0.826 0.886663
-0.824 0.856458
-0.822 0.826953
-0.82 0.798149
-0.818 0.770043
-0.816 0.742633
-0.814 0.715914
-0.812 0.689883
-0.81 0.664536
-0.808 0.639866
-0.806 0.615868
-0.804 0.592535
-0.802 0.56986
-0.8 0.547836
-0.798 0.526455
-0.796 0.505707
-0.794 0.485585
-0.792 0.466079
-0.79 0.447179
-0.788 0.428875
-0.786 0.411158
-0.784 0.394017
-0.782 0.37744
-0.78 0.361418
-0.778 0.345938
-0.776 0.330991
-0.774 0.316564
-0.772 0.302646
-0.77 0.289225
-0.768 0.276289
-0.766 0.263828
-0.764 0.251829
-0.762 0.24028
-0.76 0.229171
-0.758 0.218488
-0.756 0.20822
-0.754 0.198357
-0.752 0.188886
-0.75 0.179796
-0.748 0.171075
-0.746 0.162713
-0.744 0.154699
-0.742 0.147021
-0.74 0.139668
-0.738 0.132631
-0.736 0.125898
-0.734 0.11946
-0.732 0.113306
-0.73 0.107427
-0.728 0.101812
-0.726 0.0964524
-0.724 0.0913388
-0.722 0.0864621
-0.72 0.0818132
-0.718 0.0773837
-0.716 0.073165
-0.714 0.0691488
-0.712 0.0653272
-0.71 0.0616924
-0.708 0.0582367
-0.706 0.0549528
-0.704 0.0518335
-0.702 0.0488719
-0.7 0.0460613
-0.698 0.043395
-0.696 0.040867
-0.694 0.0384709
-0.692 0.036201
-0.69 0.0340515
-0.688 0.0320169
-0.686 0.030092
-0.684 0.0282716
-0.682 0.0265508
-0.68 0.0249248
-0.678 0.0233892
-0.676 0.0219394
-0.674 0.0205714
-0.672 0.019281
-0.67 0.0180644
-0.668 0.0169179
-0.666 0.0158378
-0.664 0.0148208
-0.662 0.0138637
-0.66 0.0129632
-0.658 0.0121164
-0.656 0.0113204
-0.654 0.0105725
-0.652 0.0098701
-0.65 0.00921072
-0.648 0.00859199
-0.646 0.00801164
-0.644 0.00746753
-0.642 0.00695761
-0.64 0.00647994
-0.638 0.00603267
-0.636 0.00561405
-0.634 0.00522241
-0.632 0.00485616
-0.63 0.00451381
-0.628 0.00419392
-0.626 0.00389517
-0.624 0.00361626
-0.622 0.00335599
-0.62 0.00311322
-0.618 0.00288686
-0.616 0.0026759
-0.614 0.00247938
-0.612 0.00229637
-0.61 0.00212603
-0.608 0.00196755
-0.606 0.00182015
-0.604 0.00168314
-0.602 0.00155581
-0.6 0.00143755
-0.598 0.00132776
-0.596 0.00122586
-0.594 0.00113133
-0.592 0.00104368
-0.59 0.000962436
-0.588 0.000887166
-0.586 0.000817458
-0.584 0.000752928
-0.582 0.000693217
-0.58 0.000637989
-0.578 0.000586928
-0.576 0.000539739
-0.574 0.000496147
-0.572 0.000455895
-0.57 0.000418743
-0.568 0.000384466
-0.566 0.000352854
-0.564 0.000323713
-0.562 0.000296861
-0.56 0.000272129
-0.558 0.000249358
-0.556 0.000228402
-0.554 0.000209124
-0.552 0.000191397
-0.55 0.000175103
-0.548 0.000160133
-0.546 0.000146385
-0.544 0.000133764
-0.542 0.000122182
-0.54 0.000111559
-0.538 0.00010182
-0.536 9.28933e-05
-0.534 8.47159e-05
-0.532 7.72278e-05
-0.53 7.03736e-05
-0.528 6.41023e-05
-0.526 5.83666e-05
-0.524 5.31231e-05
-0.522 4.83315e-05
-0.52 4.39547e-05
-0.518 3.99583e-05
-0.516 3.63109e-05
-0.514 3.29833e-05
-0.512 2.99488e-05
-0.51 2.71826e-05
-0.508 2.46622e-05
-0.506 2.23666e-05
-0.504 2.02766e-05
-0.502 1.83746e-05
-0.5 1.66444e-05
-0.498 1.50712e-05
-0.496 1.36412e-05
-0.494 1.23421e-05
-0.492 1.11622e-05
-0.49 1.00911e-05
-0.488 9.11915e-06
-0.486 8.23755e-06
-0.484 7.43824e-06
-0.482 6.71382e-06
-0.48 6.05754e-06
-0.478 5.46325e-06
-0.476 4.92531e-06
-0.474 4.43857e-06
-0.472 3.99835e-06
-0.47 3.60036e-06
-0.468 3.24069e-06
-0.466 2.9158e-06
-0.464 2.62244e-06
-0.462 2.35766e-06
-0.46 2.11877e-06
-0.458 1.90333e-06
-0.456 1.70912e-06
-0.454 1.53412e-06
-0.452 1.37649e-06
-0.45 1.23456e-06
-0.448 1.10683e-06
-0.446 9.9192e-07
-0.444 8.88588e-07
-0.442 7.95704e-07
-0.44 7.12246e-07
-0.438 6.37289e-07
-0.436 5.69993e-07
-0.434 5.09602e-07
-0.432 4.55428e-07
-0.43 4.06852e-07
-0.428 3.63312e-07
-0.426 3.24304e-07
-0.424 2.89368e-07
-0.422 2.58094e-07
-0.42 2.30108e-07
-0.418 2.05075e-07
-0.416 1.82693e-07
-0.414 1.62689e-07
-0.412 1.44818e-07
-0.41 1.28859e-07
-0.408 1.14613e-07
-0.406 1.01901e-07
-0.404 9.05638e-08
-0.402 8.04556e-08
-0.4 7.14473e-08
-0.398 6.34224e-08
-0.396 5.62765e-08
-0.394 4.99159e-08
-0.392 4.42566e-08
-0.39 3.92233e-08
-0.388 3.47487e-08
-0.386 3.07723e-08
-0.384 2.72402e-08
-0.382 2.41039e-08
-0.38 2.13202e-08
-0.378 1.88505e-08
-0.376 1.66603e-08
-0.374 1.47187e-08
-0.372 1.29982e-08
-0.37 1.14742e-08
-0.368 1.0125e-08
-0.366 8.93078e-09
-0.364 7.87433e-09
-0.362 6.94008e-09
-0.36 6.11426e-09
-0.358 5.38456e-09
-0.356 4.74006e-09
-0.354 4.17105e-09
-0.352 3.66888e-09
-0.35 3.2259e-09
-0.348 2.83527e-09
-0.346 2.49095e-09
-0.344 2.18758e-09
-0.342 1.92039e-09
-0.34 1.68516e-09
-0.338 1.47817e-09
-0.336 1.29608e-09
-0.334 1.13597e-09
-0.332 9.95247e-10
-0.33 8.71609e-10
-0.328 7.63028e-10
-0.326 6.67707e-10
-0.324 5.84062e-10
-0.322 5.10692e-10
-0.32 4.4636e-10
-0.318 3.89979e-10
-0.316 3.4058e-10
-0.314 2.97328e-10
-0.312 2.5946e-10
-0.31 2.26323e-10
-0.308 1.97346e-10
-0.306 1.72005e-10
-0.304 1.49863e-10
-0.302 1.30515e-10
-0.3 1.13626e-10
-0.298 9.88782e-11
-0.296 8.60115e-11
-0.294 7.47879e-11
-0.292 6.50042e-11
-0.29 5.64834e-11
-0.288 4.90519e-11
-0.286 4.25881e-11
-0.284 3.69542e-11
-0.282 3.20578e-11
-0.28 2.77973e-11
-0.278 2.40945e-11
-0.276 2.08773e-11
-0.274 1.80807e-11
-0.272 1.56575e-11
-0.27 1.35435e-11
-0.268 1.1719e-11
-0.266 1.0132e-11
-0.264 8.76328e-12
-0.262 7.56869e-12
-0.26 6.53859e-12
-0.258 5.64411e-12
-0.256 4.87234e-12
-0.254 4.19953e-12
-0.252 3.6217e-12
-0.25 3.12414e-12
-0.248 2.69039e-12
-0.246 2.31833e-12
-0.244 1.99744e-12
-0.242 1.71724e-12
-0.24 1.47941e-12
-0.238 1.26841e-12
-0.236 1.09365e-12
-0.234 9.37414e-13
-0.232 8.06689e-13
-0.23 6.91316e-13
-0.228 5.95147e-13
-0.226 5.10448e-13
-0.224 4.37749e-13
-0.222 3.75524e-13
-0.22 3.21698e-13
-0.218 2.75047e-13
-0.216 2.40939e-13
-0.214 1.98942e-13
-0.212 1.71979e-13
-0.21 1.4655e-13
-0.208 1.29626e-13
-0.206 1.0923e-13
-0.204 9.40544e-14
-0.202 8.09641e-14
-0.2 7.03226e-14
-0.198 5.73047e-14
-0.196 4.85212e-14
-0.194 4.49118e-14
-0.192 3.6323e-14
-0.19 3.02008e-14
-0.188 2.55218e-14
-0.186 2.60194e-14
-0.184 1.84319e-14
-0.182 1.82241e-14
-0.18 1.39766e-14
-0.178 1.28672e-14
-0.176 8.3964e-15
-0.174 1.22375e-14
-0.172 9.36044e-15
-0.17 9.30052e-15
-0.168 8.10624e-15
-0.166 2.42152e-15
-0.164 3.27484e-15
-0.162 6.22808e-15
-0.16 1.09043e-15
-0.158 1.9592e-15
-0.156 2.8171e-15
-0.154 2.55626e-15
-0.152 3.79034e-15
-0.15 1.8718e-15
-0.148 3.07429e-15
-0.146 4.30523e-15
-0.144 3.8328e-15
-0.142 3.4329e-15
-0.14 1.87555e-15
-0.138 1.91105e-15
-0.136 5.52626e-15
-0.134 -9.36212e-16
-0.132 5.93664e-15
-0.13 -1.17696e-15
-0.128 2.99578e-15
-0.126 -4.84018e-16
-0.124 1.03153e-15
-0.122 2.49046e-15
-0.12 2.77436e-16
-0.118 4.09607e-15
-0.116 1.97133e-15
-0.114 -5.86408e-17
-0.112 -8.69691e-16
-0.11 -1.45835e-15
-0.108 -1.62187e-16
-0.106 -1.93427e-15
-0.104 -1.07818e-15
-0.102 1.44032e-15
-0.1 2.68786e-15
-0.098 -9.94621e-16
-0.096 6.96206e-16
-0.094 -1.23205e-15
-0.092 3.71364e-15
-0.09 3.64471e-15
-0.088 -2.71116e-16
-0.086 4.11608e-15
-0.084 1.66461e-15
-0.082 -4.446e-16
-0.08 1.2123e-15
-0.078 8.26473e-16
-0.076 -2.5491e-15
-0.074 3.94464e-15
-0.072 -9.44268e-16
-0.07 -3.35972e-16
-0.068 2.32392e-15
-0.066 -3.45079e-15
-0.064 -3.00204e-16
-0.062 1.45426e-15
-0.06 2.43155e-15
-0.058 2.23315e-15
-0.056 -4.5496e-17
-0.054 1.75102e-16
-0.052 -1.85033e-15
-0.05 -8.0102e-17
-0.048 6.47014e-17
-0.046 3.95091e-15
-0.044 -2.09706e-15
-0.042 1.0292e-15
-0.04 -8.33671e-16
-0.038 2.48916e-15
-0.036 6.43079e-15
-0.034 1.7457e-15
-0.032 -2.94762e-16
-0.03 3.92172e-15
-0.028 3.79689e-16
-0.026 -7.87354e-16
-0.024 5.92576e-16
-0.022 3.84857e-16
-0.02 3.06397e-15
-0.018 7.23499e-16
-0.016 -3.69307e-16
-0.014 -1.68078e-15
-0.012 3.06408e-15
-0.01 -2.1252e-15
-0.008 5.40669e-16
-0.006 -2.52938e-15
-0.004 1.66626e-15
-0.002 -3.78439e-16
0 1.48417e-15
0.002 -1.32684e-15
0.004 1.44901e-16
0.006 -5.25462e-16
0.008 8.86063e-16
0.01 4.72268e-16
0.012 -6.23977e-17
0.014 1.77182e-16
0.016 3.82519e-15
0.018 2.6301e-16
0.02 3.30755e-15
0.022 9.83383e-16
0.024 -1.08097e-15
0.026 3.18718e-16
0.028 7.24774e-16
0.03 -6.37113e-16
0.032 -1.96056e-16
0.034 1.55634e-15
0.036 1.09509e-15
0.038 3.85288e-16
0.04 2.12804e-15
0.042 4.29615e-15
0.044 2.77886e-16
0.046 -5.55324e-16
0.048 -2.91142e-16
0.05 4.58112e-15
0.052 -1.46554e-15
0.054 3.24765e-15
0.056 -2.48513e-15
0.058 2.74612e-15
0.06 1.93322e-15
0.062 6.74944e-16
0.064 1.36005e-15
0.066 -1.56908e-15
0.068 5.37155e-17
0.07 1.25385e-16
0.072 2.50378e-15
0.074 -2.07211e-15
0.076 -7.5281e-16
0.078 4.62809e-16
0.08 -8.05281e-16
0.082 7.88803e-16
0.084 1.89525e-16
0.086 -1.67359e-15
0.088 1.40845e-15
0.09 1.57752e-16
0.092 1.27514e-15
0.094 -6.33641e-16
0.096 8.51523e-16
0.098 -3.1323e-16
0.1 7.04924e-17
0.102 8.22386e-16
0.104 1.64791e-15
0.106 -1.36403e-15
0.108 1.86094e-15
0.11 9.83558e-16
0.112 -2.14613e-15
0.114 4.7144e-15
0.116 4.90844e-16
0.118 2.38766e-15
0.12 -1.83752e-15
0.122 4.06586e-15
0.124 2.70855e-16
0.126 -3.40951e-15
0.128 -1.92017e-16
0.13 1.01243e-15
0.132 1.68661e-15
0.134 -5.4545e-16
0.136 1.03074e-15
0.138 1.25639e-16
0.14 1.37271e-15
0.142 -1.30149e-15
0.144 -1.5844e-15
0.146 -3.48879e-15
0.148 9.97253e-16
0.15 -2.96974e-16
0.152 1.6378e-16
0.154 1.01771e-15
0.156 4.5269e-15
0.158 3.87872e-15
0.16 1.16818e-15
0.162 1.90911e-15
0.164 5.0057e-15
0.166 5.21733e-15
0.168 7.16414e-15
0.17 8.39396e-15
0.172 3.93183e-15
0.174 8.12819e-15
0.176 8.89193e-15
0.178 9.85338e-15
0.18 1.29297e-14
0.182 1.32482e-14
0.184 2.242e-14
0.186 2.03968e-14
0.188 2.90077e-14
0.19 2.77599e-14
0.192 3.32573e-14
0.194 4.2061e-14
0.196 4.83524e-14
0.198 5.35067e-14
0.2 6.69362e-14
0.202 7.83275e-14
0.204 9.09939e-14
0.206 1.04903e-13
0.208 1.24893e-13
0.21 1.48803e-13
0.212 1.71019e-13
0.214 2.01751e-13
0.216 2.34308e-13
0.218 2.75695e-13
0.22 3.21314e-13
0.222 3.74282e-13
0.224 4.355e-13
0.226 5.08851e-13
0.228 5.93688e-13
0.23 6.89157e-13
0.232 8.03002e-13
0.234 9.36194e-13
0.236 1.09102e-12
0.238 1.26818e-12
0.24 1.47752e-12
0.242 1.71636e-12
0.244 1.99557e-12
0.246 2.3198e-12
0.248 2.68868e-12
0.25 3.12709e-12
0.252 3.62005e-12
0.254 4.20295e-12
0.256 4.86662e-12
0.258 5.64181e-12
0.26 6.53652e-12
0.262 7.56235e-12
0.264 8.7581e-12
0.266 1.0131e-11
0.268 1.17172e-11
0.27 1.35452e-11
0.272 1.56515e-11
0.274 1.80782e-11
0.276 2.08694e-11
0.278 2.4091e-11
0.28 2.7796e-11
0.282 3.20544e-11
0.284 3.69522e-11
0.286 4.25859e-11
0.288 4.90482e-11
0.29 5.64785e-11
0.292 6.50048e-11
0.294 7.47862e-11
0.296 8.60088e-11
0.298 9.88704e-11
0.3 1.13622e-10
0.302 1.30515e-10
0.304 1.49862e-10
0.306 1.72008e-10
0.308 1.97343e-10
0.31 2.26324e-10
0.312 2.59458e-10
0.314 2.97321e-10
0.316 3.40577e-10
0.318 3.89974e-10
0.32 4.46358e-10
0.322 5.10687e-10
0.324 5.84057e-10
0.326 6.67704e-10
0.328 7.63021e-10
0.33 8.71605e-10
0.332 9.95244e-10
0.334 1.13597e-09
0.336 1.29608e-09
0.338 1.47816e-09
0.34 1.68516e-09
0.342 1.92038e-09
0.344 2.18757e-09
0.346 2.49094e-09
0.348 2.83526e-09
0.35 3.22589e-09
0.352 3.66888e-09
0.354 4.17104e-09
0.356 4.74006e-09
0.358 5.38455e-09
0.36 6.11425e-09
0.362 6.94008e-09
0.364 7.87432e-09
0.366 8.93078e-09
0.368 1.0125e-08
0.37 1.14742e-08
0.372 1.29982e-08
0.374 1.47187e-08
0.376 1.66602e-08
0.378 1.88505e-08
0.38 2.13202e-08
0.382 2.41039e-08
0.384 2.72402e-08
0.386 3.07723e-08
0.388 3.47487e-08
0.39 3.92233e-08
0.392 4.42566e-08
0.394 4.99158e-08
0.396 5.62765e-08
0.398 6.34224e-08
0.4 7.14473e-08
0.402 8.04556e-08
0.404 9.05638e-08
0.406 1.01901e-07
0.408 1.14613e-07
0.41 1.28859e-07
0.412 1.44818e-07
0.414 1.62689e-07
0.416 1.82693e-07
0.418 2.05075e-07
0.42 2.30108e-07
0.422 2.58094e-07
0.424 2.89368e-07
0.426 3.24304e-07
0.428 3.63312e-07
0.43 4.06852e-07
0.432 4.55428e-07
0.434 5.09602e-07
0.436 5.69993e-07
0.438 6.37289e-07
0.44 7.12246e-07
0.442 7.95704e-07
0.444 8.88588e-07
0.446 9.9192e-07
0.448 1.10683e-06
0.45 1.23456e-06
0.452 1.37649e-06
0.454 1.53412e-06
0.456 1.70912e-06
0.458 1.90333e-06
0.46 2.11877e-06
0.462 2.35766e-06
0.464 2.62244e-06
0.466 2.9158e-06
0.468 3.24069e-06
0.47 3.60036e-06
0.472 3.99835e-06
0.474 4.43857e-06
0.476 4.92531e-06
0.478 5.46325e-06
0.48 6.05754e-06
0.482 6.71382e-06
0.484 7.43824e-06
0.486 8.23755e-06
0.488 9.11915e-06
0.49 1.00911e-05
0.492 1.11622e-05
0.494 1.23421e-05
0.496 1.36412e-05
0.498 1.50712e-05
0.5 1.66444e-05
0.502 1.83746e-05
0.504 2.02766e-05
0.506 2.23666e-05
0.508 2.46622e-05
0.51 2.71826e-05
0.512 2.99488e-05
0.514 3.29833e-05
0.516 3.63109e-05
0.518 3.99583e-05
0.52 4.39547e-05
0.522 4.83315e-05
0.524 5.31231e-05
0.526 5.83666e-05
0.528 6.41023e-05
0.53 7.03736e-05
0.532 7.72278e-05
0.534 8.47159e-05
0.536 9.28933e-05
0.538 0.00010182
0.54 0.000111559
0.542 0.000122182
0.544 0.000133764
0.546 0.000146385
0.548 0.000160133
0.55 0.000175103
0.552 0.000191397
0.554 0.000209124
0.556 0.000228402
0.558 0.000249358
0.56 0.000272129
0.562 0.000296861
0.564 0.000323713
0.566 0.000352854
0.568 0.000384466
0.57 0.000418743
0.572 0.000455895
0.574 0.000496147
0.576 0.000539739
0.578 0.000586928
0.58 0.000637989
0.582 0.000693217
0.584 0.000752928
0.586 0.000817458
0.588 0.000887166
0.59 0.000962436
0.592 0.00104368
0.594 0.00113133
0.596 0.00122586
0.598 0.00132776
0.6 0.00143755
0.602 0.00155581
0.604 0.00168314
0.606 0.00182015
0.608 0.00196755
0.61 0.00212603
0.612 0.00229637
0.614 0.00247938
0.616 0.0026759
0.618 0.00288686
0.62 0.00311322
0.622 0.00335599
0.624 0.00361626
0.626 0.00389517
0.628 0.00419392
0.63 0.00451381
0.632 0.00485616
0.634 0.00522241
0.636 0.00561405
0.638 0.00603267
0.64 0.00647994
0.642 0.00695761
0.644 0.00746753
0.646 0.00801164
0.648 0.00859199
0.65 0.00921072
0.652 0.0098701
0.654 0.0105725
0.656 0.0113204
0.658 0.0121164
0.66 0.0129632
0.662 0.0138637
0.664 0.0148208
0.666 0.0158378
0.668 0.0169179
0.67 0.0180644
0.672 0.019281
0.674 0.0205714
0.676 0.0219394
0.678 0.0233892
0.68 0.0249248
0.682 0.0265508
0.684 0.0282716
0.686 0.030092
0.688 0.0320169
0.69 0.0340515
0.692 0.036201
0.694 0.0384709
0.696 0.040867
0.698 0.043395
0.7 0.0460613
0.702 0.0488719
0.704 0.0518335
0.706 0.0549528
0.708 0.0582367
0.71 0.0616924
0.712 0.0653272
0.714 0.0691488
0.716 0.073165
0.718 0.0773837
0.72 0.0818132
0.722 0.0864621
0.724 0.0913388
0.726 0.0964524
0.728 0.101812
0.73 0.107427
0.732 0.113306
0.734 0.11946
0.736 0.125898
0.738 0.132631
0.74 0.139668
0.742 0.147021
0.744 0.154699
0.746 0.162713
0.748 0.171075
0.75 0.179796
0.752 0.188886
0.754 0.198357
0.756 0.20822
0.758 0.218488
0.76 0.229171
0.762 0.24028
0.764 0.251829
0.766 0.263828
0.768 0.276289
0.77 0.289225
0.772 0.302646
0.774 0.316564
0.776 0.330991
0.778 0.345938
0.78 0.361418
0.782 0.37744
0.784 0.394017
0.786 0.411158
0.788 0.428875
0.79 0.447179
0.792 0.466079
0.794 0.485585
0.796 0.505707
0.798 0.526455
0.8 0.547836
0.802 0.56986
0.804 0.592535
0.806 0.615868
0.808 0.639866
0.81 0.664536
0.812 0.689883
0.814 0.715914
0.816 0.742633
0.818 0.770043
0.82 0.798149
0.822 0.826953
0.824 0.856458
0.826 0.886663
0.828 0.917571
0.83 0.949179
0.832 0.981487
0.834 1.01449
0.836 1.04819
0.838 1.08259
0.84 1.11766
0.842 1.15342
0.844 1.18985
0.846 1.22694
0.848 1.26469
0.85 1.30308
0.852 1.34211
0.854 1.38176
0.856 1.42201
0.858 1.46286
0.86 1.50429
0.862 1.54628
0.864 1.58881
0.866 1.63186
0.868 1.67541
0.87 1.71945
0.872 1.76395
0.874 1.80888
0.876 1.85422
0.878 1.89994
0.88 1.94602
0.882 1.99243
0.884 2.03914
0.886 2.08611
0.888 2.13332
0.89 2.18074
0.892 2.22833
0.894 2.27605
0.896 2.32388
0.898 2.37177
0.9 2.41969
0.902 2.4676
0.904 2.51546
0.906 2.56323
0.908 2.61088
0.91 2.65836
0.912 2.70563
0.914 2.75266
0.916 2.79939
0.918 2.84578
0.92 2.8918
0.922 2.9374
0.924 2.98254
0.926 3.02717
0.928 3.07125
0.93 3.11474
0.932 3.15759
0.934 3.19977
0.936 3.24123
0.938 3.28192
0.94 3.32181
0.942 3.36085
0.944 3.399
0.946 3.43623
0.948 3.47249
0.95 3.50774
0.952 3.54194
0.954 3.57506
0.956 3.60707
0.958 3.63791
0.96 3.66757
0.962 3.69601
0.964 3.72319
0.966 3.74909
0.968 3.77367
0.97 3.79691
0.972 3.81878
0.974 3.83925
0.976 3.85831
0.978 3.87592
0.98 3.89207
0.982 3.90675
0.984 3.91992
0.986 3.93158
0.988 3.94172
0.99 3.95031
0.992 3.95736
0.994 3.96285
0.996 3.96678
0.998 3.96913
