-1 0.239883
-0.99 0.240215
-0.98 0.240173
-0.97 0.240709
-0.96 0.241052
-0.95 0.241676
-0.94 0.242525
-0.93 0.243123
-0.92 0.244519
-0.91 0.245176
-0.9 0.246823
-0.89 0.248029
-0.88 0.249341
-0.87 0.251434
-0.86 0.252671
-0.85 0.254615
-0.84 0.257032
-0.83 0.258493
-0.82 0.260619
-0.81 0.263668
-0.8 0.265756
-0.79 0.26724
-0.78 0.270258
-0.77 0.275554
-0.76 0.28226
-0.75 0.289421
-0.74 0.296658
-0.73 0.30393
-0.72 0.311262
-0.71 0.318661
-0.7 0.326124
-0.69 0.333647
-0.68 0.341226
-0.67 0.348858
-0.66 0.356538
-0.65 0.364262
-0.64 0.372027
-0.63 0.379828
-0.62 0.387661
-0.61 0.39552
-0.6 0.403402
-0.59 0.411302
-0.58 0.419215
-0.57 0.427136
-0.56 0.43506
-0.55 0.442981
-0.54 0.450896
-0.53 0.458798
-0.52 0.466682
-0.51 0.474542
-0.5 0.482374
-0.49 0.490172
-0.48 0.49793
-0.47 0.505643
-0.46 0.513305
-0.45 0.52091
-0.44 0.528453
-0.43 0.535928
-0.42 0.54333
-0.41 0.550652
-0.4 0.557889
-0.39 0.565036
-0.38 0.572087
-0.37 0.579035
-0.36 0.585876
-0.35 0.592604
-0.34 0.599214
-0.33 0.6057
-0.32 0.612057
-0.31 0.618279
-0.3 0.624361
-0.29 0.630299
-0.28 0.636087
-0.27 0.64172
-0.26 0.647194
-0.25 0.652503
-0.24 0.657643
-0.23 0.66261
-0.22 0.6674
-0.21 0.672007
-0.2 0.676429
-0.19 0.680661
-0.18 0.684699
-0.17 0.68854
-0.16 0.69218
-0.15 0.695617
-0.14 0.698846
-0.13 0.701866
-0.12 0.704674
-0.11 0.707266
-0.1 0.70964
-0.09 0.711796
-0.08 0.713729
-0.07 0.71544
-0.06 0.716925
-0.05 0.718184
-0.04 0.719216
-0.03 0.72002
-0.02 0.720594
-0.01 0.720939
0 0.721054
0.01 0.720939
0.02 0.720594
0.03 0.72002
0.04 0.719216
0.05 0.718184
0.06 0.716925
0.07 0.71544
0.08 0.713729
0.09 0.711796
0.1 0.70964
0.11 0.707266
0.12 0.704674
0.13 0.701866
0.14 0.698846
0.15 0.695617
0.16 0.69218
0.17 0.68854
0.18 0.684699
0.19 0.680661
0.2 0.676429
0.21 0.672007
0.22 0.6674
0.23 0.66261
0.24 0.657643
0.25 0.652503
0.26 0.647194
0.27 0.64172
0.28 0.636087
0.29 0.630299
0.3 0.624361
0.31 0.618279
0.32 0.612057
0.33 0.6057
0.34 0.599214
0.35 0.592604
0.36 0.585876
0.37 0.579035
0.38 0.572087
0.39 0.565036
0.4 0.557889
0.41 0.550652
0.42 0.54333
0.43 0.535928
0.44 0.528453
0.45 0.52091
0.46 0.513305
0.47 0.505643
0.48 0.49793
0.49 0.490172
0.5 0.482374
0.51 0.474542
0.52 0.466682
0.53 0.458798
0.54 0.450896
0.55 0.442981
0.56 0.43506
0.57 0.427136
0.58 0.419215
0.59 0.411302
0.6 0.403402
0.61 0.39552
0.62 0.387661
0.63 0.379828
0.64 0.372027
0.65 0.364262
0.66 0.356538
0.67 0.348858
0.68 0.341226
0.69 0.333647
0.7 0.326124
0.71 0.318661
0.72 0.311262
0.73 0.30393
0.74 0.296658
0.75 0.289421
0.76 0.28226
0.77 0.275554
0.78 0.270258
0.79 0.26724
0.8 0.265756
0.81 0.263668
0.82 0.260619
0.83 0.258493
0.84 0.257032
0.85 0.254615
0.86 0.252671
0.87 0.251434
0.88 0.249341
0.89 0.248029
0.9 0.246823
0.91 0.245176
0.92 0.244519
0.93 0.243123
0.94 0.242525
0.95 0.241676
0.96 0.241052
0.97 0.240709
0.98 0.240173
0.99 0.240215
