-1 0.397578
-0.99 0.397907
-0.98 0.397699
-0.97 0.398162
-0.96 0.398064
-0.95 0.398661
-0.94 0.398682
-0.93 0.399379
-0.92 0.399565
-0.91 0.400283
-0.9 0.400719
-0.89 0.401351
-0.88 0.40212
-0.87 0.402606
-0.86 0.403675
-0.85 0.404133
-0.84 0.405249
-0.83 0.40599
-0.82 0.406822
-0.81 0.408025
-0.8 0.408621
-0.79 0.409898
-0.78 0.410842
-0.77 0.411627
-0.76 0.41305
-0.75 0.413799
-0.74 0.414776
-0.73 0.416198
-0.72 0.416856
-0.71 0.417846
-0.7 0.419295
-0.69 0.419934
-0.68 0.420671
-0.67 0.422153
-0.66 0.423031
-0.65 0.423282
-0.64 0.424304
-0.63 0.42582
-0.62 0.426391
-0.61 0.426108
-0.6 0.426571
-0.59 0.428866
-0.58 0.432741
-0.57 0.437356
-0.56 0.4421
-0.55 0.446754
-0.54 0.451301
-0.53 0.455762
-0.52 0.460144
-0.51 0.464449
-0.5 0.468675
-0.49 0.472819
-0.48 0.47688
-0.47 0.480857
-0.46 0.484749
-0.45 0.488555
-0.44 0.492274
-0.43 0.495906
-0.42 0.499449
-0.41 0.502903
-0.4 0.506269
-0.39 0.509544
-0.38 0.51273
-0.37 0.515825
-0.36 0.51883
-0.35 0.521745
-0.34 0.524569
-0.33 0.527304
-0.32 0.529948
-0.31 0.532503
-0.3 0.534968
-0.29 0.537344
-0.28 0.539632
-0.27 0.541831
-0.26 0.543943
-0.25 0.545968
-0.24 0.547906
-0.23 0.549758
-0.22 0.551525
-0.21 0.553207
-0.2 0.554806
-0.19 0.556321
-0.18 0.557753
-0.17 0.559104
-0.16 0.560373
-0.15 0.561562
-0.14 0.56267
-0.13 0.563699
-0.12 0.56465
-0.11 0.565522
-0.1 0.566316
-0.09 0.567033
-0.08 0.567673
-0.07 0.568237
-0.06 0.568725
-0.05 0.569138
-0.04 0.569475
-0.03 0.569736
-0.02 0.569923
-0.01 0.570035
0 0.570073
0.01 0.570035
0.02 0.569923
0.03 0.569736
0.04 0.569475
0.05 0.569138
0.06 0.568725
0.07 0.568237
0.08 0.567673
0.09 0.567033
0.1 0.566316
0.11 0.565522
0.12 0.56465
0.13 0.563699
0.14 0.56267
0.15 0.561562
0.16 0.560373
0.17 0.559104
0.18 0.557753
0.19 0.556321
0.2 0.554806
0.21 0.553207
0.22 0.551525
0.23 0.549758
0.24 0.547906
0.25 0.545968
0.26 0.543943
0.27 0.541831
0.28 0.539632
0.29 0.537344
0.3 0.534968
0.31 0.532503
0.32 0.529948
0.33 0.527304
0.34 0.524569
0.35 0.521745
0.36 0.51883
0.37 0.515825
0.38 0.51273
0.39 0.509544
0.4 0.506269
0.41 0.502903
0.42 0.499449
0.43 0.495906
0.44 0.492274
0.45 0.488555
0.46 0.484749
0.47 0.480857
0.48 0.47688
0.49 0.472819
0.5 0.468675
0.51 0.464449
0.52 0.460144
0.53 0.455762
0.54 0.451301
0.55 0.446754
0.56 0.4421
0.57 0.437356
0.58 0.432741
0.59 0.428866
0.6 0.426571
0.61 0.426108
0.62 0.426391
0.63 0.42582
0.64 0.424304
0.65 0.423282
0.66 0.423031
0.67 0.422153
0.68 0.420671
0.69 0.419934
0.7 0.419295
0.71 0.417846
0.72 0.416856
0.73 0.416198
0.74 0.414776
0.75 0.413799
0.76 0.41305
0.77 0.411627
0.78 0.410842
0.79 0.409898
0.8 0.408621
0.81 0.408025
0.82 0.406822
0.83 0.40599
0.84 0.405249
0.85 0.404133
0.86 0.403675
0.87 0.402606
0.88 0.40212
0.89 0.401351
0.9 0.400719
0.91 0.400283
0.92 0.399565
0.93 0.399379
0.94 0.398682
0.95 0.398661
0.96 0.398064
0.97 0.398162
0.98 0.397699
0.99 0.397907
