-1 0.4176
-0.99 0.417559
-0.98 0.417689
-0.97 0.417775
-0.96 0.417953
-0.95 0.418204
-0.94 0.418387
-0.93 0.418837
-0.92 0.418993
-0.91 0.419647
-0.9 0.419786
-0.89 0.420583
-0.88 0.420796
-0.87 0.421585
-0.86 0.42204
-0.85 0.422632
-0.84 0.423447
-0.83 0.423813
-0.82 0.424838
-0.81 0.425272
-0.8 0.426078
-0.79 0.426954
-0.78 0.427362
-0.77 0.428454
-0.76 0.429028
-0.75 0.429628
-0.74 0.430733
-0.73 0.431118
-0.72 0.431835
-0.71 0.432876
-0.7 0.433145
-0.69 0.433791
-0.68 0.434827
-0.67 0.435038
-0.66 0.43535
-0.65 0.43638
-0.64 0.436811
-0.63 0.436582
-0.62 0.437067
-0.61 0.438083
-0.6 0.438209
-0.59 0.437404
-0.58 0.437195
-0.57 0.438746
-0.56 0.441916
-0.55 0.445896
-0.54 0.450042
-0.53 0.4541
-0.52 0.45804
-0.51 0.461883
-0.5 0.46564
-0.49 0.469311
-0.48 0.472898
-0.47 0.476397
-0.46 0.479809
-0.45 0.483133
-0.44 0.486369
-0.43 0.489516
-0.42 0.492575
-0.41 0.495546
-0.4 0.498429
-0.39 0.501224
-0.38 0.503931
-0.37 0.506551
-0.36 0.509084
-0.35 0.511531
-0.34 0.513892
-0.33 0.516168
-0.32 0.518361
-0.31 0.52047
-0.3 0.522498
-0.29 0.524444
-0.28 0.526309
-0.27 0.528096
-0.26 0.529804
-0.25 0.531435
-0.24 0.532991
-0.23 0.534471
-0.22 0.535879
-0.21 0.537213
-0.2 0.538476
-0.19 0.53967
-0.18 0.540794
-0.17 0.54185
-0.16 0.542839
-0.15 0.543763
-0.14 0.544621
-0.13 0.545416
-0.12 0.546148
-0.11 0.546818
-0.1 0.547427
-0.09 0.547976
-0.08 0.548465
-0.07 0.548894
-0.06 0.549266
-0.05 0.549579
-0.04 0.549835
-0.03 0.550033
-0.02 0.550175
-0.01 0.55026
0 0.550288
0.01 0.55026
0.02 0.550175
0.03 0.550033
0.04 0.549835
0.05 0.549579
0.06 0.549266
0.07 0.548894
0.08 0.548465
0.09 0.547976
0.1 0.547427
0.11 0.546818
0.12 0.546148
0.13 0.545416
0.14 0.544621
0.15 0.543763
0.16 0.542839
0.17 0.54185
0.18 0.540794
0.19 0.53967
0.2 0.538476
0.21 0.537213
0.22 0.535879
0.23 0.534471
0.24 0.532991
0.25 0.531435
0.26 0.529804
0.27 0.528096
0.28 0.526309
0.29 0.524444
0.3 0.522498
0.31 0.52047
0.32 0.518361
0.33 0.516168
0.34 0.513892
0.35 0.511531
0.36 0.509084
0.37 0.506551
0.38 0.503931
0.39 0.501224
0.4 0.498429
0.41 0.495546
0.42 0.492575
0.43 0.489516
0.44 0.486369
0.45 0.483133
0.46 0.479809
0.47 0.476397
0.48 0.472898
0.49 0.469311
0.5 0.46564
0.51 0.461883
0.52 0.45804
0.53 0.4541
0.54 0.450042
0.55 0.445896
0.56 0.441916
0.57 0.438746
0.58 0.437195
0.59 0.437404
0.6 0.438209
0.61 0.438083
0.62 0.437067
0.63 0.436582
0.64 0.436811
0.65 0.43638
0.66 0.43535
0.67 0.435038
0.68 0.434827
0.69 0.433791
0.7 0.433145
0.71 0.432876
0.72 0.431835
0.73 0.431118
0.74 0.430733
0.75 0.429628
0.76 0.429028
0.77 0.428454
0.78 0.427362
0.79 0.426954
0.8 0.426078
0.81 0.425272
0.82 0.424838
0.83 0.423813
0.84 0.423447
0.85 0.422632
0.86 0.42204
0.87 0.421585
0.88 0.420796
0.89 0.420583
0.9 0.419786
0.91 0.419647
0.92 0.418993
0.93 0.418837
0.94 0.418387
0.95 0.418204
0.96 0.417953
0.97 0.417775
0.98 0.417689
0.99 0.417559
