-1 0.405242
-0.99 0.405294
-0.98 0.405367
-0.97 0.405503
-0.96 0.405741
-0.95 0.405917
-0.94 0.406357
-0.93 0.406536
-0.92 0.407194
-0.91 0.407372
-0.9 0.408207
-0.89 0.408451
-0.88 0.409337
-0.87 0.409799
-0.86 0.410546
-0.85 0.411377
-0.84 0.411891
-0.83 0.413023
-0.82 0.413522
-0.81 0.414561
-0.8 0.415464
-0.79 0.416093
-0.78 0.417368
-0.77 0.418001
-0.76 0.418927
-0.75 0.420149
-0.74 0.420672
-0.73 0.421768
-0.72 0.422905
-0.71 0.423356
-0.7 0.424436
-0.69 0.4256
-0.68 0.425954
-0.67 0.426753
-0.66 0.42806
-0.65 0.428527
-0.64 0.428675
-0.63 0.429731
-0.62 0.430954
-0.61 0.431064
-0.6 0.430593
-0.59 0.431184
-0.58 0.433641
-0.57 0.437513
-0.56 0.441966
-0.55 0.446476
-0.54 0.45088
-0.53 0.455176
-0.52 0.459385
-0.51 0.463514
-0.5 0.467562
-0.49 0.471526
-0.48 0.475407
-0.47 0.479202
-0.46 0.482912
-0.45 0.486535
-0.44 0.49007
-0.43 0.493517
-0.42 0.496877
-0.41 0.500147
-0.4 0.503328
-0.39 0.506421
-0.38 0.509424
-0.37 0.512338
-0.36 0.515163
-0.35 0.5179
-0.34 0.520547
-0.33 0.523107
-0.32 0.525579
-0.31 0.527964
-0.3 0.530262
-0.29 0.532474
-0.28 0.5346
-0.27 0.536642
-0.26 0.5386
-0.25 0.540474
-0.24 0.542266
-0.23 0.543976
-0.22 0.545606
-0.21 0.547155
-0.2 0.548625
-0.19 0.550017
-0.18 0.551332
-0.17 0.55257
-0.16 0.553732
-0.15 0.554819
-0.14 0.555832
-0.13 0.556771
-0.12 0.557638
-0.11 0.558433
-0.1 0.559156
-0.09 0.559809
-0.08 0.560391
-0.07 0.560904
-0.06 0.561347
-0.05 0.561722
-0.04 0.562027
-0.03 0.562265
-0.02 0.562435
-0.01 0.562536
0 0.56257
0.01 0.562536
0.02 0.562435
0.03 0.562265
0.04 0.562027
0.05 0.561722
0.06 0.561347
0.07 0.560904
0.08 0.560391
0.09 0.559809
0.1 0.559156
0.11 0.558433
0.12 0.557638
0.13 0.556771
0.14 0.555832
0.15 0.554819
0.16 0.553732
0.17 0.55257
0.18 0.551332
0.19 0.550017
0.2 0.548625
0.21 0.547155
0.22 0.545606
0.23 0.543976
0.24 0.542266
0.25 0.540474
0.26 0.5386
0.27 0.536642
0.28 0.5346
0.29 0.532474
0.3 0.530262
0.31 0.527964
0.32 0.525579
0.33 0.523107
0.34 0.520547
0.35 0.5179
0.36 0.515163
0.37 0.512338
0.38 0.509424
0.39 0.506421
0.4 0.503328
0.41 0.500147
0.42 0.496877
0.43 0.493517
0.44 0.49007
0.45 0.486535
0.46 0.482912
0.47 0.479202
0.48 0.475407
0.49 0.471526
0.5 0.467562
0.51 0.463514
0.52 0.459385
0.53 0.455176
0.54 0.45088
0.55 0.446476
0.56 0.441966
0.57 0.437513
0.58 0.433641
0.59 0.431184
0.6 0.430593
0.61 0.431064
0.62 0.430954
0.63 0.429731
0.64 0.428675
0.65 0.428527
0.66 0.42806
0.67 0.426753
0.68 0.425954
0.69 0.4256
0.7 0.424436
0.71 0.423356
0.72 0.422905
0.73 0.421768
0.74 0.420672
0.75 0.420149
0.76 0.418927
0.77 0.418001
0.78 0.417368
0.79 0.416093
0.8 0.415464
0.81 0.414561
0.82 0.413522
0.83 0.413023
0.84 0.411891
0.85 0.411377
0.86 0.410546
0.87 0.409799
0.88 0.409337
0.89 0.408451
0.9 0.408207
0.91 0.407372
0.92 0.407194
0.93 0.406536
0.94 0.406357
0.95 0.405917
0.96 0.405741
0.97 0.405503
0.98 0.405367
0.99 0.405294
