-1 0.79299
-0.99 0.792645
-0.98 0.792363
-0.97 0.791397
-0.96 0.790483
-0.95 0.788906
-0.94 0.787358
-0.93 0.785187
-0.92 0.783001
-0.91 0.78026
-0.9 0.777431
-0.89 0.774148
-0.88 0.770672
-0.87 0.766881
-0.86 0.762758
-0.85 0.758488
-0.84 0.753732
-0.83 0.748999
-0.82 0.743647
-0.81 0.738442
-0.8 0.732565
-0.79 0.726854
-0.78 0.720545
-0.77 0.714279
-0.76 0.707639
-0.75 0.700788
-0.74 0.693876
-0.73 0.686477
-0.72 0.679273
-0.71 0.671454
-0.7 0.663854
-0.69 0.655798
-0.68 0.647698
-0.67 0.639532
-0.66 0.630944
-0.65 0.622628
-0.64 0.613752
-0.63 0.605096
-0.62 0.596189
-0.61 0.587075
-0.6 0.578194
-0.59 0.56879
-0.58 0.559705
-0.57 0.550357
-0.56 0.540861
-0.55 0.53166
-0.54 0.521964
-0.53 0.512584
-0.52 0.503108
-0.51 0.49336
-0.5 0.484051
-0.49 0.474345
-0.48 0.464749
-0.47 0.455424
-0.46 0.445653
-0.45 0.436273
-0.44 0.426923
-0.43 0.417243
-0.42 0.408081
-0.41 0.398772
-0.4 0.389278
-0.39 0.380339
-0.38 0.371165
-0.37 0.361899
-0.36 0.353208
-0.35 0.344269
-0.34 0.335242
-0.33 0.326825
-0.32 0.318224
-0.31 0.309442
-0.3 0.301296
-0.29 0.293143
-0.28 0.284646
-0.27 0.276705
-0.26 0.269078
-0.25 0.261007
-0.24 0.253167
-0.23 0.245994
-0.22 0.238612
-0.21 0.230926
-0.2 0.223861
-0.19 0.217269
-0.18 0.210244
-0.17 0.203062
-0.16 0.196627
-0.15 0.19067
-0.14 0.184249
-0.13 0.177477
-0.12 0.171342
-0.11 0.166079
-0.1 0.160798
-0.09 0.154749
-0.08 0.148331
-0.07 0.142697
-0.06 0.138703
-0.05 0.136396
-0.04 0.135267
-0.03 0.13474
-0.02 0.134463
-0.01 0.134305
0 0.134251
0.01 0.134305
0.02 0.134463
0.03 0.13474
0.04 0.135267
0.05 0.136396
0.06 0.138703
0.07 0.142697
0.08 0.148331
0.09 0.154749
0.1 0.160798
0.11 0.166079
0.12 0.171342
0.13 0.177477
0.14 0.184249
0.15 0.19067
0.16 0.196627
0.17 0.203062
0.18 0.210244
0.19 0.217269
0.2 0.223861
0.21 0.230926
0.22 0.238612
0.23 0.245994
0.24 0.253167
0.25 0.261007
0.26 0.269078
0.27 0.276705
0.28 0.284646
0.29 0.293143
0.3 0.301296
0.31 0.309442
0.32 0.318224
0.33 0.326825
0.34 0.335242
0.35 0.344269
0.36 0.353208
0.37 0.361899
0.38 0.371165
0.39 0.380339
0.4 0.389278
0.41 0.398772
0.42 0.408081
0.43 0.417243
0.44 0.426923
0.45 0.436273
0.46 0.445653
0.47 0.455424
0.48 0.464749
0.49 0.474345
0.5 0.484051
0.51 0.49336
0.52 0.503108
0.53 0.512584
0.54 0.521964
0.55 0.53166
0.56 0.540861
0.57 0.550357
0.58 0.559705
0.59 0.56879
0.6 0.578194
0.61 0.587075
0.62 0.596189
0.63 0.605096
0.64 0.613752
0.65 0.622628
0.66 0.630944
0.67 0.639532
0.68 0.647698
0.69 0.655798
0.7 0.663854
0.71 0.671454
0.72 0.679273
0.73 0.686477
0.74 0.693876
0.75 0.700788
0.76 0.707639
0.77 0.714279
0.78 0.720545
0.79 0.726854
0.8 0.732565
0.81 0.738442
0.82 0.743647
0.83 0.748999
0.84 0.753732
0.85 0.758488
0.86 0.762758
0.87 0.766881
0.88 0.770672
0.89 0.774148
0.9 0.777431
0.91 0.78026
0.92 0.783001
0.93 0.785187
0.94 0.787358
0.95 0.788906
0.96 0.790483
0.97 0.791397
0.98 0.792363
0.99 0.792645
