-1 0.73103
-0.99 0.731125
-0.98 0.730546
-0.97 0.730163
-0.96 0.729097
-0.95 0.72824
-0.94 0.726691
-0.93 0.725362
-0.92 0.723342
-0.91 0.721533
-0.9 0.719067
-0.89 0.716763
-0.88 0.71389
-0.87 0.711064
-0.86 0.707831
-0.85 0.70446
-0.84 0.700909
-0.83 0.696986
-0.82 0.693132
-0.81 0.688695
-0.8 0.684501
-0.79 0.679646
-0.78 0.675023
-0.77 0.669887
-0.76 0.664734
-0.75 0.659428
-0.74 0.653725
-0.73 0.648236
-0.72 0.642114
-0.71 0.63628
-0.7 0.629982
-0.69 0.623619
-0.68 0.61729
-0.67 0.610432
-0.66 0.603926
-0.65 0.596889
-0.64 0.589902
-0.63 0.582945
-0.62 0.575473
-0.61 0.568393
-0.6 0.560871
-0.59 0.553276
-0.58 0.545929
-0.57 0.537999
-0.56 0.53038
-0.55 0.522681
-0.54 0.514546
-0.53 0.506874
-0.52 0.498871
-0.51 0.49065
-0.5 0.482903
-0.49 0.474702
-0.48 0.466437
-0.47 0.458636
-0.46 0.450348
-0.45 0.442037
-0.44 0.434231
-0.43 0.425974
-0.42 0.4176
-0.41 0.409815
-0.4 0.401736
-0.39 0.393307
-0.38 0.38548
-0.37 0.377732
-0.36 0.369399
-0.35 0.361359
-0.34 0.353916
-0.33 0.346079
-0.32 0.337833
-0.31 0.330201
-0.3 0.323071
-0.29 0.315415
-0.28 0.307306
-0.27 0.299813
-0.26 0.293128
-0.25 0.28624
-0.24 0.27847
-0.23 0.270451
-0.22 0.263449
-0.21 0.258193
-0.2 0.254519
-0.19 0.251807
-0.18 0.249512
-0.17 0.247358
-0.16 0.24528
-0.15 0.243288
-0.14 0.241403
-0.13 0.239634
-0.12 0.237986
-0.11 0.236461
-0.1 0.23506
-0.09 0.233787
-0.08 0.232642
-0.07 0.231628
-0.06 0.230745
-0.05 0.229996
-0.04 0.229382
-0.03 0.228903
-0.02 0.228561
-0.01 0.228355
0 0.228287
0.01 0.228355
0.02 0.228561
0.03 0.228903
0.04 0.229382
0.05 0.229996
0.06 0.230745
0.07 0.231628
0.08 0.232642
0.09 0.233787
0.1 0.23506
0.11 0.236461
0.12 0.237986
0.13 0.239634
0.14 0.241403
0.15 0.243288
0.16 0.24528
0.17 0.247358
0.18 0.249512
0.19 0.251807
0.2 0.254519
0.21 0.258193
0.22 0.263449
0.23 0.270451
0.24 0.27847
0.25 0.28624
0.26 0.293128
0.27 0.299813
0.28 0.307306
0.29 0.315415
0.3 0.323071
0.31 0.330201
0.32 0.337833
0.33 0.346079
0.34 0.353916
0.35 0.361359
0.36 0.369399
0.37 0.377732
0.38 0.38548
0.39 0.393307
0.4 0.401736
0.41 0.409815
0.42 0.4176
0.43 0.425974
0.44 0.434231
0.45 0.442037
0.46 0.450348
0.47 0.458636
0.48 0.466437
0.49 0.474702
0.5 0.482903
0.51 0.49065
0.52 0.498871
0.53 0.506874
0.54 0.514546
0.55 0.522681
0.56 0.53038
0.57 0.537999
0.58 0.545929
0.59 0.553276
0.6 0.560871
0.61 0.568393
0.62 0.575473
0.63 0.582945
0.64 0.589902
0.65 0.596889
0.66 0.603926
0.67 0.610432
0.68 0.61729
0.69 0.623619
0.7 0.629982
0.71 0.63628
0.72 0.642114
0.73 0.648236
0.74 0.653725
0.75 0.659428
0.76 0.664734
0.77 0.669887
0.78 0.675023
0.79 0.679646
0.8 0.684501
0.81 0.688695
0.82 0.693132
0.83 0.696986
0.84 0.700909
0.85 0.70446
0.86 0.707831
0.87 0.711064
0.88 0.71389
0.89 0.716763
0.9 0.719067
0.91 0.721533
0.92 0.723342
0.93 0.725362
0.94 0.726691
0.95 0.72824
0.96 0.729097
0.97 0.730163
0.98 0.730546
0.99 0.731125
