-1 0.401352
-0.99 0.401648
-0.98 0.401478
-0.97 0.401875
-0.96 0.401856
-0.95 0.402319
-0.94 0.402491
-0.93 0.402964
-0.92 0.40338
-0.91 0.4038
-0.9 0.4045
-0.89 0.404842
-0.88 0.405788
-0.87 0.406138
-0.86 0.407154
-0.85 0.407731
-0.84 0.408553
-0.83 0.40955
-0.82 0.410105
-0.81 0.41135
-0.8 0.412015
-0.79 0.412973
-0.78 0.414164
-0.77 0.414748
-0.76 0.416015
-0.75 0.417008
-0.74 0.417654
-0.73 0.419031
-0.72 0.419904
-0.71 0.420529
-0.7 0.42191
-0.69 0.422811
-0.68 0.423238
-0.67 0.424457
-0.66 0.42563
-0.65 0.425879
-0.64 0.42641
-0.63 0.427814
-0.62 0.428775
-0.61 0.428583
-0.6 0.428451
-0.59 0.429875
-0.58 0.433104
-0.57 0.437411
-0.56 0.442038
-0.55 0.446624
-0.54 0.451098
-0.53 0.455475
-0.52 0.459771
-0.51 0.463988
-0.5 0.468125
-0.49 0.472179
-0.48 0.47615
-0.47 0.480036
-0.46 0.483837
-0.45 0.487552
-0.44 0.491179
-0.43 0.494719
-0.42 0.49817
-0.41 0.501532
-0.4 0.504806
-0.39 0.50799
-0.38 0.511084
-0.37 0.514089
-0.36 0.517004
-0.35 0.519829
-0.34 0.522565
-0.33 0.525212
-0.32 0.527771
-0.31 0.53024
-0.3 0.532622
-0.29 0.534916
-0.28 0.537123
-0.27 0.539243
-0.26 0.541278
-0.25 0.543228
-0.24 0.545093
-0.23 0.546874
-0.22 0.548572
-0.21 0.550188
-0.2 0.551722
-0.19 0.553175
-0.18 0.554549
-0.17 0.555843
-0.16 0.557059
-0.15 0.558197
-0.14 0.559257
-0.13 0.560241
-0.12 0.56115
-0.11 0.561983
-0.1 0.562742
-0.09 0.563427
-0.08 0.564038
-0.07 0.564576
-0.06 0.565042
-0.05 0.565435
-0.04 0.565757
-0.03 0.566006
-0.02 0.566185
-0.01 0.566292
0 0.566327
0.01 0.566292
0.02 0.566185
0.03 0.566006
0.04 0.565757
0.05 0.565435
0.06 0.565042
0.07 0.564576
0.08 0.564038
0.09 0.563427
0.1 0.562742
0.11 0.561983
0.12 0.56115
0.13 0.560241
0.14 0.559257
0.15 0.558197
0.16 0.557059
0.17 0.555843
0.18 0.554549
0.19 0.553175
0.2 0.551722
0.21 0.550188
0.22 0.548572
0.23 0.546874
0.24 0.545093
0.25 0.543228
0.26 0.541278
0.27 0.539243
0.28 0.537123
0.29 0.534916
0.3 0.532622
0.31 0.53024
0.32 0.527771
0.33 0.525212
0.34 0.522565
0.35 0.519829
0.36 0.517004
0.37 0.514089
0.38 0.511084
0.39 0.50799
0.4 0.504806
0.41 0.501532
0.42 0.49817
0.43 0.494719
0.44 0.491179
0.45 0.487552
0.46 0.483837
0.47 0.480036
0.48 0.47615
0.49 0.472179
0.5 0.468125
0.51 0.463988
0.52 0.459771
0.53 0.455475
0.54 0.451098
0.55 0.446624
0.56 0.442038
0.57 0.437411
0.58 0.433104
0.59 0.429875
0.6 0.428451
0.61 0.428583
0.62 0.428775
0.63 0.427814
0.64 0.42641
0.65 0.425879
0.66 0.42563
0.67 0.424457
0.68 0.423238
0.69 0.422811
0.7 0.42191
0.71 0.420529
0.72 0.419904
0.73 0.419031
0.74 0.417654
0.75 0.417008
0.76 0.416015
0.77 0.414748
0.78 0.414164
0.79 0.412973
0.8 0.412015
0.81 0.41135
0.82 0.410105
0.83 0.40955
0.84 0.408553
0.85 0.407731
0.86 0.407154
0.87 0.406138
0.88 0.405788
0.89 0.404842
0.9 0.4045
0.91 0.4038
0.92 0.40338
0.93 0.402964
0.94 0.402491
0.95 0.402319
0.96 0.401856
0.97 0.401875
0.98 0.401478
0.99 0.401648
