-1 0.223408
-0.998 0.223621
-0.996 0.22426
-0.994 0.225325
-0.992 0.226815
-0.99 0.228732
-0.988 0.231076
-0.986 0.233846
-0.984 0.237044
-0.982 0.240669
-0.98 0.244721
-0.978 0.249203
-0.976 0.254113
-0.974 0.259452
-0.972 0.265221
-0.97 0.271421
-0.968 0.27805
-0.966 0.285111
-0.964 0.292603
-0.962 0.300527
-0.96 0.308882
-0.958 0.317669
-0.956 0.326888
-0.954 0.336538
-0.952 0.34662
-0.95 0.357133
-0.948 0.368076
-0.946 0.379448
-0.944 0.39125
-0.942 0.403479
-0.94 0.416133
-0.938 0.429213
-0.936 0.442714
-0.934 0.456636
-0.932 0.470976
-0.93 0.48573
-0.928 0.500896
-0.926 0.51647
-0.924 0.532448
-0.922 0.548826
-0.92 0.5656
-0.918 0.582763
-0.916 0.600311
-0.914 0.618238
-0.912 0.636537
-0.91 0.655201
-0.908 0.674224
-0.906 0.693597
-0.904 0.713311
-0.902 0.733359
-0.9 0.75373
-0.898 0.774415
-0.896 0.795403
-0.894 0.816684
-0.892 0.838246
-0.89 0.860078
-0.888 0.882165
-0.886 0.904497
-0.884 0.927058
-0.882 0.949835
-0.88 0.972814
-0.878 0.995979
-0.876 1.01931
-0.874 1.0428
-0.872 1.06643
-0.87 1.09018
-0.868 1.11403
-0.866 1.13797
-0.864 1.16197
-0.862 1.18602
-0.86 1.2101
-0.858 1.23419
-0.856 1.25826
-0.854 1.28231
-0.852 1.3063
-0.85 1.33022
-0.848 1.35404
-0.846 1.37775
-0.844 1.40132
-0.842 1.42473
-0.84 1.44797
-0.838 1.47099
-0.836 1.49379
-0.834 1.51635
-0.832 1.53863
-0.83 1.56062
-0.828 1.5823
-0.826 1.60364
-0.824 1.62462
-0.822 1.64522
-0.82 1.66542
-0.818 1.68519
-0.816 1.70452
-0.814 1.72339
-0.812 1.74177
-0.81 1.75964
-0.808 1.77698
-0.806 1.79379
-0.804 1.81003
-0.802 1.82568
-0.8 1.84074
-0.798 1.85518
-0.796 1.86898
-0.794 1.88214
-0.792 1.89463
-0.79 1.90645
-0.788 1.91757
-0.786 1.92798
-0.784 1.93768
-0.782 1.94664
-0.78 1.95487
-0.778 1.96235
-0.776 1.96907
-0.774 1.97502
-0.772 1.9802
-0.77 1.9846
-0.768 1.98821
-0.766 1.99103
-0.764 1.99306
-0.762 1.99429
-0.76 1.99473
-0.758 1.99437
-0.756 1.99321
-0.754 1.99126
-0.752 1.98851
-0.75 1.98497
-0.748 1.98065
-0.746 1.97554
-0.744 1.96966
-0.742 1.96302
-0.74 1.95561
-0.738 1.94745
-0.736 1.93855
-0.734 1.92892
-0.732 1.91857
-0.73 1.90751
-0.728 1.89576
-0.726 1.88333
-0.724 1.87023
-0.722 1.85648
-0.72 1.84209
-0.718 1.82708
-0.716 1.81147
-0.714 1.79528
-0.712 1.77852
-0.71 1.76121
-0.708 1.74337
-0.706 1.72502
-0.704 1.70618
-0.702 1.68688
-0.7 1.66712
-0.698 1.64694
-0.696 1.62635
-0.694 1.60538
-0.692 1.58404
-0.69 1.56236
-0.688 1.54036
-0.686 1.51807
-0.684 1.4955
-0.682 1.47267
-0.68 1.44962
-0.678 1.42635
-0.676 1.4029
-0.674 1.37928
-0.672 1.35551
-0.67 1.33162
-0.668 1.30763
-0.666 1.28356
-0.664 1.25943
-0.662 1.23526
-0.66 1.21106
-0.658 1.18687
-0.656 1.16269
-0.654 1.13855
-0.652 1.11447
-0.65 1.09046
-0.648 1.06654
-0.646 1.04273
-0.644 1.01904
-0.642 0.995489
-0.64 0.972096
-0.638 0.948872
-0.636 0.925833
-0.634 0.902992
-0.632 0.880363
-0.63 0.857957
-0.628 0.835787
-0.626 0.813865
-0.624 0.7922
-0.622 0.770804
-0.62 0.749686
-0.618 0.728855
-0.616 0.708319
-0.614 0.688086
-0.612 0.668164
-0.61 0.64856
-0.608 0.629279
-0.606 0.610327
-0.604 0.591709
-0.602 0.573429
-0.6 0.555492
-0.598 0.537901
-0.596 0.520658
-0.594 0.503767
-0.592 0.487229
-0.59 0.471045
-0.588 0.455217
-0.586 0.439745
-0.584 0.424628
-0.582 0.409868
-0.58 0.395462
-0.578 0.38141
-0.576 0.36771
-0.574 0.35436
-0.572 0.341359
-0.57 0.328703
-0.568 0.31639
-0.566 0.304416
-0.564 0.292778
-0.562 0.281472
-0.56 0.270495
-0.558 0.259842
-0.556 0.249509
-0.554 0.239491
-0.552 0.229783
-0.55 0.22038
-0.548 0.211278
-0.546 0.202471
-0.544 0.193953
-0.542 0.185719
-0.54 0.177764
-0.538 0.170081
-0.536 0.162665
-0.534 0.155511
-0.532 0.148611
-0.53 0.141961
-0.528 0.135555
-0.526 0.129385
-0.524 0.123447
-0.522 0.117735
-0.52 0.112242
-0.518 0.106962
-0.516 0.10189
-0.514 0.0970197
-0.512 0.0923453
-0.51 0.0878609
-0.508 0.0835608
-0.506 0.0794394
-0.504 0.0754911
-0.502 0.0717103
-0.5 0.0680916
-0.498 0.0646297
-0.496 0.0613193
-0.494 0.0581551
-0.492 0.0551322
-0.49 0.0522455
-0.488 0.0494902
-0.486 0.0468614
-0.484 0.0443545
-0.482 0.0419649
-0.48 0.0396882
-0.478 0.03752
-0.476 0.0354561
-0.474 0.0334923
-0.472 0.0316246
-0.47 0.0298491
-0.468 0.028162
-0.466 0.0265597
-0.464 0.0250385
-0.462 0.023595
-0.46 0.0222258
-0.458 0.0209277
-0.456 0.0196975
-0.454 0.0185323
-0.452 0.017429
-0.45 0.0163848
-0.448 0.015397
-0.446 0.014463
-0.444 0.0135802
-0.442 0.0127462
-0.44 0.0119586
-0.438 0.0112152
-0.436 0.0105139
-0.434 0.00985238
-0.432 0.00922884
-0.43 0.0086413
-0.428 0.00808793
-0.426 0.00756697
-0.424 0.00707674
-0.422 0.00661562
-0.42 0.00618207
-0.418 0.00577462
-0.416 0.00539187
-0.414 0.00503248
-0.412 0.00469516
-0.41 0.0043787
-0.408 0.00408194
-0.406 0.00380377
-0.404 0.00354314
-0.402 0.00329904
-0.4 0.00307054
-0.398 0.00285671
-0.396 0.00265672
-0.394 0.00246974
-0.392 0.002295
-0.39 0.00213177
-0.388 0.00197936
-0.386 0.00183711
-0.384 0.0017044
-0.382 0.00158064
-0.38 0.00146529
-0.378 0.00135781
-0.376 0.00125771
-0.374 0.00116452
-0.372 0.00107781
-0.37 0.000997154
-0.368 0.000922166
-0.366 0.000852476
-0.364 0.000787737
-0.362 0.000727624
-0.36 0.000671829
-0.358 0.000620065
-0.356 0.00057206
-0.354 0.000527561
-0.352 0.000486328
-0.35 0.000448139
-0.348 0.000412784
-0.346 0.000380065
-0.344 0.0003498
-0.342 0.000321817
-0.34 0.000295954
-0.338 0.00027206
-0.336 0.000249995
-0.334 0.000229628
-0.332 0.000210836
-0.33 0.000193505
-0.328 0.000177527
-0.326 0.000162803
-0.324 0.000149241
-0.322 0.000136754
-0.32 0.000125261
-0.318 0.000114688
-0.316 0.000104966
-0.314 9.60298e-05
-0.312 8.78191e-05
-0.31 8.02782e-05
-0.308 7.33555e-05
-0.306 6.7003e-05
-0.304 6.11762e-05
-0.302 5.58337e-05
-0.3 5.09374e-05
-0.298 4.64519e-05
-0.296 4.23444e-05
-0.294 3.85847e-05
-0.292 3.51447e-05
-0.29 3.19987e-05
-0.288 2.91226e-05
-0.286 2.64944e-05
-0.284 2.40938e-05
-0.282 2.19019e-05
-0.28 1.99015e-05
-0.278 1.80765e-05
-0.276 1.64123e-05
-0.274 1.48954e-05
-0.272 1.35133e-05
-0.27 1.22545e-05
-0.268 1.11085e-05
-0.266 1.00657e-05
-0.264 9.11707e-06
-0.262 8.25458e-06
-0.26 7.47069e-06
-0.258 6.75854e-06
-0.256 6.11183e-06
-0.254 5.5248e-06
-0.252 4.99215e-06
-0.25 4.50904e-06
-0.248 4.07106e-06
-0.246 3.67416e-06
-0.244 3.31462e-06
-0.242 2.98907e-06
-0.24 2.69442e-06
-0.238 2.42784e-06
-0.236 2.18676e-06
-0.234 1.96883e-06
-0.232 1.77191e-06
-0.23 1.59405e-06
-0.228 1.43347e-06
-0.226 1.28855e-06
-0.224 1.15782e-06
-0.222 1.03993e-06
-0.22 9.33677e-07
-0.218 8.37943e-07
-0.216 7.51724e-07
-0.214 6.74107e-07
-0.212 6.04262e-07
-0.21 5.41437e-07
-0.208 4.8495e-07
-0.206 4.34183e-07
-0.204 3.88574e-07
-0.202 3.47618e-07
-0.2 3.10854e-07
-0.198 2.77867e-07
-0.196 2.48281e-07
-0.194 2.21756e-07
-0.192 1.97986e-07
-0.19 1.76694e-07
-0.188 1.57628e-07
-0.186 1.40563e-07
-0.184 1.25296e-07
-0.182 1.11642e-07
-0.18 9.94359e-08
-0.178 8.85292e-08
-0.176 7.87872e-08
-0.174 7.00893e-08
-0.172 6.23266e-08
-0.17 5.54015e-08
-0.168 4.92262e-08
-0.166 4.37217e-08
-0.164 3.88172e-08
-0.162 3.44491e-08
-0.16 3.05603e-08
-0.158 2.70996e-08
-0.156 2.40213e-08
-0.154 2.12841e-08
-0.152 1.88512e-08
-0.15 1.66898e-08
-0.148 1.47702e-08
-0.146 1.30663e-08
-0.144 1.15542e-08
-0.142 1.02131e-08
-0.14 9.02402e-09
-0.138 7.97019e-09
-0.136 7.03661e-09
-0.134 6.2099e-09
-0.132 5.47813e-09
-0.13 4.83065e-09
-0.128 4.258e-09
-0.126 3.75174e-09
-0.124 3.30434e-09
-0.122 2.90914e-09
-0.12 2.56017e-09
-0.118 2.25217e-09
-0.116 1.98043e-09
-0.114 1.74078e-09
-0.112 1.52951e-09
-0.11 1.34335e-09
-0.108 1.17937e-09
-0.106 1.035e-09
-0.104 9.07938e-10
-0.102 7.96156e-10
-0.1 6.97855e-10
-0.098 6.11449e-10
-0.096 5.35529e-10
-0.094 4.68843e-10
-0.092 4.10299e-10
-0.09 3.58922e-10
-0.088 3.13856e-10
-0.086 2.74336e-10
-0.084 2.39693e-10
-0.082 2.09346e-10
-0.08 1.82767e-10
-0.078 1.59499e-10
-0.076 1.39136e-10
-0.074 1.21326e-10
-0.072 1.05752e-10
-0.07 9.21432e-11
-0.068 8.02475e-11
-0.066 6.98658e-11
-0.064 6.08009e-11
-0.062 5.28955e-11
-0.06 4.59955e-11
-0.058 3.99758e-11
-0.056 3.47388e-11
-0.054 3.01709e-11
-0.052 2.61979e-11
-0.05 2.27354e-11
-0.048 1.97265e-11
-0.046 1.71097e-11
-0.044 1.48364e-11
-0.042 1.28599e-11
-0.04 1.11484e-11
-0.038 9.65433e-12
-0.036 8.36709e-12
-0.034 7.24456e-12
-0.032 6.28175e-12
-0.03 5.43948e-12
-0.028 4.72111e-12
-0.026 4.09859e-12
-0.024 3.55949e-12
-0.022 3.10038e-12
-0.02 2.70637e-12
-0.018 2.37089e-12
-0.016 2.08945e-12
-0.014 1.85147e-12
-0.012 1.65334e-12
-0.01 1.49864e-12
-0.008 1.37107e-12
-0.006 1.27391e-12
-0.004 1.2054e-12
-0.002 1.16733e-12
0 1.1529e-12
0.002 1.16852e-12
0.004 1.20801e-12
0.006 1.26995e-12
0.008 1.36775e-12
0.01 1.49932e-12
0.012 1.65368e-12
0.014 1.85009e-12
0.016 2.08755e-12
0.018 2.37327e-12
0.02 2.706e-12
0.022 3.10099e-12
0.024 3.5597e-12
0.026 4.0945e-12
0.028 4.71805e-12
0.03 5.44068e-12
0.032 6.2784e-12
0.034 7.24612e-12
0.036 8.36705e-12
0.038 9.65429e-12
0.04 1.11444e-11
0.042 1.28618e-11
0.044 1.48338e-11
0.046 1.71105e-11
0.048 1.97252e-11
0.05 2.27351e-11
0.052 2.61968e-11
0.054 3.01732e-11
0.056 3.47383e-11
0.058 3.99825e-11
0.06 4.59915e-11
0.062 5.28918e-11
0.064 6.08016e-11
0.066 6.98626e-11
0.068 8.0249e-11
0.07 9.21373e-11
0.072 1.05752e-10
0.074 1.21327e-10
0.076 1.39132e-10
0.078 1.595e-10
0.08 1.82762e-10
0.082 2.09343e-10
0.084 2.39696e-10
0.086 2.74332e-10
0.088 3.1385e-10
0.09 3.58922e-10
0.092 4.10299e-10
0.094 4.6884e-10
0.096 5.35529e-10
0.098 6.1145e-10
0.1 6.97858e-10
0.102 7.96156e-10
0.104 9.07937e-10
0.106 1.035e-09
0.108 1.17938e-09
0.11 1.34335e-09
0.112 1.52951e-09
0.114 1.74077e-09
0.116 1.98042e-09
0.118 2.25217e-09
0.12 2.56017e-09
0.122 2.90914e-09
0.124 3.30434e-09
0.126 3.75173e-09
0.128 4.258e-09
0.13 4.83065e-09
0.132 5.47812e-09
0.134 6.2099e-09
0.136 7.03661e-09
0.138 7.97018e-09
0.14 9.02401e-09
0.142 1.02131e-08
0.144 1.15542e-08
0.146 1.30663e-08
0.148 1.47702e-08
0.15 1.66898e-08
0.152 1.88512e-08
0.154 2.12841e-08
0.156 2.40213e-08
0.158 2.70996e-08
0.16 3.05603e-08
0.162 3.44491e-08
0.164 3.88172e-08
0.166 4.37217e-08
0.168 4.92262e-08
0.17 5.54015e-08
0.172 6.23266e-08
0.174 7.00893e-08
0.176 7.87872e-08
0.178 8.85292e-08
0.18 9.94359e-08
0.182 1.11642e-07
0.184 1.25295e-07
0.186 1.40563e-07
0.188 1.57628e-07
0.19 1.76694e-07
0.192 1.97986e-07
0.194 2.21756e-07
0.196 2.48281e-07
0.198 2.77867e-07
0.2 3.10854e-07
0.202 3.47618e-07
0.204 3.88574e-07
0.206 4.34183e-07
0.208 4.8495e-07
0.21 5.41437e-07
0.212 6.04262e-07
0.214 6.74107e-07
0.216 7.51724e-07
0.218 8.37943e-07
0.22 9.33677e-07
0.222 1.03993e-06
0.224 1.15782e-06
0.226 1.28855e-06
0.228 1.43347e-06
0.23 1.59405e-06
0.232 1.77191e-06
0.234 1.96883e-06
0.236 2.18676e-06
0.238 2.42784e-06
0.24 2.69442e-06
0.242 2.98907e-06
0.244 3.31462e-06
0.246 3.67416e-06
0.248 4.07106e-06
0.25 4.50904e-06
0.252 4.99215e-06
0.254 5.5248e-06
0.256 6.11183e-06
0.258 6.75854e-06
0.26 7.47069e-06
0.262 8.25458e-06
0.264 9.11707e-06
0.266 1.00657e-05
0.268 1.11085e-05
0.27 1.22545e-05
0.272 1.35133e-05
0.274 1.48954e-05
0.276 1.64123e-05
0.278 1.80765e-05
0.28 1.99015e-05
0.282 2.19019e-05
0.284 2.40938e-05
0.286 2.64944e-05
0.288 2.91226e-05
0.29 3.19987e-05
0.292 3.51447e-05
0.294 3.85847e-05
0.296 4.23444e-05
0.298 4.64519e-05
0.3 5.09374e-05
0.302 5.58337e-05
0.304 6.11762e-05
0.306 6.7003e-05
0.308 7.33555e-05
0.31 8.02782e-05
0.312 8.78191e-05
0.314 9.60298e-05
0.316 0.000104966
0.318 0.000114688
0.32 0.000125261
0.322 0.000136754
0.324 0.000149241
0.326 0.000162803
0.328 0.000177527
0.33 0.000193505
0.332 0.000210836
0.334 0.000229628
0.336 0.000249995
0.338 0.00027206
0.34 0.000295954
0.342 0.000321817
0.344 0.0003498
0.346 0.000380065
0.348 0.000412784
0.35 0.000448139
0.352 0.000486328
0.354 0.000527561
0.356 0.00057206
0.358 0.000620065
0.36 0.000671829
0.362 0.000727624
0.364 0.000787737
0.366 0.000852476
0.368 0.000922166
0.37 0.000997154
0.372 0.00107781
0.374 0.00116452
0.376 0.00125771
0.378 0.00135781
0.38 0.00146529
0.382 0.00158064
0.384 0.0017044
0.386 0.00183711
0.388 0.00197936
0.39 0.00213177
0.392 0.002295
0.394 0.00246974
0.396 0.00265672
0.398 0.00285671
0.4 0.00307054
0.402 0.00329904
0.404 0.00354314
0.406 0.00380377
0.408 0.00408194
0.41 0.0043787
0.412 0.00469516
0.414 0.00503248
0.416 0.00539187
0.418 0.00577462
0.42 0.00618207
0.422 0.00661562
0.424 0.00707674
0.426 0.00756697
0.428 0.00808793
0.43 0.0086413
0.432 0.00922884
0.434 0.00985238
0.436 0.0105139
0.438 0.0112152
0.44 0.0119586
0.442 0.0127462
0.444 0.0135802
0.446 0.014463
0.448 0.015397
0.45 0.0163848
0.452 0.017429
0.454 0.0185323
0.456 0.0196975
0.458 0.0209277
0.46 0.0222258
0.462 0.023595
0.464 0.0250385
0.466 0.0265597
0.468 0.028162
0.47 0.0298491
0.472 0.0316246
0.474 0.0334923
0.476 0.0354561
0.478 0.03752
0.48 0.0396882
0.482 0.0419649
0.484 0.0443545
0.486 0.0468614
0.488 0.0494902
0.49 0.0522455
0.492 0.0551322
0.494 0.0581551
0.496 0.0613193
0.498 0.0646297
0.5 0.0680916
0.502 0.0717103
0.504 0.0754911
0.506 0.0794394
0.508 0.0835608
0.51 0.0878609
0.512 0.0923453
0.514 0.0970197
0.516 0.10189
0.518 0.106962
0.52 0.112242
0.522 0.117735
0.524 0.123447
0.526 0.129385
0.528 0.135555
0.53 0.141961
0.532 0.148611
0.534 0.155511
0.536 0.162665
0.538 0.170081
0.54 0.177764
0.542 0.185719
0.544 0.193953
0.546 0.202471
0.548 0.211278
0.55 0.22038
0.552 0.229783
0.554 0.239491
0.556 0.249509
0.558 0.259842
0.56 0.270495
0.562 0.281472
0.564 0.292778
0.566 0.304416
0.568 0.31639
0.57 0.328703
0.572 0.341359
0.574 0.35436
0.576 0.36771
0.578 0.38141
0.58 0.395462
0.582 0.409868
0.584 0.424628
0.586 0.439745
0.588 0.455217
0.59 0.471045
0.592 0.487229
0.594 0.503767
0.596 0.520658
0.598 0.537901
0.6 0.555492
0.602 0.573429
0.604 0.591709
0.606 0.610327
0.608 0.629279
0.61 0.64856
0.612 0.668164
0.614 0.688086
0.616 0.708319
0.618 0.728855
0.62 0.749686
0.622 0.770804
0.624 0.7922
0.626 0.813865
0.628 0.835787
0.63 0.857957
0.632 0.880363
0.634 0.902992
0.636 0.925833
0.638 0.948872
0.64 0.972096
0.642 0.995489
0.644 1.01904
0.646 1.04273
0.648 1.06654
0.65 1.09046
0.652 1.11447
0.654 1.13855
0.656 1.16269
0.658 1.18687
0.66 1.21106
0.662 1.23526
0.664 1.25943
0.666 1.28356
0.668 1.30763
0.67 1.33162
0.672 1.35551
0.674 1.37928
0.676 1.4029
0.678 1.42635
0.68 1.44962
0.682 1.47267
0.684 1.4955
0.686 1.51807
0.688 1.54036
0.69 1.56236
0.692 1.58404
0.694 1.60538
0.696 1.62635
0.698 1.64694
0.7 1.66712
0.702 1.68688
0.704 1.70618
0.706 1.72502
0.708 1.74337
0.71 1.76121
0.712 1.77852
0.714 1.79528
0.716 1.81147
0.718 1.82708
0.72 1.84209
0.722 1.85648
0.724 1.87023
0.726 1.88333
0.728 1.89576
0.73 1.90751
0.732 1.91857
0.734 1.92892
0.736 1.93855
0.738 1.94745
0.74 1.95561
0.742 1.96302
0.744 1.96966
0.746 1.97554
0.748 1.98065
0.75 1.98497
0.752 1.98851
0.754 1.99126
0.756 1.99321
0.758 1.99437
0.76 1.99473
0.762 1.99429
0.764 1.99306
0.766 1.99103
0.768 1.98821
0.77 1.9846
0.772 1.9802
0.774 1.97502
0.776 1.96907
0.778 1.96235
0.78 1.95487
0.782 1.94664
0.784 1.93768
0.786 1.92798
0.788 1.91757
0.79 1.90645
0.792 1.89463
0.794 1.88214
0.796 1.86898
0.798 1.85518
0.8 1.84074
0.802 1.82568
0.804 1.81003
0.806 1.79379
0.808 1.77698
0.81 1.75964
0.812 1.74177
0.814 1.72339
0.816 1.70452
0.818 1.68519
0.82 1.66542
0.822 1.64522
0.824 1.62462
0.826 1.60364
0.828 1.5823
0.83 1.56062
0.832 1.53863
0.834 1.51635
0.836 1.49379
0.838 1.47099
0.84 1.44797
0.842 1.42473
0.844 1.40132
0.846 1.37775
0.848 1.35404
0.85 1.33022
0.852 1.3063
0.854 1.28231
0.856 1.25826
0.858 1.23419
0.86 1.2101
0.862 1.18602
0.864 1.16197
0.866 1.13797
0.868 1.11403
0.87 1.09018
0.872 1.06643
0.874 1.0428
0.876 1.01931
0.878 0.995979
0.88 0.972814
0.882 0.949835
0.884 0.927058
0.886 0.904497
0.888 0.882165
0.89 0.860078
0.892 0.838246
0.894 0.816684
0.896 0.795403
0.898 0.774415
0.9 0.75373
0.902 0.733359
0.904 0.713311
0.906 0.693597
0.908 0.674224
0.91 0.655201
0.912 0.636537
0.914 0.618238
0.916 0.600311
0.918 0.582763
0.92 0.5656
0.922 0.548826
0.924 0.532448
0.926 0.51647
0.928 0.500896
0.93 0.48573
0.932 0.470976
0.934 0.456636
0.936 0.442714
0.938 0.429213
0.94 0.416133
0.942 0.403479
0.944 0.39125
0.946 0.379448
0.948 0.368076
0.95 0.357133
0.952 0.34662
0.954 0.336538
0.956 0.326888
0.958 0.317669
0.96 0.308882
0.962 0.300527
0.964 0.292603
0.966 0.285111
0.968 0.27805
0.97 0.271421
0.972 0.265221
0.974 0.259452
0.976 0.254113
0.978 0.249203
0.98 0.244721
0.982 0.240669
0.984 0.237044
0.986 0.233846
0.988 0.231076
0.99 0.228732
0.992 0.226815
0.994 0.225325
0.996 0.22426
0.998 0.223621
