-1 0.356248
-0.99 0.356208
-0.98 0.356435
-0.97 0.356532
-0.96 0.356992
-0.95 0.357181
-0.94 0.357904
-0.93 0.358165
-0.92 0.359136
-0.91 0.359509
-0.9 0.360627
-0.89 0.361251
-0.88 0.362322
-0.87 0.363377
-0.86 0.364253
-0.85 0.365743
-0.84 0.366587
-0.83 0.36812
-0.82 0.369418
-0.81 0.370559
-0.8 0.372387
-0.79 0.373531
-0.78 0.375063
-0.77 0.376945
-0.76 0.378087
-0.75 0.379829
-0.74 0.381802
-0.73 0.382968
-0.72 0.384651
-0.71 0.386854
-0.7 0.388184
-0.69 0.38939
-0.68 0.39161
-0.67 0.393775
-0.66 0.394767
-0.65 0.395565
-0.64 0.397848
-0.63 0.402061
-0.62 0.407493
-0.61 0.413325
-0.6 0.419156
-0.59 0.424905
-0.58 0.430587
-0.57 0.436216
-0.56 0.441793
-0.55 0.447315
-0.54 0.452778
-0.53 0.458181
-0.52 0.46352
-0.51 0.468792
-0.5 0.473995
-0.49 0.479127
-0.48 0.484185
-0.47 0.489167
-0.46 0.494071
-0.45 0.498894
-0.44 0.503634
-0.43 0.50829
-0.42 0.512858
-0.41 0.517339
-0.4 0.521729
-0.39 0.526027
-0.38 0.530231
-0.37 0.53434
-0.36 0.538353
-0.35 0.542267
-0.34 0.546082
-0.33 0.549797
-0.32 0.55341
-0.31 0.556919
-0.3 0.560325
-0.29 0.563626
-0.28 0.566821
-0.27 0.56991
-0.26 0.572891
-0.25 0.575764
-0.24 0.578528
-0.23 0.581183
-0.22 0.583728
-0.21 0.586163
-0.2 0.588486
-0.19 0.590699
-0.18 0.592799
-0.17 0.594788
-0.16 0.596664
-0.15 0.598427
-0.14 0.600078
-0.13 0.601616
-0.12 0.60304
-0.11 0.604351
-0.1 0.605548
-0.09 0.606632
-0.08 0.607602
-0.07 0.608458
-0.06 0.6092
-0.05 0.609827
-0.04 0.610341
-0.03 0.610741
-0.02 0.611026
-0.01 0.611198
0 0.611255
0.01 0.611198
0.02 0.611026
0.03 0.610741
0.04 0.610341
0.05 0.609827
0.06 0.6092
0.07 0.608458
0.08 0.607602
0.09 0.606632
0.1 0.605548
0.11 0.604351
0.12 0.60304
0.13 0.601616
0.14 0.600078
0.15 0.598427
0.16 0.596664
0.17 0.594788
0.18 0.592799
0.19 0.590699
0.2 0.588486
0.21 0.586163
0.22 0.583728
0.23 0.581183
0.24 0.578528
0.25 0.575764
0.26 0.572891
0.27 0.56991
0.28 0.566821
0.29 0.563626
0.3 0.560325
0.31 0.556919
0.32 0.55341
0.33 0.549797
0.34 0.546082
0.35 0.542267
0.36 0.538353
0.37 0.53434
0.38 0.530231
0.39 0.526027
0.4 0.521729
0.41 0.517339
0.42 0.512858
0.43 0.50829
0.44 0.503634
0.45 0.498894
0.46 0.494071
0.47 0.489167
0.48 0.484185
0.49 0.479127
0.5 0.473995
0.51 0.468792
0.52 0.46352
0.53 0.458181
0.54 0.452778
0.55 0.447315
0.56 0.441793
0.57 0.436216
0.58 0.430587
0.59 0.424905
0.6 0.419156
0.61 0.413325
0.62 0.407493
0.63 0.402061
0.64 0.397848
0.65 0.395565
0.66 0.394767
0.67 0.393775
0.68 0.39161
0.69 0.38939
0.7 0.388184
0.71 0.386854
0.72 0.384651
0.73 0.382968
0.74 0.381802
0.75 0.379829
0.76 0.378087
0.77 0.376945
0.78 0.375063
0.79 0.373531
0.8 0.372387
0.81 0.370559
0.82 0.369418
0.83 0.36812
0.84 0.366587
0.85 0.365743
0.86 0.364253
0.87 0.363377
0.88 0.362322
0.89 0.361251
0.9 0.360627
0.91 0.359509
0.92 0.359136
0.93 0.358165
0.94 0.357904
0.95 0.357181
0.96 0.356992
0.97 0.356532
0.98 0.356435
0.99 0.356208
