-1 0.797912
-0.99 0.797582
-0.98 0.797276
-0.97 0.796304
-0.96 0.795369
-0.95 0.793755
-0.94 0.792201
-0.93 0.789949
-0.92 0.787783
-0.91 0.784906
-0.9 0.782133
-0.89 0.778655
-0.88 0.775274
-0.87 0.77123
-0.86 0.767234
-0.85 0.762669
-0.84 0.758049
-0.83 0.753013
-0.82 0.747762
-0.81 0.742301
-0.8 0.736432
-0.79 0.730567
-0.78 0.724128
-0.77 0.717846
-0.76 0.710924
-0.75 0.704177
-0.74 0.696893
-0.73 0.689619
-0.72 0.682082
-0.71 0.674264
-0.7 0.666513
-0.69 0.658229
-0.68 0.650201
-0.67 0.641626
-0.66 0.633191
-0.65 0.62451
-0.64 0.615605
-0.63 0.606868
-0.62 0.597614
-0.61 0.588676
-0.6 0.579343
-0.59 0.570017
-0.58 0.560774
-0.57 0.551106
-0.56 0.541816
-0.55 0.53213
-0.54 0.52252
-0.53 0.513048
-0.52 0.503163
-0.51 0.493695
-0.5 0.483952
-0.49 0.47417
-0.48 0.464728
-0.47 0.454851
-0.46 0.445308
-0.45 0.435813
-0.44 0.426009
-0.43 0.416704
-0.42 0.40719
-0.41 0.397606
-0.4 0.388513
-0.39 0.379077
-0.38 0.369782
-0.37 0.360909
-0.36 0.351649
-0.35 0.342665
-0.34 0.334054
-0.33 0.325053
-0.32 0.316376
-0.31 0.308088
-0.3 0.299412
-0.29 0.291025
-0.28 0.283116
-0.27 0.274844
-0.26 0.266717
-0.25 0.259201
-0.24 0.251443
-0.23 0.243569
-0.22 0.236368
-0.21 0.229245
-0.2 0.221731
-0.19 0.214669
-0.18 0.20816
-0.17 0.201312
-0.16 0.194326
-0.15 0.188052
-0.14 0.182103
-0.13 0.175677
-0.12 0.169236
-0.11 0.163587
-0.1 0.158305
-0.09 0.152515
-0.08 0.146458
-0.07 0.141096
-0.06 0.136565
-0.05 0.13195
-0.04 0.126551
-0.03 0.120789
-0.02 0.115813
-0.01 0.11258
0 0.111481
0.01 0.11258
0.02 0.115813
0.03 0.120789
0.04 0.126551
0.05 0.13195
0.06 0.136565
0.07 0.141096
0.08 0.146458
0.09 0.152515
0.1 0.158305
0.11 0.163587
0.12 0.169236
0.13 0.175677
0.14 0.182103
0.15 0.188052
0.16 0.194326
0.17 0.201312
0.18 0.20816
0.19 0.214669
0.2 0.221731
0.21 0.229245
0.22 0.236368
0.23 0.243569
0.24 0.251443
0.25 0.259201
0.26 0.266717
0.27 0.274844
0.28 0.283116
0.29 0.291025
0.3 0.299412
0.31 0.308088
0.32 0.316376
0.33 0.325053
0.34 0.334054
0.35 0.342665
0.36 0.351649
0.37 0.360909
0.38 0.369782
0.39 0.379077
0.4 0.388513
0.41 0.397606
0.42 0.40719
0.43 0.416704
0.44 0.426009
0.45 0.435813
0.46 0.445308
0.47 0.454851
0.48 0.464728
0.49 0.47417
0.5 0.483952
0.51 0.493695
0.52 0.503163
0.53 0.513048
0.54 0.52252
0.55 0.53213
0.56 0.541816
0.57 0.551106
0.58 0.560774
0.59 0.570017
0.6 0.579343
0.61 0.588676
0.62 0.597614
0.63 0.606868
0.64 0.615605
0.65 0.62451
0.66 0.633191
0.67 0.641626
0.68 0.650201
0.69 0.658229
0.7 0.666513
0.71 0.674264
0.72 0.682082
0.73 0.689619
0.74 0.696893
0.75 0.704177
0.76 0.710924
0.77 0.717846
0.78 0.724128
0.79 0.730567
0.8 0.736432
0.81 0.742301
0.82 0.747762
0.83 0.753013
0.84 0.758049
0.85 0.762669
0.86 0.767234
0.87 0.77123
0.88 0.775274
0.89 0.778655
0.9 0.782133
0.91 0.784906
0.92 0.787783
0.93 0.789949
0.94 0.792201
0.95 0.793755
0.96 0.795369
0.97 0.796304
0.98 0.797276
0.99 0.797582
