-1 0.555836
-0.99 0.556072
-0.98 0.555713
-0.97 0.555824
-0.96 0.555345
-0.95 0.555323
-0.94 0.554736
-0.93 0.554559
-0.92 0.55389
-0.91 0.553522
-0.9 0.552812
-0.89 0.552201
-0.88 0.551495
-0.87 0.550602
-0.86 0.549915
-0.85 0.548748
-0.84 0.548024
-0.83 0.546681
-0.82 0.545768
-0.81 0.544422
-0.8 0.543144
-0.79 0.541917
-0.78 0.54024
-0.77 0.539023
-0.76 0.537184
-0.75 0.535643
-0.74 0.53396
-0.73 0.531906
-0.72 0.530311
-0.71 0.528083
-0.7 0.526059
-0.69 0.524096
-0.68 0.521537
-0.67 0.519471
-0.66 0.517058
-0.65 0.514301
-0.64 0.512061
-0.63 0.50926
-0.62 0.506295
-0.61 0.503825
-0.6 0.500728
-0.59 0.497468
-0.58 0.494754
-0.57 0.491482
-0.56 0.487825
-0.55 0.484789
-0.54 0.481526
-0.53 0.477502
-0.52 0.473848
-0.51 0.470663
-0.5 0.466755
-0.49 0.462261
-0.48 0.458392
-0.47 0.455066
-0.46 0.451028
-0.45 0.445957
-0.44 0.441026
-0.43 0.437525
-0.42 0.435716
-0.41 0.435015
-0.4 0.434728
-0.39 0.43446
-0.38 0.4341
-0.37 0.433655
-0.36 0.433148
-0.35 0.432592
-0.34 0.431992
-0.33 0.43135
-0.32 0.430672
-0.31 0.429961
-0.3 0.429221
-0.29 0.428457
-0.28 0.427672
-0.27 0.426871
-0.26 0.426058
-0.25 0.425237
-0.24 0.424412
-0.23 0.423586
-0.22 0.422764
-0.21 0.42195
-0.2 0.421146
-0.19 0.420358
-0.18 0.419587
-0.17 0.418837
-0.16 0.418113
-0.15 0.417415
-0.14 0.416749
-0.13 0.416116
-0.12 0.415519
-0.11 0.41496
-0.1 0.414442
-0.09 0.413967
-0.08 0.413537
-0.07 0.413153
-0.06 0.412818
-0.05 0.412531
-0.04 0.412295
-0.03 0.412111
-0.02 0.411979
-0.01 0.411899
0 0.411873
0.01 0.411899
0.02 0.411979
0.03 0.412111
0.04 0.412295
0.05 0.412531
0.06 0.412818
0.07 0.413153
0.08 0.413537
0.09 0.413967
0.1 0.414442
0.11 0.41496
0.12 0.415519
0.13 0.416116
0.14 0.416749
0.15 0.417415
0.16 0.418113
0.17 0.418837
0.18 0.419587
0.19 0.420358
0.2 0.421146
0.21 0.42195
0.22 0.422764
0.23 0.423586
0.24 0.424412
0.25 0.425237
0.26 0.426058
0.27 0.426871
0.28 0.427672
0.29 0.428457
0.3 0.429221
0.31 0.429961
0.32 0.430672
0.33 0.43135
0.34 0.431992
0.35 0.432592
0.36 0.433148
0.37 0.433655
0.38 0.4341
0.39 0.43446
0.4 0.434728
0.41 0.435015
0.42 0.435716
0.43 0.437525
0.44 0.441026
0.45 0.445957
0.46 0.451028
0.47 0.455066
0.48 0.458392
0.49 0.462261
0.5 0.466755
0.51 0.470663
0.52 0.473848
0.53 0.477502
0.54 0.481526
0.55 0.484789
0.56 0.487825
0.57 0.491482
0.58 0.494754
0.59 0.497468
0.6 0.500728
0.61 0.503825
0.62 0.506295
0.63 0.50926
0.64 0.512061
0.65 0.514301
0.66 0.517058
0.67 0.519471
0.68 0.521537
0.69 0.524096
0.7 0.526059
0.71 0.528083
0.72 0.530311
0.73 0.531906
0.74 0.53396
0.75 0.535643
0.76 0.537184
0.77 0.539023
0.78 0.54024
0.79 0.541917
0.8 0.543144
0.81 0.544422
0.82 0.545768
0.83 0.546681
0.84 0.548024
0.85 0.548748
0.86 0.549915
0.87 0.550602
0.88 0.551495
0.89 0.552201
0.9 0.552812
0.91 0.553522
0.92 0.55389
0.93 0.554559
0.94 0.554736
0.95 0.555323
0.96 0.555345
0.97 0.555824
0.98 0.555713
0.99 0.556072
