-1 0.396656
-0.99 0.396952
-0.98 0.396776
-0.97 0.397215
-0.96 0.397138
-0.95 0.397728
-0.94 0.397749
-0.93 0.398468
-0.92 0.398624
-0.91 0.399398
-0.9 0.399775
-0.89 0.400486
-0.88 0.40119
-0.87 0.401744
-0.86 0.402785
-0.85 0.403251
-0.84 0.404415
-0.83 0.405098
-0.82 0.406016
-0.81 0.407174
-0.8 0.407792
-0.79 0.409123
-0.78 0.410002
-0.77 0.410869
-0.76 0.412289
-0.75 0.413
-0.74 0.414074
-0.73 0.415468
-0.72 0.4161
-0.71 0.417192
-0.7 0.418619
-0.69 0.419213
-0.68 0.420053
-0.67 0.421563
-0.66 0.42236
-0.65 0.422653
-0.64 0.423795
-0.63 0.425298
-0.62 0.425768
-0.61 0.425504
-0.6 0.426148
-0.59 0.428656
-0.58 0.43267
-0.57 0.437346
-0.56 0.442113
-0.55 0.446784
-0.54 0.45135
-0.53 0.455831
-0.52 0.460236
-0.51 0.464563
-0.5 0.46881
-0.49 0.472976
-0.48 0.47706
-0.47 0.48106
-0.46 0.484974
-0.45 0.488803
-0.44 0.492545
-0.43 0.4962
-0.42 0.499766
-0.41 0.503244
-0.4 0.506632
-0.39 0.50993
-0.38 0.513139
-0.37 0.516257
-0.36 0.519284
-0.35 0.522221
-0.34 0.525068
-0.33 0.527824
-0.32 0.53049
-0.31 0.533066
-0.3 0.535552
-0.29 0.537949
-0.28 0.540257
-0.27 0.542476
-0.26 0.544607
-0.25 0.54665
-0.24 0.548607
-0.23 0.550477
-0.22 0.552261
-0.21 0.55396
-0.2 0.555575
-0.19 0.557105
-0.18 0.558552
-0.17 0.559917
-0.16 0.5612
-0.15 0.562401
-0.14 0.563521
-0.13 0.564562
-0.12 0.565523
-0.11 0.566404
-0.1 0.567207
-0.09 0.567933
-0.08 0.56858
-0.07 0.569151
-0.06 0.569644
-0.05 0.570061
-0.04 0.570402
-0.03 0.570667
-0.02 0.570856
-0.01 0.570969
0 0.571007
0.01 0.570969
0.02 0.570856
0.03 0.570667
0.04 0.570402
0.05 0.570061
0.06 0.569644
0.07 0.569151
0.08 0.56858
0.09 0.567933
0.1 0.567207
0.11 0.566404
0.12 0.565523
0.13 0.564562
0.14 0.563521
0.15 0.562401
0.16 0.5612
0.17 0.559917
0.18 0.558552
0.19 0.557105
0.2 0.555575
0.21 0.55396
0.22 0.552261
0.23 0.550477
0.24 0.548607
0.25 0.54665
0.26 0.544607
0.27 0.542476
0.28 0.540257
0.29 0.537949
0.3 0.535552
0.31 0.533066
0.32 0.53049
0.33 0.527824
0.34 0.525068
0.35 0.522221
0.36 0.519284
0.37 0.516257
0.38 0.513139
0.39 0.50993
0.4 0.506632
0.41 0.503244
0.42 0.499766
0.43 0.4962
0.44 0.492545
0.45 0.488803
0.46 0.484974
0.47 0.48106
0.48 0.47706
0.49 0.472976
0.5 0.46881
0.51 0.464563
0.52 0.460236
0.53 0.455831
0.54 0.45135
0.55 0.446784
0.56 0.442113
0.57 0.437346
0.58 0.43267
0.59 0.428656
0.6 0.426148
0.61 0.425504
0.62 0.425768
0.63 0.425298
0.64 0.423795
0.65 0.422653
0.66 0.42236
0.67 0.421563
0.68 0.420053
0.69 0.419213
0.7 0.418619
0.71 0.417192
0.72 0.4161
0.73 0.415468
0.74 0.414074
0.75 0.413
0.76 0.412289
0.77 0.410869
0.78 0.410002
0.79 0.409123
0.8 0.407792
0.81 0.407174
0.82 0.406016
0.83 0.405098
0.84 0.404415
0.85 0.403251
0.86 0.402785
0.87 0.401744
0.88 0.40119
0.89 0.400486
0.9 0.399775
0.91 0.399398
0.92 0.398624
0.93 0.398468
0.94 0.397749
0.95 0.397728
0.96 0.397138
0.97 0.397215
0.98 0.396776
0.99 0.396952
