-1 4.80003e-16
-0.998 1.0248e-14
-0.996 3.2767e-17
-0.994 9.93602e-15
-0.992 1.22369e-15
-0.99 8.25813e-15
-0.988 3.25923e-15
-0.986 8.6536e-15
-0.984 2.61207e-15
-0.982 9.96428e-15
-0.98 1.98929e-15
-0.978 5.6045e-15
-0.976 2.73198e-15
-0.974 9.57792e-15
-0.972 1.64025e-15
-0.97 7.85951e-15
-0.968 5.04595e-15
-0.966 7.36424e-15
-0.964 6.66306e-15
-0.962 4.24591e-15
-0.96 6.33495e-15
-0.958 5.988e-15
-0.956 4.47044e-15
-0.954 1.48232e-15
-0.952 6.80319e-15
-0.95 5.61244e-15
-0.948 8.20635e-15
-0.946 2.04478e-15
-0.944 7.07474e-15
-0.942 3.42994e-15
-0.94 3.36671e-15
-0.938 8.95942e-15
-0.936 5.89426e-15
-0.934 -1.07965e-15
-0.932 4.56109e-15
-0.93 4.89552e-15
-0.928 8.38548e-15
-0.926 4.78634e-16
-0.924 8.30828e-15
-0.922 2.1465e-15
-0.92 6.01167e-15
-0.918 -8.24484e-16
-0.916 4.51969e-15
-0.914 4.95039e-15
-0.912 1.44046e-15
-0.91 3.46292e-15
-0.908 6.0886e-15
-0.906 3.31028e-15
-0.904 1.76753e-15
-0.902 -1.44037e-15
-0.9 5.30605e-15
-0.898 2.21364e-15
-0.896 9.57807e-15
-0.894 6.72275e-15
-0.892 9.52747e-15
-0.89 1.54012e-15
-0.888 5.99552e-15
-0.886 9.51567e-15
-0.884 3.28047e-15
-0.882 6.8663e-15
-0.88 5.32109e-15
-0.878 2.61005e-15
-0.876 6.60699e-15
-0.874 4.9352e-15
-0.872 7.24382e-15
-0.87 4.58221e-15
-0.868 7.872e-17
-0.866 3.33071e-15
-0.864 1.04794e-14
-0.862 3.21708e-15
-0.86 6.7265e-15
-0.858 5.04828e-15
-0.856 8.15996e-15
-0.854 2.93211e-15
-0.852 6.1577e-15
-0.85 6.59215e-15
-0.848 8.66421e-15
-0.846 8.12258e-15
-0.844 7.60494e-15
-0.842 6.1708e-15
-0.84 9.83011e-15
-0.838 8.09131e-15
-0.836 4.10231e-15
-0.834 1.197e-14
-0.832 1.25807e-14
-0.83 1.94199e-14
-0.828 1.80325e-14
-0.826 2.47998e-14
-0.824 2.40039e-14
-0.822 3.05255e-14
-0.82 2.7077e-14
-0.818 3.68553e-14
-0.816 3.88481e-14
-0.814 3.87788e-14
-0.812 5.83216e-14
-0.81 5.3324e-14
-0.808 7.43564e-14
-0.806 8.11792e-14
-0.804 9.52969e-14
-0.802 1.12975e-13
-0.8 1.2809e-13
-0.798 1.59645e-13
-0.796 1.68043e-13
-0.794 2.10999e-13
-0.792 2.41494e-13
-0.79 2.76492e-13
-0.788 3.30193e-13
-0.786 3.77655e-13
-0.784 4.46878e-13
-0.782 5.08287e-13
-0.78 6.01134e-13
-0.778 6.93083e-13
-0.776 8.06833e-13
-0.774 9.39565e-13
-0.772 1.09177e-12
-0.77 1.27076e-12
-0.768 1.47556e-12
-0.766 1.71158e-12
-0.764 1.9918e-12
-0.762 2.30372e-12
-0.76 2.67436e-12
-0.758 3.10329e-12
-0.756 3.58989e-12
-0.754 4.16218e-12
-0.752 4.81919e-12
-0.75 5.5829e-12
-0.748 6.46171e-12
-0.746 7.47214e-12
-0.744 8.65049e-12
-0.742 9.99375e-12
-0.74 1.15402e-11
-0.738 1.33323e-11
-0.736 1.53958e-11
-0.734 1.77657e-11
-0.732 2.05037e-11
-0.73 2.36469e-11
-0.728 2.72516e-11
-0.726 3.14156e-11
-0.724 3.61799e-11
-0.722 4.16581e-11
-0.72 4.79584e-11
-0.718 5.5166e-11
-0.716 6.34538e-11
-0.714 7.29423e-11
-0.712 8.38256e-11
-0.71 9.62944e-11
-0.708 1.10571e-10
-0.706 1.2692e-10
-0.704 1.45623e-10
-0.702 1.67013e-10
-0.7 1.91477e-10
-0.698 2.19435e-10
-0.696 2.51362e-10
-0.694 2.87843e-10
-0.692 3.29466e-10
-0.69 3.76986e-10
-0.688 4.31156e-10
-0.686 4.92941e-10
-0.684 5.63347e-10
-0.682 6.43553e-10
-0.68 7.34886e-10
-0.678 8.38849e-10
-0.676 9.57142e-10
-0.674 1.09168e-09
-0.672 1.24464e-09
-0.67 1.41847e-09
-0.668 1.61593e-09
-0.666 1.84017e-09
-0.664 2.09468e-09
-0.662 2.38346e-09
-0.66 2.71096e-09
-0.658 3.08224e-09
-0.656 3.503e-09
-0.654 3.9796e-09
-0.652 4.51927e-09
-0.65 5.1301e-09
-0.648 5.82117e-09
-0.646 6.60272e-09
-0.644 7.48625e-09
-0.642 8.48464e-09
-0.64 9.61237e-09
-0.638 1.08857e-08
-0.636 1.23228e-08
-0.634 1.39441e-08
-0.632 1.57725e-08
-0.63 1.78336e-08
-0.628 2.01561e-08
-0.626 2.2772e-08
-0.624 2.57172e-08
-0.622 2.90318e-08
-0.62 3.27607e-08
-0.618 3.6954e-08
-0.616 4.16675e-08
-0.614 4.69636e-08
-0.612 5.2912e-08
-0.61 5.95902e-08
-0.608 6.70848e-08
-0.606 7.54921e-08
-0.604 8.49195e-08
-0.602 9.54865e-08
-0.6 1.07326e-07
-0.598 1.20586e-07
-0.596 1.3543e-07
-0.594 1.52042e-07
-0.592 1.70624e-07
-0.59 1.91401e-07
-0.588 2.14624e-07
-0.586 2.40569e-07
-0.584 2.69544e-07
-0.582 3.0189e-07
-0.58 3.37985e-07
-0.578 3.78245e-07
-0.576 4.23134e-07
-0.574 4.73163e-07
-0.572 5.28899e-07
-0.57 5.90966e-07
-0.568 6.60058e-07
-0.566 7.36936e-07
-0.564 8.22443e-07
-0.562 9.1751e-07
-0.56 1.02316e-06
-0.558 1.14053e-06
-0.556 1.27086e-06
-0.554 1.41553e-06
-0.552 1.57604e-06
-0.55 1.75406e-06
-0.548 1.95142e-06
-0.546 2.17013e-06
-0.544 2.4124e-06
-0.542 2.68066e-06
-0.54 2.97758e-06
-0.538 3.30608e-06
-0.536 3.66938e-06
-0.534 4.07099e-06
-0.532 4.51479e-06
-0.53 5.00499e-06
-0.528 5.54623e-06
-0.526 6.14359e-06
-0.524 6.8026e-06
-0.522 7.52934e-06
-0.52 8.33043e-06
-0.518 9.21313e-06
-0.516 1.01854e-05
-0.514 1.12557e-05
-0.512 1.24337e-05
-0.51 1.37296e-05
-0.508 1.51545e-05
-0.506 1.67208e-05
-0.504 1.84417e-05
-0.502 2.03317e-05
-0.5 2.24065e-05
-0.498 2.46835e-05
-0.496 2.7181e-05
-0.494 2.99196e-05
-0.492 3.29211e-05
-0.49 3.62095e-05
-0.488 3.98107e-05
-0.486 4.37528e-05
-0.484 4.80665e-05
-0.482 5.27846e-05
-0.48 5.79432e-05
-0.478 6.35808e-05
-0.476 6.97396e-05
-0.474 7.64649e-05
-0.472 8.38059e-05
-0.47 9.18156e-05
-0.468 0.000100551
-0.466 0.000110075
-0.464 0.000120453
-0.462 0.000131758
-0.46 0.000144068
-0.458 0.000157466
-0.456 0.000172042
-0.454 0.000187894
-0.452 0.000205126
-0.45 0.00022385
-0.448 0.000244188
-0.446 0.000266269
-0.444 0.000290233
-0.442 0.00031623
-0.44 0.00034442
-0.438 0.000374977
-0.436 0.000408084
-0.434 0.00044394
-0.432 0.000482758
-0.43 0.000524764
-0.428 0.000570202
-0.426 0.000619331
-0.424 0.00067243
-0.422 0.000729796
-0.42 0.000791745
-0.418 0.000858617
-0.416 0.000930772
-0.414 0.0010086
-0.412 0.0010925
-0.41 0.00118292
-0.408 0.00128032
-0.406 0.0013852
-0.404 0.00149809
-0.402 0.00161954
-0.4 0.00175016
-0.398 0.00189057
-0.396 0.00204144
-0.394 0.00220349
-0.392 0.00237748
-0.39 0.0025642
-0.388 0.00276451
-0.386 0.0029793
-0.384 0.00320952
-0.382 0.00345619
-0.38 0.00372035
-0.378 0.00400314
-0.376 0.00430575
-0.374 0.00462942
-0.372 0.00497549
-0.37 0.00534533
-0.368 0.00574042
-0.366 0.00616231
-0.364 0.00661263
-0.362 0.00709308
-0.36 0.00760548
-0.358 0.0081517
-0.356 0.00873376
-0.354 0.00935372
-0.352 0.0100138
-0.35 0.0107162
-0.348 0.0114635
-0.346 0.0122581
-0.344 0.0131027
-0.342 0.014
-0.34 0.0149529
-0.338 0.0159645
-0.336 0.0170378
-0.334 0.0181762
-0.332 0.0193832
-0.33 0.0206622
-0.328 0.0220171
-0.326 0.0234517
-0.324 0.02497
-0.322 0.0265763
-0.32 0.0282749
-0.318 0.0300704
-0.316 0.0319674
-0.314 0.0339709
-0.312 0.036086
-0.31 0.0383178
-0.308 0.0406718
-0.306 0.0431536
-0.304 0.0457691
-0.302 0.0485242
-0.3 0.0514252
-0.298 0.0544784
-0.296 0.0576905
-0.294 0.0610683
-0.292 0.0646187
-0.29 0.0683489
-0.288 0.0722664
-0.286 0.0763788
-0.284 0.0806939
-0.282 0.0852196
-0.28 0.0899642
-0.278 0.0949362
-0.276 0.100144
-0.274 0.105596
-0.272 0.111303
-0.27 0.117272
-0.268 0.123513
-0.266 0.130036
-0.264 0.13685
-0.262 0.143966
-0.26 0.151392
-0.258 0.159141
-0.256 0.16722
-0.254 0.175642
-0.252 0.184417
-0.25 0.193555
-0.248 0.203067
-0.246 0.212964
-0.244 0.223257
-0.242 0.233957
-0.24 0.245075
-0.238 0.256621
-0.236 0.268608
-0.234 0.281045
-0.232 0.293945
-0.23 0.307317
-0.228 0.321174
-0.226 0.335526
-0.224 0.350383
-0.222 0.365756
-0.22 0.381657
-0.218 0.398095
-0.216 0.41508
-0.214 0.432622
-0.212 0.450731
-0.21 0.469417
-0.208 0.488689
-0.206 0.508555
-0.204 0.529024
-0.202 0.550105
-0.2 0.571804
-0.198 0.59413
-0.196 0.617089
-0.194 0.640687
-0.192 0.664932
-0.19 0.689827
-0.188 0.715377
-0.186 0.741588
-0.184 0.768462
-0.182 0.796003
-0.18 0.824212
-0.178 0.853092
-0.176 0.882643
-0.174 0.912865
-0.172 0.943758
-0.17 0.97532
-0.168 1.00755
-0.166 1.04044
-0.164 1.07399
-0.162 1.1082
-0.16 1.14305
-0.158 1.17855
-0.156 1.21468
-0.154 1.25143
-0.152 1.2888
-0.15 1.32677
-0.148 1.36534
-0.146 1.40449
-0.144 1.4442
-0.142 1.48446
-0.14 1.52526
-0.138 1.56657
-0.136 1.60839
-0.134 1.65068
-0.132 1.69343
-0.13 1.73662
-0.128 1.78023
-0.126 1.82423
-0.124 1.8686
-0.122 1.91331
-0.12 1.95833
-0.118 2.00364
-0.116 2.04921
-0.114 2.09502
-0.112 2.14102
-0.11 2.18719
-0.108 2.23349
-0.106 2.2799
-0.104 2.32637
-0.102 2.37289
-0.1 2.41939
-0.098 2.46587
-0.096 2.51226
-0.094 2.55855
-0.092 2.60469
-0.09 2.65064
-0.088 2.69636
-0.086 2.74181
-0.084 2.78696
-0.082 2.83177
-0.08 2.87619
-0.078 2.92018
-0.076 2.9637
-0.074 3.00672
-0.072 3.04919
-0.07 3.09107
-0.068 3.13232
-0.066 3.1729
-0.064 3.21277
-0.062 3.2519
-0.06 3.29023
-0.058 3.32774
-0.056 3.36438
-0.054 3.40011
-0.052 3.43491
-0.05 3.46873
-0.048 3.50153
-0.046 3.53329
-0.044 3.56397
-0.042 3.59353
-0.04 3.62194
-0.038 3.64918
-0.036 3.67521
-0.034 3.7
-0.032 3.72353
-0.03 3.74577
-0.028 3.76669
-0.026 3.78628
-0.024 3.80451
-0.022 3.82135
-0.02 3.8368
-0.018 3.85083
-0.016 3.86342
-0.014 3.87457
-0.012 3.88425
-0.01 3.89247
-0.008 3.89921
-0.006 3.90445
-0.004 3.9082
-0.002 3.91046
0 3.91121
0.002 3.91046
0.004 3.9082
0.006 3.90445
0.008 3.89921
0.01 3.89247
0.012 3.88425
0.014 3.87457
0.016 3.86342
0.018 3.85083
0.02 3.8368
0.022 3.82135
0.024 3.80451
0.026 3.78628
0.028 3.76669
0.03 3.74577
0.032 3.72353
0.034 3.7
0.036 3.67521
0.038 3.64918
0.04 3.62194
0.042 3.59353
0.044 3.56397
0.046 3.53329
0.048 3.50153
0.05 3.46873
0.052 3.43491
0.054 3.40011
0.056 3.36438
0.058 3.32774
0.06 3.29023
0.062 3.2519
0.064 3.21277
0.066 3.1729
0.068 3.13232
0.07 3.09107
0.072 3.04919
0.074 3.00672
0.076 2.9637
0.078 2.92018
0.08 2.87619
0.082 2.83177
0.084 2.78696
0.086 2.74181
0.088 2.69636
0.09 2.65064
0.092 2.60469
0.094 2.55855
0.096 2.51226
0.098 2.46587
0.1 2.41939
0.102 2.37289
0.104 2.32637
0.106 2.2799
0.108 2.23349
0.11 2.18719
0.112 2.14102
0.114 2.09502
0.116 2.04921
0.118 2.00364
0.12 1.95833
0.122 1.91331
0.124 1.8686
0.126 1.82423
0.128 1.78023
0.13 1.73662
0.132 1.69343
0.134 1.65068
0.136 1.60839
0.138 1.56657
0.14 1.52526
0.142 1.48446
0.144 1.4442
0.146 1.40449
0.148 1.36534
0.15 1.32677
0.152 1.2888
0.154 1.25143
0.156 1.21468
0.158 1.17855
0.16 1.14305
0.162 1.1082
0.164 1.07399
0.166 1.04044
0.168 1.00755
0.17 0.97532
0.172 0.943758
0.174 0.912865
0.176 0.882643
0.178 0.853092
0.18 0.824212
0.182 0.796003
0.184 0.768462
0.186 0.741588
0.188 0.715377
0.19 0.689827
0.192 0.664932
0.194 0.640687
0.196 0.617089
0.198 0.59413
0.2 0.571804
0.202 0.550105
0.204 0.529024
0.206 0.508555
0.208 0.488689
0.21 0.469417
0.212 0.450731
0.214 0.432622
0.216 0.41508
0.218 0.398095
0.22 0.381657
0.222 0.365756
0.224 0.350383
0.226 0.335526
0.228 0.321174
0.23 0.307317
0.232 0.293945
0.234 0.281045
0.236 0.268608
0.238 0.256621
0.24 0.245075
0.242 0.233957
0.244 0.223257
0.246 0.212964
0.248 0.203067
0.25 0.193555
0.252 0.184417
0.254 0.175642
0.256 0.16722
0.258 0.159141
0.26 0.151392
0.262 0.143966
0.264 0.13685
0.266 0.130036
0.268 0.123513
0.27 0.117272
0.272 0.111303
0.274 0.105596
0.276 0.100144
0.278 0.0949362
0.28 0.0899642
0.282 0.0852196
0.284 0.0806939
0.286 0.0763788
0.288 0.0722664
0.29 0.0683489
0.292 0.0646187
0.294 0.0610683
0.296 0.0576905
0.298 0.0544784
0.3 0.0514252
0.302 0.0485242
0.304 0.0457691
0.306 0.0431536
0.308 0.0406718
0.31 0.0383178
0.312 0.036086
0.314 0.0339709
0.316 0.0319674
0.318 0.0300704
0.32 0.0282749
0.322 0.0265763
0.324 0.02497
0.326 0.0234517
0.328 0.0220171
0.33 0.0206622
0.332 0.0193832
0.334 0.0181762
0.336 0.0170378
0.338 0.0159645
0.34 0.0149529
0.342 0.014
0.344 0.0131027
0.346 0.0122581
0.348 0.0114635
0.35 0.0107162
0.352 0.0100138
0.354 0.00935372
0.356 0.00873376
0.358 0.0081517
0.36 0.00760548
0.362 0.00709308
0.364 0.00661263
0.366 0.00616231
0.368 0.00574042
0.37 0.00534533
0.372 0.00497549
0.374 0.00462942
0.376 0.00430575
0.378 0.00400314
0.38 0.00372035
0.382 0.00345619
0.384 0.00320952
0.386 0.0029793
0.388 0.00276451
0.39 0.0025642
0.392 0.00237748
0.394 0.00220349
0.396 0.00204144
0.398 0.00189057
0.4 0.00175016
0.402 0.00161954
0.404 0.00149809
0.406 0.0013852
0.408 0.00128032
0.41 0.00118292
0.412 0.0010925
0.414 0.0010086
0.416 0.000930772
0.418 0.000858617
0.42 0.000791745
0.422 0.000729796
0.424 0.00067243
0.426 0.000619331
0.428 0.000570202
0.43 0.000524764
0.432 0.000482758
0.434 0.00044394
0.436 0.000408084
0.438 0.000374977
0.44 0.00034442
0.442 0.00031623
0.444 0.000290233
0.446 0.000266269
0.448 0.000244188
0.45 0.00022385
0.452 0.000205126
0.454 0.000187894
0.456 0.000172042
0.458 0.000157466
0.46 0.000144068
0.462 0.000131758
0.464 0.000120453
0.466 0.000110075
0.468 0.000100551
0.47 9.18156e-05
0.472 8.38059e-05
0.474 7.64649e-05
0.476 6.97396e-05
0.478 6.35808e-05
0.48 5.79432e-05
0.482 5.27846e-05
0.484 4.80665e-05
0.486 4.37528e-05
0.488 3.98107e-05
0.49 3.62095e-05
0.492 3.29211e-05
0.494 2.99196e-05
0.496 2.7181e-05
0.498 2.46835e-05
0.5 2.24065e-05
0.502 2.03317e-05
0.504 1.84417e-05
0.506 1.67208e-05
0.508 1.51545e-05
0.51 1.37296e-05
0.512 1.24337e-05
0.514 1.12557e-05
0.516 1.01854e-05
0.518 9.21313e-06
0.52 8.33043e-06
0.522 7.52934e-06
0.524 6.8026e-06
0.526 6.14359e-06
0.528 5.54623e-06
0.53 5.00499e-06
0.532 4.51479e-06
0.534 4.07099e-06
0.536 3.66938e-06
0.538 3.30608e-06
0.54 2.97758e-06
0.542 2.68066e-06
0.544 2.4124e-06
0.546 2.17013e-06
0.548 1.95142e-06
0.55 1.75406e-06
0.552 1.57604e-06
0.554 1.41553e-06
0.556 1.27086e-06
0.558 1.14053e-06
0.56 1.02316e-06
0.562 9.1751e-07
0.564 8.22443e-07
0.566 7.36936e-07
0.568 6.60058e-07
0.57 5.90966e-07
0.572 5.28899e-07
0.574 4.73163e-07
0.576 4.23134e-07
0.578 3.78245e-07
0.58 3.37985e-07
0.582 3.0189e-07
0.584 2.69544e-07
0.586 2.40569e-07
0.588 2.14624e-07
0.59 1.91401e-07
0.592 1.70624e-07
0.594 1.52042e-07
0.596 1.3543e-07
0.598 1.20586e-07
0.6 1.07326e-07
0.602 9.54865e-08
0.604 8.49195e-08
0.606 7.54921e-08
0.608 6.70848e-08
0.61 5.95902e-08
0.612 5.2912e-08
0.614 4.69636e-08
0.616 4.16675e-08
0.618 3.6954e-08
0.62 3.27607e-08
0.622 2.90318e-08
0.624 2.57172e-08
0.626 2.2772e-08
0.628 2.01561e-08
0.63 1.78336e-08
0.632 1.57725e-08
0.634 1.39441e-08
0.636 1.23228e-08
0.638 1.08857e-08
0.64 9.61238e-09
0.642 8.48464e-09
0.644 7.48625e-09
0.646 6.60273e-09
0.648 5.82117e-09
0.65 5.1301e-09
0.652 4.51927e-09
0.654 3.97961e-09
0.656 3.503e-09
0.658 3.08225e-09
0.66 2.71096e-09
0.662 2.38345e-09
0.664 2.09469e-09
0.666 1.84017e-09
0.668 1.61594e-09
0.67 1.41848e-09
0.672 1.24464e-09
0.674 1.09168e-09
0.676 9.57145e-10
0.678 8.38852e-10
0.68 7.34884e-10
0.682 6.43551e-10
0.684 5.63346e-10
0.686 4.92937e-10
0.688 4.31169e-10
0.69 3.76978e-10
0.692 3.29468e-10
0.694 2.87841e-10
0.696 2.51365e-10
0.698 2.19432e-10
0.7 1.91476e-10
0.702 1.67014e-10
0.704 1.45624e-10
0.706 1.26915e-10
0.708 1.10576e-10
0.71 9.62969e-11
0.712 8.3827e-11
0.714 7.29498e-11
0.716 6.34489e-11
0.718 5.51736e-11
0.72 4.79552e-11
0.722 4.16621e-11
0.724 3.61834e-11
0.726 3.14158e-11
0.728 2.7257e-11
0.73 2.36496e-11
0.732 2.05025e-11
0.734 1.7774e-11
0.736 1.53964e-11
0.738 1.33356e-11
0.74 1.15476e-11
0.742 9.98793e-12
0.744 8.64638e-12
0.746 7.47471e-12
0.748 6.46481e-12
0.75 5.58103e-12
0.752 4.82525e-12
0.754 4.16575e-12
0.756 3.59919e-12
0.758 3.09414e-12
0.76 2.67812e-12
0.762 2.30611e-12
0.764 1.98509e-12
0.766 1.71855e-12
0.768 1.47169e-12
0.77 1.27112e-12
0.772 1.09134e-12
0.774 9.40998e-13
0.776 8.06054e-13
0.778 6.94025e-13
0.78 5.96004e-13
0.782 5.17476e-13
0.784 4.43056e-13
0.786 3.79729e-13
0.788 3.27932e-13
0.79 2.81532e-13
0.792 2.44602e-13
0.794 2.06763e-13
0.796 1.76213e-13
0.798 1.56302e-13
0.8 1.31647e-13
0.802 1.15829e-13
0.804 9.58174e-14
0.806 8.43745e-14
0.808 7.75647e-14
0.81 6.24616e-14
0.812 6.15476e-14
0.814 4.61447e-14
0.816 4.11543e-14
0.818 3.82562e-14
0.82 2.95993e-14
0.822 3.15728e-14
0.824 1.9948e-14
0.826 2.38368e-14
0.828 1.721e-14
0.83 1.49693e-14
0.832 1.70873e-14
0.834 1.23393e-14
0.836 1.60509e-14
0.838 1.03432e-14
0.84 1.01187e-14
0.842 9.22124e-15
0.844 8.89195e-15
0.846 1.05873e-14
0.848 8.21421e-15
0.85 5.1326e-15
0.852 8.86001e-15
0.854 7.11889e-15
0.856 7.57522e-15
0.858 9.0269e-15
0.86 9.64006e-15
0.862 6.58012e-15
0.864 3.57848e-15
0.866 1.12478e-14
0.868 8.21754e-15
0.87 5.25206e-15
0.872 1.03926e-14
0.874 4.68751e-15
0.876 4.31371e-15
0.878 8.28266e-15
0.88 4.06468e-15
0.882 8.46645e-15
0.884 3.53828e-15
0.886 5.20381e-15
0.888 7.47657e-15
0.89 3.33405e-15
0.892 6.41881e-15
0.894 9.73907e-15
0.896 2.75646e-15
0.898 9.15112e-15
0.9 2.35536e-15
0.902 4.15024e-15
0.904 3.02256e-15
0.906 3.10705e-15
0.908 7.90054e-15
0.91 3.30967e-15
0.912 6.7889e-15
0.914 9.28939e-15
0.916 8.84181e-15
0.918 4.85988e-15
0.92 5.24013e-15
0.922 5.28282e-15
0.924 6.91853e-15
0.926 1.05875e-14
0.928 5.65008e-15
0.93 8.28927e-15
0.932 2.03406e-15
0.934 3.57904e-15
0.936 8.56673e-15
0.938 1.95456e-15
0.94 6.13528e-15
0.942 2.82621e-15
0.944 7.13592e-15
0.946 2.91714e-15
0.948 1.12871e-14
0.95 -3.85798e-16
0.952 8.29775e-15
0.954 4.1433e-15
0.956 7.059e-15
0.958 7.86185e-15
0.96 2.64453e-15
0.962 7.59378e-16
0.964 7.16657e-15
0.966 7.6728e-15
0.968 6.4714e-15
0.97 1.12402e-14
0.972 1.63496e-15
0.974 1.21568e-14
0.976 -1.24243e-15
0.978 8.94312e-15
0.98 3.23605e-15
0.982 4.27127e-15
0.984 3.76687e-15
0.986 3.10539e-15
0.988 6.48642e-15
0.99 7.69199e-15
0.992 4.92069e-15
0.994 7.59257e-15
0.996 1.99744e-15
0.998 8.48132e-15
