-1 3.81502
-0.998 3.81433
-0.996 3.81224
-0.994 3.80877
-0.992 3.80392
-0.99 3.79769
-0.988 3.79009
-0.986 3.78113
-0.984 3.77081
-0.982 3.75915
-0.98 3.74617
-0.978 3.73186
-0.976 3.71626
-0.974 3.69938
-0.972 3.68123
-0.97 3.66183
-0.968 3.64121
-0.966 3.61939
-0.964 3.59638
-0.962 3.57222
-0.96 3.54693
-0.958 3.52053
-0.956 3.49305
-0.954 3.46452
-0.952 3.43498
-0.95 3.40444
-0.948 3.37294
-0.946 3.34051
-0.944 3.30719
-0.942 3.27301
-0.94 3.23799
-0.938 3.20218
-0.936 3.16561
-0.934 3.12831
-0.932 3.09032
-0.93 3.05168
-0.928 3.01241
-0.926 2.97257
-0.924 2.93218
-0.922 2.89128
-0.92 2.84991
-0.918 2.80809
-0.916 2.76588
-0.914 2.72331
-0.912 2.68041
-0.91 2.63722
-0.908 2.59377
-0.906 2.5501
-0.904 2.50625
-0.902 2.46225
-0.9 2.41813
-0.898 2.37394
-0.896 2.32969
-0.894 2.28543
-0.892 2.24118
-0.89 2.19698
-0.888 2.15287
-0.886 2.10886
-0.884 2.06499
-0.882 2.02129
-0.88 1.97779
-0.878 1.93451
-0.876 1.89148
-0.874 1.84872
-0.872 1.80627
-0.87 1.76414
-0.868 1.72235
-0.866 1.68094
-0.864 1.63991
-0.862 1.59929
-0.86 1.55911
-0.858 1.51937
-0.856 1.4801
-0.854 1.4413
-0.852 1.40301
-0.85 1.36523
-0.848 1.32797
-0.846 1.29125
-0.844 1.25508
-0.842 1.21947
-0.84 1.18443
-0.838 1.14997
-0.836 1.1161
-0.834 1.08283
-0.832 1.05015
-0.83 1.01808
-0.828 0.98663
-0.826 0.955791
-0.824 0.925571
-0.822 0.895972
-0.82 0.866997
-0.818 0.838646
-0.816 0.81092
-0.814 0.783818
-0.812 0.757339
-0.81 0.731481
-0.808 0.706242
-0.806 0.681619
-0.804 0.657608
-0.802 0.634206
-0.8 0.611408
-0.798 0.589208
-0.796 0.567602
-0.794 0.546583
-0.792 0.526146
-0.79 0.506282
-0.788 0.486986
-0.786 0.468249
-0.784 0.450064
-0.782 0.432423
-0.78 0.415317
-0.778 0.398738
-0.776 0.382676
-0.774 0.367123
-0.772 0.35207
-0.77 0.337507
-0.768 0.323424
-0.766 0.309812
-0.764 0.296661
-0.762 0.283961
-0.76 0.271702
-0.758 0.259874
-0.756 0.248467
-0.754 0.237471
-0.752 0.226876
-0.75 0.216671
-0.748 0.206847
-0.746 0.197394
-0.744 0.188302
-0.742 0.17956
-0.74 0.171159
-0.738 0.163089
-0.736 0.155341
-0.734 0.147904
-0.732 0.140771
-0.73 0.13393
-0.728 0.127373
-0.726 0.121092
-0.724 0.115076
-0.722 0.109317
-0.72 0.103807
-0.718 0.0985377
-0.716 0.0934998
-0.714 0.0886857
-0.712 0.0840874
-0.71 0.0796971
-0.708 0.0755072
-0.706 0.0715102
-0.704 0.0676989
-0.702 0.0640663
-0.7 0.0606055
-0.698 0.0573096
-0.696 0.0541723
-0.694 0.0511871
-0.692 0.0483479
-0.69 0.0456486
-0.688 0.0430836
-0.686 0.0406471
-0.684 0.0383337
-0.682 0.0361381
-0.68 0.0340552
-0.678 0.03208
-0.676 0.0302077
-0.674 0.0284338
-0.672 0.0267538
-0.67 0.0251634
-0.668 0.0236584
-0.666 0.0222349
-0.664 0.020889
-0.662 0.0196169
-0.66 0.0184153
-0.658 0.0172806
-0.656 0.0162096
-0.654 0.0151991
-0.652 0.0142461
-0.65 0.0133476
-0.648 0.0125011
-0.646 0.0117037
-0.644 0.0109529
-0.642 0.0102463
-0.64 0.00958163
-0.638 0.00895659
-0.636 0.00836908
-0.634 0.00781709
-0.632 0.00729868
-0.63 0.00681202
-0.628 0.00635534
-0.626 0.00592698
-0.624 0.00552535
-0.622 0.00514894
-0.62 0.00479631
-0.618 0.0044661
-0.616 0.00415701
-0.614 0.00386781
-0.612 0.00359733
-0.61 0.00334447
-0.608 0.00310818
-0.606 0.00288745
-0.604 0.00268136
-0.602 0.00248901
-0.6 0.00230957
-0.598 0.00214222
-0.596 0.00198623
-0.594 0.00184088
-0.592 0.0017055
-0.59 0.00157946
-0.588 0.00146217
-0.586 0.00135306
-0.584 0.0012516
-0.582 0.0011573
-0.58 0.00106969
-0.578 0.000988327
-0.576 0.000912795
-0.574 0.000842706
-0.572 0.000777695
-0.57 0.00071742
-0.568 0.000661557
-0.566 0.000609806
-0.564 0.000561884
-0.562 0.000517526
-0.56 0.000476483
-0.558 0.000438523
-0.556 0.00040343
-0.554 0.000371
-0.552 0.000341044
-0.55 0.000313383
-0.548 0.000287853
-0.546 0.0002643
-0.544 0.000242579
-0.542 0.000222555
-0.54 0.000204105
-0.538 0.000187111
-0.536 0.000171464
-0.534 0.000157064
-0.532 0.000143818
-0.53 0.000131636
-0.528 0.00012044
-0.526 0.000110152
-0.524 0.000100704
-0.522 9.20296e-05
-0.52 8.40696e-05
-0.518 7.6768e-05
-0.516 7.0073e-05
-0.514 6.39367e-05
-0.512 5.83149e-05
-0.51 5.31665e-05
-0.508 4.84535e-05
-0.506 4.4141e-05
-0.504 4.01965e-05
-0.502 3.65901e-05
-0.5 3.32942e-05
-0.498 3.02832e-05
-0.496 2.75337e-05
-0.494 2.5024e-05
-0.492 2.27341e-05
-0.49 2.06456e-05
-0.488 1.87416e-05
-0.486 1.70064e-05
-0.484 1.54259e-05
-0.482 1.39867e-05
-0.48 1.26768e-05
-0.478 1.14851e-05
-0.476 1.04012e-05
-0.474 9.41599e-06
-0.472 8.5207e-06
-0.47 7.7075e-06
-0.468 6.96916e-06
-0.466 6.29906e-06
-0.464 5.69115e-06
-0.462 5.13988e-06
-0.46 4.64017e-06
-0.458 4.1874e-06
-0.456 3.77731e-06
-0.454 3.40604e-06
-0.452 3.07005e-06
-0.45 2.76611e-06
-0.448 2.49127e-06
-0.446 2.24286e-06
-0.444 2.01842e-06
-0.442 1.81572e-06
-0.44 1.63273e-06
-0.438 1.4676e-06
-0.436 1.31866e-06
-0.434 1.18436e-06
-0.432 1.06331e-06
-0.43 9.54265e-07
-0.428 8.5606e-07
-0.426 7.67658e-07
-0.424 6.88113e-07
-0.422 6.16566e-07
-0.42 5.5224e-07
-0.418 4.94429e-07
-0.416 4.42495e-07
-0.414 3.95859e-07
-0.412 3.53998e-07
-0.41 3.16439e-07
-0.408 2.82752e-07
-0.406 2.52552e-07
-0.404 2.25488e-07
-0.402 2.01244e-07
-0.4 1.79536e-07
-0.398 1.60106e-07
-0.396 1.42722e-07
-0.394 1.27176e-07
-0.392 1.13278e-07
-0.39 1.00858e-07
-0.388 8.97651e-08
-0.386 7.98603e-08
-0.384 7.10202e-08
-0.382 6.31337e-08
-0.38 5.61006e-08
-0.378 4.98313e-08
-0.376 4.4245e-08
-0.374 3.92694e-08
-0.372 3.48395e-08
-0.37 3.0897e-08
-0.368 2.73898e-08
-0.366 2.42711e-08
-0.364 2.1499e-08
-0.362 1.90359e-08
-0.36 1.68483e-08
-0.358 1.49062e-08
-0.356 1.31828e-08
-0.354 1.16539e-08
-0.352 1.02983e-08
-0.35 9.09678e-09
-0.348 8.03223e-09
-0.346 7.08945e-09
-0.344 6.25484e-09
-0.342 5.51629e-09
-0.34 4.86301e-09
-0.338 4.2854e-09
-0.336 3.7749e-09
-0.334 3.32388e-09
-0.332 2.9256e-09
-0.33 2.57401e-09
-0.328 2.26377e-09
-0.326 1.99014e-09
-0.324 1.74889e-09
-0.322 1.53626e-09
-0.32 1.34896e-09
-0.318 1.18402e-09
-0.316 1.03883e-09
-0.314 9.11085e-10
-0.312 7.98733e-10
-0.31 6.9996e-10
-0.308 6.13154e-10
-0.306 5.36898e-10
-0.304 4.69938e-10
-0.302 4.11168e-10
-0.3 3.59604e-10
-0.298 3.14383e-10
-0.296 2.74737e-10
-0.294 2.39996e-10
-0.292 2.09567e-10
-0.29 1.82917e-10
-0.288 1.59598e-10
-0.286 1.39193e-10
-0.284 1.21353e-10
-0.282 1.05756e-10
-0.28 9.21254e-11
-0.278 8.02213e-11
-0.276 6.98229e-11
-0.274 6.07548e-11
-0.272 5.2836e-11
-0.27 4.59394e-11
-0.268 3.99204e-11
-0.266 3.46822e-11
-0.264 3.0115e-11
-0.262 2.61404e-11
-0.26 2.26811e-11
-0.258 1.9671e-11
-0.256 1.70538e-11
-0.254 1.4781e-11
-0.252 1.28055e-11
-0.25 1.1085e-11
-0.248 9.59615e-12
-0.246 8.30623e-12
-0.244 7.18359e-12
-0.242 6.21064e-12
-0.24 5.3656e-12
-0.238 4.63869e-12
-0.236 4.00245e-12
-0.234 3.45749e-12
-0.232 2.9786e-12
-0.23 2.57185e-12
-0.228 2.21867e-12
-0.226 1.91177e-12
-0.224 1.64812e-12
-0.222 1.41807e-12
-0.22 1.2218e-12
-0.218 1.0511e-12
-0.216 9.00578e-13
-0.214 7.79373e-13
-0.212 6.66834e-13
-0.21 5.74272e-13
-0.208 4.91916e-13
-0.206 4.24531e-13
-0.204 3.66178e-13
-0.202 3.10943e-13
-0.2 2.69042e-13
-0.198 2.33078e-13
-0.196 1.95565e-13
-0.194 1.6809e-13
-0.192 1.44902e-13
-0.19 1.21562e-13
-0.188 1.08778e-13
-0.186 9.09225e-14
-0.184 7.8703e-14
-0.182 6.65187e-14
-0.18 5.99345e-14
-0.178 4.52707e-14
-0.176 4.21684e-14
-0.174 3.63038e-14
-0.172 3.26983e-14
-0.17 2.61255e-14
-0.168 2.26714e-14
-0.166 1.98978e-14
-0.164 1.68776e-14
-0.162 1.40512e-14
-0.16 1.09199e-14
-0.158 1.13441e-14
-0.156 8.4628e-15
-0.154 9.62758e-15
-0.152 7.03903e-15
-0.15 9.69553e-15
-0.148 4.40713e-15
-0.146 4.03425e-15
-0.144 3.86761e-15
-0.142 2.28476e-15
-0.14 2.23317e-15
-0.138 4.86834e-15
-0.136 4.45608e-16
-0.134 2.85535e-15
-0.132 -9.36388e-16
-0.13 2.12561e-15
-0.128 1.07968e-15
-0.126 1.66325e-15
-0.124 4.60561e-15
-0.122 4.30936e-16
-0.12 3.82431e-15
-0.118 -2.71596e-16
-0.116 2.33702e-15
-0.114 9.24499e-17
-0.112 3.26913e-15
-0.11 3.0766e-15
-0.108 -2.56759e-15
-0.106 -7.16667e-16
-0.104 1.64607e-15
-0.102 1.64841e-15
-0.1 -7.04281e-16
-0.098 1.00848e-15
-0.096 1.90733e-15
-0.094 -5.35001e-16
-0.092 1.80703e-16
-0.09 -1.38518e-15
-0.088 -8.09277e-16
-0.086 -3.471e-15
-0.084 -1.33616e-15
-0.082 1.67062e-16
-0.08 3.04188e-15
-0.078 -1.87447e-16
-0.076 -1.2917e-16
-0.074 5.57153e-16
-0.072 -3.13362e-16
-0.07 2.18968e-15
-0.068 3.16223e-15
-0.066 3.85425e-15
-0.064 -2.27363e-15
-0.062 2.24663e-15
-0.06 -1.10872e-16
-0.058 2.07119e-15
-0.056 1.43577e-15
-0.054 2.87723e-15
-0.052 2.41887e-16
-0.05 3.45625e-16
-0.048 1.22375e-15
-0.046 -1.51776e-15
-0.044 -1.47844e-15
-0.042 3.93258e-15
-0.04 2.13926e-16
-0.038 1.49386e-15
-0.036 -1.49551e-16
-0.034 1.07814e-15
-0.032 -2.79376e-15
-0.03 1.85119e-15
-0.028 -1.95384e-15
-0.026 1.20414e-15
-0.024 6.80797e-16
-0.022 -5.7765e-16
-0.02 -8.3851e-16
-0.018 1.95297e-15
-0.016 2.26534e-15
-0.014 5.92633e-16
-0.012 -8.65648e-16
-0.01 3.15684e-16
-0.008 1.26089e-15
-0.006 -1.90963e-15
-0.004 3.00567e-15
-0.002 7.13712e-16
0 2.41161e-15
0.002 3.77971e-16
0.004 7.49619e-16
0.006 -1.7762e-15
0.008 3.09173e-15
0.01 -1.61127e-15
0.012 1.08076e-15
0.014 -1.62596e-15
0.016 -4.00305e-16
0.018 4.68346e-16
0.02 8.93342e-16
0.022 1.5843e-15
0.024 2.1693e-15
0.026 -1.00146e-15
0.028 1.84168e-15
0.03 2.8629e-15
0.032 1.46087e-15
0.034 6.51482e-16
0.036 1.35748e-15
0.038 1.89351e-15
0.04 9.59134e-16
0.042 1.69003e-16
0.044 2.31197e-16
0.046 -2.09307e-15
0.048 1.11096e-15
0.05 -2.19352e-15
0.052 3.75026e-15
0.054 -1.21201e-15
0.056 2.50651e-15
0.058 -1.36968e-16
0.06 3.62602e-15
0.062 1.39076e-15
0.064 5.30851e-16
0.066 1.60571e-15
0.068 -1.8723e-15
0.07 2.84845e-15
0.072 2.03667e-15
0.074 -1.61286e-15
0.076 6.98594e-16
0.078 1.02685e-15
0.08 1.49875e-15
0.082 3.49954e-15
0.084 2.0598e-15
0.086 1.55674e-16
0.088 -2.70751e-15
0.09 2.08594e-15
0.092 -8.51534e-16
0.094 1.09391e-15
0.096 1.54453e-15
0.098 2.93986e-15
0.1 -1.2268e-15
0.102 2.09945e-15
0.104 -1.47208e-15
0.106 2.24908e-16
0.108 -1.6045e-15
0.11 1.91142e-15
0.112 1.51466e-15
0.114 -1.38317e-15
0.116 2.79474e-15
0.118 -2.40076e-16
0.12 2.51858e-15
0.122 -1.2654e-15
0.124 1.07436e-16
0.126 4.58444e-16
0.128 1.29984e-15
0.13 2.15038e-15
0.132 9.46252e-16
0.134 3.14697e-15
0.136 3.70721e-15
0.138 1.64723e-15
0.14 3.23325e-15
0.142 1.94678e-15
0.144 3.72361e-16
0.146 4.73917e-15
0.148 5.36426e-15
0.15 5.09091e-15
0.152 5.83897e-15
0.154 5.10152e-15
0.156 7.20998e-15
0.158 1.07912e-14
0.16 1.02224e-14
0.162 1.24559e-14
0.164 1.40454e-14
0.166 1.63668e-14
0.168 2.40207e-14
0.17 2.20896e-14
0.172 2.85227e-14
0.174 3.25032e-14
0.176 4.20294e-14
0.178 4.61641e-14
0.18 5.45968e-14
0.182 6.68202e-14
0.184 7.58761e-14
0.186 9.04092e-14
0.188 1.01614e-13
0.19 1.2575e-13
0.192 1.42153e-13
0.194 1.69532e-13
0.196 1.96167e-13
0.198 2.26642e-13
0.2 2.66471e-13
0.202 3.11914e-13
0.204 3.60527e-13
0.206 4.25263e-13
0.208 4.90662e-13
0.21 5.71377e-13
0.212 6.67187e-13
0.214 7.76642e-13
0.216 9.01101e-13
0.218 1.04651e-12
0.22 1.21784e-12
0.222 1.41991e-12
0.224 1.64424e-12
0.226 1.91267e-12
0.228 2.2173e-12
0.23 2.57311e-12
0.232 2.98159e-12
0.234 3.45701e-12
0.236 3.99751e-12
0.238 4.63937e-12
0.24 5.36297e-12
0.242 6.20803e-12
0.244 7.17814e-12
0.246 8.30302e-12
0.248 9.59818e-12
0.25 1.1083e-11
0.252 1.28027e-11
0.254 1.47733e-11
0.256 1.70531e-11
0.258 1.96684e-11
0.26 2.26813e-11
0.262 2.61381e-11
0.264 3.01108e-11
0.266 3.46814e-11
0.268 3.9921e-11
0.27 4.59326e-11
0.272 5.28374e-11
0.274 6.07527e-11
0.276 6.98202e-11
0.278 8.02182e-11
0.28 9.212e-11
0.282 1.05754e-10
0.284 1.2135e-10
0.286 1.39194e-10
0.288 1.59596e-10
0.29 1.82916e-10
0.292 2.09563e-10
0.294 2.39995e-10
0.296 2.7473e-10
0.298 3.1438e-10
0.3 3.59602e-10
0.302 4.11165e-10
0.304 4.69937e-10
0.306 5.36893e-10
0.308 6.13151e-10
0.31 6.99956e-10
0.312 7.98731e-10
0.314 9.11087e-10
0.316 1.03883e-09
0.318 1.18402e-09
0.32 1.34896e-09
0.322 1.53626e-09
0.324 1.74888e-09
0.326 1.99014e-09
0.328 2.26377e-09
0.33 2.57401e-09
0.332 2.92559e-09
0.334 3.32388e-09
0.336 3.77489e-09
0.338 4.2854e-09
0.34 4.86301e-09
0.342 5.51629e-09
0.344 6.25484e-09
0.346 7.08944e-09
0.348 8.03223e-09
0.35 9.09678e-09
0.352 1.02983e-08
0.354 1.16539e-08
0.356 1.31828e-08
0.358 1.49062e-08
0.36 1.68483e-08
0.362 1.90359e-08
0.364 2.1499e-08
0.366 2.42711e-08
0.368 2.73898e-08
0.37 3.0897e-08
0.372 3.48395e-08
0.374 3.92694e-08
0.376 4.4245e-08
0.378 4.98313e-08
0.38 5.61006e-08
0.382 6.31337e-08
0.384 7.10202e-08
0.386 7.98603e-08
0.388 8.97651e-08
0.39 1.00858e-07
0.392 1.13278e-07
0.394 1.27176e-07
0.396 1.42722e-07
0.398 1.60106e-07
0.4 1.79536e-07
0.402 2.01244e-07
0.404 2.25488e-07
0.406 2.52552e-07
0.408 2.82752e-07
0.41 3.16439e-07
0.412 3.53998e-07
0.414 3.95859e-07
0.416 4.42495e-07
0.418 4.94429e-07
0.42 5.5224e-07
0.422 6.16566e-07
0.424 6.88113e-07
0.426 7.67658e-07
0.428 8.5606e-07
0.43 9.54265e-07
0.432 1.06331e-06
0.434 1.18436e-06
0.436 1.31866e-06
0.438 1.4676e-06
0.44 1.63273e-06
0.442 1.81572e-06
0.444 2.01842e-06
0.446 2.24286e-06
0.448 2.49127e-06
0.45 2.76611e-06
0.452 3.07005e-06
0.454 3.40604e-06
0.456 3.77731e-06
0.458 4.1874e-06
0.46 4.64017e-06
0.462 5.13988e-06
0.464 5.69115e-06
0.466 6.29906e-06
0.468 6.96916e-06
0.47 7.7075e-06
0.472 8.5207e-06
0.474 9.41599e-06
0.476 1.04012e-05
0.478 1.14851e-05
0.48 1.26768e-05
0.482 1.39867e-05
0.484 1.54259e-05
0.486 1.70064e-05
0.488 1.87416e-05
0.49 2.06456e-05
0.492 2.27341e-05
0.494 2.5024e-05
0.496 2.75337e-05
0.498 3.02832e-05
0.5 3.32942e-05
0.502 3.65901e-05
0.504 4.01965e-05
0.506 4.4141e-05
0.508 4.84535e-05
0.51 5.31665e-05
0.512 5.83149e-05
0.514 6.39367e-05
0.516 7.0073e-05
0.518 7.6768e-05
0.52 8.40696e-05
0.522 9.20296e-05
0.524 0.000100704
0.526 0.000110152
0.528 0.00012044
0.53 0.000131636
0.532 0.000143818
0.534 0.000157064
0.536 0.000171464
0.538 0.000187111
0.54 0.000204105
0.542 0.000222555
0.544 0.000242579
0.546 0.0002643
0.548 0.000287853
0.55 0.000313383
0.552 0.000341044
0.554 0.000371
0.556 0.00040343
0.558 0.000438523
0.56 0.000476483
0.562 0.000517526
0.564 0.000561884
0.566 0.000609806
0.568 0.000661557
0.57 0.00071742
0.572 0.000777695
0.574 0.000842706
0.576 0.000912795
0.578 0.000988327
0.58 0.00106969
0.582 0.0011573
0.584 0.0012516
0.586 0.00135306
0.588 0.00146217
0.59 0.00157946
0.592 0.0017055
0.594 0.00184088
0.596 0.00198623
0.598 0.00214222
0.6 0.00230957
0.602 0.00248901
0.604 0.00268136
0.606 0.00288745
0.608 0.00310818
0.61 0.00334447
0.612 0.00359733
0.614 0.00386781
0.616 0.00415701
0.618 0.0044661
0.62 0.00479631
0.622 0.00514894
0.624 0.00552535
0.626 0.00592698
0.628 0.00635534
0.63 0.00681202
0.632 0.00729868
0.634 0.00781709
0.636 0.00836908
0.638 0.00895659
0.64 0.00958163
0.642 0.0102463
0.644 0.0109529
0.646 0.0117037
0.648 0.0125011
0.65 0.0133476
0.652 0.0142461
0.654 0.0151991
0.656 0.0162096
0.658 0.0172806
0.66 0.0184153
0.662 0.0196169
0.664 0.020889
0.666 0.0222349
0.668 0.0236584
0.67 0.0251634
0.672 0.0267538
0.674 0.0284338
0.676 0.0302077
0.678 0.03208
0.68 0.0340552
0.682 0.0361381
0.684 0.0383337
0.686 0.0406471
0.688 0.0430836
0.69 0.0456486
0.692 0.0483479
0.694 0.0511871
0.696 0.0541723
0.698 0.0573096
0.7 0.0606055
0.702 0.0640663
0.704 0.0676989
0.706 0.0715102
0.708 0.0755072
0.71 0.0796971
0.712 0.0840874
0.714 0.0886857
0.716 0.0934998
0.718 0.0985377
0.72 0.103807
0.722 0.109317
0.724 0.115076
0.726 0.121092
0.728 0.127373
0.73 0.13393
0.732 0.140771
0.734 0.147904
0.736 0.155341
0.738 0.163089
0.74 0.171159
0.742 0.17956
0.744 0.188302
0.746 0.197394
0.748 0.206847
0.75 0.216671
0.752 0.226876
0.754 0.237471
0.756 0.248467
0.758 0.259874
0.76 0.271702
0.762 0.283961
0.764 0.296661
0.766 0.309812
0.768 0.323424
0.77 0.337507
0.772 0.35207
0.774 0.367123
0.776 0.382676
0.778 0.398738
0.78 0.415317
0.782 0.432423
0.784 0.450064
0.786 0.468249
0.788 0.486986
0.79 0.506282
0.792 0.526146
0.794 0.546583
0.796 0.567602
0.798 0.589208
0.8 0.611408
0.802 0.634206
0.804 0.657608
0.806 0.681619
0.808 0.706242
0.81 0.731481
0.812 0.757339
0.814 0.783818
0.816 0.81092
0.818 0.838646
0.82 0.866997
0.822 0.895972
0.824 0.925571
0.826 0.955791
0.828 0.98663
0.83 1.01808
0.832 1.05015
0.834 1.08283
0.836 1.1161
0.838 1.14997
0.84 1.18443
0.842 1.21947
0.844 1.25508
0.846 1.29125
0.848 1.32797
0.85 1.36523
0.852 1.40301
0.854 1.4413
0.856 1.4801
0.858 1.51937
0.86 1.55911
0.862 1.59929
0.864 1.63991
0.866 1.68094
0.868 1.72235
0.87 1.76414
0.872 1.80627
0.874 1.84872
0.876 1.89148
0.878 1.93451
0.88 1.97779
0.882 2.02129
0.884 2.06499
0.886 2.10886
0.888 2.15287
0.89 2.19698
0.892 2.24118
0.894 2.28543
0.896 2.32969
0.898 2.37394
0.9 2.41813
0.902 2.46225
0.904 2.50625
0.906 2.5501
0.908 2.59377
0.91 2.63722
0.912 2.68041
0.914 2.72331
0.916 2.76588
0.918 2.80809
0.92 2.84991
0.922 2.89128
0.924 2.93218
0.926 2.97257
0.928 3.01241
0.93 3.05168
0.932 3.09032
0.934 3.12831
0.936 3.16561
0.938 3.20218
0.94 3.23799
0.942 3.27301
0.944 3.30719
0.946 3.34051
0.948 3.37294
0.95 3.40444
0.952 3.43498
0.954 3.46452
0.956 3.49305
0.958 3.52053
0.96 3.54693
0.962 3.57222
0.964 3.59638
0.966 3.61939
0.968 3.64121
0.97 3.66183
0.972 3.68123
0.974 3.69938
0.976 3.71626
0.978 3.73186
0.98 3.74617
0.982 3.75915
0.984 3.77081
0.986 3.78113
0.988 3.79009
0.99 3.79769
0.992 3.80392
0.994 3.80877
0.996 3.81224
0.998 3.81433
