-1 0.734705
-0.99 0.734694
-0.98 0.734218
-0.97 0.733706
-0.96 0.732758
-0.95 0.731733
-0.94 0.730333
-0.93 0.728782
-0.92 0.726952
-0.91 0.724864
-0.9 0.722627
-0.89 0.719998
-0.88 0.717371
-0.87 0.714208
-0.86 0.711194
-0.85 0.707531
-0.84 0.704104
-0.83 0.700007
-0.82 0.696115
-0.81 0.691676
-0.8 0.687253
-0.79 0.682559
-0.78 0.677575
-0.77 0.672657
-0.76 0.667164
-0.75 0.66195
-0.74 0.656108
-0.73 0.650448
-0.72 0.644447
-0.71 0.638233
-0.7 0.632141
-0.69 0.625463
-0.68 0.619117
-0.67 0.612263
-0.66 0.605415
-0.65 0.598592
-0.64 0.591254
-0.63 0.584291
-0.62 0.576839
-0.61 0.569383
-0.6 0.562073
-0.59 0.554202
-0.58 0.546706
-0.57 0.538942
-0.56 0.530909
-0.55 0.523289
-0.54 0.515154
-0.53 0.507087
-0.52 0.499286
-0.51 0.490921
-0.5 0.482848
-0.49 0.474895
-0.48 0.466408
-0.47 0.458326
-0.46 0.450306
-0.45 0.441767
-0.44 0.433662
-0.43 0.425684
-0.42 0.417158
-0.41 0.408997
-0.4 0.401159
-0.39 0.392761
-0.38 0.384484
-0.37 0.376797
-0.36 0.368742
-0.35 0.36036
-0.34 0.352619
-0.33 0.345103
-0.32 0.336974
-0.31 0.328873
-0.3 0.321554
-0.29 0.3143
-0.28 0.306356
-0.27 0.298389
-0.26 0.291305
-0.25 0.284696
-0.24 0.27748
-0.23 0.269492
-0.22 0.261769
-0.21 0.255467
-0.2 0.250939
-0.19 0.247768
-0.18 0.245315
-0.17 0.243141
-0.16 0.241069
-0.15 0.239075
-0.14 0.237179
-0.13 0.235398
-0.12 0.233739
-0.11 0.232203
-0.1 0.230794
-0.09 0.229512
-0.08 0.22836
-0.07 0.227339
-0.06 0.226451
-0.05 0.225698
-0.04 0.22508
-0.03 0.224598
-0.02 0.224254
-0.01 0.224047
0 0.223978
0.01 0.224047
0.02 0.224254
0.03 0.224598
0.04 0.22508
0.05 0.225698
0.06 0.226451
0.07 0.227339
0.08 0.22836
0.09 0.229512
0.1 0.230794
0.11 0.232203
0.12 0.233739
0.13 0.235398
0.14 0.237179
0.15 0.239075
0.16 0.241069
0.17 0.243141
0.18 0.245315
0.19 0.247768
0.2 0.250939
0.21 0.255467
0.22 0.261769
0.23 0.269492
0.24 0.27748
0.25 0.284696
0.26 0.291305
0.27 0.298389
0.28 0.306356
0.29 0.3143
0.3 0.321554
0.31 0.328873
0.32 0.336974
0.33 0.345103
0.34 0.352619
0.35 0.36036
0.36 0.368742
0.37 0.376797
0.38 0.384484
0.39 0.392761
0.4 0.401159
0.41 0.408997
0.42 0.417158
0.43 0.425684
0.44 0.433662
0.45 0.441767
0.46 0.450306
0.47 0.458326
0.48 0.466408
0.49 0.474895
0.5 0.482848
0.51 0.490921
0.52 0.499286
0.53 0.507087
0.54 0.515154
0.55 0.523289
0.56 0.530909
0.57 0.538942
0.58 0.546706
0.59 0.554202
0.6 0.562073
0.61 0.569383
0.62 0.576839
0.63 0.584291
0.64 0.591254
0.65 0.598592
0.66 0.605415
0.67 0.612263
0.68 0.619117
0.69 0.625463
0.7 0.632141
0.71 0.638233
0.72 0.644447
0.73 0.650448
0.74 0.656108
0.75 0.66195
0.76 0.667164
0.77 0.672657
0.78 0.677575
0.79 0.682559
0.8 0.687253
0.81 0.691676
0.82 0.696115
0.83 0.700007
0.84 0.704104
0.85 0.707531
0.86 0.711194
0.87 0.714208
0.88 0.717371
0.89 0.719998
0.9 0.722627
0.91 0.724864
0.92 0.726952
0.93 0.728782
0.94 0.730333
0.95 0.731733
0.96 0.732758
0.97 0.733706
0.98 0.734218
0.99 0.734694
