-1 5.16562e-12
-0.998 5.22124e-12
-0.996 5.3892e-12
-0.994 5.67285e-12
-0.992 6.07782e-12
-0.99 6.61215e-12
-0.988 7.28642e-12
-0.986 8.11395e-12
-0.984 9.11103e-12
-0.982 1.02972e-11
-0.98 1.16957e-11
-0.978 1.33337e-11
-0.976 1.5243e-11
-0.974 1.74604e-11
-0.972 2.00284e-11
-0.97 2.2996e-11
-0.968 2.64196e-11
-0.966 3.0364e-11
-0.964 3.4903e-11
-0.962 4.01216e-11
-0.96 4.61166e-11
-0.958 5.29986e-11
-0.956 6.0894e-11
-0.954 6.99468e-11
-0.952 8.03211e-11
-0.95 9.22039e-11
-0.948 1.05808e-10
-0.946 1.21376e-10
-0.944 1.39182e-10
-0.942 1.59541e-10
-0.94 1.82807e-10
-0.938 2.09386e-10
-0.936 2.39734e-10
-0.934 2.74374e-10
-0.932 3.13895e-10
-0.93 3.58966e-10
-0.928 4.10345e-10
-0.926 4.68893e-10
-0.924 5.3558e-10
-0.922 6.11507e-10
-0.92 6.9792e-10
-0.918 7.96226e-10
-0.916 9.08016e-10
-0.914 1.03509e-09
-0.912 1.17947e-09
-0.91 1.34346e-09
-0.908 1.52963e-09
-0.906 1.74091e-09
-0.904 1.98057e-09
-0.902 2.25233e-09
-0.9 2.56036e-09
-0.898 2.90934e-09
-0.896 3.30457e-09
-0.894 3.75199e-09
-0.892 4.25829e-09
-0.89 4.83097e-09
-0.888 5.47848e-09
-0.886 6.21029e-09
-0.884 7.03704e-09
-0.882 7.97067e-09
-0.88 9.02455e-09
-0.878 1.02137e-08
-0.876 1.15549e-08
-0.874 1.3067e-08
-0.872 1.47711e-08
-0.87 1.66907e-08
-0.868 1.88522e-08
-0.866 2.12852e-08
-0.864 2.40225e-08
-0.862 2.7101e-08
-0.86 3.05618e-08
-0.858 3.44508e-08
-0.856 3.88191e-08
-0.854 4.37238e-08
-0.852 4.92285e-08
-0.85 5.54041e-08
-0.848 6.23294e-08
-0.846 7.00923e-08
-0.844 7.87906e-08
-0.842 8.85328e-08
-0.84 9.94399e-08
-0.838 1.11646e-07
-0.836 1.253e-07
-0.834 1.40568e-07
-0.832 1.57634e-07
-0.83 1.767e-07
-0.828 1.97994e-07
-0.826 2.21764e-07
-0.824 2.4829e-07
-0.822 2.77876e-07
-0.82 3.10864e-07
-0.818 3.47629e-07
-0.816 3.88587e-07
-0.814 4.34196e-07
-0.812 4.84965e-07
-0.81 5.41453e-07
-0.808 6.0428e-07
-0.806 6.74126e-07
-0.804 7.51745e-07
-0.802 8.37966e-07
-0.8 9.33702e-07
-0.798 1.03996e-06
-0.796 1.15785e-06
-0.794 1.28858e-06
-0.792 1.43351e-06
-0.79 1.59409e-06
-0.788 1.77195e-06
-0.786 1.96888e-06
-0.784 2.18681e-06
-0.782 2.42789e-06
-0.78 2.69448e-06
-0.778 2.98913e-06
-0.776 3.31469e-06
-0.774 3.67423e-06
-0.772 4.07114e-06
-0.77 4.50913e-06
-0.768 4.99224e-06
-0.766 5.5249e-06
-0.764 6.11194e-06
-0.762 6.75866e-06
-0.76 7.47082e-06
-0.758 8.25472e-06
-0.756 9.11722e-06
-0.754 1.00658e-05
-0.752 1.11087e-05
-0.75 1.22547e-05
-0.748 1.35135e-05
-0.746 1.48956e-05
-0.744 1.64125e-05
-0.742 1.80767e-05
-0.74 1.99017e-05
-0.738 2.19022e-05
-0.736 2.40941e-05
-0.734 2.64947e-05
-0.732 2.91229e-05
-0.73 3.19991e-05
-0.728 3.51451e-05
-0.726 3.85851e-05
-0.724 4.23448e-05
-0.722 4.64523e-05
-0.72 5.09379e-05
-0.718 5.58342e-05
-0.716 6.11767e-05
-0.714 6.70036e-05
-0.712 7.33562e-05
-0.71 8.02789e-05
-0.708 8.78198e-05
-0.706 9.60306e-05
-0.704 0.000104967
-0.702 0.000114689
-0.7 0.000125262
-0.698 0.000136755
-0.696 0.000149242
-0.694 0.000162804
-0.692 0.000177528
-0.69 0.000193506
-0.688 0.000210838
-0.686 0.00022963
-0.684 0.000249997
-0.682 0.000272061
-0.68 0.000295955
-0.678 0.000321819
-0.676 0.000349802
-0.674 0.000380067
-0.672 0.000412786
-0.67 0.000448141
-0.668 0.00048633
-0.666 0.000527563
-0.664 0.000572063
-0.662 0.000620068
-0.66 0.000671832
-0.658 0.000727627
-0.656 0.00078774
-0.654 0.000852479
-0.652 0.000922169
-0.65 0.000997157
-0.648 0.00107781
-0.646 0.00116453
-0.644 0.00125771
-0.642 0.00135781
-0.64 0.00146529
-0.638 0.00158065
-0.636 0.0017044
-0.634 0.00183711
-0.632 0.00197936
-0.63 0.00213177
-0.628 0.002295
-0.626 0.00246974
-0.624 0.00265672
-0.622 0.00285672
-0.62 0.00307054
-0.618 0.00329905
-0.616 0.00354314
-0.614 0.00380377
-0.612 0.00408195
-0.61 0.00437871
-0.608 0.00469517
-0.606 0.00503248
-0.604 0.00539188
-0.602 0.00577463
-0.6 0.00618207
-0.598 0.00661562
-0.596 0.00707674
-0.594 0.00756698
-0.592 0.00808794
-0.59 0.00864131
-0.588 0.00922885
-0.586 0.00985239
-0.584 0.0105139
-0.582 0.0112152
-0.58 0.0119586
-0.578 0.0127462
-0.576 0.0135802
-0.574 0.014463
-0.572 0.015397
-0.57 0.0163848
-0.568 0.017429
-0.566 0.0185323
-0.564 0.0196975
-0.562 0.0209277
-0.56 0.0222258
-0.558 0.023595
-0.556 0.0250385
-0.554 0.0265597
-0.552 0.028162
-0.55 0.0298491
-0.548 0.0316246
-0.546 0.0334923
-0.544 0.0354561
-0.542 0.03752
-0.54 0.0396882
-0.538 0.0419649
-0.536 0.0443545
-0.534 0.0468614
-0.532 0.0494902
-0.53 0.0522455
-0.528 0.0551322
-0.526 0.0581551
-0.524 0.0613193
-0.522 0.0646297
-0.52 0.0680916
-0.518 0.0717103
-0.516 0.0754911
-0.514 0.0794394
-0.512 0.0835608
-0.51 0.0878608
-0.508 0.0923452
-0.506 0.0970197
-0.504 0.10189
-0.502 0.106962
-0.5 0.112242
-0.498 0.117735
-0.496 0.123447
-0.494 0.129385
-0.492 0.135555
-0.49 0.141961
-0.488 0.148611
-0.486 0.155511
-0.484 0.162665
-0.482 0.170081
-0.48 0.177764
-0.478 0.185719
-0.476 0.193953
-0.474 0.202471
-0.472 0.211278
-0.47 0.22038
-0.468 0.229783
-0.466 0.239491
-0.464 0.249509
-0.462 0.259842
-0.46 0.270495
-0.458 0.281472
-0.456 0.292778
-0.454 0.304416
-0.452 0.31639
-0.45 0.328703
-0.448 0.341359
-0.446 0.35436
-0.444 0.36771
-0.442 0.38141
-0.44 0.395462
-0.438 0.409868
-0.436 0.424628
-0.434 0.439745
-0.432 0.455217
-0.43 0.471045
-0.428 0.487229
-0.426 0.503767
-0.424 0.520658
-0.422 0.537901
-0.42 0.555492
-0.418 0.573429
-0.416 0.591709
-0.414 0.610327
-0.412 0.629279
-0.41 0.64856
-0.408 0.668164
-0.406 0.688086
-0.404 0.708319
-0.402 0.728855
-0.4 0.749686
-0.398 0.770804
-0.396 0.7922
-0.394 0.813865
-0.392 0.835787
-0.39 0.857957
-0.388 0.880363
-0.386 0.902992
-0.384 0.925833
-0.382 0.948872
-0.38 0.972096
-0.378 0.995489
-0.376 1.01904
-0.374 1.04273
-0.372 1.06654
-0.37 1.09046
-0.368 1.11447
-0.366 1.13855
-0.364 1.16269
-0.362 1.18687
-0.36 1.21106
-0.358 1.23526
-0.356 1.25943
-0.354 1.28356
-0.352 1.30763
-0.35 1.33162
-0.348 1.35551
-0.346 1.37928
-0.344 1.4029
-0.342 1.42635
-0.34 1.44962
-0.338 1.47267
-0.336 1.4955
-0.334 1.51807
-0.332 1.54036
-0.33 1.56236
-0.328 1.58404
-0.326 1.60538
-0.324 1.62635
-0.322 1.64694
-0.32 1.66712
-0.318 1.68688
-0.316 1.70618
-0.314 1.72502
-0.312 1.74337
-0.31 1.76121
-0.308 1.77852
-0.306 1.79528
-0.304 1.81147
-0.302 1.82708
-0.3 1.84209
-0.298 1.85647
-0.296 1.87023
-0.294 1.88333
-0.292 1.89576
-0.29 1.90751
-0.288 1.91857
-0.286 1.92892
-0.284 1.93855
-0.282 1.94745
-0.28 1.9556
-0.278 1.96301
-0.276 1.96966
-0.274 1.97554
-0.272 1.98064
-0.27 1.98496
-0.268 1.9885
-0.266 1.99124
-0.264 1.9932
-0.262 1.99435
-0.26 1.99471
-0.258 1.99427
-0.256 1.99304
-0.254 1.99101
-0.252 1.98818
-0.25 1.98457
-0.248 1.98017
-0.246 1.97499
-0.244 1.96903
-0.242 1.96231
-0.24 1.95483
-0.238 1.9466
-0.236 1.93763
-0.234 1.92792
-0.232 1.9175
-0.23 1.90638
-0.228 1.89456
-0.226 1.88206
-0.224 1.8689
-0.222 1.85508
-0.22 1.84063
-0.218 1.82557
-0.216 1.8099
-0.214 1.79365
-0.212 1.77684
-0.21 1.75948
-0.208 1.74159
-0.206 1.7232
-0.204 1.70432
-0.202 1.68497
-0.2 1.66517
-0.198 1.64495
-0.196 1.62433
-0.194 1.60333
-0.192 1.58196
-0.19 1.56026
-0.188 1.53823
-0.186 1.51592
-0.184 1.49333
-0.182 1.47049
-0.18 1.44742
-0.178 1.42415
-0.176 1.40069
-0.174 1.37707
-0.172 1.3533
-0.17 1.32942
-0.168 1.30544
-0.166 1.28138
-0.164 1.25726
-0.162 1.23311
-0.16 1.20894
-0.158 1.18477
-0.156 1.16062
-0.154 1.13652
-0.152 1.11247
-0.15 1.08851
-0.148 1.06464
-0.146 1.04088
-0.144 1.01724
-0.142 0.993758
-0.14 0.970432
-0.138 0.947282
-0.136 0.924322
-0.134 0.901566
-0.132 0.879027
-0.13 0.856719
-0.128 0.834653
-0.126 0.812842
-0.124 0.791296
-0.122 0.770027
-0.12 0.749044
-0.118 0.728356
-0.116 0.707973
-0.114 0.687903
-0.112 0.668154
-0.11 0.648733
-0.108 0.629647
-0.106 0.610901
-0.104 0.592503
-0.102 0.574456
-0.1 0.556766
-0.098 0.539436
-0.096 0.522471
-0.094 0.505874
-0.092 0.489648
-0.09 0.473795
-0.088 0.458316
-0.086 0.443215
-0.084 0.428491
-0.082 0.414146
-0.08 0.400181
-0.078 0.386595
-0.076 0.373388
-0.074 0.360561
-0.072 0.348112
-0.07 0.336041
-0.068 0.324345
-0.066 0.313025
-0.064 0.302078
-0.062 0.291503
-0.06 0.281298
-0.058 0.27146
-0.056 0.261988
-0.054 0.252878
-0.052 0.24413
-0.05 0.23574
-0.048 0.227706
-0.046 0.220025
-0.044 0.212695
-0.042 0.205713
-0.04 0.199076
-0.038 0.192782
-0.036 0.186829
-0.034 0.181213
-0.032 0.175933
-0.03 0.170986
-0.028 0.16637
-0.026 0.162082
-0.024 0.158121
-0.022 0.154485
-0.02 0.151171
-0.018 0.148178
-0.016 0.145504
-0.014 0.143149
-0.012 0.14111
-0.01 0.139387
-0.008 0.137978
-0.006 0.136883
-0.004 0.136102
-0.002 0.135633
0 0.135477
0.002 0.135633
0.004 0.136102
0.006 0.136883
0.008 0.137978
0.01 0.139387
0.012 0.14111
0.014 0.143149
0.016 0.145504
0.018 0.148178
0.02 0.151171
0.022 0.154485
0.024 0.158121
0.026 0.162082
0.028 0.16637
0.03 0.170986
0.032 0.175933
0.034 0.181213
0.036 0.186829
0.038 0.192782
0.04 0.199076
0.042 0.205713
0.044 0.212695
0.046 0.220025
0.048 0.227706
0.05 0.23574
0.052 0.24413
0.054 0.252878
0.056 0.261988
0.058 0.27146
0.06 0.281298
0.062 0.291503
0.064 0.302078
0.066 0.313025
0.068 0.324345
0.07 0.336041
0.072 0.348112
0.074 0.360561
0.076 0.373388
0.078 0.386595
0.08 0.400181
0.082 0.414146
0.084 0.428491
0.086 0.443215
0.088 0.458316
0.09 0.473795
0.092 0.489648
0.094 0.505874
0.096 0.522471
0.098 0.539436
0.1 0.556766
0.102 0.574456
0.104 0.592503
0.106 0.610901
0.108 0.629647
0.11 0.648733
0.112 0.668154
0.114 0.687903
0.116 0.707973
0.118 0.728356
0.12 0.749044
0.122 0.770027
0.124 0.791296
0.126 0.812842
0.128 0.834653
0.13 0.856719
0.132 0.879027
0.134 0.901566
0.136 0.924322
0.138 0.947282
0.14 0.970432
0.142 0.993758
0.144 1.01724
0.146 1.04088
0.148 1.06464
0.15 1.08851
0.152 1.11247
0.154 1.13652
0.156 1.16062
0.158 1.18477
0.16 1.20894
0.162 1.23311
0.164 1.25726
0.166 1.28138
0.168 1.30544
0.17 1.32942
0.172 1.3533
0.174 1.37707
0.176 1.40069
0.178 1.42415
0.18 1.44742
0.182 1.47049
0.184 1.49333
0.186 1.51592
0.188 1.53823
0.19 1.56026
0.192 1.58196
0.194 1.60333
0.196 1.62433
0.198 1.64495
0.2 1.66517
0.202 1.68497
0.204 1.70432
0.206 1.7232
0.208 1.74159
0.21 1.75948
0.212 1.77684
0.214 1.79365
0.216 1.8099
0.218 1.82557
0.22 1.84063
0.222 1.85508
0.224 1.8689
0.226 1.88206
0.228 1.89456
0.23 1.90638
0.232 1.9175
0.234 1.92792
0.236 1.93763
0.238 1.9466
0.24 1.95483
0.242 1.96231
0.244 1.96903
0.246 1.97499
0.248 1.98017
0.25 1.98457
0.252 1.98818
0.254 1.99101
0.256 1.99304
0.258 1.99427
0.26 1.99471
0.262 1.99435
0.264 1.9932
0.266 1.99124
0.268 1.9885
0.27 1.98496
0.272 1.98064
0.274 1.97554
0.276 1.96966
0.278 1.96301
0.28 1.9556
0.282 1.94745
0.284 1.93855
0.286 1.92892
0.288 1.91857
0.29 1.90751
0.292 1.89576
0.294 1.88333
0.296 1.87023
0.298 1.85647
0.3 1.84209
0.302 1.82708
0.304 1.81147
0.306 1.79528
0.308 1.77852
0.31 1.76121
0.312 1.74337
0.314 1.72502
0.316 1.70618
0.318 1.68688
0.32 1.66712
0.322 1.64694
0.324 1.62635
0.326 1.60538
0.328 1.58404
0.33 1.56236
0.332 1.54036
0.334 1.51807
0.336 1.4955
0.338 1.47267
0.34 1.44962
0.342 1.42635
0.344 1.4029
0.346 1.37928
0.348 1.35551
0.35 1.33162
0.352 1.30763
0.354 1.28356
0.356 1.25943
0.358 1.23526
0.36 1.21106
0.362 1.18687
0.364 1.16269
0.366 1.13855
0.368 1.11447
0.37 1.09046
0.372 1.06654
0.374 1.04273
0.376 1.01904
0.378 0.995489
0.38 0.972096
0.382 0.948872
0.384 0.925833
0.386 0.902992
0.388 0.880363
0.39 0.857957
0.392 0.835787
0.394 0.813865
0.396 0.7922
0.398 0.770804
0.4 0.749686
0.402 0.728855
0.404 0.708319
0.406 0.688086
0.408 0.668164
0.41 0.64856
0.412 0.629279
0.414 0.610327
0.416 0.591709
0.418 0.573429
0.42 0.555492
0.422 0.537901
0.424 0.520658
0.426 0.503767
0.428 0.487229
0.43 0.471045
0.432 0.455217
0.434 0.439745
0.436 0.424628
0.438 0.409868
0.44 0.395462
0.442 0.38141
0.444 0.36771
0.446 0.35436
0.448 0.341359
0.45 0.328703
0.452 0.31639
0.454 0.304416
0.456 0.292778
0.458 0.281472
0.46 0.270495
0.462 0.259842
0.464 0.249509
0.466 0.239491
0.468 0.229783
0.47 0.22038
0.472 0.211278
0.474 0.202471
0.476 0.193953
0.478 0.185719
0.48 0.177764
0.482 0.170081
0.484 0.162665
0.486 0.155511
0.488 0.148611
0.49 0.141961
0.492 0.135555
0.494 0.129385
0.496 0.123447
0.498 0.117735
0.5 0.112242
0.502 0.106962
0.504 0.10189
0.506 0.0970197
0.508 0.0923452
0.51 0.0878608
0.512 0.0835608
0.514 0.0794394
0.516 0.0754911
0.518 0.0717103
0.52 0.0680916
0.522 0.0646297
0.524 0.0613193
0.526 0.0581551
0.528 0.0551322
0.53 0.0522455
0.532 0.0494902
0.534 0.0468614
0.536 0.0443545
0.538 0.0419649
0.54 0.0396882
0.542 0.03752
0.544 0.0354561
0.546 0.0334923
0.548 0.0316246
0.55 0.0298491
0.552 0.028162
0.554 0.0265597
0.556 0.0250385
0.558 0.023595
0.56 0.0222258
0.562 0.0209277
0.564 0.0196975
0.566 0.0185323
0.568 0.017429
0.57 0.0163848
0.572 0.015397
0.574 0.014463
0.576 0.0135802
0.578 0.0127462
0.58 0.0119586
0.582 0.0112152
0.584 0.0105139
0.586 0.00985239
0.588 0.00922885
0.59 0.00864131
0.592 0.00808794
0.594 0.00756698
0.596 0.00707674
0.598 0.00661562
0.6 0.00618207
0.602 0.00577463
0.604 0.00539188
0.606 0.00503248
0.608 0.00469517
0.61 0.00437871
0.612 0.00408195
0.614 0.00380377
0.616 0.00354314
0.618 0.00329905
0.62 0.00307054
0.622 0.00285672
0.624 0.00265672
0.626 0.00246974
0.628 0.002295
0.63 0.00213177
0.632 0.00197936
0.634 0.00183711
0.636 0.0017044
0.638 0.00158065
0.64 0.00146529
0.642 0.00135781
0.644 0.00125771
0.646 0.00116453
0.648 0.00107781
0.65 0.000997157
0.652 0.000922169
0.654 0.000852479
0.656 0.00078774
0.658 0.000727627
0.66 0.000671832
0.662 0.000620068
0.664 0.000572063
0.666 0.000527563
0.668 0.00048633
0.67 0.000448141
0.672 0.000412786
0.674 0.000380067
0.676 0.000349802
0.678 0.000321819
0.68 0.000295955
0.682 0.000272061
0.684 0.000249997
0.686 0.00022963
0.688 0.000210838
0.69 0.000193506
0.692 0.000177528
0.694 0.000162804
0.696 0.000149242
0.698 0.000136755
0.7 0.000125262
0.702 0.000114689
0.704 0.000104967
0.706 9.60306e-05
0.708 8.78198e-05
0.71 8.02789e-05
0.712 7.33562e-05
0.714 6.70036e-05
0.716 6.11767e-05
0.718 5.58342e-05
0.72 5.09379e-05
0.722 4.64523e-05
0.724 4.23448e-05
0.726 3.85851e-05
0.728 3.51451e-05
0.73 3.19991e-05
0.732 2.91229e-05
0.734 2.64947e-05
0.736 2.40941e-05
0.738 2.19022e-05
0.74 1.99017e-05
0.742 1.80767e-05
0.744 1.64125e-05
0.746 1.48956e-05
0.748 1.35135e-05
0.75 1.22547e-05
0.752 1.11087e-05
0.754 1.00658e-05
0.756 9.11722e-06
0.758 8.25472e-06
0.76 7.47082e-06
0.762 6.75866e-06
0.764 6.11194e-06
0.766 5.5249e-06
0.768 4.99224e-06
0.77 4.50913e-06
0.772 4.07114e-06
0.774 3.67423e-06
0.776 3.31469e-06
0.778 2.98913e-06
0.78 2.69448e-06
0.782 2.42789e-06
0.784 2.18681e-06
0.786 1.96888e-06
0.788 1.77195e-06
0.79 1.59409e-06
0.792 1.43351e-06
0.794 1.28858e-06
0.796 1.15785e-06
0.798 1.03996e-06
0.8 9.33702e-07
0.802 8.37966e-07
0.804 7.51745e-07
0.806 6.74126e-07
0.808 6.0428e-07
0.81 5.41453e-07
0.812 4.84965e-07
0.814 4.34196e-07
0.816 3.88587e-07
0.818 3.47629e-07
0.82 3.10864e-07
0.822 2.77876e-07
0.824 2.4829e-07
0.826 2.21764e-07
0.828 1.97994e-07
0.83 1.767e-07
0.832 1.57634e-07
0.834 1.40568e-07
0.836 1.253e-07
0.838 1.11646e-07
0.84 9.94399e-08
0.842 8.85328e-08
0.844 7.87906e-08
0.846 7.00923e-08
0.848 6.23294e-08
0.85 5.54041e-08
0.852 4.92285e-08
0.854 4.37238e-08
0.856 3.88191e-08
0.858 3.44508e-08
0.86 3.05618e-08
0.862 2.7101e-08
0.864 2.40225e-08
0.866 2.12852e-08
0.868 1.88522e-08
0.87 1.66907e-08
0.872 1.47711e-08
0.874 1.3067e-08
0.876 1.15549e-08
0.878 1.02137e-08
0.88 9.02455e-09
0.882 7.97067e-09
0.884 7.03704e-09
0.886 6.21029e-09
0.888 5.47848e-09
0.89 4.83097e-09
0.892 4.25829e-09
0.894 3.75199e-09
0.896 3.30457e-09
0.898 2.90934e-09
0.9 2.56036e-09
0.902 2.25233e-09
0.904 1.98057e-09
0.906 1.74091e-09
0.908 1.52963e-09
0.91 1.34346e-09
0.912 1.17947e-09
0.914 1.03509e-09
0.916 9.08016e-10
0.918 7.96226e-10
0.92 6.9792e-10
0.922 6.11507e-10
0.924 5.3558e-10
0.926 4.68893e-10
0.928 4.10345e-10
0.93 3.58966e-10
0.932 3.13895e-10
0.934 2.74374e-10
0.936 2.39734e-10
0.938 2.09386e-10
0.94 1.82807e-10
0.942 1.59541e-10
0.944 1.39182e-10
0.946 1.21376e-10
0.948 1.05808e-10
0.95 9.22039e-11
0.952 8.03211e-11
0.954 6.99468e-11
0.956 6.0894e-11
0.958 5.29986e-11
0.96 4.61166e-11
0.962 4.01216e-11
0.964 3.4903e-11
0.966 3.0364e-11
0.968 2.64196e-11
0.97 2.2996e-11
0.972 2.00284e-11
0.974 1.74604e-11
0.976 1.5243e-11
0.978 1.33337e-11
0.98 1.16957e-11
0.982 1.02972e-11
0.984 9.11103e-12
0.986 8.11395e-12
0.988 7.28642e-12
0.99 6.61215e-12
0.992 6.07782e-12
0.994 5.67285e-12
0.996 5.3892e-12
0.998 5.22124e-12
