-1 0.157653
-0.99 0.157082
-0.98 0.157931
-0.97 0.157696
-0.96 0.158611
-0.95 0.159185
-0.94 0.159486
-0.93 0.161269
-0.92 0.161839
-0.91 0.16225
-0.9 0.165254
-0.89 0.170465
-0.88 0.176413
-0.87 0.1825
-0.86 0.188684
-0.85 0.194995
-0.84 0.201441
-0.83 0.208019
-0.82 0.21473
-0.81 0.221572
-0.8 0.228543
-0.79 0.235643
-0.78 0.24287
-0.77 0.250222
-0.76 0.257697
-0.75 0.265292
-0.74 0.273007
-0.73 0.280838
-0.72 0.288781
-0.71 0.296835
-0.7 0.304996
-0.69 0.313261
-0.68 0.321626
-0.67 0.330086
-0.66 0.338639
-0.65 0.347279
-0.64 0.356003
-0.63 0.364806
-0.62 0.373682
-0.61 0.382626
-0.6 0.391634
-0.59 0.400699
-0.58 0.409817
-0.57 0.41898
-0.56 0.428183
-0.55 0.437421
-0.54 0.446685
-0.53 0.45597
-0.52 0.465269
-0.51 0.474575
-0.5 0.48388
-0.49 0.493178
-0.48 0.502462
-0.47 0.511723
-0.46 0.520954
-0.45 0.530148
-0.44 0.539297
-0.43 0.548392
-0.42 0.557426
-0.41 0.566391
-0.4 0.575279
-0.39 0.584082
-0.38 0.592791
-0.37 0.601399
-0.36 0.609897
-0.35 0.618277
-0.34 0.626531
-0.33 0.634652
-0.32 0.64263
-0.31 0.650459
-0.3 0.65813
-0.29 0.665635
-0.28 0.672967
-0.27 0.680118
-0.26 0.687082
-0.25 0.693849
-0.24 0.700414
-0.23 0.706769
-0.22 0.712908
-0.21 0.718823
-0.2 0.72451
-0.19 0.72996
-0.18 0.735169
-0.17 0.74013
-0.16 0.744839
-0.15 0.749289
-0.14 0.753477
-0.13 0.757396
-0.12 0.761044
-0.11 0.764415
-0.1 0.767506
-0.09 0.770313
-0.08 0.772834
-0.07 0.775064
-0.06 0.777003
-0.05 0.778647
-0.04 0.779995
-0.03 0.781045
-0.02 0.781796
-0.01 0.782246
0 0.782397
0.01 0.782246
0.02 0.781796
0.03 0.781045
0.04 0.779995
0.05 0.778647
0.06 0.777003
0.07 0.775064
0.08 0.772834
0.09 0.770313
0.1 0.767506
0.11 0.764415
0.12 0.761044
0.13 0.757396
0.14 0.753477
0.15 0.749289
0.16 0.744839
0.17 0.74013
0.18 0.735169
0.19 0.72996
0.2 0.72451
0.21 0.718823
0.22 0.712908
0.23 0.706769
0.24 0.700414
0.25 0.693849
0.26 0.687082
0.27 0.680118
0.28 0.672967
0.29 0.665635
0.3 0.65813
0.31 0.650459
0.32 0.64263
0.33 0.634652
0.34 0.626531
0.35 0.618277
0.36 0.609897
0.37 0.601399
0.38 0.592791
0.39 0.584082
0.4 0.575279
0.41 0.566391
0.42 0.557426
0.43 0.548392
0.44 0.539297
0.45 0.530148
0.46 0.520954
0.47 0.511723
0.48 0.502462
0.49 0.493178
0.5 0.48388
0.51 0.474575
0.52 0.465269
0.53 0.45597
0.54 0.446685
0.55 0.437421
0.56 0.428183
0.57 0.41898
0.58 0.409817
0.59 0.400699
0.6 0.391634
0.61 0.382626
0.62 0.373682
0.63 0.364806
0.64 0.356003
0.65 0.347279
0.66 0.338639
0.67 0.330086
0.68 0.321626
0.69 0.313261
0.7 0.304996
0.71 0.296835
0.72 0.288781
0.73 0.280838
0.74 0.273007
0.75 0.265292
0.76 0.257697
0.77 0.250222
0.78 0.24287
0.79 0.235643
0.8 0.228543
0.81 0.221572
0.82 0.21473
0.83 0.208019
0.84 0.201441
0.85 0.194995
0.86 0.188684
0.87 0.1825
0.88 0.176413
0.89 0.170465
0.9 0.165254
0.91 0.16225
0.92 0.161839
0.93 0.161269
0.94 0.159486
0.95 0.159185
0.96 0.158611
0.97 0.157696
0.98 0.157931
0.99 0.157082
