-1 0.139484
-0.99 0.139319
-0.98 0.13992
-0.97 0.139586
-0.96 0.141006
-0.95 0.140951
-0.94 0.141255
-0.93 0.144614
-0.92 0.149776
-0.91 0.155327
-0.9 0.160971
-0.89 0.166735
-0.88 0.172638
-0.87 0.178681
-0.86 0.184862
-0.85 0.191181
-0.84 0.197639
-0.83 0.204235
-0.82 0.210967
-0.81 0.217836
-0.8 0.22484
-0.79 0.231979
-0.78 0.239249
-0.77 0.246651
-0.76 0.254181
-0.75 0.261838
-0.74 0.26962
-0.73 0.277524
-0.72 0.285548
-0.71 0.293688
-0.7 0.301941
-0.69 0.310304
-0.68 0.318773
-0.67 0.327345
-0.66 0.336015
-0.65 0.344779
-0.64 0.353633
-0.63 0.362571
-0.62 0.371589
-0.61 0.380682
-0.6 0.389843
-0.59 0.399069
-0.58 0.408352
-0.57 0.417687
-0.56 0.427067
-0.55 0.436486
-0.54 0.445938
-0.53 0.455415
-0.52 0.464911
-0.51 0.474418
-0.5 0.483929
-0.49 0.493437
-0.48 0.502934
-0.47 0.512413
-0.46 0.521864
-0.45 0.531282
-0.44 0.540656
-0.43 0.54998
-0.42 0.559244
-0.41 0.568442
-0.4 0.577563
-0.39 0.5866
-0.38 0.595544
-0.37 0.604387
-0.36 0.61312
-0.35 0.621735
-0.34 0.630224
-0.33 0.638577
-0.32 0.646786
-0.31 0.654844
-0.3 0.662741
-0.29 0.670471
-0.28 0.678023
-0.27 0.685391
-0.26 0.692568
-0.25 0.699544
-0.24 0.706313
-0.23 0.712867
-0.22 0.719199
-0.21 0.725302
-0.2 0.731169
-0.19 0.736795
-0.18 0.742172
-0.17 0.747294
-0.16 0.752156
-0.15 0.756752
-0.14 0.761077
-0.13 0.765126
-0.12 0.768894
-0.11 0.772378
-0.1 0.775572
-0.09 0.778473
-0.08 0.781078
-0.07 0.783384
-0.06 0.785388
-0.05 0.787087
-0.04 0.788481
-0.03 0.789566
-0.02 0.790342
-0.01 0.790808
0 0.790964
0.01 0.790808
0.02 0.790342
0.03 0.789566
0.04 0.788481
0.05 0.787087
0.06 0.785388
0.07 0.783384
0.08 0.781078
0.09 0.778473
0.1 0.775572
0.11 0.772378
0.12 0.768894
0.13 0.765126
0.14 0.761077
0.15 0.756752
0.16 0.752156
0.17 0.747294
0.18 0.742172
0.19 0.736795
0.2 0.731169
0.21 0.725302
0.22 0.719199
0.23 0.712867
0.24 0.706313
0.25 0.699544
0.26 0.692568
0.27 0.685391
0.28 0.678023
0.29 0.670471
0.3 0.662741
0.31 0.654844
0.32 0.646786
0.33 0.638577
0.34 0.630224
0.35 0.621735
0.36 0.61312
0.37 0.604387
0.38 0.595544
0.39 0.5866
0.4 0.577563
0.41 0.568442
0.42 0.559244
0.43 0.54998
0.44 0.540656
0.45 0.531282
0.46 0.521864
0.47 0.512413
0.48 0.502934
0.49 0.493437
0.5 0.483929
0.51 0.474418
0.52 0.464911
0.53 0.455415
0.54 0.445938
0.55 0.436486
0.56 0.427067
0.57 0.417687
0.58 0.408352
0.59 0.399069
0.6 0.389843
0.61 0.380682
0.62 0.371589
0.63 0.362571
0.64 0.353633
0.65 0.344779
0.66 0.336015
0.67 0.327345
0.68 0.318773
0.69 0.310304
0.7 0.301941
0.71 0.293688
0.72 0.285548
0.73 0.277524
0.74 0.26962
0.75 0.261838
0.76 0.254181
0.77 0.246651
0.78 0.239249
0.79 0.231979
0.8 0.22484
0.81 0.217836
0.82 0.210967
0.83 0.204235
0.84 0.197639
0.85 0.191181
0.86 0.184862
0.87 0.178681
0.88 0.172638
0.89 0.166735
0.9 0.160971
0.91 0.155327
0.92 0.149776
0.93 0.144614
0.94 0.141255
0.95 0.140951
0.96 0.141006
0.97 0.139586
0.98 0.13992
0.99 0.139319
