-1 0.540893
-0.99 0.540631
-0.98 0.5408
-0.97 0.540432
-0.96 0.540519
-0.95 0.540038
-0.94 0.540041
-0.93 0.539452
-0.92 0.539354
-0.91 0.538682
-0.9 0.538438
-0.89 0.537737
-0.88 0.537277
-0.87 0.536612
-0.86 0.535872
-0.85 0.535278
-0.84 0.534253
-0.83 0.533672
-0.82 0.532473
-0.81 0.531725
-0.8 0.530559
-0.79 0.529433
-0.78 0.528432
-0.77 0.526919
-0.76 0.52591
-0.75 0.524325
-0.74 0.522913
-0.73 0.521564
-0.72 0.51967
-0.71 0.518294
-0.7 0.516435
-0.69 0.514477
-0.68 0.512898
-0.67 0.510628
-0.66 0.508613
-0.65 0.506725
-0.64 0.504143
-0.63 0.501978
-0.62 0.499808
-0.61 0.496942
-0.6 0.494511
-0.59 0.492152
-0.58 0.48902
-0.57 0.486167
-0.56 0.483694
-0.55 0.480454
-0.54 0.476986
-0.53 0.474215
-0.52 0.471243
-0.51 0.467362
-0.5 0.463604
-0.49 0.460662
-0.48 0.457549
-0.47 0.453314
-0.46 0.448609
-0.45 0.44489
-0.44 0.442899
-0.43 0.442305
-0.42 0.442368
-0.41 0.442554
-0.4 0.442658
-0.39 0.44266
-0.38 0.442581
-0.37 0.44244
-0.36 0.442241
-0.35 0.44199
-0.34 0.441688
-0.33 0.441339
-0.32 0.440948
-0.31 0.440519
-0.3 0.440054
-0.29 0.439559
-0.28 0.439037
-0.27 0.438491
-0.26 0.437926
-0.25 0.437346
-0.24 0.436754
-0.23 0.436154
-0.22 0.435549
-0.21 0.434944
-0.2 0.434341
-0.19 0.433744
-0.18 0.433157
-0.17 0.432582
-0.16 0.432023
-0.15 0.431481
-0.14 0.430962
-0.13 0.430466
-0.12 0.429996
-0.11 0.429555
-0.1 0.429145
-0.09 0.428768
-0.08 0.428425
-0.07 0.428119
-0.06 0.427851
-0.05 0.427622
-0.04 0.427432
-0.03 0.427285
-0.02 0.427178
-0.01 0.427114
0 0.427093
0.01 0.427114
0.02 0.427178
0.03 0.427285
0.04 0.427432
0.05 0.427622
0.06 0.427851
0.07 0.428119
0.08 0.428425
0.09 0.428768
0.1 0.429145
0.11 0.429555
0.12 0.429996
0.13 0.430466
0.14 0.430962
0.15 0.431481
0.16 0.432023
0.17 0.432582
0.18 0.433157
0.19 0.433744
0.2 0.434341
0.21 0.434944
0.22 0.435549
0.23 0.436154
0.24 0.436754
0.25 0.437346
0.26 0.437926
0.27 0.438491
0.28 0.439037
0.29 0.439559
0.3 0.440054
0.31 0.440519
0.32 0.440948
0.33 0.441339
0.34 0.441688
0.35 0.44199
0.36 0.442241
0.37 0.44244
0.38 0.442581
0.39 0.44266
0.4 0.442658
0.41 0.442554
0.42 0.442368
0.43 0.442305
0.44 0.442899
0.45 0.44489
0.46 0.448609
0.47 0.453314
0.48 0.457549
0.49 0.460662
0.5 0.463604
0.51 0.467362
0.52 0.471243
0.53 0.474215
0.54 0.476986
0.55 0.480454
0.56 0.483694
0.57 0.486167
0.58 0.48902
0.59 0.492152
0.6 0.494511
0.61 0.496942
0.62 0.499808
0.63 0.501978
0.64 0.504143
0.65 0.506725
0.66 0.508613
0.67 0.510628
0.68 0.512898
0.69 0.514477
0.7 0.516435
0.71 0.518294
0.72 0.51967
0.73 0.521564
0.74 0.522913
0.75 0.524325
0.76 0.52591
0.77 0.526919
0.78 0.528432
0.79 0.529433
0.8 0.530559
0.81 0.531725
0.82 0.532473
0.83 0.533672
0.84 0.534253
0.85 0.535278
0.86 0.535872
0.87 0.536612
0.88 0.537277
0.89 0.537737
0.9 0.538438
0.91 0.538682
0.92 0.539354
0.93 0.539452
0.94 0.540041
0.95 0.540038
0.96 0.540519
0.97 0.540432
0.98 0.5408
0.99 0.540631
