-1 0.477022
-0.99 0.477314
-0.98 0.477033
-0.97 0.477335
-0.96 0.477065
-0.95 0.477368
-0.94 0.477124
-0.93 0.477399
-0.92 0.477215
-0.91 0.477408
-0.9 0.477339
-0.89 0.477381
-0.88 0.477479
-0.87 0.477326
-0.86 0.477583
-0.85 0.477284
-0.84 0.477569
-0.83 0.477304
-0.82 0.477379
-0.81 0.477359
-0.8 0.477075
-0.79 0.477275
-0.78 0.476833
-0.77 0.47686
-0.76 0.476689
-0.75 0.476222
-0.74 0.4763
-0.73 0.475736
-0.72 0.475394
-0.71 0.475268
-0.7 0.474458
-0.69 0.474143
-0.68 0.473767
-0.67 0.472764
-0.66 0.472338
-0.65 0.471792
-0.64 0.47056
-0.63 0.469866
-0.62 0.469277
-0.61 0.467844
-0.6 0.466619
-0.59 0.465998
-0.58 0.464716
-0.57 0.462775
-0.56 0.461475
-0.55 0.460715
-0.54 0.45915
-0.53 0.456564
-0.52 0.454309
-0.51 0.453641
-0.5 0.454634
-0.49 0.456577
-0.48 0.458784
-0.47 0.460929
-0.46 0.462945
-0.45 0.46485
-0.44 0.466662
-0.43 0.468388
-0.42 0.470028
-0.41 0.471584
-0.4 0.473058
-0.39 0.474451
-0.38 0.475766
-0.37 0.477004
-0.36 0.478168
-0.35 0.47926
-0.34 0.480283
-0.33 0.481238
-0.32 0.482128
-0.31 0.482956
-0.3 0.483724
-0.29 0.484435
-0.28 0.485091
-0.27 0.485695
-0.26 0.48625
-0.25 0.486757
-0.24 0.48722
-0.23 0.487641
-0.22 0.488023
-0.21 0.488368
-0.2 0.488679
-0.19 0.488957
-0.18 0.489206
-0.17 0.489428
-0.16 0.489624
-0.15 0.489797
-0.14 0.489949
-0.13 0.490082
-0.12 0.490197
-0.11 0.490297
-0.1 0.490382
-0.09 0.490455
-0.08 0.490516
-0.07 0.490568
-0.06 0.49061
-0.05 0.490644
-0.04 0.490671
-0.03 0.490691
-0.02 0.490705
-0.01 0.490713
0 0.490716
0.01 0.490713
0.02 0.490705
0.03 0.490691
0.04 0.490671
0.05 0.490644
0.06 0.49061
0.07 0.490568
0.08 0.490516
0.09 0.490455
0.1 0.490382
0.11 0.490297
0.12 0.490197
0.13 0.490082
0.14 0.489949
0.15 0.489797
0.16 0.489624
0.17 0.489428
0.18 0.489206
0.19 0.488957
0.2 0.488679
0.21 0.488368
0.22 0.488023
0.23 0.487641
0.24 0.48722
0.25 0.486757
0.26 0.48625
0.27 0.485695
0.28 0.485091
0.29 0.484435
0.3 0.483724
0.31 0.482956
0.32 0.482128
0.33 0.481238
0.34 0.480283
0.35 0.47926
0.36 0.478168
0.37 0.477004
0.38 0.475766
0.39 0.474451
0.4 0.473058
0.41 0.471584
0.42 0.470028
0.43 0.468388
0.44 0.466662
0.45 0.46485
0.46 0.462945
0.47 0.460929
0.48 0.458784
0.49 0.456577
0.5 0.454634
0.51 0.453641
0.52 0.454309
0.53 0.456564
0.54 0.45915
0.55 0.460715
0.56 0.461475
0.57 0.462775
0.58 0.464716
0.59 0.465998
0.6 0.466619
0.61 0.467844
0.62 0.469277
0.63 0.469866
0.64 0.47056
0.65 0.471792
0.66 0.472338
0.67 0.472764
0.68 0.473767
0.69 0.474143
0.7 0.474458
0.71 0.475268
0.72 0.475394
0.73 0.475736
0.74 0.4763
0.75 0.476222
0.76 0.476689
0.77 0.47686
0.78 0.476833
0.79 0.477275
0.8 0.477075
0.81 0.477359
0.82 0.477379
0.83 0.477304
0.84 0.477569
0.85 0.477284
0.86 0.477583
0.87 0.477326
0.88 0.477479
0.89 0.477381
0.9 0.477339
0.91 0.477408
0.92 0.477215
0.93 0.477399
0.94 0.477124
0.95 0.477368
0.96 0.477065
0.97 0.477335
0.98 0.477033
0.99 0.477314
