-1 0.000159122
-0.998 0.000159735
-0.996 0.000161578
-0.994 0.000164663
-0.992 0.000169008
-0.99 0.000174638
-0.988 0.000181589
-0.986 0.000189902
-0.984 0.000199627
-0.982 0.000210821
-0.98 0.000223551
-0.978 0.000237893
-0.976 0.000253929
-0.974 0.000271755
-0.972 0.000291472
-0.97 0.000313194
-0.968 0.000337046
-0.966 0.000363162
-0.964 0.000391688
-0.962 0.000422784
-0.96 0.00045662
-0.958 0.000493382
-0.956 0.000533268
-0.954 0.000576491
-0.952 0.00062328
-0.95 0.00067388
-0.948 0.000728554
-0.946 0.000787582
-0.944 0.000851262
-0.942 0.000919915
-0.94 0.000993879
-0.938 0.00107352
-0.936 0.00115921
-0.934 0.00125138
-0.932 0.00135044
-0.93 0.00145687
-0.928 0.00157115
-0.926 0.0016938
-0.924 0.00182538
-0.922 0.00196645
-0.92 0.00211764
-0.918 0.0022796
-0.916 0.00245301
-0.914 0.00263861
-0.912 0.00283715
-0.91 0.00304944
-0.908 0.00327635
-0.906 0.00351876
-0.904 0.00377761
-0.902 0.00405392
-0.9 0.00434871
-0.898 0.00466309
-0.896 0.00499822
-0.894 0.0053553
-0.892 0.00573562
-0.89 0.0061405
-0.888 0.00657134
-0.886 0.0070296
-0.884 0.00751683
-0.882 0.00803462
-0.88 0.00858465
-0.878 0.00916867
-0.876 0.00978851
-0.874 0.0104461
-0.872 0.0111434
-0.87 0.0118825
-0.868 0.0126655
-0.866 0.0134947
-0.864 0.0143725
-0.862 0.0153013
-0.86 0.0162836
-0.858 0.017322
-0.856 0.0184193
-0.854 0.0195782
-0.852 0.0208017
-0.85 0.0220929
-0.848 0.0234548
-0.846 0.0248907
-0.844 0.026404
-0.842 0.0279981
-0.84 0.0296765
-0.838 0.0314429
-0.836 0.0333012
-0.834 0.0352553
-0.832 0.037309
-0.83 0.0394666
-0.828 0.0417323
-0.826 0.0441103
-0.824 0.0466053
-0.822 0.0492217
-0.82 0.0519642
-0.818 0.0548375
-0.816 0.0578466
-0.814 0.0609963
-0.812 0.0642919
-0.81 0.0677384
-0.808 0.0713412
-0.806 0.0751055
-0.804 0.0790368
-0.802 0.0831407
-0.8 0.0874226
-0.798 0.0918883
-0.796 0.0965435
-0.794 0.101394
-0.792 0.106446
-0.79 0.111704
-0.788 0.117176
-0.786 0.122866
-0.784 0.128781
-0.782 0.134927
-0.78 0.14131
-0.778 0.147935
-0.776 0.154809
-0.774 0.161938
-0.772 0.169327
-0.77 0.176983
-0.768 0.184911
-0.766 0.193117
-0.764 0.201606
-0.762 0.210384
-0.76 0.219456
-0.758 0.228829
-0.756 0.238506
-0.754 0.248493
-0.752 0.258794
-0.75 0.269415
-0.748 0.28036
-0.746 0.291632
-0.744 0.303237
-0.742 0.315177
-0.74 0.327456
-0.738 0.340078
-0.736 0.353044
-0.734 0.366359
-0.732 0.380024
-0.73 0.394041
-0.728 0.408411
-0.726 0.423136
-0.724 0.438217
-0.722 0.453654
-0.72 0.469446
-0.718 0.485595
-0.716 0.502097
-0.714 0.518953
-0.712 0.536161
-0.71 0.553717
-0.708 0.57162
-0.706 0.589865
-0.704 0.60845
-0.702 0.627369
-0.7 0.646617
-0.698 0.666189
-0.696 0.68608
-0.694 0.706282
-0.692 0.726788
-0.69 0.74759
-0.688 0.76868
-0.686 0.790048
-0.684 0.811686
-0.682 0.833584
-0.68 0.855729
-0.678 0.878112
-0.676 0.90072
-0.674 0.92354
-0.672 0.94656
-0.67 0.969765
-0.668 0.993143
-0.666 1.01668
-0.664 1.04035
-0.662 1.06415
-0.66 1.08806
-0.658 1.11207
-0.656 1.13614
-0.654 1.16028
-0.652 1.18445
-0.65 1.20864
-0.648 1.23284
-0.646 1.25701
-0.644 1.28115
-0.642 1.30523
-0.64 1.32923
-0.638 1.35313
-0.636 1.37691
-0.634 1.40054
-0.632 1.42401
-0.63 1.4473
-0.628 1.47038
-0.626 1.49323
-0.624 1.51582
-0.622 1.53815
-0.62 1.56018
-0.618 1.58189
-0.616 1.60326
-0.614 1.62427
-0.612 1.6449
-0.61 1.66512
-0.608 1.68492
-0.606 1.70427
-0.604 1.72316
-0.602 1.74156
-0.6 1.75945
-0.598 1.77681
-0.596 1.79363
-0.594 1.80988
-0.592 1.82555
-0.59 1.84061
-0.588 1.85506
-0.586 1.86888
-0.584 1.88204
-0.582 1.89455
-0.58 1.90637
-0.578 1.91749
-0.576 1.92791
-0.574 1.93762
-0.572 1.94659
-0.57 1.95482
-0.568 1.9623
-0.566 1.96903
-0.564 1.97498
-0.562 1.98016
-0.56 1.98456
-0.558 1.98818
-0.556 1.991
-0.554 1.99304
-0.552 1.99427
-0.55 1.99471
-0.548 1.99435
-0.546 1.99319
-0.544 1.99124
-0.542 1.9885
-0.54 1.98496
-0.538 1.98064
-0.536 1.97553
-0.534 1.96966
-0.532 1.96301
-0.53 1.9556
-0.528 1.94745
-0.526 1.93855
-0.524 1.92892
-0.522 1.91857
-0.52 1.90751
-0.518 1.89576
-0.516 1.88332
-0.514 1.87023
-0.512 1.85647
-0.51 1.84209
-0.508 1.82708
-0.506 1.81147
-0.504 1.79528
-0.502 1.77852
-0.5 1.76121
-0.498 1.74337
-0.496 1.72502
-0.494 1.70618
-0.492 1.68688
-0.49 1.66712
-0.488 1.64694
-0.486 1.62635
-0.484 1.60538
-0.482 1.58404
-0.48 1.56236
-0.478 1.54036
-0.476 1.51807
-0.474 1.4955
-0.472 1.47267
-0.47 1.44962
-0.468 1.42635
-0.466 1.4029
-0.464 1.37928
-0.462 1.35551
-0.46 1.33162
-0.458 1.30763
-0.456 1.28356
-0.454 1.25943
-0.452 1.23526
-0.45 1.21106
-0.448 1.18687
-0.446 1.16269
-0.444 1.13855
-0.442 1.11447
-0.44 1.09046
-0.438 1.06654
-0.436 1.04273
-0.434 1.01904
-0.432 0.995489
-0.43 0.972096
-0.428 0.948872
-0.426 0.925833
-0.424 0.902992
-0.422 0.880363
-0.42 0.857957
-0.418 0.835787
-0.416 0.813865
-0.414 0.7922
-0.412 0.770804
-0.41 0.749686
-0.408 0.728855
-0.406 0.708319
-0.404 0.688086
-0.402 0.668164
-0.4 0.64856
-0.398 0.629279
-0.396 0.610327
-0.394 0.591709
-0.392 0.573429
-0.39 0.555492
-0.388 0.537901
-0.386 0.520658
-0.384 0.503767
-0.382 0.487229
-0.38 0.471045
-0.378 0.455217
-0.376 0.439745
-0.374 0.424628
-0.372 0.409868
-0.37 0.395462
-0.368 0.38141
-0.366 0.36771
-0.364 0.35436
-0.362 0.341359
-0.36 0.328703
-0.358 0.31639
-0.356 0.304416
-0.354 0.292778
-0.352 0.281472
-0.35 0.270495
-0.348 0.259842
-0.346 0.249509
-0.344 0.239491
-0.342 0.229783
-0.34 0.22038
-0.338 0.211278
-0.336 0.202471
-0.334 0.193953
-0.332 0.185719
-0.33 0.177764
-0.328 0.170081
-0.326 0.162665
-0.324 0.155511
-0.322 0.148611
-0.32 0.141961
-0.318 0.135555
-0.316 0.129385
-0.314 0.123447
-0.312 0.117735
-0.31 0.112242
-0.308 0.106962
-0.306 0.10189
-0.304 0.0970197
-0.302 0.0923453
-0.3 0.0878609
-0.298 0.0835608
-0.296 0.0794394
-0.294 0.0754911
-0.292 0.0717103
-0.29 0.0680916
-0.288 0.0646297
-0.286 0.0613193
-0.284 0.0581551
-0.282 0.0551322
-0.28 0.0522455
-0.278 0.0494902
-0.276 0.0468614
-0.274 0.0443545
-0.272 0.0419649
-0.27 0.0396882
-0.268 0.03752
-0.266 0.0354561
-0.264 0.0334923
-0.262 0.0316246
-0.26 0.0298491
-0.258 0.028162
-0.256 0.0265597
-0.254 0.0250385
-0.252 0.023595
-0.25 0.0222258
-0.248 0.0209277
-0.246 0.0196975
-0.244 0.0185323
-0.242 0.017429
-0.24 0.0163848
-0.238 0.015397
-0.236 0.014463
-0.234 0.0135802
-0.232 0.0127462
-0.23 0.0119586
-0.228 0.0112152
-0.226 0.0105138
-0.224 0.00985238
-0.222 0.00922884
-0.22 0.0086413
-0.218 0.00808793
-0.216 0.00756697
-0.214 0.00707674
-0.212 0.00661562
-0.21 0.00618207
-0.208 0.00577462
-0.206 0.00539187
-0.204 0.00503248
-0.202 0.00469516
-0.2 0.0043787
-0.198 0.00408194
-0.196 0.00380377
-0.194 0.00354313
-0.192 0.00329904
-0.19 0.00307053
-0.188 0.00285671
-0.186 0.00265672
-0.184 0.00246974
-0.182 0.002295
-0.18 0.00213177
-0.178 0.00197935
-0.176 0.0018371
-0.174 0.0017044
-0.172 0.00158064
-0.17 0.00146529
-0.168 0.00135781
-0.166 0.00125771
-0.164 0.00116452
-0.162 0.00107781
-0.16 0.000997154
-0.158 0.000922165
-0.156 0.000852475
-0.154 0.000787737
-0.152 0.000727624
-0.15 0.000671829
-0.148 0.000620065
-0.146 0.00057206
-0.144 0.00052756
-0.142 0.000486328
-0.14 0.000448139
-0.138 0.000412783
-0.136 0.000380065
-0.134 0.0003498
-0.132 0.000321817
-0.13 0.000295953
-0.128 0.00027206
-0.126 0.000249995
-0.124 0.000229628
-0.122 0.000210836
-0.12 0.000193505
-0.118 0.000177527
-0.116 0.000162803
-0.114 0.000149241
-0.112 0.000136754
-0.11 0.000125262
-0.108 0.000114689
-0.106 0.000104967
-0.104 9.60307e-05
-0.102 8.78201e-05
-0.1 8.02794e-05
-0.098 7.33569e-05
-0.096 6.70046e-05
-0.094 6.1178e-05
-0.092 5.58358e-05
-0.09 5.09398e-05
-0.088 4.64547e-05
-0.086 4.23476e-05
-0.084 3.85884e-05
-0.082 3.51489e-05
-0.08 3.20034e-05
-0.078 2.9128e-05
-0.076 2.65006e-05
-0.074 2.41007e-05
-0.072 2.19098e-05
-0.07 1.99104e-05
-0.068 1.80867e-05
-0.066 1.64238e-05
-0.064 1.49084e-05
-0.062 1.3528e-05
-0.06 1.22711e-05
-0.058 1.11273e-05
-0.056 1.00869e-05
-0.054 9.14106e-06
-0.052 8.28165e-06
-0.05 7.50123e-06
-0.048 6.79297e-06
-0.046 6.15063e-06
-0.044 5.5685e-06
-0.042 5.04135e-06
-0.04 4.56443e-06
-0.038 4.13337e-06
-0.036 3.74423e-06
-0.034 3.39339e-06
-0.032 3.07759e-06
-0.03 2.79384e-06
-0.028 2.53947e-06
-0.026 2.31204e-06
-0.024 2.10938e-06
-0.022 1.92953e-06
-0.02 1.77074e-06
-0.018 1.63145e-06
-0.016 1.5103e-06
-0.014 1.40609e-06
-0.012 1.31779e-06
-0.01 1.24452e-06
-0.008 1.18555e-06
-0.006 1.14029e-06
-0.004 1.10828e-06
-0.002 1.0892e-06
0 1.08287e-06
0.002 1.0892e-06
0.004 1.10828e-06
0.006 1.14029e-06
0.008 1.18555e-06
0.01 1.24452e-06
0.012 1.31779e-06
0.014 1.40609e-06
0.016 1.5103e-06
0.018 1.63145e-06
0.02 1.77074e-06
0.022 1.92953e-06
0.024 2.10938e-06
0.026 2.31204e-06
0.028 2.53947e-06
0.03 2.79384e-06
0.032 3.07759e-06
0.034 3.39339e-06
0.036 3.74423e-06
0.038 4.13337e-06
0.04 4.56443e-06
0.042 5.04135e-06
0.044 5.5685e-06
0.046 6.15063e-06
0.048 6.79297e-06
0.05 7.50123e-06
0.052 8.28165e-06
0.054 9.14106e-06
0.056 1.00869e-05
0.058 1.11273e-05
0.06 1.22711e-05
0.062 1.3528e-05
0.064 1.49084e-05
0.066 1.64238e-05
0.068 1.80867e-05
0.07 1.99104e-05
0.072 2.19098e-05
0.074 2.41007e-05
0.076 2.65006e-05
0.078 2.9128e-05
0.08 3.20034e-05
0.082 3.51489e-05
0.084 3.85884e-05
0.086 4.23476e-05
0.088 4.64547e-05
0.09 5.09398e-05
0.092 5.58358e-05
0.094 6.1178e-05
0.096 6.70046e-05
0.098 7.33569e-05
0.1 8.02794e-05
0.102 8.78201e-05
0.104 9.60307e-05
0.106 0.000104967
0.108 0.000114689
0.11 0.000125262
0.112 0.000136754
0.114 0.000149241
0.116 0.000162803
0.118 0.000177527
0.12 0.000193505
0.122 0.000210836
0.124 0.000229628
0.126 0.000249995
0.128 0.00027206
0.13 0.000295953
0.132 0.000321817
0.134 0.0003498
0.136 0.000380065
0.138 0.000412783
0.14 0.000448139
0.142 0.000486328
0.144 0.00052756
0.146 0.00057206
0.148 0.000620065
0.15 0.000671829
0.152 0.000727624
0.154 0.000787737
0.156 0.000852475
0.158 0.000922165
0.16 0.000997154
0.162 0.00107781
0.164 0.00116452
0.166 0.00125771
0.168 0.00135781
0.17 0.00146529
0.172 0.00158064
0.174 0.0017044
0.176 0.0018371
0.178 0.00197935
0.18 0.00213177
0.182 0.002295
0.184 0.00246974
0.186 0.00265672
0.188 0.00285671
0.19 0.00307053
0.192 0.00329904
0.194 0.00354313
0.196 0.00380377
0.198 0.00408194
0.2 0.0043787
0.202 0.00469516
0.204 0.00503248
0.206 0.00539187
0.208 0.00577462
0.21 0.00618207
0.212 0.00661562
0.214 0.00707674
0.216 0.00756697
0.218 0.00808793
0.22 0.0086413
0.222 0.00922884
0.224 0.00985238
0.226 0.0105138
0.228 0.0112152
0.23 0.0119586
0.232 0.0127462
0.234 0.0135802
0.236 0.014463
0.238 0.015397
0.24 0.0163848
0.242 0.017429
0.244 0.0185323
0.246 0.0196975
0.248 0.0209277
0.25 0.0222258
0.252 0.023595
0.254 0.0250385
0.256 0.0265597
0.258 0.028162
0.26 0.0298491
0.262 0.0316246
0.264 0.0334923
0.266 0.0354561
0.268 0.03752
0.27 0.0396882
0.272 0.0419649
0.274 0.0443545
0.276 0.0468614
0.278 0.0494902
0.28 0.0522455
0.282 0.0551322
0.284 0.0581551
0.286 0.0613193
0.288 0.0646297
0.29 0.0680916
0.292 0.0717103
0.294 0.0754911
0.296 0.0794394
0.298 0.0835608
0.3 0.0878609
0.302 0.0923453
0.304 0.0970197
0.306 0.10189
0.308 0.106962
0.31 0.112242
0.312 0.117735
0.314 0.123447
0.316 0.129385
0.318 0.135555
0.32 0.141961
0.322 0.148611
0.324 0.155511
0.326 0.162665
0.328 0.170081
0.33 0.177764
0.332 0.185719
0.334 0.193953
0.336 0.202471
0.338 0.211278
0.34 0.22038
0.342 0.229783
0.344 0.239491
0.346 0.249509
0.348 0.259842
0.35 0.270495
0.352 0.281472
0.354 0.292778
0.356 0.304416
0.358 0.31639
0.36 0.328703
0.362 0.341359
0.364 0.35436
0.366 0.36771
0.368 0.38141
0.37 0.395462
0.372 0.409868
0.374 0.424628
0.376 0.439745
0.378 0.455217
0.38 0.471045
0.382 0.487229
0.384 0.503767
0.386 0.520658
0.388 0.537901
0.39 0.555492
0.392 0.573429
0.394 0.591709
0.396 0.610327
0.398 0.629279
0.4 0.64856
0.402 0.668164
0.404 0.688086
0.406 0.708319
0.408 0.728855
0.41 0.749686
0.412 0.770804
0.414 0.7922
0.416 0.813865
0.418 0.835787
0.42 0.857957
0.422 0.880363
0.424 0.902992
0.426 0.925833
0.428 0.948872
0.43 0.972096
0.432 0.995489
0.434 1.01904
0.436 1.04273
0.438 1.06654
0.44 1.09046
0.442 1.11447
0.444 1.13855
0.446 1.16269
0.448 1.18687
0.45 1.21106
0.452 1.23526
0.454 1.25943
0.456 1.28356
0.458 1.30763
0.46 1.33162
0.462 1.35551
0.464 1.37928
0.466 1.4029
0.468 1.42635
0.47 1.44962
0.472 1.47267
0.474 1.4955
0.476 1.51807
0.478 1.54036
0.48 1.56236
0.482 1.58404
0.484 1.60538
0.486 1.62635
0.488 1.64694
0.49 1.66712
0.492 1.68688
0.494 1.70618
0.496 1.72502
0.498 1.74337
0.5 1.76121
0.502 1.77852
0.504 1.79528
0.506 1.81147
0.508 1.82708
0.51 1.84209
0.512 1.85647
0.514 1.87023
0.516 1.88332
0.518 1.89576
0.52 1.90751
0.522 1.91857
0.524 1.92892
0.526 1.93855
0.528 1.94745
0.53 1.9556
0.532 1.96301
0.534 1.96966
0.536 1.97553
0.538 1.98064
0.54 1.98496
0.542 1.9885
0.544 1.99124
0.546 1.99319
0.548 1.99435
0.55 1.99471
0.552 1.99427
0.554 1.99304
0.556 1.991
0.558 1.98818
0.56 1.98456
0.562 1.98016
0.564 1.97498
0.566 1.96903
0.568 1.9623
0.57 1.95482
0.572 1.94659
0.574 1.93762
0.576 1.92791
0.578 1.91749
0.58 1.90637
0.582 1.89455
0.584 1.88204
0.586 1.86888
0.588 1.85506
0.59 1.84061
0.592 1.82555
0.594 1.80988
0.596 1.79363
0.598 1.77681
0.6 1.75945
0.602 1.74156
0.604 1.72316
0.606 1.70427
0.608 1.68492
0.61 1.66512
0.612 1.6449
0.614 1.62427
0.616 1.60326
0.618 1.58189
0.62 1.56018
0.622 1.53815
0.624 1.51582
0.626 1.49323
0.628 1.47038
0.63 1.4473
0.632 1.42401
0.634 1.40054
0.636 1.37691
0.638 1.35313
0.64 1.32923
0.642 1.30523
0.644 1.28115
0.646 1.25701
0.648 1.23284
0.65 1.20864
0.652 1.18445
0.654 1.16028
0.656 1.13614
0.658 1.11207
0.66 1.08806
0.662 1.06415
0.664 1.04035
0.666 1.01668
0.668 0.993143
0.67 0.969765
0.672 0.94656
0.674 0.92354
0.676 0.90072
0.678 0.878112
0.68 0.855729
0.682 0.833584
0.684 0.811686
0.686 0.790048
0.688 0.76868
0.69 0.74759
0.692 0.726788
0.694 0.706282
0.696 0.68608
0.698 0.666189
0.7 0.646617
0.702 0.627369
0.704 0.60845
0.706 0.589865
0.708 0.57162
0.71 0.553717
0.712 0.536161
0.714 0.518953
0.716 0.502097
0.718 0.485595
0.72 0.469446
0.722 0.453654
0.724 0.438217
0.726 0.423136
0.728 0.408411
0.73 0.394041
0.732 0.380024
0.734 0.366359
0.736 0.353044
0.738 0.340078
0.74 0.327456
0.742 0.315177
0.744 0.303237
0.746 0.291632
0.748 0.28036
0.75 0.269415
0.752 0.258794
0.754 0.248493
0.756 0.238506
0.758 0.228829
0.76 0.219456
0.762 0.210384
0.764 0.201606
0.766 0.193117
0.768 0.184911
0.77 0.176983
0.772 0.169327
0.774 0.161938
0.776 0.154809
0.778 0.147935
0.78 0.14131
0.782 0.134927
0.784 0.128781
0.786 0.122866
0.788 0.117176
0.79 0.111704
0.792 0.106446
0.794 0.101394
0.796 0.0965435
0.798 0.0918883
0.8 0.0874226
0.802 0.0831407
0.804 0.0790368
0.806 0.0751055
0.808 0.0713412
0.81 0.0677384
0.812 0.0642919
0.814 0.0609963
0.816 0.0578466
0.818 0.0548375
0.82 0.0519642
0.822 0.0492217
0.824 0.0466053
0.826 0.0441103
0.828 0.0417323
0.83 0.0394666
0.832 0.037309
0.834 0.0352553
0.836 0.0333012
0.838 0.0314429
0.84 0.0296765
0.842 0.0279981
0.844 0.026404
0.846 0.0248907
0.848 0.0234548
0.85 0.0220929
0.852 0.0208017
0.854 0.0195782
0.856 0.0184193
0.858 0.017322
0.86 0.0162836
0.862 0.0153013
0.864 0.0143725
0.866 0.0134947
0.868 0.0126655
0.87 0.0118825
0.872 0.0111434
0.874 0.0104461
0.876 0.00978851
0.878 0.00916867
0.88 0.00858465
0.882 0.00803462
0.884 0.00751683
0.886 0.0070296
0.888 0.00657134
0.89 0.0061405
0.892 0.00573562
0.894 0.0053553
0.896 0.00499822
0.898 0.00466309
0.9 0.00434871
0.902 0.00405392
0.904 0.00377761
0.906 0.00351876
0.908 0.00327635
0.91 0.00304944
0.912 0.00283715
0.914 0.00263861
0.916 0.00245301
0.918 0.0022796
0.92 0.00211764
0.922 0.00196645
0.924 0.00182538
0.926 0.0016938
0.928 0.00157115
0.93 0.00145687
0.932 0.00135044
0.934 0.00125138
0.936 0.00115921
0.938 0.00107352
0.94 0.000993879
0.942 0.000919915
0.944 0.000851262
0.946 0.000787582
0.948 0.000728554
0.95 0.00067388
0.952 0.00062328
0.954 0.000576491
0.956 0.000533268
0.958 0.000493382
0.96 0.00045662
0.962 0.000422784
0.964 0.000391688
0.966 0.000363162
0.968 0.000337046
0.97 0.000313194
0.972 0.000291472
0.974 0.000271755
0.976 0.000253929
0.978 0.000237893
0.98 0.000223551
0.982 0.000210821
0.984 0.000199627
0.986 0.000189902
0.988 0.000181589
0.99 0.000174638
0.992 0.000169008
0.994 0.000164663
0.996 0.000161578
0.998 0.000159735
