-1 0.76128
-0.99 0.761362
-0.98 0.760728
-0.97 0.760259
-0.96 0.759076
-0.95 0.758055
-0.94 0.756333
-0.93 0.754757
-0.92 0.752513
-0.91 0.750377
-0.9 0.747638
-0.89 0.744928
-0.88 0.741731
-0.87 0.738433
-0.86 0.734818
-0.85 0.730922
-0.84 0.726919
-0.83 0.722438
-0.82 0.718054
-0.81 0.713036
-0.8 0.708237
-0.79 0.702777
-0.78 0.697491
-0.77 0.69171
-0.76 0.685866
-0.75 0.679859
-0.74 0.67345
-0.73 0.667215
-0.72 0.660356
-0.71 0.653769
-0.7 0.646672
-0.69 0.639576
-0.68 0.632402
-0.67 0.624788
-0.66 0.617476
-0.65 0.60958
-0.64 0.601878
-0.63 0.593993
-0.62 0.585781
-0.61 0.577893
-0.6 0.569447
-0.59 0.561212
-0.58 0.552907
-0.57 0.544204
-0.56 0.535918
-0.55 0.52719
-0.54 0.518473
-0.53 0.510017
-0.52 0.50103
-0.51 0.492375
-0.5 0.48372
-0.49 0.474642
-0.48 0.466047
-0.47 0.457255
-0.46 0.448189
-0.45 0.439654
-0.44 0.430829
-0.43 0.421819
-0.42 0.413367
-0.41 0.404624
-0.4 0.395683
-0.39 0.387338
-0.38 0.378803
-0.37 0.369948
-0.36 0.36169
-0.35 0.353493
-0.34 0.344806
-0.33 0.336541
-0.32 0.328736
-0.31 0.320457
-0.3 0.312106
-0.29 0.304483
-0.28 0.296919
-0.27 0.288787
-0.26 0.280894
-0.25 0.273791
-0.24 0.266646
-0.23 0.258858
-0.22 0.251196
-0.21 0.244459
-0.2 0.238147
-0.19 0.231218
-0.18 0.223585
-0.17 0.216286
-0.16 0.210433
-0.15 0.206358
-0.14 0.203648
-0.13 0.201683
-0.12 0.200024
-0.11 0.19849
-0.1 0.197053
-0.09 0.195732
-0.08 0.194541
-0.07 0.193487
-0.06 0.192571
-0.05 0.191795
-0.04 0.191158
-0.03 0.190662
-0.02 0.190307
-0.01 0.190094
0 0.190023
0.01 0.190094
0.02 0.190307
0.03 0.190662
0.04 0.191158
0.05 0.191795
0.06 0.192571
0.07 0.193487
0.08 0.194541
0.09 0.195732
0.1 0.197053
0.11 0.19849
0.12 0.200024
0.13 0.201683
0.14 0.203648
0.15 0.206358
0.16 0.210433
0.17 0.216286
0.18 0.223585
0.19 0.231218
0.2 0.238147
0.21 0.244459
0.22 0.251196
0.23 0.258858
0.24 0.266646
0.25 0.273791
0.26 0.280894
0.27 0.288787
0.28 0.296919
0.29 0.304483
0.3 0.312106
0.31 0.320457
0.32 0.328736
0.33 0.336541
0.34 0.344806
0.35 0.353493
0.36 0.36169
0.37 0.369948
0.38 0.378803
0.39 0.387338
0.4 0.395683
0.41 0.404624
0.42 0.413367
0.43 0.421819
0.44 0.430829
0.45 0.439654
0.46 0.448189
0.47 0.457255
0.48 0.466047
0.49 0.474642
0.5 0.48372
0.51 0.492375
0.52 0.50103
0.53 0.510017
0.54 0.518473
0.55 0.52719
0.56 0.535918
0.57 0.544204
0.58 0.552907
0.59 0.561212
0.6 0.569447
0.61 0.577893
0.62 0.585781
0.63 0.593993
0.64 0.601878
0.65 0.60958
0.66 0.617476
0.67 0.624788
0.68 0.632402
0.69 0.639576
0.7 0.646672
0.71 0.653769
0.72 0.660356
0.73 0.667215
0.74 0.67345
0.75 0.679859
0.76 0.685866
0.77 0.69171
0.78 0.697491
0.79 0.702777
0.8 0.708237
0.81 0.713036
0.82 0.718054
0.83 0.722438
0.84 0.726919
0.85 0.730922
0.86 0.734818
0.87 0.738433
0.88 0.741731
0.89 0.744928
0.9 0.747638
0.91 0.750377
0.92 0.752513
0.93 0.754757
0.94 0.756333
0.95 0.758055
0.96 0.759076
0.97 0.760259
0.98 0.760728
0.99 0.761362
