-1 0.127124
-0.99 0.126474
-0.98 0.127642
-0.97 0.126811
-0.96 0.128051
-0.95 0.132305
-0.94 0.137421
-0.93 0.142649
-0.92 0.14799
-0.91 0.153469
-0.9 0.159088
-0.89 0.164847
-0.88 0.170747
-0.87 0.176787
-0.86 0.182969
-0.85 0.189291
-0.84 0.195754
-0.83 0.202358
-0.82 0.209101
-0.81 0.215983
-0.8 0.223003
-0.79 0.230159
-0.78 0.237451
-0.77 0.244877
-0.76 0.252434
-0.75 0.260121
-0.74 0.267936
-0.73 0.275876
-0.72 0.283938
-0.71 0.29212
-0.7 0.300419
-0.69 0.30883
-0.68 0.317351
-0.67 0.325977
-0.66 0.334705
-0.65 0.343529
-0.64 0.352447
-0.63 0.361452
-0.62 0.37054
-0.61 0.379706
-0.6 0.388944
-0.59 0.398248
-0.58 0.407613
-0.57 0.417033
-0.56 0.4265
-0.55 0.43601
-0.54 0.445554
-0.53 0.455126
-0.52 0.464719
-0.51 0.474326
-0.5 0.48394
-0.49 0.493552
-0.48 0.503154
-0.47 0.51274
-0.46 0.522301
-0.45 0.531829
-0.44 0.541316
-0.43 0.550753
-0.42 0.560132
-0.41 0.569444
-0.4 0.578681
-0.39 0.587835
-0.38 0.596896
-0.37 0.605856
-0.36 0.614706
-0.35 0.623437
-0.34 0.632042
-0.33 0.640511
-0.32 0.648835
-0.31 0.657006
-0.3 0.665016
-0.29 0.672857
-0.28 0.680519
-0.27 0.687995
-0.26 0.695277
-0.25 0.702357
-0.24 0.709227
-0.23 0.71588
-0.22 0.722309
-0.21 0.728505
-0.2 0.734463
-0.19 0.740176
-0.18 0.745636
-0.17 0.750838
-0.16 0.755777
-0.15 0.760446
-0.14 0.764839
-0.13 0.768952
-0.12 0.772781
-0.11 0.77632
-0.1 0.779565
-0.09 0.782513
-0.08 0.78516
-0.07 0.787504
-0.06 0.78954
-0.05 0.791267
-0.04 0.792683
-0.03 0.793786
-0.02 0.794575
-0.01 0.795049
0 0.795207
0.01 0.795049
0.02 0.794575
0.03 0.793786
0.04 0.792683
0.05 0.791267
0.06 0.78954
0.07 0.787504
0.08 0.78516
0.09 0.782513
0.1 0.779565
0.11 0.77632
0.12 0.772781
0.13 0.768952
0.14 0.764839
0.15 0.760446
0.16 0.755777
0.17 0.750838
0.18 0.745636
0.19 0.740176
0.2 0.734463
0.21 0.728505
0.22 0.722309
0.23 0.71588
0.24 0.709227
0.25 0.702357
0.26 0.695277
0.27 0.687995
0.28 0.680519
0.29 0.672857
0.3 0.665016
0.31 0.657006
0.32 0.648835
0.33 0.640511
0.34 0.632042
0.35 0.623437
0.36 0.614706
0.37 0.605856
0.38 0.596896
0.39 0.587835
0.4 0.578681
0.41 0.569444
0.42 0.560132
0.43 0.550753
0.44 0.541316
0.45 0.531829
0.46 0.522301
0.47 0.51274
0.48 0.503154
0.49 0.493552
0.5 0.48394
0.51 0.474326
0.52 0.464719
0.53 0.455126
0.54 0.445554
0.55 0.43601
0.56 0.4265
0.57 0.417033
0.58 0.407613
0.59 0.398248
0.6 0.388944
0.61 0.379706
0.62 0.37054
0.63 0.361452
0.64 0.352447
0.65 0.343529
0.66 0.334705
0.67 0.325977
0.68 0.317351
0.69 0.30883
0.7 0.300419
0.71 0.29212
0.72 0.283938
0.73 0.275876
0.74 0.267936
0.75 0.260121
0.76 0.252434
0.77 0.244877
0.78 0.237451
0.79 0.230159
0.8 0.223003
0.81 0.215983
0.82 0.209101
0.83 0.202358
0.84 0.195754
0.85 0.189291
0.86 0.182969
0.87 0.176787
0.88 0.170747
0.89 0.164847
0.9 0.159088
0.91 0.153469
0.92 0.14799
0.93 0.142649
0.94 0.137421
0.95 0.132305
0.96 0.128051
0.97 0.126811
0.98 0.127642
0.99 0.126474
