0 3.05041e-17
0.01 0.0585252
0.02 0.116819
0.03 0.174653
0.04 0.231797
0.05 0.288026
0.06 0.343118
0.07 0.396857
0.08 0.449029
0.09 0.499429
0.1 0.547858
0.11 0.594124
0.12 0.638047
0.13 0.679451
0.14 0.718173
0.15 0.754061
0.16 0.786974
0.17 0.81678
0.18 0.843363
0.19 0.866618
0.2 0.886452
0.21 0.902788
0.22 0.915562
0.23 0.924721
0.24 0.930232
0.25 0.932071
0.26 0.930232
0.27 0.924721
0.28 0.915562
0.29 0.902788
0.3 0.886452
0.31 0.866618
0.32 0.843363
0.33 0.81678
0.34 0.786974
0.35 0.754061
0.36 0.718173
0.37 0.679451
0.38 0.638047
0.39 0.594124
0.4 0.547858
0.41 0.499429
0.42 0.449029
0.43 0.396857
0.44 0.343118
0.45 0.288026
0.46 0.231797
0.47 0.174653
0.48 0.116819
0.49 0.0585252
0.5 5.68459e-17
0.51 -0.0585252
0.52 -0.116819
0.53 -0.174653
0.54 -0.231797
0.55 -0.288026
0.56 -0.343118
0.57 -0.396857
0.58 -0.449029
0.59 -0.499429
0.6 -0.547858
0.61 -0.594124
0.62 -0.638047
0.63 -0.679451
0.64 -0.718173
0.65 -0.754061
0.66 -0.786974
0.67 -0.81678
0.68 -0.843363
0.69 -0.866618
0.7 -0.886452
0.71 -0.902788
0.72 -0.915562
0.73 -0.924721
0.74 -0.930232
0.75 -0.932071
0.76 -0.930232
0.77 -0.924721
0.78 -0.915562
0.79 -0.902788
0.8 -0.886452
0.81 -0.866618
0.82 -0.843363
0.83 -0.81678
0.84 -0.786974
0.85 -0.754061
0.86 -0.718173
0.87 -0.679451
0.88 -0.638047
0.89 -0.594124
0.9 -0.547858
0.91 -0.499429
0.92 -0.449029
0.93 -0.396857
0.94 -0.343118
0.95 -0.288026
0.96 -0.231797
0.97 -0.174653
0.98 -0.116819
0.99 -0.0585252
