-1 2.42213
-0.998 2.42213
-0.996 2.42212
-0.994 2.42212
-0.992 2.4221
-0.99 2.42208
-0.988 2.42205
-0.986 2.422
-0.984 2.42193
-0.982 2.42184
-0.98 2.42171
-0.978 2.42154
-0.976 2.42133
-0.974 2.42106
-0.972 2.42073
-0.97 2.42032
-0.968 2.41983
-0.966 2.41924
-0.964 2.41855
-0.962 2.41774
-0.96 2.41681
-0.958 2.41573
-0.956 2.4145
-0.954 2.41311
-0.952 2.41153
-0.95 2.40977
-0.948 2.40779
-0.946 2.4056
-0.944 2.40318
-0.942 2.40051
-0.94 2.39758
-0.938 2.39437
-0.936 2.39088
-0.934 2.38709
-0.932 2.38299
-0.93 2.37856
-0.928 2.37378
-0.926 2.36866
-0.924 2.36318
-0.922 2.35731
-0.92 2.35107
-0.918 2.34442
-0.916 2.33737
-0.914 2.32989
-0.912 2.322
-0.91 2.31366
-0.908 2.30489
-0.906 2.29566
-0.904 2.28597
-0.902 2.27582
-0.9 2.26521
-0.898 2.25411
-0.896 2.24254
-0.894 2.23049
-0.892 2.21796
-0.89 2.20494
-0.888 2.19144
-0.886 2.17745
-0.884 2.16298
-0.882 2.14802
-0.88 2.13259
-0.878 2.11667
-0.876 2.10028
-0.874 2.08343
-0.872 2.0661
-0.87 2.04833
-0.868 2.0301
-0.866 2.01143
-0.864 1.99233
-0.862 1.9728
-0.86 1.95286
-0.858 1.93251
-0.856 1.91177
-0.854 1.89065
-0.852 1.86915
-0.85 1.84731
-0.848 1.82512
-0.846 1.8026
-0.844 1.77976
-0.842 1.75663
-0.84 1.73321
-0.838 1.70953
-0.836 1.68559
-0.834 1.66141
-0.832 1.63702
-0.83 1.61242
-0.828 1.58764
-0.826 1.56269
-0.824 1.53758
-0.822 1.51234
-0.82 1.48699
-0.818 1.46153
-0.816 1.436
-0.814 1.4104
-0.812 1.38475
-0.81 1.35908
-0.808 1.33339
-0.806 1.30771
-0.804 1.28205
-0.802 1.25643
-0.8 1.23087
-0.798 1.20538
-0.796 1.17997
-0.794 1.15467
-0.792 1.12949
-0.79 1.10445
-0.788 1.07955
-0.786 1.05481
-0.784 1.03026
-0.782 1.00589
-0.78 0.981724
-0.778 0.957775
-0.776 0.934054
-0.774 0.910572
-0.772 0.887341
-0.77 0.864371
-0.768 0.841672
-0.766 0.819253
-0.764 0.797125
-0.762 0.775295
-0.76 0.753772
-0.758 0.732562
-0.756 0.711674
-0.754 0.691112
-0.752 0.670885
-0.75 0.650996
-0.748 0.63145
-0.746 0.612253
-0.744 0.593408
-0.742 0.574919
-0.74 0.556788
-0.738 0.539018
-0.736 0.52161
-0.734 0.504567
-0.732 0.48789
-0.73 0.471578
-0.728 0.455633
-0.726 0.440054
-0.724 0.424841
-0.722 0.409992
-0.72 0.395506
-0.718 0.381382
-0.716 0.367617
-0.714 0.354209
-0.712 0.341155
-0.71 0.328453
-0.708 0.316099
-0.706 0.304089
-0.704 0.29242
-0.702 0.281087
-0.7 0.270087
-0.698 0.259414
-0.696 0.249065
-0.694 0.239033
-0.692 0.229315
-0.69 0.219905
-0.688 0.210797
-0.686 0.201986
-0.684 0.193466
-0.682 0.185233
-0.68 0.177279
-0.678 0.169599
-0.676 0.162188
-0.674 0.155039
-0.672 0.148146
-0.67 0.141503
-0.668 0.135105
-0.666 0.128944
-0.664 0.123015
-0.662 0.117312
-0.66 0.111829
-0.658 0.10656
-0.656 0.101499
-0.654 0.0966396
-0.652 0.0919761
-0.65 0.0875029
-0.648 0.083214
-0.646 0.0791038
-0.644 0.0751667
-0.642 0.071397
-0.64 0.0677894
-0.638 0.0643384
-0.636 0.0610387
-0.634 0.0578851
-0.632 0.0548726
-0.63 0.0519961
-0.628 0.0492508
-0.626 0.0466318
-0.624 0.0441344
-0.622 0.0417541
-0.62 0.0394865
-0.618 0.0373271
-0.616 0.0352717
-0.614 0.0333161
-0.612 0.0314564
-0.61 0.0296887
-0.608 0.0280091
-0.606 0.026414
-0.604 0.0248998
-0.602 0.023463
-0.6 0.0221003
-0.598 0.0208085
-0.596 0.0195843
-0.594 0.0184247
-0.592 0.0173269
-0.59 0.016288
-0.588 0.0153053
-0.586 0.0143761
-0.584 0.013498
-0.582 0.0126684
-0.58 0.0118851
-0.578 0.0111457
-0.576 0.0104481
-0.574 0.00979034
-0.572 0.00917028
-0.57 0.00858606
-0.568 0.00803585
-0.566 0.0075179
-0.564 0.00703051
-0.562 0.0065721
-0.56 0.00614112
-0.558 0.00573611
-0.556 0.00535567
-0.554 0.00499846
-0.552 0.00466321
-0.55 0.00434871
-0.548 0.0040538
-0.546 0.00377738
-0.544 0.0035184
-0.542 0.00327586
-0.54 0.00304883
-0.538 0.00283639
-0.536 0.00263771
-0.534 0.00245196
-0.532 0.00227838
-0.53 0.00211624
-0.528 0.00196485
-0.526 0.00182356
-0.524 0.00169176
-0.522 0.00156886
-0.52 0.0014543
-0.518 0.00134757
-0.516 0.00124817
-0.514 0.00115564
-0.512 0.00106955
-0.51 0.000989469
-0.508 0.00091502
-0.506 0.000845835
-0.504 0.000781568
-0.502 0.000721896
-0.5 0.000666512
-0.498 0.000615132
-0.496 0.000567486
-0.494 0.00052332
-0.492 0.0004824
-0.49 0.000444501
-0.488 0.000409415
-0.486 0.000376949
-0.484 0.000346918
-0.482 0.000319152
-0.48 0.00029349
-0.478 0.000269785
-0.476 0.000247894
-0.474 0.000227689
-0.472 0.000209047
-0.47 0.000191855
-0.468 0.000176006
-0.466 0.000161402
-0.464 0.000147951
-0.462 0.000135566
-0.46 0.000124168
-0.458 0.000113683
-0.456 0.000104042
-0.454 9.51805e-05
-0.452 8.70389e-05
-0.45 7.95618e-05
-0.448 7.2698e-05
-0.446 6.63998e-05
-0.444 6.06229e-05
-0.442 5.53265e-05
-0.44 5.04727e-05
-0.438 4.60263e-05
-0.436 4.19548e-05
-0.434 3.82281e-05
-0.432 3.48186e-05
-0.43 3.17005e-05
-0.428 2.885e-05
-0.426 2.62454e-05
-0.424 2.38664e-05
-0.422 2.16943e-05
-0.42 1.97121e-05
-0.418 1.79038e-05
-0.416 1.62548e-05
-0.414 1.47519e-05
-0.412 1.33825e-05
-0.41 1.21354e-05
-0.408 1.10002e-05
-0.406 9.96711e-06
-0.404 9.02746e-06
-0.402 8.17312e-06
-0.4 7.39668e-06
-0.398 6.69132e-06
-0.396 6.05081e-06
-0.394 5.46942e-06
-0.392 4.94191e-06
-0.39 4.4635e-06
-0.388 4.02978e-06
-0.386 3.63676e-06
-0.384 3.28075e-06
-0.382 2.95841e-06
-0.38 2.66668e-06
-0.378 2.40275e-06
-0.376 2.16408e-06
-0.374 1.94833e-06
-0.372 1.7534e-06
-0.37 1.57733e-06
-0.368 1.41838e-06
-0.366 1.27494e-06
-0.364 1.14554e-06
-0.362 1.02887e-06
-0.36 9.23705e-07
-0.358 8.28961e-07
-0.356 7.43637e-07
-0.354 6.66829e-07
-0.352 5.97715e-07
-0.35 5.3555e-07
-0.348 4.79659e-07
-0.346 4.29429e-07
-0.344 3.84305e-07
-0.342 3.43785e-07
-0.34 3.07415e-07
-0.338 2.74782e-07
-0.336 2.45515e-07
-0.334 2.19278e-07
-0.332 1.95766e-07
-0.33 1.74705e-07
-0.328 1.55848e-07
-0.326 1.3897e-07
-0.324 1.23871e-07
-0.322 1.10368e-07
-0.32 9.8298e-08
-0.318 8.75127e-08
-0.316 7.78797e-08
-0.314 6.92793e-08
-0.312 6.1604e-08
-0.31 5.47571e-08
-0.308 4.86518e-08
-0.306 4.32099e-08
-0.304 3.83613e-08
-0.302 3.40432e-08
-0.3 3.01991e-08
-0.298 2.67783e-08
-0.296 2.37355e-08
-0.294 2.10301e-08
-0.292 1.86256e-08
-0.29 1.64894e-08
-0.288 1.45923e-08
-0.286 1.29084e-08
-0.284 1.14142e-08
-0.282 1.00889e-08
-0.28 8.91398e-09
-0.278 7.8727e-09
-0.276 6.95029e-09
-0.274 6.13349e-09
-0.272 5.41052e-09
-0.27 4.77085e-09
-0.268 4.20513e-09
-0.266 3.70502e-09
-0.264 3.26307e-09
-0.262 2.87269e-09
-0.26 2.528e-09
-0.258 2.22379e-09
-0.256 1.9554e-09
-0.254 1.71871e-09
-0.252 1.51007e-09
-0.25 1.32623e-09
-0.248 1.1643e-09
-0.246 1.02173e-09
-0.244 8.96266e-10
-0.242 7.85892e-10
-0.24 6.88838e-10
-0.238 6.03523e-10
-0.236 5.28564e-10
-0.234 4.62733e-10
-0.232 4.04935e-10
-0.23 3.54216e-10
-0.228 3.09726e-10
-0.226 2.7072e-10
-0.224 2.36524e-10
-0.222 2.0657e-10
-0.22 1.80332e-10
-0.218 1.5737e-10
-0.216 1.37272e-10
-0.214 1.197e-10
-0.212 1.04328e-10
-0.21 9.08986e-11
-0.208 7.91636e-11
-0.206 6.89166e-11
-0.204 5.99705e-11
-0.202 5.21649e-11
-0.2 4.53603e-11
-0.198 3.94267e-11
-0.196 3.42544e-11
-0.194 2.97495e-11
-0.192 2.58264e-11
-0.19 2.24097e-11
-0.188 1.94416e-11
-0.186 1.68559e-11
-0.184 1.46133e-11
-0.182 1.26557e-11
-0.18 1.09633e-11
-0.178 9.49134e-12
-0.176 8.21122e-12
-0.174 7.10525e-12
-0.172 6.14463e-12
-0.17 5.31153e-12
-0.168 4.588e-12
-0.166 3.9577e-12
-0.164 3.42127e-12
-0.162 2.95077e-12
-0.16 2.54533e-12
-0.158 2.19514e-12
-0.156 1.89235e-12
-0.154 1.62835e-12
-0.152 1.40354e-12
-0.15 1.20895e-12
-0.148 1.04017e-12
-0.146 8.94921e-13
-0.144 7.67837e-13
-0.142 6.59739e-13
-0.14 5.66412e-13
-0.138 4.89291e-13
-0.136 4.1721e-13
-0.134 3.60198e-13
-0.132 3.0751e-13
-0.13 2.66887e-13
-0.128 2.27588e-13
-0.126 1.97814e-13
-0.124 1.63291e-13
-0.122 1.44659e-13
-0.12 1.21862e-13
-0.118 1.04097e-13
-0.116 9.04314e-14
-0.114 7.66479e-14
-0.112 6.51949e-14
-0.11 5.67848e-14
-0.108 4.71789e-14
-0.106 4.05593e-14
-0.104 3.52504e-14
-0.102 2.70786e-14
-0.1 2.66324e-14
-0.098 1.89465e-14
-0.096 1.65968e-14
-0.094 1.57395e-14
-0.092 1.2085e-14
-0.09 1.27936e-14
-0.088 5.94162e-15
-0.086 6.25663e-15
-0.084 7.90838e-15
-0.082 8.68032e-15
-0.08 4.62467e-15
-0.078 3.12996e-15
-0.076 3.82976e-15
-0.074 1.8296e-15
-0.072 3.83837e-15
-0.07 9.04153e-16
-0.068 1.87674e-15
-0.066 1.16692e-15
-0.064 1.90146e-15
-0.062 -6.86027e-17
-0.06 4.99886e-16
-0.058 9.85876e-16
-0.056 1.65442e-15
-0.054 1.95214e-15
-0.052 9.09851e-16
-0.05 3.02942e-15
-0.048 5.8916e-16
-0.046 1.38915e-15
-0.044 5.40963e-15
-0.042 2.70644e-16
-0.04 -7.88892e-16
-0.038 1.75082e-15
-0.036 2.91051e-15
-0.034 -3.96887e-15
-0.032 1.66004e-15
-0.03 -2.07018e-16
-0.028 2.03475e-15
-0.026 -6.92076e-17
-0.024 -1.79745e-15
-0.022 1.14438e-15
-0.02 -2.68137e-15
-0.018 -2.22338e-15
-0.016 -1.80316e-15
-0.014 1.45024e-15
-0.012 -2.99171e-15
-0.01 2.80093e-15
-0.008 1.24948e-16
-0.006 1.11052e-15
-0.004 -4.46482e-16
-0.002 3.05237e-15
0 1.52834e-15
0.002 4.25742e-15
0.004 3.32207e-16
0.006 3.09836e-15
0.008 -2.71714e-15
0.01 6.18271e-16
0.012 2.70413e-15
0.014 1.48369e-16
0.016 6.53639e-16
0.018 6.28089e-16
0.02 -2.25447e-15
0.022 -1.07911e-15
0.024 1.69424e-15
0.026 2.44249e-15
0.028 2.37658e-15
0.03 2.9591e-15
0.032 2.00673e-15
0.034 1.97237e-16
0.036 2.02566e-15
0.038 -3.23379e-15
0.04 1.04227e-15
0.042 1.32012e-15
0.044 4.89078e-15
0.046 -2.57459e-15
0.048 -9.32651e-16
0.05 2.46953e-15
0.052 4.10811e-15
0.054 4.44621e-16
0.056 -8.54413e-17
0.058 1.9585e-15
0.06 2.67572e-15
0.062 -5.27369e-16
0.064 3.35421e-15
0.066 3.35751e-15
0.068 4.45572e-15
0.07 4.48533e-15
0.072 2.54759e-15
0.074 1.424e-15
0.076 4.13633e-15
0.078 7.53782e-15
0.08 5.58239e-15
0.082 6.57742e-15
0.084 2.36914e-15
0.086 9.49713e-15
0.088 9.25781e-15
0.09 1.3159e-14
0.092 1.23332e-14
0.094 1.5904e-14
0.096 2.07403e-14
0.098 2.23139e-14
0.1 2.7943e-14
0.102 2.73569e-14
0.104 3.42385e-14
0.106 4.27331e-14
0.108 4.87038e-14
0.11 5.60604e-14
0.112 6.63874e-14
0.114 7.50002e-14
0.116 8.79089e-14
0.118 1.02765e-13
0.12 1.21458e-13
0.122 1.42608e-13
0.124 1.70007e-13
0.126 1.9541e-13
0.128 2.28681e-13
0.13 2.66937e-13
0.132 3.10582e-13
0.134 3.58603e-13
0.136 4.17763e-13
0.138 4.91048e-13
0.14 5.65655e-13
0.142 6.62668e-13
0.144 7.68309e-13
0.146 8.94531e-13
0.148 1.04065e-12
0.15 1.21029e-12
0.152 1.40543e-12
0.154 1.63104e-12
0.156 1.89514e-12
0.158 2.19562e-12
0.16 2.54688e-12
0.162 2.95315e-12
0.164 3.42104e-12
0.166 3.96125e-12
0.168 4.58652e-12
0.17 5.30898e-12
0.172 6.13954e-12
0.174 7.10407e-12
0.176 8.21034e-12
0.178 9.49099e-12
0.18 1.0964e-11
0.182 1.26591e-11
0.184 1.4606e-11
0.186 1.68578e-11
0.188 1.94397e-11
0.19 2.24082e-11
0.192 2.58266e-11
0.194 2.97502e-11
0.196 3.42515e-11
0.198 3.94265e-11
0.2 4.53599e-11
0.202 5.21675e-11
0.204 5.99689e-11
0.206 6.89154e-11
0.208 7.91627e-11
0.21 9.08941e-11
0.212 1.04328e-10
0.214 1.19696e-10
0.216 1.37273e-10
0.218 1.57368e-10
0.22 1.80333e-10
0.222 2.06571e-10
0.224 2.36519e-10
0.226 2.70717e-10
0.228 3.09726e-10
0.23 3.54212e-10
0.232 4.04934e-10
0.234 4.62725e-10
0.236 5.28564e-10
0.238 6.03515e-10
0.24 6.88832e-10
0.242 7.85892e-10
0.244 8.96262e-10
0.246 1.02173e-09
0.248 1.1643e-09
0.25 1.32622e-09
0.252 1.51007e-09
0.254 1.71871e-09
0.256 1.95539e-09
0.258 2.22379e-09
0.26 2.528e-09
0.262 2.87269e-09
0.264 3.26307e-09
0.266 3.70502e-09
0.268 4.20513e-09
0.27 4.77085e-09
0.272 5.41052e-09
0.274 6.13348e-09
0.276 6.95028e-09
0.278 7.8727e-09
0.28 8.91398e-09
0.282 1.00889e-08
0.284 1.14142e-08
0.286 1.29084e-08
0.288 1.45923e-08
0.29 1.64894e-08
0.292 1.86256e-08
0.294 2.10301e-08
0.296 2.37355e-08
0.298 2.67783e-08
0.3 3.01991e-08
0.302 3.40432e-08
0.304 3.83613e-08
0.306 4.32099e-08
0.308 4.86518e-08
0.31 5.47571e-08
0.312 6.1604e-08
0.314 6.92793e-08
0.316 7.78797e-08
0.318 8.75127e-08
0.32 9.8298e-08
0.322 1.10368e-07
0.324 1.23871e-07
0.326 1.3897e-07
0.328 1.55848e-07
0.33 1.74705e-07
0.332 1.95766e-07
0.334 2.19278e-07
0.336 2.45515e-07
0.338 2.74782e-07
0.34 3.07415e-07
0.342 3.43785e-07
0.344 3.84305e-07
0.346 4.29429e-07
0.348 4.79659e-07
0.35 5.3555e-07
0.352 5.97715e-07
0.354 6.66829e-07
0.356 7.43637e-07
0.358 8.28961e-07
0.36 9.23705e-07
0.362 1.02887e-06
0.364 1.14554e-06
0.366 1.27494e-06
0.368 1.41838e-06
0.37 1.57733e-06
0.372 1.7534e-06
0.374 1.94833e-06
0.376 2.16408e-06
0.378 2.40275e-06
0.38 2.66668e-06
0.382 2.95841e-06
0.384 3.28075e-06
0.386 3.63676e-06
0.388 4.02978e-06
0.39 4.4635e-06
0.392 4.94191e-06
0.394 5.46942e-06
0.396 6.05081e-06
0.398 6.69132e-06
0.4 7.39668e-06
0.402 8.17312e-06
0.404 9.02746e-06
0.406 9.96711e-06
0.408 1.10002e-05
0.41 1.21354e-05
0.412 1.33825e-05
0.414 1.47519e-05
0.416 1.62548e-05
0.418 1.79038e-05
0.42 1.97121e-05
0.422 2.16943e-05
0.424 2.38664e-05
0.426 2.62454e-05
0.428 2.885e-05
0.43 3.17005e-05
0.432 3.48186e-05
0.434 3.82281e-05
0.436 4.19548e-05
0.438 4.60263e-05
0.44 5.04727e-05
0.442 5.53265e-05
0.444 6.06229e-05
0.446 6.63998e-05
0.448 7.2698e-05
0.45 7.95618e-05
0.452 8.70389e-05
0.454 9.51805e-05
0.456 0.000104042
0.458 0.000113683
0.46 0.000124168
0.462 0.000135566
0.464 0.000147951
0.466 0.000161402
0.468 0.000176006
0.47 0.000191855
0.472 0.000209047
0.474 0.000227689
0.476 0.000247894
0.478 0.000269785
0.48 0.00029349
0.482 0.000319152
0.484 0.000346918
0.486 0.000376949
0.488 0.000409415
0.49 0.000444501
0.492 0.0004824
0.494 0.00052332
0.496 0.000567486
0.498 0.000615132
0.5 0.000666512
0.502 0.000721896
0.504 0.000781568
0.506 0.000845835
0.508 0.00091502
0.51 0.000989469
0.512 0.00106955
0.514 0.00115564
0.516 0.00124817
0.518 0.00134757
0.52 0.0014543
0.522 0.00156886
0.524 0.00169176
0.526 0.00182356
0.528 0.00196485
0.53 0.00211624
0.532 0.00227838
0.534 0.00245196
0.536 0.00263771
0.538 0.00283639
0.54 0.00304883
0.542 0.00327586
0.544 0.0035184
0.546 0.00377738
0.548 0.0040538
0.55 0.00434871
0.552 0.00466321
0.554 0.00499846
0.556 0.00535567
0.558 0.00573611
0.56 0.00614112
0.562 0.0065721
0.564 0.00703051
0.566 0.0075179
0.568 0.00803585
0.57 0.00858606
0.572 0.00917028
0.574 0.00979034
0.576 0.0104481
0.578 0.0111457
0.58 0.0118851
0.582 0.0126684
0.584 0.013498
0.586 0.0143761
0.588 0.0153053
0.59 0.016288
0.592 0.0173269
0.594 0.0184247
0.596 0.0195843
0.598 0.0208085
0.6 0.0221003
0.602 0.023463
0.604 0.0248998
0.606 0.026414
0.608 0.0280091
0.61 0.0296887
0.612 0.0314564
0.614 0.0333161
0.616 0.0352717
0.618 0.0373271
0.62 0.0394865
0.622 0.0417541
0.624 0.0441344
0.626 0.0466318
0.628 0.0492508
0.63 0.0519961
0.632 0.0548726
0.634 0.0578851
0.636 0.0610387
0.638 0.0643384
0.64 0.0677894
0.642 0.071397
0.644 0.0751667
0.646 0.0791038
0.648 0.083214
0.65 0.0875029
0.652 0.0919761
0.654 0.0966396
0.656 0.101499
0.658 0.10656
0.66 0.111829
0.662 0.117312
0.664 0.123015
0.666 0.128944
0.668 0.135105
0.67 0.141503
0.672 0.148146
0.674 0.155039
0.676 0.162188
0.678 0.169599
0.68 0.177279
0.682 0.185233
0.684 0.193466
0.686 0.201986
0.688 0.210797
0.69 0.219905
0.692 0.229315
0.694 0.239033
0.696 0.249065
0.698 0.259414
0.7 0.270087
0.702 0.281087
0.704 0.29242
0.706 0.304089
0.708 0.316099
0.71 0.328453
0.712 0.341155
0.714 0.354209
0.716 0.367617
0.718 0.381382
0.72 0.395506
0.722 0.409992
0.724 0.424841
0.726 0.440054
0.728 0.455633
0.73 0.471578
0.732 0.48789
0.734 0.504567
0.736 0.52161
0.738 0.539018
0.74 0.556788
0.742 0.574919
0.744 0.593408
0.746 0.612253
0.748 0.63145
0.75 0.650996
0.752 0.670885
0.754 0.691112
0.756 0.711674
0.758 0.732562
0.76 0.753772
0.762 0.775295
0.764 0.797125
0.766 0.819253
0.768 0.841672
0.77 0.864371
0.772 0.887341
0.774 0.910572
0.776 0.934054
0.778 0.957775
0.78 0.981724
0.782 1.00589
0.784 1.03026
0.786 1.05481
0.788 1.07955
0.79 1.10445
0.792 1.12949
0.794 1.15467
0.796 1.17997
0.798 1.20538
0.8 1.23087
0.802 1.25643
0.804 1.28205
0.806 1.30771
0.808 1.33339
0.81 1.35908
0.812 1.38475
0.814 1.4104
0.816 1.436
0.818 1.46153
0.82 1.48699
0.822 1.51234
0.824 1.53758
0.826 1.56269
0.828 1.58764
0.83 1.61242
0.832 1.63702
0.834 1.66141
0.836 1.68559
0.838 1.70953
0.84 1.73321
0.842 1.75663
0.844 1.77976
0.846 1.8026
0.848 1.82512
0.85 1.84731
0.852 1.86915
0.854 1.89065
0.856 1.91177
0.858 1.93251
0.86 1.95286
0.862 1.9728
0.864 1.99233
0.866 2.01143
0.868 2.0301
0.87 2.04833
0.872 2.0661
0.874 2.08343
0.876 2.10028
0.878 2.11667
0.88 2.13259
0.882 2.14802
0.884 2.16298
0.886 2.17745
0.888 2.19144
0.89 2.20494
0.892 2.21796
0.894 2.23049
0.896 2.24254
0.898 2.25411
0.9 2.26521
0.902 2.27582
0.904 2.28597
0.906 2.29566
0.908 2.30489
0.91 2.31366
0.912 2.322
0.914 2.32989
0.916 2.33737
0.918 2.34442
0.92 2.35107
0.922 2.35731
0.924 2.36318
0.926 2.36866
0.928 2.37378
0.93 2.37856
0.932 2.38299
0.934 2.38709
0.936 2.39088
0.938 2.39437
0.94 2.39758
0.942 2.40051
0.944 2.40318
0.946 2.4056
0.948 2.40779
0.95 2.40977
0.952 2.41153
0.954 2.41311
0.956 2.4145
0.958 2.41573
0.96 2.41681
0.962 2.41774
0.964 2.41855
0.966 2.41924
0.968 2.41983
0.97 2.42032
0.972 2.42073
0.974 2.42106
0.976 2.42133
0.978 2.42154
0.98 2.42171
0.982 2.42184
0.984 2.42193
0.986 2.422
0.988 2.42205
0.99 2.42208
0.992 2.4221
0.994 2.42212
0.996 2.42212
0.998 2.42213
