-1 0.419431
-0.99 0.41953
-0.98 0.419517
-0.97 0.41974
-0.96 0.419775
-0.95 0.420155
-0.94 0.420206
-0.93 0.420757
-0.92 0.420817
-0.91 0.421514
-0.9 0.421627
-0.89 0.422379
-0.88 0.422656
-0.87 0.42331
-0.86 0.42389
-0.85 0.424325
-0.84 0.425224
-0.83 0.425532
-0.82 0.426491
-0.81 0.427019
-0.8 0.427651
-0.79 0.428622
-0.78 0.428972
-0.77 0.429958
-0.76 0.430656
-0.75 0.431096
-0.74 0.432188
-0.73 0.432658
-0.72 0.433183
-0.71 0.434253
-0.7 0.434592
-0.69 0.435036
-0.68 0.436077
-0.67 0.436399
-0.66 0.436528
-0.65 0.43745
-0.64 0.438034
-0.63 0.437778
-0.62 0.438013
-0.61 0.438987
-0.6 0.439306
-0.59 0.438536
-0.58 0.438024
-0.57 0.43914
-0.56 0.441987
-0.55 0.44581
-0.54 0.449895
-0.53 0.453918
-0.52 0.45782
-0.51 0.46162
-0.5 0.465331
-0.49 0.468958
-0.48 0.472499
-0.47 0.475952
-0.46 0.479318
-0.45 0.482596
-0.44 0.485786
-0.43 0.488887
-0.42 0.4919
-0.41 0.494825
-0.4 0.497662
-0.39 0.500411
-0.38 0.503073
-0.37 0.505647
-0.36 0.508135
-0.35 0.510538
-0.34 0.512855
-0.33 0.515088
-0.32 0.517238
-0.31 0.519305
-0.3 0.521291
-0.29 0.523196
-0.28 0.525022
-0.27 0.526769
-0.26 0.528439
-0.25 0.530033
-0.24 0.531552
-0.23 0.532998
-0.22 0.534371
-0.21 0.535673
-0.2 0.536904
-0.19 0.538067
-0.18 0.539162
-0.17 0.54019
-0.16 0.541153
-0.15 0.542051
-0.14 0.542887
-0.13 0.543659
-0.12 0.544371
-0.11 0.545022
-0.1 0.545613
-0.09 0.546146
-0.08 0.546621
-0.07 0.547038
-0.06 0.547398
-0.05 0.547702
-0.04 0.54795
-0.03 0.548142
-0.02 0.54828
-0.01 0.548362
0 0.54839
0.01 0.548362
0.02 0.54828
0.03 0.548142
0.04 0.54795
0.05 0.547702
0.06 0.547398
0.07 0.547038
0.08 0.546621
0.09 0.546146
0.1 0.545613
0.11 0.545022
0.12 0.544371
0.13 0.543659
0.14 0.542887
0.15 0.542051
0.16 0.541153
0.17 0.54019
0.18 0.539162
0.19 0.538067
0.2 0.536904
0.21 0.535673
0.22 0.534371
0.23 0.532998
0.24 0.531552
0.25 0.530033
0.26 0.528439
0.27 0.526769
0.28 0.525022
0.29 0.523196
0.3 0.521291
0.31 0.519305
0.32 0.517238
0.33 0.515088
0.34 0.512855
0.35 0.510538
0.36 0.508135
0.37 0.505647
0.38 0.503073
0.39 0.500411
0.4 0.497662
0.41 0.494825
0.42 0.4919
0.43 0.488887
0.44 0.485786
0.45 0.482596
0.46 0.479318
0.47 0.475952
0.48 0.472499
0.49 0.468958
0.5 0.465331
0.51 0.46162
0.52 0.45782
0.53 0.453918
0.54 0.449895
0.55 0.44581
0.56 0.441987
0.57 0.43914
0.58 0.438024
0.59 0.438536
0.6 0.439306
0.61 0.438987
0.62 0.438013
0.63 0.437778
0.64 0.438034
0.65 0.43745
0.66 0.436528
0.67 0.436399
0.68 0.436077
0.69 0.435036
0.7 0.434592
0.71 0.434253
0.72 0.433183
0.73 0.432658
0.74 0.432188
0.75 0.431096
0.76 0.430656
0.77 0.429958
0.78 0.428972
0.79 0.428622
0.8 0.427651
0.81 0.427019
0.82 0.426491
0.83 0.425532
0.84 0.425224
0.85 0.424325
0.86 0.42389
0.87 0.42331
0.88 0.422656
0.89 0.422379
0.9 0.421627
0.91 0.421514
0.92 0.420817
0.93 0.420757
0.94 0.420206
0.95 0.420155
0.96 0.419775
0.97 0.41974
0.98 0.419517
0.99 0.41953
