0 -2.09811e-16
0.01 0.0595942
0.02 0.118953
0.03 0.177843
0.04 0.236031
0.05 0.293287
0.06 0.349386
0.07 0.404105
0.08 0.457231
0.09 0.508551
0.1 0.557865
0.11 0.604977
0.12 0.649701
0.13 0.691861
0.14 0.731291
0.15 0.767835
0.16 0.801348
0.17 0.831699
0.18 0.858768
0.19 0.882447
0.2 0.902644
0.21 0.919279
0.22 0.932285
0.23 0.941612
0.24 0.947223
0.25 0.949096
0.26 0.947223
0.27 0.941612
0.28 0.932285
0.29 0.919279
0.3 0.902644
0.31 0.882447
0.32 0.858768
0.33 0.831699
0.34 0.801348
0.35 0.767835
0.36 0.731291
0.37 0.691861
0.38 0.649701
0.39 0.604977
0.4 0.557865
0.41 0.508551
0.42 0.457231
0.43 0.404105
0.44 0.349386
0.45 0.293287
0.46 0.236031
0.47 0.177843
0.48 0.118953
0.49 0.0595942
0.5 -1.4948e-18
0.51 -0.0595942
0.52 -0.118953
0.53 -0.177843
0.54 -0.236031
0.55 -0.293287
0.56 -0.349386
0.57 -0.404105
0.58 -0.457231
0.59 -0.508551
0.6 -0.557865
0.61 -0.604977
0.62 -0.649701
0.63 -0.691861
0.64 -0.731291
0.65 -0.767835
0.66 -0.801348
0.67 -0.831699
0.68 -0.858768
0.69 -0.882447
0.7 -0.902644
0.71 -0.919279
0.72 -0.932285
0.73 -0.941612
0.74 -0.947223
0.75 -0.949096
0.76 -0.947223
0.77 -0.941612
0.78 -0.932285
0.79 -0.919279
0.8 -0.902644
0.81 -0.882447
0.82 -0.858768
0.83 -0.831699
0.84 -0.801348
0.85 -0.767835
0.86 -0.731291
0.87 -0.691861
0.88 -0.649701
0.89 -0.604977
0.9 -0.557865
0.91 -0.508551
0.92 -0.457231
0.93 -0.404105
0.94 -0.349386
0.95 -0.293287
0.96 -0.236031
0.97 -0.177843
0.98 -0.118953
0.99 -0.0595942
