-1 0.380006
-0.99 0.380052
-0.98 0.380164
-0.97 0.380322
-0.96 0.380637
-0.95 0.38086
-0.94 0.381416
-0.93 0.381667
-0.92 0.382475
-0.91 0.38276
-0.9 0.383762
-0.89 0.384175
-0.88 0.385211
-0.87 0.385931
-0.86 0.3868
-0.85 0.387954
-0.84 0.388631
-0.83 0.390037
-0.82 0.390874
-0.81 0.392043
-0.8 0.393428
-0.79 0.394248
-0.78 0.395805
-0.77 0.397
-0.76 0.397988
-0.75 0.399701
-0.74 0.400796
-0.73 0.40186
-0.72 0.403643
-0.71 0.404773
-0.7 0.405688
-0.69 0.407453
-0.68 0.408881
-0.67 0.40951
-0.66 0.410756
-0.65 0.412705
-0.64 0.413872
-0.63 0.414053
-0.62 0.414796
-0.61 0.417353
-0.6 0.421589
-0.59 0.42666
-0.58 0.431908
-0.57 0.437083
-0.56 0.442161
-0.55 0.447162
-0.54 0.452094
-0.53 0.456957
-0.52 0.46175
-0.51 0.466468
-0.5 0.471111
-0.49 0.475677
-0.48 0.480163
-0.47 0.484568
-0.46 0.488891
-0.45 0.49313
-0.44 0.497284
-0.43 0.501351
-0.42 0.50533
-0.41 0.509221
-0.4 0.513021
-0.39 0.51673
-0.38 0.520348
-0.37 0.523874
-0.36 0.527306
-0.35 0.530644
-0.34 0.533888
-0.33 0.537037
-0.32 0.540091
-0.31 0.54305
-0.3 0.545913
-0.29 0.54868
-0.28 0.551351
-0.27 0.553926
-0.26 0.556405
-0.25 0.558788
-0.24 0.561075
-0.23 0.563266
-0.22 0.565361
-0.21 0.567361
-0.2 0.569265
-0.19 0.571074
-0.18 0.572788
-0.17 0.574408
-0.16 0.575933
-0.15 0.577363
-0.14 0.5787
-0.13 0.579943
-0.12 0.581093
-0.11 0.58215
-0.1 0.583114
-0.09 0.583985
-0.08 0.584764
-0.07 0.585451
-0.06 0.586046
-0.05 0.586549
-0.04 0.586961
-0.03 0.58728
-0.02 0.587509
-0.01 0.587646
0 0.587691
0.01 0.587646
0.02 0.587509
0.03 0.58728
0.04 0.586961
0.05 0.586549
0.06 0.586046
0.07 0.585451
0.08 0.584764
0.09 0.583985
0.1 0.583114
0.11 0.58215
0.12 0.581093
0.13 0.579943
0.14 0.5787
0.15 0.577363
0.16 0.575933
0.17 0.574408
0.18 0.572788
0.19 0.571074
0.2 0.569265
0.21 0.567361
0.22 0.565361
0.23 0.563266
0.24 0.561075
0.25 0.558788
0.26 0.556405
0.27 0.553926
0.28 0.551351
0.29 0.54868
0.3 0.545913
0.31 0.54305
0.32 0.540091
0.33 0.537037
0.34 0.533888
0.35 0.530644
0.36 0.527306
0.37 0.523874
0.38 0.520348
0.39 0.51673
0.4 0.513021
0.41 0.509221
0.42 0.50533
0.43 0.501351
0.44 0.497284
0.45 0.49313
0.46 0.488891
0.47 0.484568
0.48 0.480163
0.49 0.475677
0.5 0.471111
0.51 0.466468
0.52 0.46175
0.53 0.456957
0.54 0.452094
0.55 0.447162
0.56 0.442161
0.57 0.437083
0.58 0.431908
0.59 0.42666
0.6 0.421589
0.61 0.417353
0.62 0.414796
0.63 0.414053
0.64 0.413872
0.65 0.412705
0.66 0.410756
0.67 0.40951
0.68 0.408881
0.69 0.407453
0.7 0.405688
0.71 0.404773
0.72 0.403643
0.73 0.40186
0.74 0.400796
0.75 0.399701
0.76 0.397988
0.77 0.397
0.78 0.395805
0.79 0.394248
0.8 0.393428
0.81 0.392043
0.82 0.390874
0.83 0.390037
0.84 0.388631
0.85 0.387954
0.86 0.3868
0.87 0.385931
0.88 0.385211
0.89 0.384175
0.9 0.383762
0.91 0.38276
0.92 0.382475
0.93 0.381667
0.94 0.381416
0.95 0.38086
0.96 0.380637
0.97 0.380322
0.98 0.380164
0.99 0.380052
