-1 0.783859
-0.99 0.783805
-0.98 0.783257
-0.97 0.782591
-0.96 0.781455
-0.95 0.780167
-0.94 0.778461
-0.93 0.776543
-0.92 0.774289
-0.91 0.771738
-0.9 0.768959
-0.89 0.765773
-0.88 0.762492
-0.87 0.758682
-0.86 0.754911
-0.85 0.750503
-0.84 0.746239
-0.83 0.741287
-0.82 0.736505
-0.81 0.731084
-0.8 0.725743
-0.79 0.719942
-0.78 0.714007
-0.77 0.707895
-0.76 0.701374
-0.75 0.694961
-0.74 0.687937
-0.73 0.681154
-0.72 0.673786
-0.71 0.66652
-0.7 0.658969
-0.69 0.651161
-0.68 0.643475
-0.67 0.635228
-0.66 0.627281
-0.65 0.618844
-0.64 0.610446
-0.63 0.602013
-0.62 0.593158
-0.61 0.584644
-0.6 0.575619
-0.59 0.566742
-0.58 0.55784
-0.57 0.548545
-0.56 0.539649
-0.55 0.530316
-0.54 0.521056
-0.53 0.511976
-0.52 0.502422
-0.51 0.493273
-0.5 0.483957
-0.49 0.47441
-0.48 0.46533
-0.47 0.455859
-0.46 0.446449
-0.45 0.437411
-0.44 0.427912
-0.43 0.418686
-0.42 0.409721
-0.41 0.400303
-0.4 0.391272
-0.39 0.382453
-0.38 0.373194
-0.37 0.364354
-0.36 0.355771
-0.35 0.346738
-0.34 0.338069
-0.33 0.329802
-0.32 0.321091
-0.31 0.312553
-0.3 0.304619
-0.29 0.296387
-0.28 0.28798
-0.27 0.280256
-0.26 0.272664
-0.25 0.264587
-0.24 0.256829
-0.23 0.249762
-0.22 0.24248
-0.21 0.234781
-0.2 0.227614
-0.19 0.221147
-0.18 0.214423
-0.17 0.207161
-0.16 0.200277
-0.15 0.194337
-0.14 0.188646
-0.13 0.182264
-0.12 0.175309
-0.11 0.168874
-0.1 0.163969
-0.09 0.160817
-0.08 0.158969
-0.07 0.157825
-0.06 0.156975
-0.05 0.156256
-0.04 0.155643
-0.03 0.155152
-0.02 0.154798
-0.01 0.154586
0 0.154515
0.01 0.154586
0.02 0.154798
0.03 0.155152
0.04 0.155643
0.05 0.156256
0.06 0.156975
0.07 0.157825
0.08 0.158969
0.09 0.160817
0.1 0.163969
0.11 0.168874
0.12 0.175309
0.13 0.182264
0.14 0.188646
0.15 0.194337
0.16 0.200277
0.17 0.207161
0.18 0.214423
0.19 0.221147
0.2 0.227614
0.21 0.234781
0.22 0.24248
0.23 0.249762
0.24 0.256829
0.25 0.264587
0.26 0.272664
0.27 0.280256
0.28 0.28798
0.29 0.296387
0.3 0.304619
0.31 0.312553
0.32 0.321091
0.33 0.329802
0.34 0.338069
0.35 0.346738
0.36 0.355771
0.37 0.364354
0.38 0.373194
0.39 0.382453
0.4 0.391272
0.41 0.400303
0.42 0.409721
0.43 0.418686
0.44 0.427912
0.45 0.437411
0.46 0.446449
0.47 0.455859
0.48 0.46533
0.49 0.47441
0.5 0.483957
0.51 0.493273
0.52 0.502422
0.53 0.511976
0.54 0.521056
0.55 0.530316
0.56 0.539649
0.57 0.548545
0.58 0.55784
0.59 0.566742
0.6 0.575619
0.61 0.584644
0.62 0.593158
0.63 0.602013
0.64 0.610446
0.65 0.618844
0.66 0.627281
0.67 0.635228
0.68 0.643475
0.69 0.651161
0.7 0.658969
0.71 0.66652
0.72 0.673786
0.73 0.681154
0.74 0.687937
0.75 0.694961
0.76 0.701374
0.77 0.707895
0.78 0.714007
0.79 0.719942
0.8 0.725743
0.81 0.731084
0.82 0.736505
0.83 0.741287
0.84 0.746239
0.85 0.750503
0.86 0.754911
0.87 0.758682
0.88 0.762492
0.89 0.765773
0.9 0.768959
0.91 0.771738
0.92 0.774289
0.93 0.776543
0.94 0.778461
0.95 0.780167
0.96 0.781455
0.97 0.782591
0.98 0.783257
0.99 0.783805
