-1 0.28882
-0.99 0.288544
-0.98 0.289067
-0.97 0.289006
-0.96 0.289796
-0.95 0.289946
-0.94 0.290971
-0.93 0.2914
-0.92 0.292531
-0.91 0.293403
-0.9 0.294446
-0.89 0.295898
-0.88 0.296825
-0.87 0.298657
-0.86 0.299894
-0.85 0.301501
-0.84 0.303533
-0.83 0.304857
-0.82 0.307032
-0.81 0.309164
-0.8 0.310689
-0.79 0.313173
-0.78 0.315641
-0.77 0.317265
-0.76 0.319645
-0.75 0.322785
-0.74 0.324995
-0.73 0.326493
-0.72 0.329195
-0.71 0.334035
-0.7 0.340401
-0.69 0.347347
-0.68 0.35438
-0.67 0.361395
-0.66 0.368408
-0.65 0.375434
-0.64 0.382473
-0.63 0.389519
-0.62 0.396568
-0.61 0.403617
-0.6 0.410661
-0.59 0.417696
-0.58 0.424718
-0.57 0.431724
-0.56 0.438708
-0.55 0.445667
-0.54 0.452596
-0.53 0.459491
-0.52 0.466348
-0.51 0.473162
-0.5 0.47993
-0.49 0.486647
-0.48 0.493309
-0.47 0.499911
-0.46 0.506449
-0.45 0.51292
-0.44 0.519318
-0.43 0.52564
-0.42 0.531882
-0.41 0.53804
-0.4 0.544109
-0.39 0.550085
-0.38 0.555965
-0.37 0.561745
-0.36 0.56742
-0.35 0.572988
-0.34 0.578444
-0.33 0.583785
-0.32 0.589007
-0.31 0.594106
-0.3 0.59908
-0.29 0.603925
-0.28 0.608637
-0.27 0.613214
-0.26 0.617652
-0.25 0.621948
-0.24 0.6261
-0.23 0.630105
-0.22 0.63396
-0.21 0.637662
-0.2 0.641209
-0.19 0.644599
-0.18 0.647828
-0.17 0.650896
-0.16 0.6538
-0.15 0.656537
-0.14 0.659107
-0.13 0.661507
-0.12 0.663736
-0.11 0.665793
-0.1 0.667675
-0.09 0.669381
-0.08 0.670912
-0.07 0.672264
-0.06 0.673438
-0.05 0.674433
-0.04 0.675248
-0.03 0.675882
-0.02 0.676336
-0.01 0.676608
0 0.676699
0.01 0.676608
0.02 0.676336
0.03 0.675882
0.04 0.675248
0.05 0.674433
0.06 0.673438
0.07 0.672264
0.08 0.670912
0.09 0.669381
0.1 0.667675
0.11 0.665793
0.12 0.663736
0.13 0.661507
0.14 0.659107
0.15 0.656537
0.16 0.6538
0.17 0.650896
0.18 0.647828
0.19 0.644599
0.2 0.641209
0.21 0.637662
0.22 0.63396
0.23 0.630105
0.24 0.6261
0.25 0.621948
0.26 0.617652
0.27 0.613214
0.28 0.608637
0.29 0.603925
0.3 0.59908
0.31 0.594106
0.32 0.589007
0.33 0.583785
0.34 0.578444
0.35 0.572988
0.36 0.56742
0.37 0.561745
0.38 0.555965
0.39 0.550085
0.4 0.544109
0.41 0.53804
0.42 0.531882
0.43 0.52564
0.44 0.519318
0.45 0.51292
0.46 0.506449
0.47 0.499911
0.48 0.493309
0.49 0.486647
0.5 0.47993
0.51 0.473162
0.52 0.466348
0.53 0.459491
0.54 0.452596
0.55 0.445667
0.56 0.438708
0.57 0.431724
0.58 0.424718
0.59 0.417696
0.6 0.410661
0.61 0.403617
0.62 0.396568
0.63 0.389519
0.64 0.382473
0.65 0.375434
0.66 0.368408
0.67 0.361395
0.68 0.35438
0.69 0.347347
0.7 0.340401
0.71 0.334035
0.72 0.329195
0.73 0.326493
0.74 0.324995
0.75 0.322785
0.76 0.319645
0.77 0.317265
0.78 0.315641
0.79 0.313173
0.8 0.310689
0.81 0.309164
0.82 0.307032
0.83 0.304857
0.84 0.303533
0.85 0.301501
0.86 0.299894
0.87 0.298657
0.88 0.296825
0.89 0.295898
0.9 0.294446
0.91 0.293403
0.92 0.292531
0.93 0.2914
0.94 0.290971
0.95 0.289946
0.96 0.289796
0.97 0.289006
0.98 0.289067
0.99 0.288544
