-1 0.0172826
-0.998 0.0173168
-0.996 0.0174194
-0.994 0.0175906
-0.992 0.0178309
-0.99 0.0181407
-0.988 0.0185208
-0.986 0.0189721
-0.984 0.0194955
-0.982 0.0200922
-0.98 0.0207635
-0.978 0.0215109
-0.976 0.0223361
-0.974 0.0232407
-0.972 0.0242268
-0.97 0.0252963
-0.968 0.0264517
-0.966 0.0276952
-0.964 0.0290294
-0.962 0.030457
-0.96 0.0319809
-0.958 0.0336039
-0.956 0.0353294
-0.954 0.0371605
-0.952 0.0391006
-0.95 0.0411535
-0.948 0.0433227
-0.946 0.0456122
-0.944 0.0480259
-0.942 0.050568
-0.94 0.0532427
-0.938 0.0560544
-0.936 0.0590076
-0.934 0.062107
-0.932 0.0653573
-0.93 0.0687635
-0.928 0.0723304
-0.926 0.0760631
-0.924 0.0799669
-0.922 0.0840471
-0.92 0.088309
-0.918 0.092758
-0.916 0.0973998
-0.914 0.10224
-0.912 0.107284
-0.91 0.112538
-0.908 0.118007
-0.906 0.123697
-0.904 0.129615
-0.902 0.135765
-0.9 0.142155
-0.898 0.148789
-0.896 0.155673
-0.894 0.162814
-0.892 0.170218
-0.89 0.177889
-0.888 0.185834
-0.886 0.194058
-0.884 0.202567
-0.882 0.211366
-0.88 0.22046
-0.878 0.229856
-0.876 0.239558
-0.874 0.24957
-0.872 0.259898
-0.87 0.270546
-0.868 0.281519
-0.866 0.29282
-0.864 0.304454
-0.862 0.316425
-0.86 0.328735
-0.858 0.341388
-0.856 0.354387
-0.854 0.367734
-0.852 0.381432
-0.85 0.395482
-0.848 0.409886
-0.846 0.424645
-0.844 0.43976
-0.842 0.455231
-0.84 0.471058
-0.838 0.48724
-0.836 0.503777
-0.834 0.520668
-0.832 0.537909
-0.83 0.555499
-0.828 0.573436
-0.826 0.591715
-0.824 0.610332
-0.822 0.629284
-0.82 0.648564
-0.818 0.668168
-0.816 0.68809
-0.814 0.708322
-0.812 0.728858
-0.81 0.749688
-0.808 0.770806
-0.806 0.792202
-0.804 0.813867
-0.802 0.835789
-0.8 0.857959
-0.798 0.880364
-0.796 0.902994
-0.794 0.925834
-0.792 0.948873
-0.79 0.972097
-0.788 0.99549
-0.786 1.01904
-0.784 1.04273
-0.782 1.06654
-0.78 1.09046
-0.778 1.11447
-0.776 1.13855
-0.774 1.16269
-0.772 1.18687
-0.77 1.21106
-0.768 1.23526
-0.766 1.25943
-0.764 1.28356
-0.762 1.30763
-0.76 1.33162
-0.758 1.35551
-0.756 1.37928
-0.754 1.4029
-0.752 1.42635
-0.75 1.44962
-0.748 1.47267
-0.746 1.4955
-0.744 1.51807
-0.742 1.54036
-0.74 1.56236
-0.738 1.58404
-0.736 1.60538
-0.734 1.62635
-0.732 1.64694
-0.73 1.66712
-0.728 1.68688
-0.726 1.70618
-0.724 1.72502
-0.722 1.74337
-0.72 1.76121
-0.718 1.77852
-0.716 1.79528
-0.714 1.81147
-0.712 1.82708
-0.71 1.84209
-0.708 1.85647
-0.706 1.87023
-0.704 1.88333
-0.702 1.89576
-0.7 1.90751
-0.698 1.91857
-0.696 1.92892
-0.694 1.93855
-0.692 1.94745
-0.69 1.9556
-0.688 1.96301
-0.686 1.96966
-0.684 1.97553
-0.682 1.98064
-0.68 1.98496
-0.678 1.9885
-0.676 1.99124
-0.674 1.99319
-0.672 1.99435
-0.67 1.99471
-0.668 1.99427
-0.666 1.99304
-0.664 1.991
-0.662 1.98818
-0.66 1.98456
-0.658 1.98016
-0.656 1.97498
-0.654 1.96903
-0.652 1.9623
-0.65 1.95482
-0.648 1.94659
-0.646 1.93762
-0.644 1.92791
-0.642 1.91749
-0.64 1.90637
-0.638 1.89455
-0.636 1.88204
-0.634 1.86888
-0.632 1.85506
-0.63 1.84061
-0.628 1.82555
-0.626 1.80988
-0.624 1.79363
-0.622 1.77681
-0.62 1.75945
-0.618 1.74156
-0.616 1.72316
-0.614 1.70427
-0.612 1.68492
-0.61 1.66512
-0.608 1.6449
-0.606 1.62427
-0.604 1.60326
-0.602 1.58189
-0.6 1.56018
-0.598 1.53815
-0.596 1.51582
-0.594 1.49323
-0.592 1.47038
-0.59 1.4473
-0.588 1.42401
-0.586 1.40054
-0.584 1.37691
-0.582 1.35313
-0.58 1.32923
-0.578 1.30523
-0.576 1.28115
-0.574 1.25701
-0.572 1.23284
-0.57 1.20864
-0.568 1.18445
-0.566 1.16028
-0.564 1.13614
-0.562 1.11207
-0.56 1.08806
-0.558 1.06415
-0.556 1.04035
-0.554 1.01668
-0.552 0.993143
-0.55 0.969765
-0.548 0.94656
-0.546 0.92354
-0.544 0.90072
-0.542 0.878112
-0.54 0.855729
-0.538 0.833584
-0.536 0.811686
-0.534 0.790048
-0.532 0.76868
-0.53 0.74759
-0.528 0.726788
-0.526 0.706282
-0.524 0.68608
-0.522 0.666189
-0.52 0.646617
-0.518 0.627369
-0.516 0.60845
-0.514 0.589865
-0.512 0.57162
-0.51 0.553717
-0.508 0.536161
-0.506 0.518953
-0.504 0.502097
-0.502 0.485595
-0.5 0.469446
-0.498 0.453654
-0.496 0.438217
-0.494 0.423136
-0.492 0.408411
-0.49 0.394041
-0.488 0.380024
-0.486 0.366359
-0.484 0.353044
-0.482 0.340078
-0.48 0.327456
-0.478 0.315177
-0.476 0.303237
-0.474 0.291632
-0.472 0.28036
-0.47 0.269415
-0.468 0.258794
-0.466 0.248493
-0.464 0.238506
-0.462 0.228829
-0.46 0.219457
-0.458 0.210384
-0.456 0.201606
-0.454 0.193117
-0.452 0.184911
-0.45 0.176983
-0.448 0.169327
-0.446 0.161938
-0.444 0.154809
-0.442 0.147935
-0.44 0.14131
-0.438 0.134927
-0.436 0.128781
-0.434 0.122866
-0.432 0.117176
-0.43 0.111704
-0.428 0.106446
-0.426 0.101394
-0.424 0.0965435
-0.422 0.0918883
-0.42 0.0874226
-0.418 0.0831407
-0.416 0.0790368
-0.414 0.0751055
-0.412 0.0713412
-0.41 0.0677385
-0.408 0.0642919
-0.406 0.0609964
-0.404 0.0578466
-0.402 0.0548375
-0.4 0.0519642
-0.398 0.0492217
-0.396 0.0466053
-0.394 0.0441103
-0.392 0.0417322
-0.39 0.0394666
-0.388 0.037309
-0.386 0.0352552
-0.384 0.0333012
-0.382 0.0314429
-0.38 0.0296765
-0.378 0.027998
-0.376 0.026404
-0.374 0.0248907
-0.372 0.0234548
-0.37 0.0220929
-0.368 0.0208017
-0.366 0.0195782
-0.364 0.0184192
-0.362 0.0173219
-0.36 0.0162835
-0.358 0.0153012
-0.356 0.0143725
-0.354 0.0134947
-0.352 0.0126654
-0.35 0.0118824
-0.348 0.0111433
-0.346 0.010446
-0.344 0.00978837
-0.342 0.00916851
-0.34 0.00858447
-0.338 0.00803442
-0.336 0.00751661
-0.334 0.00702935
-0.332 0.00657106
-0.33 0.00614018
-0.328 0.00573527
-0.326 0.00535492
-0.324 0.00499779
-0.322 0.00466261
-0.32 0.00434817
-0.318 0.00405332
-0.316 0.00377694
-0.314 0.00351801
-0.312 0.00327552
-0.31 0.00304852
-0.308 0.00283612
-0.306 0.00263746
-0.304 0.00245173
-0.302 0.00227818
-0.3 0.00211606
-0.298 0.00196469
-0.296 0.00182342
-0.294 0.00169164
-0.292 0.00156874
-0.29 0.0014542
-0.288 0.00134748
-0.286 0.00124809
-0.284 0.00115557
-0.282 0.00106948
-0.28 0.000989413
-0.278 0.00091497
-0.276 0.000845791
-0.274 0.000781529
-0.272 0.000721861
-0.27 0.000666481
-0.268 0.000615105
-0.266 0.000567461
-0.264 0.000523299
-0.262 0.00048238
-0.26 0.000444483
-0.258 0.0004094
-0.256 0.000376935
-0.254 0.000346906
-0.252 0.000319141
-0.25 0.000293481
-0.248 0.000269776
-0.246 0.000247887
-0.244 0.000227683
-0.242 0.000209042
-0.24 0.00019185
-0.238 0.000176002
-0.236 0.000161398
-0.234 0.000147947
-0.232 0.000135563
-0.23 0.000124165
-0.228 0.000113681
-0.226 0.00010404
-0.224 9.51786e-05
-0.222 8.70372e-05
-0.22 7.95603e-05
-0.218 7.26967e-05
-0.216 6.63986e-05
-0.214 6.06219e-05
-0.212 5.53256e-05
-0.21 5.04719e-05
-0.208 4.60255e-05
-0.206 4.19541e-05
-0.204 3.82276e-05
-0.202 3.48181e-05
-0.2 3.17e-05
-0.198 2.88496e-05
-0.196 2.62451e-05
-0.194 2.38661e-05
-0.192 2.16941e-05
-0.19 1.97118e-05
-0.188 1.79035e-05
-0.186 1.62546e-05
-0.184 1.47517e-05
-0.182 1.33824e-05
-0.18 1.21353e-05
-0.178 1.10001e-05
-0.176 9.96701e-06
-0.174 9.02736e-06
-0.172 8.17304e-06
-0.17 7.3966e-06
-0.168 6.69125e-06
-0.166 6.05075e-06
-0.164 5.46936e-06
-0.162 4.94186e-06
-0.16 4.46345e-06
-0.158 4.02974e-06
-0.156 3.63672e-06
-0.154 3.28072e-06
-0.152 2.95839e-06
-0.15 2.66665e-06
-0.148 2.40273e-06
-0.146 2.16406e-06
-0.144 1.94832e-06
-0.142 1.75338e-06
-0.14 1.57732e-06
-0.138 1.41837e-06
-0.136 1.27492e-06
-0.134 1.14553e-06
-0.132 1.02886e-06
-0.13 9.23696e-07
-0.128 8.28953e-07
-0.126 7.4363e-07
-0.124 6.66823e-07
-0.122 5.9771e-07
-0.12 5.35545e-07
-0.118 4.79654e-07
-0.116 4.29425e-07
-0.114 3.84301e-07
-0.112 3.43782e-07
-0.11 3.07412e-07
-0.108 2.74779e-07
-0.106 2.45513e-07
-0.104 2.19276e-07
-0.102 1.95764e-07
-0.1 1.74704e-07
-0.098 1.55847e-07
-0.096 1.38969e-07
-0.094 1.2387e-07
-0.092 1.10368e-07
-0.09 9.82975e-08
-0.088 8.75124e-08
-0.086 7.78796e-08
-0.084 6.92794e-08
-0.082 6.16043e-08
-0.08 5.47577e-08
-0.078 4.86526e-08
-0.076 4.3211e-08
-0.074 3.83627e-08
-0.072 3.4045e-08
-0.07 3.02012e-08
-0.068 2.67809e-08
-0.066 2.37386e-08
-0.064 2.10338e-08
-0.062 1.86299e-08
-0.06 1.64945e-08
-0.058 1.45983e-08
-0.056 1.29153e-08
-0.054 1.14223e-08
-0.052 1.00983e-08
-0.05 8.92481e-09
-0.048 7.88524e-09
-0.046 6.96479e-09
-0.044 6.15025e-09
-0.042 5.42987e-09
-0.04 4.79319e-09
-0.038 4.23089e-09
-0.036 3.7347e-09
-0.034 3.29727e-09
-0.032 2.91206e-09
-0.03 2.57332e-09
-0.028 2.27591e-09
-0.026 2.01533e-09
-0.024 1.78759e-09
-0.022 1.5892e-09
-0.02 1.41709e-09
-0.018 1.2686e-09
-0.016 1.14141e-09
-0.014 1.03352e-09
-0.012 9.43243e-10
-0.01 8.69147e-10
-0.008 8.10074e-10
-0.006 7.65069e-10
-0.004 7.33427e-10
-0.002 7.14646e-10
0 7.08413e-10
0.002 7.14645e-10
0.004 7.33428e-10
0.006 7.65069e-10
0.008 8.10072e-10
0.01 8.69145e-10
0.012 9.43238e-10
0.014 1.03352e-09
0.016 1.14141e-09
0.018 1.2686e-09
0.02 1.4171e-09
0.022 1.5892e-09
0.024 1.78759e-09
0.026 2.01533e-09
0.028 2.27592e-09
0.03 2.57332e-09
0.032 2.91207e-09
0.034 3.29727e-09
0.036 3.7347e-09
0.038 4.23089e-09
0.04 4.79319e-09
0.042 5.42987e-09
0.044 6.15025e-09
0.046 6.96478e-09
0.048 7.88524e-09
0.05 8.92481e-09
0.052 1.00983e-08
0.054 1.14223e-08
0.056 1.29153e-08
0.058 1.45983e-08
0.06 1.64945e-08
0.062 1.86299e-08
0.064 2.10338e-08
0.066 2.37386e-08
0.068 2.67809e-08
0.07 3.02012e-08
0.072 3.4045e-08
0.074 3.83627e-08
0.076 4.3211e-08
0.078 4.86526e-08
0.08 5.47577e-08
0.082 6.16043e-08
0.084 6.92794e-08
0.086 7.78796e-08
0.088 8.75124e-08
0.09 9.82975e-08
0.092 1.10368e-07
0.094 1.2387e-07
0.096 1.38969e-07
0.098 1.55847e-07
0.1 1.74704e-07
0.102 1.95764e-07
0.104 2.19276e-07
0.106 2.45513e-07
0.108 2.74779e-07
0.11 3.07412e-07
0.112 3.43782e-07
0.114 3.84301e-07
0.116 4.29425e-07
0.118 4.79654e-07
0.12 5.35545e-07
0.122 5.9771e-07
0.124 6.66823e-07
0.126 7.4363e-07
0.128 8.28953e-07
0.13 9.23696e-07
0.132 1.02886e-06
0.134 1.14553e-06
0.136 1.27492e-06
0.138 1.41837e-06
0.14 1.57732e-06
0.142 1.75338e-06
0.144 1.94832e-06
0.146 2.16406e-06
0.148 2.40273e-06
0.15 2.66665e-06
0.152 2.95839e-06
0.154 3.28072e-06
0.156 3.63672e-06
0.158 4.02974e-06
0.16 4.46345e-06
0.162 4.94186e-06
0.164 5.46936e-06
0.166 6.05075e-06
0.168 6.69125e-06
0.17 7.3966e-06
0.172 8.17304e-06
0.174 9.02736e-06
0.176 9.96701e-06
0.178 1.10001e-05
0.18 1.21353e-05
0.182 1.33824e-05
0.184 1.47517e-05
0.186 1.62546e-05
0.188 1.79035e-05
0.19 1.97118e-05
0.192 2.16941e-05
0.194 2.38661e-05
0.196 2.62451e-05
0.198 2.88496e-05
0.2 3.17e-05
0.202 3.48181e-05
0.204 3.82276e-05
0.206 4.19541e-05
0.208 4.60255e-05
0.21 5.04719e-05
0.212 5.53256e-05
0.214 6.06219e-05
0.216 6.63986e-05
0.218 7.26967e-05
0.22 7.95603e-05
0.222 8.70372e-05
0.224 9.51786e-05
0.226 0.00010404
0.228 0.000113681
0.23 0.000124165
0.232 0.000135563
0.234 0.000147947
0.236 0.000161398
0.238 0.000176002
0.24 0.00019185
0.242 0.000209042
0.244 0.000227683
0.246 0.000247887
0.248 0.000269776
0.25 0.000293481
0.252 0.000319141
0.254 0.000346906
0.256 0.000376935
0.258 0.0004094
0.26 0.000444483
0.262 0.00048238
0.264 0.000523299
0.266 0.000567461
0.268 0.000615105
0.27 0.000666481
0.272 0.000721861
0.274 0.000781529
0.276 0.000845791
0.278 0.00091497
0.28 0.000989413
0.282 0.00106948
0.284 0.00115557
0.286 0.00124809
0.288 0.00134748
0.29 0.0014542
0.292 0.00156874
0.294 0.00169164
0.296 0.00182342
0.298 0.00196469
0.3 0.00211606
0.302 0.00227818
0.304 0.00245173
0.306 0.00263746
0.308 0.00283612
0.31 0.00304852
0.312 0.00327552
0.314 0.00351801
0.316 0.00377694
0.318 0.00405332
0.32 0.00434817
0.322 0.00466261
0.324 0.00499779
0.326 0.00535492
0.328 0.00573527
0.33 0.00614018
0.332 0.00657106
0.334 0.00702935
0.336 0.00751661
0.338 0.00803442
0.34 0.00858447
0.342 0.00916851
0.344 0.00978837
0.346 0.010446
0.348 0.0111433
0.35 0.0118824
0.352 0.0126654
0.354 0.0134947
0.356 0.0143725
0.358 0.0153012
0.36 0.0162835
0.362 0.0173219
0.364 0.0184192
0.366 0.0195782
0.368 0.0208017
0.37 0.0220929
0.372 0.0234548
0.374 0.0248907
0.376 0.026404
0.378 0.027998
0.38 0.0296765
0.382 0.0314429
0.384 0.0333012
0.386 0.0352552
0.388 0.037309
0.39 0.0394666
0.392 0.0417322
0.394 0.0441103
0.396 0.0466053
0.398 0.0492217
0.4 0.0519642
0.402 0.0548375
0.404 0.0578466
0.406 0.0609964
0.408 0.0642919
0.41 0.0677385
0.412 0.0713412
0.414 0.0751055
0.416 0.0790368
0.418 0.0831407
0.42 0.0874226
0.422 0.0918883
0.424 0.0965435
0.426 0.101394
0.428 0.106446
0.43 0.111704
0.432 0.117176
0.434 0.122866
0.436 0.128781
0.438 0.134927
0.44 0.14131
0.442 0.147935
0.444 0.154809
0.446 0.161938
0.448 0.169327
0.45 0.176983
0.452 0.184911
0.454 0.193117
0.456 0.201606
0.458 0.210384
0.46 0.219457
0.462 0.228829
0.464 0.238506
0.466 0.248493
0.468 0.258794
0.47 0.269415
0.472 0.28036
0.474 0.291632
0.476 0.303237
0.478 0.315177
0.48 0.327456
0.482 0.340078
0.484 0.353044
0.486 0.366359
0.488 0.380024
0.49 0.394041
0.492 0.408411
0.494 0.423136
0.496 0.438217
0.498 0.453654
0.5 0.469446
0.502 0.485595
0.504 0.502097
0.506 0.518953
0.508 0.536161
0.51 0.553717
0.512 0.57162
0.514 0.589865
0.516 0.60845
0.518 0.627369
0.52 0.646617
0.522 0.666189
0.524 0.68608
0.526 0.706282
0.528 0.726788
0.53 0.74759
0.532 0.76868
0.534 0.790048
0.536 0.811686
0.538 0.833584
0.54 0.855729
0.542 0.878112
0.544 0.90072
0.546 0.92354
0.548 0.94656
0.55 0.969765
0.552 0.993143
0.554 1.01668
0.556 1.04035
0.558 1.06415
0.56 1.08806
0.562 1.11207
0.564 1.13614
0.566 1.16028
0.568 1.18445
0.57 1.20864
0.572 1.23284
0.574 1.25701
0.576 1.28115
0.578 1.30523
0.58 1.32923
0.582 1.35313
0.584 1.37691
0.586 1.40054
0.588 1.42401
0.59 1.4473
0.592 1.47038
0.594 1.49323
0.596 1.51582
0.598 1.53815
0.6 1.56018
0.602 1.58189
0.604 1.60326
0.606 1.62427
0.608 1.6449
0.61 1.66512
0.612 1.68492
0.614 1.70427
0.616 1.72316
0.618 1.74156
0.62 1.75945
0.622 1.77681
0.624 1.79363
0.626 1.80988
0.628 1.82555
0.63 1.84061
0.632 1.85506
0.634 1.86888
0.636 1.88204
0.638 1.89455
0.64 1.90637
0.642 1.91749
0.644 1.92791
0.646 1.93762
0.648 1.94659
0.65 1.95482
0.652 1.9623
0.654 1.96903
0.656 1.97498
0.658 1.98016
0.66 1.98456
0.662 1.98818
0.664 1.991
0.666 1.99304
0.668 1.99427
0.67 1.99471
0.672 1.99435
0.674 1.99319
0.676 1.99124
0.678 1.9885
0.68 1.98496
0.682 1.98064
0.684 1.97553
0.686 1.96966
0.688 1.96301
0.69 1.9556
0.692 1.94745
0.694 1.93855
0.696 1.92892
0.698 1.91857
0.7 1.90751
0.702 1.89576
0.704 1.88333
0.706 1.87023
0.708 1.85647
0.71 1.84209
0.712 1.82708
0.714 1.81147
0.716 1.79528
0.718 1.77852
0.72 1.76121
0.722 1.74337
0.724 1.72502
0.726 1.70618
0.728 1.68688
0.73 1.66712
0.732 1.64694
0.734 1.62635
0.736 1.60538
0.738 1.58404
0.74 1.56236
0.742 1.54036
0.744 1.51807
0.746 1.4955
0.748 1.47267
0.75 1.44962
0.752 1.42635
0.754 1.4029
0.756 1.37928
0.758 1.35551
0.76 1.33162
0.762 1.30763
0.764 1.28356
0.766 1.25943
0.768 1.23526
0.77 1.21106
0.772 1.18687
0.774 1.16269
0.776 1.13855
0.778 1.11447
0.78 1.09046
0.782 1.06654
0.784 1.04273
0.786 1.01904
0.788 0.99549
0.79 0.972097
0.792 0.948873
0.794 0.925834
0.796 0.902994
0.798 0.880364
0.8 0.857959
0.802 0.835789
0.804 0.813867
0.806 0.792202
0.808 0.770806
0.81 0.749688
0.812 0.728858
0.814 0.708322
0.816 0.68809
0.818 0.668168
0.82 0.648564
0.822 0.629284
0.824 0.610332
0.826 0.591715
0.828 0.573436
0.83 0.555499
0.832 0.537909
0.834 0.520668
0.836 0.503777
0.838 0.48724
0.84 0.471058
0.842 0.455231
0.844 0.43976
0.846 0.424645
0.848 0.409886
0.85 0.395482
0.852 0.381432
0.854 0.367734
0.856 0.354387
0.858 0.341388
0.86 0.328735
0.862 0.316425
0.864 0.304454
0.866 0.29282
0.868 0.281519
0.87 0.270546
0.872 0.259898
0.874 0.24957
0.876 0.239558
0.878 0.229856
0.88 0.22046
0.882 0.211366
0.884 0.202567
0.886 0.194058
0.888 0.185834
0.89 0.177889
0.892 0.170218
0.894 0.162814
0.896 0.155673
0.898 0.148789
0.9 0.142155
0.902 0.135765
0.904 0.129615
0.906 0.123697
0.908 0.118007
0.91 0.112538
0.912 0.107284
0.914 0.10224
0.916 0.0973998
0.918 0.092758
0.92 0.088309
0.922 0.0840471
0.924 0.0799669
0.926 0.0760631
0.928 0.0723304
0.93 0.0687635
0.932 0.0653573
0.934 0.062107
0.936 0.0590076
0.938 0.0560544
0.94 0.0532427
0.942 0.050568
0.944 0.0480259
0.946 0.0456122
0.948 0.0433227
0.95 0.0411535
0.952 0.0391006
0.954 0.0371605
0.956 0.0353294
0.958 0.0336039
0.96 0.0319809
0.962 0.030457
0.964 0.0290294
0.966 0.0276952
0.968 0.0264517
0.97 0.0252963
0.972 0.0242268
0.974 0.0232407
0.976 0.0223361
0.978 0.0215109
0.98 0.0207635
0.982 0.0200922
0.984 0.0194955
0.986 0.0189721
0.988 0.0185208
0.99 0.0181407
0.992 0.0178309
0.994 0.0175906
0.996 0.0174194
0.998 0.0173168
