-1 0.762693
-0.99 0.762718
-0.98 0.762141
-0.97 0.761604
-0.96 0.760485
-0.95 0.759379
-0.94 0.757736
-0.93 0.756051
-0.92 0.753907
-0.91 0.751633
-0.9 0.749015
-0.89 0.746144
-0.88 0.743079
-0.87 0.739612
-0.86 0.73612
-0.85 0.732072
-0.84 0.728154
-0.83 0.723572
-0.82 0.719199
-0.81 0.714162
-0.8 0.709281
-0.79 0.70389
-0.78 0.698443
-0.77 0.692782
-0.76 0.686757
-0.75 0.680842
-0.74 0.674321
-0.73 0.668068
-0.72 0.661227
-0.71 0.654493
-0.7 0.64751
-0.69 0.640227
-0.68 0.63313
-0.67 0.625436
-0.66 0.618043
-0.65 0.610228
-0.64 0.602332
-0.63 0.594549
-0.62 0.586231
-0.61 0.578274
-0.6 0.569912
-0.59 0.561479
-0.58 0.553261
-0.57 0.544497
-0.56 0.536083
-0.55 0.527478
-0.54 0.518588
-0.53 0.510127
-0.52 0.501204
-0.51 0.492348
-0.5 0.483777
-0.49 0.474685
-0.48 0.465912
-0.47 0.457246
-0.46 0.448111
-0.45 0.439426
-0.44 0.430743
-0.43 0.421642
-0.42 0.41305
-0.41 0.404456
-0.4 0.395438
-0.39 0.386932
-0.38 0.378541
-0.37 0.369667
-0.36 0.361209
-0.35 0.353111
-0.34 0.344509
-0.33 0.336037
-0.32 0.328206
-0.31 0.320108
-0.3 0.311666
-0.29 0.303846
-0.28 0.296396
-0.27 0.288414
-0.26 0.280352
-0.25 0.273074
-0.24 0.266077
-0.23 0.258473
-0.22 0.250676
-0.21 0.243681
-0.2 0.237387
-0.19 0.230741
-0.18 0.223275
-0.17 0.215771
-0.16 0.209441
-0.15 0.204884
-0.14 0.201866
-0.13 0.199771
-0.12 0.198085
-0.11 0.196559
-0.1 0.19513
-0.09 0.193811
-0.08 0.19262
-0.07 0.191564
-0.06 0.190648
-0.05 0.189871
-0.04 0.189234
-0.03 0.188737
-0.02 0.188382
-0.01 0.188169
0 0.188098
0.01 0.188169
0.02 0.188382
0.03 0.188737
0.04 0.189234
0.05 0.189871
0.06 0.190648
0.07 0.191564
0.08 0.19262
0.09 0.193811
0.1 0.19513
0.11 0.196559
0.12 0.198085
0.13 0.199771
0.14 0.201866
0.15 0.204884
0.16 0.209441
0.17 0.215771
0.18 0.223275
0.19 0.230741
0.2 0.237387
0.21 0.243681
0.22 0.250676
0.23 0.258473
0.24 0.266077
0.25 0.273074
0.26 0.280352
0.27 0.288414
0.28 0.296396
0.29 0.303846
0.3 0.311666
0.31 0.320108
0.32 0.328206
0.33 0.336037
0.34 0.344509
0.35 0.353111
0.36 0.361209
0.37 0.369667
0.38 0.378541
0.39 0.386932
0.4 0.395438
0.41 0.404456
0.42 0.41305
0.43 0.421642
0.44 0.430743
0.45 0.439426
0.46 0.448111
0.47 0.457246
0.48 0.465912
0.49 0.474685
0.5 0.483777
0.51 0.492348
0.52 0.501204
0.53 0.510127
0.54 0.518588
0.55 0.527478
0.56 0.536083
0.57 0.544497
0.58 0.553261
0.59 0.561479
0.6 0.569912
0.61 0.578274
0.62 0.586231
0.63 0.594549
0.64 0.602332
0.65 0.610228
0.66 0.618043
0.67 0.625436
0.68 0.63313
0.69 0.640227
0.7 0.64751
0.71 0.654493
0.72 0.661227
0.73 0.668068
0.74 0.674321
0.75 0.680842
0.76 0.686757
0.77 0.692782
0.78 0.698443
0.79 0.70389
0.8 0.709281
0.81 0.714162
0.82 0.719199
0.83 0.723572
0.84 0.728154
0.85 0.732072
0.86 0.73612
0.87 0.739612
0.88 0.743079
0.89 0.746144
0.9 0.749015
0.91 0.751633
0.92 0.753907
0.93 0.756051
0.94 0.757736
0.95 0.759379
0.96 0.760485
0.97 0.761604
0.98 0.762141
0.99 0.762718
