-1 0.31822
-0.99 0.318183
-0.98 0.318419
-0.97 0.31864
-0.96 0.319011
-0.95 0.31955
-0.94 0.319992
-0.93 0.320897
-0.92 0.32138
-0.91 0.322622
-0.9 0.323229
-0.89 0.324626
-0.88 0.325603
-0.87 0.326856
-0.86 0.328424
-0.85 0.329473
-0.84 0.331376
-0.83 0.332756
-0.82 0.334305
-0.81 0.336436
-0.8 0.337814
-0.79 0.339774
-0.78 0.342051
-0.77 0.343529
-0.76 0.345628
-0.75 0.348203
-0.74 0.349866
-0.73 0.351658
-0.72 0.354507
-0.71 0.357019
-0.7 0.358392
-0.69 0.360053
-0.68 0.363562
-0.67 0.36895
-0.66 0.375324
-0.65 0.381951
-0.64 0.388557
-0.63 0.395119
-0.62 0.401656
-0.61 0.408176
-0.6 0.414676
-0.59 0.421151
-0.58 0.427598
-0.57 0.434014
-0.56 0.440394
-0.55 0.446735
-0.54 0.453033
-0.53 0.459285
-0.52 0.465487
-0.51 0.471635
-0.5 0.477727
-0.49 0.483758
-0.48 0.489725
-0.47 0.495625
-0.46 0.501454
-0.45 0.50721
-0.44 0.512888
-0.43 0.518485
-0.42 0.523999
-0.41 0.529426
-0.4 0.534764
-0.39 0.540008
-0.38 0.545157
-0.37 0.550208
-0.36 0.555157
-0.35 0.560002
-0.34 0.56474
-0.33 0.56937
-0.32 0.573887
-0.31 0.57829
-0.3 0.582577
-0.29 0.586745
-0.28 0.590792
-0.27 0.594716
-0.26 0.598514
-0.25 0.602186
-0.24 0.605728
-0.23 0.60914
-0.22 0.612419
-0.21 0.615564
-0.2 0.618572
-0.19 0.621444
-0.18 0.624177
-0.17 0.626769
-0.16 0.629221
-0.15 0.631529
-0.14 0.633694
-0.13 0.635714
-0.12 0.637588
-0.11 0.639316
-0.1 0.640896
-0.09 0.642328
-0.08 0.643611
-0.07 0.644745
-0.06 0.645728
-0.05 0.646561
-0.04 0.647243
-0.03 0.647774
-0.02 0.648154
-0.01 0.648381
0 0.648457
0.01 0.648381
0.02 0.648154
0.03 0.647774
0.04 0.647243
0.05 0.646561
0.06 0.645728
0.07 0.644745
0.08 0.643611
0.09 0.642328
0.1 0.640896
0.11 0.639316
0.12 0.637588
0.13 0.635714
0.14 0.633694
0.15 0.631529
0.16 0.629221
0.17 0.626769
0.18 0.624177
0.19 0.621444
0.2 0.618572
0.21 0.615564
0.22 0.612419
0.23 0.60914
0.24 0.605728
0.25 0.602186
0.26 0.598514
0.27 0.594716
0.28 0.590792
0.29 0.586745
0.3 0.582577
0.31 0.57829
0.32 0.573887
0.33 0.56937
0.34 0.56474
0.35 0.560002
0.36 0.555157
0.37 0.550208
0.38 0.545157
0.39 0.540008
0.4 0.534764
0.41 0.529426
0.42 0.523999
0.43 0.518485
0.44 0.512888
0.45 0.50721
0.46 0.501454
0.47 0.495625
0.48 0.489725
0.49 0.483758
0.5 0.477727
0.51 0.471635
0.52 0.465487
0.53 0.459285
0.54 0.453033
0.55 0.446735
0.56 0.440394
0.57 0.434014
0.58 0.427598
0.59 0.421151
0.6 0.414676
0.61 0.408176
0.62 0.401656
0.63 0.395119
0.64 0.388557
0.65 0.381951
0.66 0.375324
0.67 0.36895
0.68 0.363562
0.69 0.360053
0.7 0.358392
0.71 0.357019
0.72 0.354507
0.73 0.351658
0.74 0.349866
0.75 0.348203
0.76 0.345628
0.77 0.343529
0.78 0.342051
0.79 0.339774
0.8 0.337814
0.81 0.336436
0.82 0.334305
0.83 0.332756
0.84 0.331376
0.85 0.329473
0.86 0.328424
0.87 0.326856
0.88 0.325603
0.89 0.324626
0.9 0.323229
0.91 0.322622
0.92 0.32138
0.93 0.320897
0.94 0.319992
0.95 0.31955
0.96 0.319011
0.97 0.31864
0.98 0.318419
0.99 0.318183
