-1 1.47934e-05
-0.998 1.48645e-05
-0.996 1.50783e-05
-0.994 1.54366e-05
-0.992 1.59421e-05
-0.99 1.6599e-05
-0.988 1.74124e-05
-0.986 1.83887e-05
-0.984 1.95356e-05
-0.982 2.08622e-05
-0.98 2.23787e-05
-0.978 2.40971e-05
-0.976 2.60304e-05
-0.974 2.81937e-05
-0.972 3.06033e-05
-0.97 3.32777e-05
-0.968 3.62368e-05
-0.966 3.95029e-05
-0.964 4.31001e-05
-0.962 4.70548e-05
-0.96 5.1396e-05
-0.958 5.61551e-05
-0.956 6.1366e-05
-0.954 6.70659e-05
-0.952 7.32949e-05
-0.95 8.00965e-05
-0.948 8.75175e-05
-0.946 9.56087e-05
-0.944 0.000104425
-0.942 0.000114025
-0.94 0.000124474
-0.938 0.000135838
-0.936 0.000148193
-0.934 0.000161618
-0.932 0.000176199
-0.93 0.000192026
-0.928 0.000209199
-0.926 0.000227823
-0.924 0.000248012
-0.922 0.000269888
-0.92 0.000293581
-0.918 0.00031923
-0.916 0.000346985
-0.914 0.000377006
-0.912 0.000409463
-0.91 0.00044454
-0.908 0.000482431
-0.906 0.000523344
-0.904 0.000567502
-0.902 0.000615141
-0.9 0.000666514
-0.898 0.00072189
-0.896 0.000781555
-0.894 0.000845814
-0.892 0.000914992
-0.89 0.000989432
-0.888 0.0010695
-0.886 0.00115559
-0.884 0.00124811
-0.882 0.00134749
-0.88 0.00145421
-0.878 0.00156876
-0.876 0.00169165
-0.874 0.00182343
-0.872 0.0019647
-0.87 0.00211607
-0.868 0.00227819
-0.866 0.00245174
-0.864 0.00263746
-0.862 0.00283612
-0.86 0.00304852
-0.858 0.00327552
-0.856 0.00351802
-0.854 0.00377695
-0.852 0.00405332
-0.85 0.00434818
-0.848 0.00466261
-0.846 0.00499779
-0.844 0.00535492
-0.842 0.00573528
-0.84 0.00614019
-0.838 0.00657106
-0.836 0.00702936
-0.834 0.00751661
-0.832 0.00803442
-0.83 0.00858447
-0.828 0.00916851
-0.826 0.00978837
-0.824 0.010446
-0.822 0.0111433
-0.82 0.0118824
-0.818 0.0126654
-0.816 0.0134947
-0.814 0.0143725
-0.812 0.0153013
-0.81 0.0162835
-0.808 0.017322
-0.806 0.0184192
-0.804 0.0195782
-0.802 0.0208017
-0.8 0.0220929
-0.798 0.0234548
-0.796 0.0248907
-0.794 0.026404
-0.792 0.027998
-0.79 0.0296765
-0.788 0.0314429
-0.786 0.0333012
-0.784 0.0352552
-0.782 0.037309
-0.78 0.0394666
-0.778 0.0417322
-0.776 0.0441103
-0.774 0.0466053
-0.772 0.0492217
-0.77 0.0519641
-0.768 0.0548375
-0.766 0.0578466
-0.764 0.0609963
-0.762 0.0642919
-0.76 0.0677384
-0.758 0.0713412
-0.756 0.0751055
-0.754 0.0790368
-0.752 0.0831407
-0.75 0.0874226
-0.748 0.0918883
-0.746 0.0965435
-0.744 0.101394
-0.742 0.106446
-0.74 0.111704
-0.738 0.117176
-0.736 0.122866
-0.734 0.128781
-0.732 0.134927
-0.73 0.14131
-0.728 0.147935
-0.726 0.154809
-0.724 0.161938
-0.722 0.169327
-0.72 0.176983
-0.718 0.184911
-0.716 0.193117
-0.714 0.201606
-0.712 0.210384
-0.71 0.219456
-0.708 0.228829
-0.706 0.238506
-0.704 0.248493
-0.702 0.258794
-0.7 0.269415
-0.698 0.28036
-0.696 0.291632
-0.694 0.303237
-0.692 0.315177
-0.69 0.327456
-0.688 0.340078
-0.686 0.353044
-0.684 0.366359
-0.682 0.380024
-0.68 0.394041
-0.678 0.408411
-0.676 0.423136
-0.674 0.438217
-0.672 0.453654
-0.67 0.469446
-0.668 0.485595
-0.666 0.502097
-0.664 0.518953
-0.662 0.536161
-0.66 0.553717
-0.658 0.57162
-0.656 0.589865
-0.654 0.60845
-0.652 0.627369
-0.65 0.646617
-0.648 0.666189
-0.646 0.68608
-0.644 0.706282
-0.642 0.726787
-0.64 0.74759
-0.638 0.76868
-0.636 0.790048
-0.634 0.811686
-0.632 0.833584
-0.63 0.855729
-0.628 0.878112
-0.626 0.90072
-0.624 0.92354
-0.622 0.94656
-0.62 0.969765
-0.618 0.993143
-0.616 1.01668
-0.614 1.04035
-0.612 1.06415
-0.61 1.08806
-0.608 1.11207
-0.606 1.13614
-0.604 1.16028
-0.602 1.18445
-0.6 1.20864
-0.598 1.23284
-0.596 1.25701
-0.594 1.28115
-0.592 1.30523
-0.59 1.32923
-0.588 1.35313
-0.586 1.37691
-0.584 1.40054
-0.582 1.42401
-0.58 1.4473
-0.578 1.47038
-0.576 1.49323
-0.574 1.51582
-0.572 1.53815
-0.57 1.56018
-0.568 1.58189
-0.566 1.60326
-0.564 1.62427
-0.562 1.6449
-0.56 1.66512
-0.558 1.68492
-0.556 1.70427
-0.554 1.72316
-0.552 1.74156
-0.55 1.75945
-0.548 1.77681
-0.546 1.79363
-0.544 1.80988
-0.542 1.82555
-0.54 1.84061
-0.538 1.85506
-0.536 1.86888
-0.534 1.88204
-0.532 1.89455
-0.53 1.90637
-0.528 1.91749
-0.526 1.92791
-0.524 1.93762
-0.522 1.94659
-0.52 1.95482
-0.518 1.9623
-0.516 1.96903
-0.514 1.97498
-0.512 1.98016
-0.51 1.98456
-0.508 1.98818
-0.506 1.991
-0.504 1.99304
-0.502 1.99427
-0.5 1.99471
-0.498 1.99435
-0.496 1.99319
-0.494 1.99124
-0.492 1.9885
-0.49 1.98496
-0.488 1.98064
-0.486 1.97553
-0.484 1.96966
-0.482 1.96301
-0.48 1.9556
-0.478 1.94745
-0.476 1.93855
-0.474 1.92892
-0.472 1.91857
-0.47 1.90751
-0.468 1.89576
-0.466 1.88332
-0.464 1.87023
-0.462 1.85647
-0.46 1.84209
-0.458 1.82708
-0.456 1.81147
-0.454 1.79528
-0.452 1.77852
-0.45 1.76121
-0.448 1.74337
-0.446 1.72502
-0.444 1.70618
-0.442 1.68688
-0.44 1.66712
-0.438 1.64694
-0.436 1.62635
-0.434 1.60538
-0.432 1.58404
-0.43 1.56236
-0.428 1.54036
-0.426 1.51807
-0.424 1.4955
-0.422 1.47267
-0.42 1.44962
-0.418 1.42635
-0.416 1.4029
-0.414 1.37928
-0.412 1.35551
-0.41 1.33162
-0.408 1.30763
-0.406 1.28356
-0.404 1.25943
-0.402 1.23526
-0.4 1.21106
-0.398 1.18687
-0.396 1.16269
-0.394 1.13855
-0.392 1.11447
-0.39 1.09046
-0.388 1.06654
-0.386 1.04273
-0.384 1.01904
-0.382 0.995489
-0.38 0.972096
-0.378 0.948872
-0.376 0.925833
-0.374 0.902992
-0.372 0.880363
-0.37 0.857957
-0.368 0.835787
-0.366 0.813865
-0.364 0.7922
-0.362 0.770804
-0.36 0.749686
-0.358 0.728855
-0.356 0.708319
-0.354 0.688086
-0.352 0.668164
-0.35 0.64856
-0.348 0.629279
-0.346 0.610327
-0.344 0.591709
-0.342 0.573429
-0.34 0.555492
-0.338 0.537901
-0.336 0.520658
-0.334 0.503767
-0.332 0.487229
-0.33 0.471045
-0.328 0.455217
-0.326 0.439745
-0.324 0.424628
-0.322 0.409868
-0.32 0.395462
-0.318 0.38141
-0.316 0.36771
-0.314 0.35436
-0.312 0.341359
-0.31 0.328703
-0.308 0.31639
-0.306 0.304416
-0.304 0.292778
-0.302 0.281472
-0.3 0.270495
-0.298 0.259842
-0.296 0.249509
-0.294 0.239491
-0.292 0.229783
-0.29 0.22038
-0.288 0.211278
-0.286 0.202471
-0.284 0.193953
-0.282 0.185719
-0.28 0.177764
-0.278 0.170081
-0.276 0.162665
-0.274 0.155511
-0.272 0.148611
-0.27 0.141961
-0.268 0.135555
-0.266 0.129385
-0.264 0.123447
-0.262 0.117735
-0.26 0.112242
-0.258 0.106962
-0.256 0.10189
-0.254 0.0970197
-0.252 0.0923453
-0.25 0.0878609
-0.248 0.0835608
-0.246 0.0794394
-0.244 0.0754911
-0.242 0.0717103
-0.24 0.0680916
-0.238 0.0646297
-0.236 0.0613193
-0.234 0.0581551
-0.232 0.0551322
-0.23 0.0522455
-0.228 0.0494902
-0.226 0.0468614
-0.224 0.0443545
-0.222 0.0419649
-0.22 0.0396882
-0.218 0.03752
-0.216 0.0354561
-0.214 0.0334923
-0.212 0.0316246
-0.21 0.0298491
-0.208 0.028162
-0.206 0.0265597
-0.204 0.0250385
-0.202 0.023595
-0.2 0.0222258
-0.198 0.0209277
-0.196 0.0196975
-0.194 0.0185323
-0.192 0.017429
-0.19 0.0163848
-0.188 0.015397
-0.186 0.014463
-0.184 0.0135802
-0.182 0.0127462
-0.18 0.0119586
-0.178 0.0112152
-0.176 0.0105138
-0.174 0.00985238
-0.172 0.00922884
-0.17 0.0086413
-0.168 0.00808793
-0.166 0.00756697
-0.164 0.00707674
-0.162 0.00661562
-0.16 0.00618207
-0.158 0.00577462
-0.156 0.00539187
-0.154 0.00503248
-0.152 0.00469516
-0.15 0.0043787
-0.148 0.00408194
-0.146 0.00380377
-0.144 0.00354314
-0.142 0.00329904
-0.14 0.00307054
-0.138 0.00285672
-0.136 0.00265672
-0.134 0.00246974
-0.132 0.002295
-0.13 0.00213177
-0.128 0.00197936
-0.126 0.00183711
-0.124 0.0017044
-0.122 0.00158065
-0.12 0.00146529
-0.118 0.00135782
-0.116 0.00125772
-0.114 0.00116453
-0.112 0.00107782
-0.11 0.00099717
-0.108 0.000922184
-0.106 0.000852497
-0.104 0.000787761
-0.102 0.000727651
-0.1 0.000671859
-0.098 0.000620099
-0.096 0.000572098
-0.094 0.000527604
-0.092 0.000486377
-0.09 0.000448194
-0.088 0.000412845
-0.086 0.000380135
-0.084 0.000349879
-0.082 0.000321905
-0.08 0.000296053
-0.078 0.000272171
-0.076 0.00025012
-0.074 0.000229768
-0.072 0.000210993
-0.07 0.000193681
-0.068 0.000177724
-0.066 0.000163024
-0.064 0.000149489
-0.062 0.000137031
-0.06 0.000125572
-0.058 0.000115036
-0.056 0.000105355
-0.054 9.64638e-05
-0.052 8.83038e-05
-0.05 8.08195e-05
-0.048 7.39596e-05
-0.046 6.7677e-05
-0.044 6.19277e-05
-0.042 5.66715e-05
-0.04 5.18709e-05
-0.038 4.74917e-05
-0.036 4.35021e-05
-0.034 3.98731e-05
-0.032 3.65781e-05
-0.03 3.35926e-05
-0.028 3.08944e-05
-0.026 2.84632e-05
-0.024 2.62804e-05
-0.022 2.43296e-05
-0.02 2.25958e-05
-0.018 2.10655e-05
-0.016 1.97269e-05
-0.014 1.85695e-05
-0.012 1.75842e-05
-0.01 1.67634e-05
-0.008 1.61006e-05
-0.006 1.55904e-05
-0.004 1.52288e-05
-0.002 1.50131e-05
0 1.49413e-05
0.002 1.50131e-05
0.004 1.52288e-05
0.006 1.55904e-05
0.008 1.61006e-05
0.01 1.67634e-05
0.012 1.75842e-05
0.014 1.85695e-05
0.016 1.97269e-05
0.018 2.10655e-05
0.02 2.25958e-05
0.022 2.43296e-05
0.024 2.62804e-05
0.026 2.84632e-05
0.028 3.08944e-05
0.03 3.35926e-05
0.032 3.65781e-05
0.034 3.98731e-05
0.036 4.35021e-05
0.038 4.74917e-05
0.04 5.18709e-05
0.042 5.66715e-05
0.044 6.19277e-05
0.046 6.7677e-05
0.048 7.39596e-05
0.05 8.08195e-05
0.052 8.83038e-05
0.054 9.64638e-05
0.056 0.000105355
0.058 0.000115036
0.06 0.000125572
0.062 0.000137031
0.064 0.000149489
0.066 0.000163024
0.068 0.000177724
0.07 0.000193681
0.072 0.000210993
0.074 0.000229768
0.076 0.00025012
0.078 0.000272171
0.08 0.000296053
0.082 0.000321905
0.084 0.000349879
0.086 0.000380135
0.088 0.000412845
0.09 0.000448194
0.092 0.000486377
0.094 0.000527604
0.096 0.000572098
0.098 0.000620099
0.1 0.000671859
0.102 0.000727651
0.104 0.000787761
0.106 0.000852497
0.108 0.000922184
0.11 0.00099717
0.112 0.00107782
0.114 0.00116453
0.116 0.00125772
0.118 0.00135782
0.12 0.00146529
0.122 0.00158065
0.124 0.0017044
0.126 0.00183711
0.128 0.00197936
0.13 0.00213177
0.132 0.002295
0.134 0.00246974
0.136 0.00265672
0.138 0.00285672
0.14 0.00307054
0.142 0.00329904
0.144 0.00354314
0.146 0.00380377
0.148 0.00408194
0.15 0.0043787
0.152 0.00469516
0.154 0.00503248
0.156 0.00539187
0.158 0.00577462
0.16 0.00618207
0.162 0.00661562
0.164 0.00707674
0.166 0.00756697
0.168 0.00808793
0.17 0.0086413
0.172 0.00922884
0.174 0.00985238
0.176 0.0105138
0.178 0.0112152
0.18 0.0119586
0.182 0.0127462
0.184 0.0135802
0.186 0.014463
0.188 0.015397
0.19 0.0163848
0.192 0.017429
0.194 0.0185323
0.196 0.0196975
0.198 0.0209277
0.2 0.0222258
0.202 0.023595
0.204 0.0250385
0.206 0.0265597
0.208 0.028162
0.21 0.0298491
0.212 0.0316246
0.214 0.0334923
0.216 0.0354561
0.218 0.03752
0.22 0.0396882
0.222 0.0419649
0.224 0.0443545
0.226 0.0468614
0.228 0.0494902
0.23 0.0522455
0.232 0.0551322
0.234 0.0581551
0.236 0.0613193
0.238 0.0646297
0.24 0.0680916
0.242 0.0717103
0.244 0.0754911
0.246 0.0794394
0.248 0.0835608
0.25 0.0878609
0.252 0.0923453
0.254 0.0970197
0.256 0.10189
0.258 0.106962
0.26 0.112242
0.262 0.117735
0.264 0.123447
0.266 0.129385
0.268 0.135555
0.27 0.141961
0.272 0.148611
0.274 0.155511
0.276 0.162665
0.278 0.170081
0.28 0.177764
0.282 0.185719
0.284 0.193953
0.286 0.202471
0.288 0.211278
0.29 0.22038
0.292 0.229783
0.294 0.239491
0.296 0.249509
0.298 0.259842
0.3 0.270495
0.302 0.281472
0.304 0.292778
0.306 0.304416
0.308 0.31639
0.31 0.328703
0.312 0.341359
0.314 0.35436
0.316 0.36771
0.318 0.38141
0.32 0.395462
0.322 0.409868
0.324 0.424628
0.326 0.439745
0.328 0.455217
0.33 0.471045
0.332 0.487229
0.334 0.503767
0.336 0.520658
0.338 0.537901
0.34 0.555492
0.342 0.573429
0.344 0.591709
0.346 0.610327
0.348 0.629279
0.35 0.64856
0.352 0.668164
0.354 0.688086
0.356 0.708319
0.358 0.728855
0.36 0.749686
0.362 0.770804
0.364 0.7922
0.366 0.813865
0.368 0.835787
0.37 0.857957
0.372 0.880363
0.374 0.902992
0.376 0.925833
0.378 0.948872
0.38 0.972096
0.382 0.995489
0.384 1.01904
0.386 1.04273
0.388 1.06654
0.39 1.09046
0.392 1.11447
0.394 1.13855
0.396 1.16269
0.398 1.18687
0.4 1.21106
0.402 1.23526
0.404 1.25943
0.406 1.28356
0.408 1.30763
0.41 1.33162
0.412 1.35551
0.414 1.37928
0.416 1.4029
0.418 1.42635
0.42 1.44962
0.422 1.47267
0.424 1.4955
0.426 1.51807
0.428 1.54036
0.43 1.56236
0.432 1.58404
0.434 1.60538
0.436 1.62635
0.438 1.64694
0.44 1.66712
0.442 1.68688
0.444 1.70618
0.446 1.72502
0.448 1.74337
0.45 1.76121
0.452 1.77852
0.454 1.79528
0.456 1.81147
0.458 1.82708
0.46 1.84209
0.462 1.85647
0.464 1.87023
0.466 1.88332
0.468 1.89576
0.47 1.90751
0.472 1.91857
0.474 1.92892
0.476 1.93855
0.478 1.94745
0.48 1.9556
0.482 1.96301
0.484 1.96966
0.486 1.97553
0.488 1.98064
0.49 1.98496
0.492 1.9885
0.494 1.99124
0.496 1.99319
0.498 1.99435
0.5 1.99471
0.502 1.99427
0.504 1.99304
0.506 1.991
0.508 1.98818
0.51 1.98456
0.512 1.98016
0.514 1.97498
0.516 1.96903
0.518 1.9623
0.52 1.95482
0.522 1.94659
0.524 1.93762
0.526 1.92791
0.528 1.91749
0.53 1.90637
0.532 1.89455
0.534 1.88204
0.536 1.86888
0.538 1.85506
0.54 1.84061
0.542 1.82555
0.544 1.80988
0.546 1.79363
0.548 1.77681
0.55 1.75945
0.552 1.74156
0.554 1.72316
0.556 1.70427
0.558 1.68492
0.56 1.66512
0.562 1.6449
0.564 1.62427
0.566 1.60326
0.568 1.58189
0.57 1.56018
0.572 1.53815
0.574 1.51582
0.576 1.49323
0.578 1.47038
0.58 1.4473
0.582 1.42401
0.584 1.40054
0.586 1.37691
0.588 1.35313
0.59 1.32923
0.592 1.30523
0.594 1.28115
0.596 1.25701
0.598 1.23284
0.6 1.20864
0.602 1.18445
0.604 1.16028
0.606 1.13614
0.608 1.11207
0.61 1.08806
0.612 1.06415
0.614 1.04035
0.616 1.01668
0.618 0.993143
0.62 0.969765
0.622 0.94656
0.624 0.92354
0.626 0.90072
0.628 0.878112
0.63 0.855729
0.632 0.833584
0.634 0.811686
0.636 0.790048
0.638 0.76868
0.64 0.74759
0.642 0.726787
0.644 0.706282
0.646 0.68608
0.648 0.666189
0.65 0.646617
0.652 0.627369
0.654 0.60845
0.656 0.589865
0.658 0.57162
0.66 0.553717
0.662 0.536161
0.664 0.518953
0.666 0.502097
0.668 0.485595
0.67 0.469446
0.672 0.453654
0.674 0.438217
0.676 0.423136
0.678 0.408411
0.68 0.394041
0.682 0.380024
0.684 0.366359
0.686 0.353044
0.688 0.340078
0.69 0.327456
0.692 0.315177
0.694 0.303237
0.696 0.291632
0.698 0.28036
0.7 0.269415
0.702 0.258794
0.704 0.248493
0.706 0.238506
0.708 0.228829
0.71 0.219456
0.712 0.210384
0.714 0.201606
0.716 0.193117
0.718 0.184911
0.72 0.176983
0.722 0.169327
0.724 0.161938
0.726 0.154809
0.728 0.147935
0.73 0.14131
0.732 0.134927
0.734 0.128781
0.736 0.122866
0.738 0.117176
0.74 0.111704
0.742 0.106446
0.744 0.101394
0.746 0.0965435
0.748 0.0918883
0.75 0.0874226
0.752 0.0831407
0.754 0.0790368
0.756 0.0751055
0.758 0.0713412
0.76 0.0677384
0.762 0.0642919
0.764 0.0609963
0.766 0.0578466
0.768 0.0548375
0.77 0.0519641
0.772 0.0492217
0.774 0.0466053
0.776 0.0441103
0.778 0.0417322
0.78 0.0394666
0.782 0.037309
0.784 0.0352552
0.786 0.0333012
0.788 0.0314429
0.79 0.0296765
0.792 0.027998
0.794 0.026404
0.796 0.0248907
0.798 0.0234548
0.8 0.0220929
0.802 0.0208017
0.804 0.0195782
0.806 0.0184192
0.808 0.017322
0.81 0.0162835
0.812 0.0153013
0.814 0.0143725
0.816 0.0134947
0.818 0.0126654
0.82 0.0118824
0.822 0.0111433
0.824 0.010446
0.826 0.00978837
0.828 0.00916851
0.83 0.00858447
0.832 0.00803442
0.834 0.00751661
0.836 0.00702936
0.838 0.00657106
0.84 0.00614019
0.842 0.00573528
0.844 0.00535492
0.846 0.00499779
0.848 0.00466261
0.85 0.00434818
0.852 0.00405332
0.854 0.00377695
0.856 0.00351802
0.858 0.00327552
0.86 0.00304852
0.862 0.00283612
0.864 0.00263746
0.866 0.00245174
0.868 0.00227819
0.87 0.00211607
0.872 0.0019647
0.874 0.00182343
0.876 0.00169165
0.878 0.00156876
0.88 0.00145421
0.882 0.00134749
0.884 0.00124811
0.886 0.00115559
0.888 0.0010695
0.89 0.000989432
0.892 0.000914992
0.894 0.000845814
0.896 0.000781555
0.898 0.00072189
0.9 0.000666514
0.902 0.000615141
0.904 0.000567502
0.906 0.000523344
0.908 0.000482431
0.91 0.00044454
0.912 0.000409463
0.914 0.000377006
0.916 0.000346985
0.918 0.00031923
0.92 0.000293581
0.922 0.000269888
0.924 0.000248012
0.926 0.000227823
0.928 0.000209199
0.93 0.000192026
0.932 0.000176199
0.934 0.000161618
0.936 0.000148193
0.938 0.000135838
0.94 0.000124474
0.942 0.000114025
0.944 0.000104425
0.946 9.56087e-05
0.948 8.75175e-05
0.95 8.00965e-05
0.952 7.32949e-05
0.954 6.70659e-05
0.956 6.1366e-05
0.958 5.61551e-05
0.96 5.1396e-05
0.962 4.70548e-05
0.964 4.31001e-05
0.966 3.95029e-05
0.968 3.62368e-05
0.97 3.32777e-05
0.972 3.06033e-05
0.974 2.81937e-05
0.976 2.60304e-05
0.978 2.40971e-05
0.98 2.23787e-05
0.982 2.08622e-05
0.984 1.95356e-05
0.986 1.83887e-05
0.988 1.74124e-05
0.99 1.6599e-05
0.992 1.59421e-05
0.994 1.54366e-05
0.996 1.50783e-05
0.998 1.48645e-05
