-1 0.0171689
-0.998 0.0172029
-0.996 0.017305
-0.994 0.0174753
-0.992 0.0177143
-0.99 0.0180225
-0.988 0.0184007
-0.986 0.0188496
-0.984 0.0193703
-0.982 0.0199639
-0.98 0.0206317
-0.978 0.0213753
-0.976 0.0221962
-0.974 0.0230962
-0.972 0.0240772
-0.97 0.0251414
-0.968 0.0262909
-0.966 0.0275282
-0.964 0.0288557
-0.962 0.0302762
-0.96 0.0317925
-0.958 0.0334076
-0.956 0.0351247
-0.954 0.0369469
-0.952 0.0388777
-0.95 0.0409208
-0.948 0.0430797
-0.946 0.0453584
-0.944 0.0477609
-0.942 0.0502912
-0.94 0.0529536
-0.938 0.0557525
-0.936 0.0586924
-0.934 0.0617779
-0.932 0.0650138
-0.93 0.0684049
-0.928 0.0719563
-0.926 0.075673
-0.924 0.0795601
-0.922 0.083623
-0.92 0.0878671
-0.918 0.0922977
-0.916 0.0969205
-0.914 0.101741
-0.912 0.106765
-0.91 0.111998
-0.908 0.117445
-0.906 0.123114
-0.904 0.129009
-0.902 0.135136
-0.9 0.141502
-0.898 0.148111
-0.896 0.154971
-0.894 0.162086
-0.892 0.169463
-0.89 0.177107
-0.888 0.185025
-0.886 0.193221
-0.884 0.201701
-0.882 0.210471
-0.88 0.219536
-0.878 0.228901
-0.876 0.238572
-0.874 0.248553
-0.872 0.25885
-0.87 0.269466
-0.868 0.280406
-0.866 0.291674
-0.864 0.303275
-0.862 0.315212
-0.86 0.327488
-0.858 0.340107
-0.856 0.353071
-0.854 0.366383
-0.852 0.380046
-0.85 0.39406
-0.848 0.408429
-0.846 0.423152
-0.844 0.438232
-0.842 0.453667
-0.84 0.469458
-0.838 0.485606
-0.836 0.502107
-0.834 0.518962
-0.832 0.536169
-0.83 0.553725
-0.828 0.571626
-0.826 0.589871
-0.824 0.608455
-0.822 0.627373
-0.82 0.646621
-0.818 0.666194
-0.816 0.686084
-0.814 0.706285
-0.812 0.72679
-0.81 0.747592
-0.808 0.768682
-0.806 0.790051
-0.804 0.811688
-0.802 0.833585
-0.8 0.855731
-0.798 0.878113
-0.796 0.900721
-0.794 0.923541
-0.792 0.946561
-0.79 0.969766
-0.788 0.993143
-0.786 1.01668
-0.784 1.04035
-0.782 1.06415
-0.78 1.08806
-0.778 1.11207
-0.776 1.13614
-0.774 1.16028
-0.772 1.18445
-0.77 1.20864
-0.768 1.23284
-0.766 1.25701
-0.764 1.28115
-0.762 1.30523
-0.76 1.32923
-0.758 1.35313
-0.756 1.37691
-0.754 1.40054
-0.752 1.42401
-0.75 1.4473
-0.748 1.47038
-0.746 1.49323
-0.744 1.51582
-0.742 1.53815
-0.74 1.56018
-0.738 1.58189
-0.736 1.60326
-0.734 1.62427
-0.732 1.6449
-0.73 1.66512
-0.728 1.68492
-0.726 1.70427
-0.724 1.72316
-0.722 1.74156
-0.72 1.75945
-0.718 1.77681
-0.716 1.79363
-0.714 1.80988
-0.712 1.82555
-0.71 1.84061
-0.708 1.85506
-0.706 1.86888
-0.704 1.88204
-0.702 1.89455
-0.7 1.90637
-0.698 1.91749
-0.696 1.92791
-0.694 1.93762
-0.692 1.94659
-0.69 1.95482
-0.688 1.9623
-0.686 1.96903
-0.684 1.97498
-0.682 1.98016
-0.68 1.98456
-0.678 1.98818
-0.676 1.991
-0.674 1.99304
-0.672 1.99427
-0.67 1.99471
-0.668 1.99435
-0.666 1.99319
-0.664 1.99124
-0.662 1.9885
-0.66 1.98496
-0.658 1.98064
-0.656 1.97553
-0.654 1.96966
-0.652 1.96301
-0.65 1.9556
-0.648 1.94745
-0.646 1.93855
-0.644 1.92892
-0.642 1.91857
-0.64 1.90751
-0.638 1.89576
-0.636 1.88332
-0.634 1.87023
-0.632 1.85647
-0.63 1.84209
-0.628 1.82708
-0.626 1.81147
-0.624 1.79528
-0.622 1.77852
-0.62 1.76121
-0.618 1.74337
-0.616 1.72502
-0.614 1.70618
-0.612 1.68688
-0.61 1.66712
-0.608 1.64694
-0.606 1.62635
-0.604 1.60538
-0.602 1.58404
-0.6 1.56236
-0.598 1.54036
-0.596 1.51807
-0.594 1.4955
-0.592 1.47267
-0.59 1.44962
-0.588 1.42635
-0.586 1.4029
-0.584 1.37928
-0.582 1.35551
-0.58 1.33162
-0.578 1.30763
-0.576 1.28356
-0.574 1.25943
-0.572 1.23526
-0.57 1.21106
-0.568 1.18687
-0.566 1.16269
-0.564 1.13855
-0.562 1.11447
-0.56 1.09046
-0.558 1.06654
-0.556 1.04273
-0.554 1.01904
-0.552 0.995489
-0.55 0.972096
-0.548 0.948872
-0.546 0.925833
-0.544 0.902992
-0.542 0.880363
-0.54 0.857957
-0.538 0.835787
-0.536 0.813865
-0.534 0.7922
-0.532 0.770804
-0.53 0.749686
-0.528 0.728855
-0.526 0.708319
-0.524 0.688086
-0.522 0.668164
-0.52 0.64856
-0.518 0.629279
-0.516 0.610327
-0.514 0.591709
-0.512 0.573429
-0.51 0.555492
-0.508 0.537901
-0.506 0.520658
-0.504 0.503767
-0.502 0.487229
-0.5 0.471045
-0.498 0.455217
-0.496 0.439745
-0.494 0.424628
-0.492 0.409868
-0.49 0.395462
-0.488 0.38141
-0.486 0.36771
-0.484 0.35436
-0.482 0.341359
-0.48 0.328703
-0.478 0.31639
-0.476 0.304416
-0.474 0.292778
-0.472 0.281472
-0.47 0.270495
-0.468 0.259842
-0.466 0.249509
-0.464 0.239491
-0.462 0.229783
-0.46 0.22038
-0.458 0.211278
-0.456 0.202471
-0.454 0.193953
-0.452 0.185719
-0.45 0.177764
-0.448 0.170081
-0.446 0.162665
-0.444 0.155511
-0.442 0.148611
-0.44 0.141961
-0.438 0.135555
-0.436 0.129385
-0.434 0.123447
-0.432 0.117735
-0.43 0.112242
-0.428 0.106962
-0.426 0.10189
-0.424 0.0970197
-0.422 0.0923453
-0.42 0.0878609
-0.418 0.0835608
-0.416 0.0794394
-0.414 0.0754911
-0.412 0.0717103
-0.41 0.0680916
-0.408 0.0646297
-0.406 0.0613193
-0.404 0.0581551
-0.402 0.0551322
-0.4 0.0522455
-0.398 0.0494902
-0.396 0.0468614
-0.394 0.0443545
-0.392 0.0419649
-0.39 0.0396882
-0.388 0.03752
-0.386 0.0354561
-0.384 0.0334923
-0.382 0.0316246
-0.38 0.0298491
-0.378 0.028162
-0.376 0.0265597
-0.374 0.0250385
-0.372 0.023595
-0.37 0.0222258
-0.368 0.0209277
-0.366 0.0196975
-0.364 0.0185323
-0.362 0.017429
-0.36 0.0163848
-0.358 0.015397
-0.356 0.014463
-0.354 0.0135802
-0.352 0.0127462
-0.35 0.0119586
-0.348 0.0112152
-0.346 0.0105138
-0.344 0.00985238
-0.342 0.00922884
-0.34 0.0086413
-0.338 0.00808793
-0.336 0.00756697
-0.334 0.00707674
-0.332 0.00661562
-0.33 0.00618207
-0.328 0.00577462
-0.326 0.00539187
-0.324 0.00503248
-0.322 0.00469516
-0.32 0.0043787
-0.318 0.00408194
-0.316 0.00380377
-0.314 0.00354314
-0.312 0.00329904
-0.31 0.00307054
-0.308 0.00285671
-0.306 0.00265672
-0.304 0.00246974
-0.302 0.002295
-0.3 0.00213177
-0.298 0.00197936
-0.296 0.00183711
-0.294 0.0017044
-0.292 0.00158064
-0.29 0.00146529
-0.288 0.00135781
-0.286 0.00125771
-0.284 0.00116452
-0.282 0.00107781
-0.28 0.000997154
-0.278 0.000922166
-0.276 0.000852476
-0.274 0.000787737
-0.272 0.000727624
-0.27 0.000671829
-0.268 0.000620065
-0.266 0.00057206
-0.264 0.000527561
-0.262 0.000486328
-0.26 0.000448139
-0.258 0.000412783
-0.256 0.000380065
-0.254 0.0003498
-0.252 0.000321817
-0.25 0.000295953
-0.248 0.00027206
-0.246 0.000249995
-0.244 0.000229628
-0.242 0.000210836
-0.24 0.000193504
-0.238 0.000177527
-0.236 0.000162803
-0.234 0.000149241
-0.232 0.000136753
-0.23 0.000125261
-0.228 0.000114688
-0.226 0.000104966
-0.224 9.60298e-05
-0.222 8.7819e-05
-0.22 8.02782e-05
-0.218 7.33555e-05
-0.216 6.7003e-05
-0.214 6.11761e-05
-0.212 5.58336e-05
-0.21 5.09373e-05
-0.208 4.64518e-05
-0.206 4.23444e-05
-0.204 3.85847e-05
-0.202 3.51447e-05
-0.2 3.19987e-05
-0.198 2.91226e-05
-0.196 2.64944e-05
-0.194 2.40937e-05
-0.192 2.19019e-05
-0.19 1.99014e-05
-0.188 1.80765e-05
-0.186 1.64123e-05
-0.184 1.48954e-05
-0.182 1.35132e-05
-0.18 1.22544e-05
-0.178 1.11085e-05
-0.176 1.00656e-05
-0.174 9.11706e-06
-0.172 8.25457e-06
-0.17 7.47068e-06
-0.168 6.75853e-06
-0.166 6.11182e-06
-0.164 5.52479e-06
-0.162 4.99214e-06
-0.16 4.50904e-06
-0.158 4.07106e-06
-0.156 3.67415e-06
-0.154 3.31462e-06
-0.152 2.98907e-06
-0.15 2.69441e-06
-0.148 2.42783e-06
-0.146 2.18676e-06
-0.144 1.96883e-06
-0.142 1.77191e-06
-0.14 1.59405e-06
-0.138 1.43347e-06
-0.136 1.28855e-06
-0.134 1.15781e-06
-0.132 1.03993e-06
-0.13 9.33675e-07
-0.128 8.37941e-07
-0.126 7.51722e-07
-0.124 6.74105e-07
-0.122 6.0426e-07
-0.12 5.41436e-07
-0.118 4.84949e-07
-0.116 4.34181e-07
-0.114 3.88573e-07
-0.112 3.47617e-07
-0.11 3.10853e-07
-0.108 2.77866e-07
-0.106 2.4828e-07
-0.104 2.21756e-07
-0.102 1.97986e-07
-0.1 1.76693e-07
-0.098 1.57628e-07
-0.096 1.40563e-07
-0.094 1.25295e-07
-0.092 1.11642e-07
-0.09 9.94361e-08
-0.088 8.85295e-08
-0.086 7.87877e-08
-0.084 7.00899e-08
-0.082 6.23274e-08
-0.08 5.54025e-08
-0.078 4.92274e-08
-0.076 4.37232e-08
-0.074 3.8819e-08
-0.072 3.44512e-08
-0.07 3.05627e-08
-0.068 2.71025e-08
-0.066 2.40246e-08
-0.064 2.1288e-08
-0.062 1.88558e-08
-0.06 1.66951e-08
-0.058 1.47764e-08
-0.056 1.30734e-08
-0.054 1.15625e-08
-0.052 1.02227e-08
-0.05 9.03508e-09
-0.048 7.98298e-09
-0.046 7.05139e-09
-0.044 6.22696e-09
-0.042 5.49781e-09
-0.04 4.85335e-09
-0.038 4.28416e-09
-0.036 3.78188e-09
-0.034 3.33905e-09
-0.032 2.94909e-09
-0.03 2.60615e-09
-0.028 2.30504e-09
-0.026 2.04121e-09
-0.024 1.81062e-09
-0.022 1.60974e-09
-0.02 1.43547e-09
-0.018 1.28512e-09
-0.016 1.15631e-09
-0.014 1.04706e-09
-0.012 9.55643e-10
-0.01 8.80612e-10
-0.008 8.20786e-10
-0.006 7.75212e-10
-0.004 7.43168e-10
-0.002 7.24143e-10
0 7.17838e-10
0.002 7.24143e-10
0.004 7.43169e-10
0.006 7.75213e-10
0.008 8.20786e-10
0.01 8.80613e-10
0.012 9.55645e-10
0.014 1.04706e-09
0.016 1.15632e-09
0.018 1.28511e-09
0.02 1.43548e-09
0.022 1.60974e-09
0.024 1.81062e-09
0.026 2.04121e-09
0.028 2.30504e-09
0.03 2.60614e-09
0.032 2.94909e-09
0.034 3.33905e-09
0.036 3.78188e-09
0.038 4.28416e-09
0.04 4.85335e-09
0.042 5.49781e-09
0.044 6.22696e-09
0.046 7.05138e-09
0.048 7.98298e-09
0.05 9.03508e-09
0.052 1.02227e-08
0.054 1.15625e-08
0.056 1.30734e-08
0.058 1.47764e-08
0.06 1.66951e-08
0.062 1.88558e-08
0.064 2.1288e-08
0.066 2.40246e-08
0.068 2.71025e-08
0.07 3.05627e-08
0.072 3.44512e-08
0.074 3.8819e-08
0.076 4.37232e-08
0.078 4.92274e-08
0.08 5.54025e-08
0.082 6.23274e-08
0.084 7.00899e-08
0.086 7.87877e-08
0.088 8.85295e-08
0.09 9.94361e-08
0.092 1.11642e-07
0.094 1.25295e-07
0.096 1.40563e-07
0.098 1.57628e-07
0.1 1.76693e-07
0.102 1.97986e-07
0.104 2.21756e-07
0.106 2.4828e-07
0.108 2.77866e-07
0.11 3.10853e-07
0.112 3.47617e-07
0.114 3.88573e-07
0.116 4.34181e-07
0.118 4.84949e-07
0.12 5.41436e-07
0.122 6.0426e-07
0.124 6.74105e-07
0.126 7.51722e-07
0.128 8.37941e-07
0.13 9.33675e-07
0.132 1.03993e-06
0.134 1.15781e-06
0.136 1.28855e-06
0.138 1.43347e-06
0.14 1.59405e-06
0.142 1.77191e-06
0.144 1.96883e-06
0.146 2.18676e-06
0.148 2.42783e-06
0.15 2.69441e-06
0.152 2.98907e-06
0.154 3.31462e-06
0.156 3.67415e-06
0.158 4.07106e-06
0.16 4.50904e-06
0.162 4.99214e-06
0.164 5.52479e-06
0.166 6.11182e-06
0.168 6.75853e-06
0.17 7.47068e-06
0.172 8.25457e-06
0.174 9.11706e-06
0.176 1.00656e-05
0.178 1.11085e-05
0.18 1.22544e-05
0.182 1.35132e-05
0.184 1.48954e-05
0.186 1.64123e-05
0.188 1.80765e-05
0.19 1.99014e-05
0.192 2.19019e-05
0.194 2.40937e-05
0.196 2.64944e-05
0.198 2.91226e-05
0.2 3.19987e-05
0.202 3.51447e-05
0.204 3.85847e-05
0.206 4.23444e-05
0.208 4.64518e-05
0.21 5.09373e-05
0.212 5.58336e-05
0.214 6.11761e-05
0.216 6.7003e-05
0.218 7.33555e-05
0.22 8.02782e-05
0.222 8.7819e-05
0.224 9.60298e-05
0.226 0.000104966
0.228 0.000114688
0.23 0.000125261
0.232 0.000136753
0.234 0.000149241
0.236 0.000162803
0.238 0.000177527
0.24 0.000193504
0.242 0.000210836
0.244 0.000229628
0.246 0.000249995
0.248 0.00027206
0.25 0.000295953
0.252 0.000321817
0.254 0.0003498
0.256 0.000380065
0.258 0.000412783
0.26 0.000448139
0.262 0.000486328
0.264 0.000527561
0.266 0.00057206
0.268 0.000620065
0.27 0.000671829
0.272 0.000727624
0.274 0.000787737
0.276 0.000852476
0.278 0.000922166
0.28 0.000997154
0.282 0.00107781
0.284 0.00116452
0.286 0.00125771
0.288 0.00135781
0.29 0.00146529
0.292 0.00158064
0.294 0.0017044
0.296 0.00183711
0.298 0.00197936
0.3 0.00213177
0.302 0.002295
0.304 0.00246974
0.306 0.00265672
0.308 0.00285671
0.31 0.00307054
0.312 0.00329904
0.314 0.00354314
0.316 0.00380377
0.318 0.00408194
0.32 0.0043787
0.322 0.00469516
0.324 0.00503248
0.326 0.00539187
0.328 0.00577462
0.33 0.00618207
0.332 0.00661562
0.334 0.00707674
0.336 0.00756697
0.338 0.00808793
0.34 0.0086413
0.342 0.00922884
0.344 0.00985238
0.346 0.0105138
0.348 0.0112152
0.35 0.0119586
0.352 0.0127462
0.354 0.0135802
0.356 0.014463
0.358 0.015397
0.36 0.0163848
0.362 0.017429
0.364 0.0185323
0.366 0.0196975
0.368 0.0209277
0.37 0.0222258
0.372 0.023595
0.374 0.0250385
0.376 0.0265597
0.378 0.028162
0.38 0.0298491
0.382 0.0316246
0.384 0.0334923
0.386 0.0354561
0.388 0.03752
0.39 0.0396882
0.392 0.0419649
0.394 0.0443545
0.396 0.0468614
0.398 0.0494902
0.4 0.0522455
0.402 0.0551322
0.404 0.0581551
0.406 0.0613193
0.408 0.0646297
0.41 0.0680916
0.412 0.0717103
0.414 0.0754911
0.416 0.0794394
0.418 0.0835608
0.42 0.0878609
0.422 0.0923453
0.424 0.0970197
0.426 0.10189
0.428 0.106962
0.43 0.112242
0.432 0.117735
0.434 0.123447
0.436 0.129385
0.438 0.135555
0.44 0.141961
0.442 0.148611
0.444 0.155511
0.446 0.162665
0.448 0.170081
0.45 0.177764
0.452 0.185719
0.454 0.193953
0.456 0.202471
0.458 0.211278
0.46 0.22038
0.462 0.229783
0.464 0.239491
0.466 0.249509
0.468 0.259842
0.47 0.270495
0.472 0.281472
0.474 0.292778
0.476 0.304416
0.478 0.31639
0.48 0.328703
0.482 0.341359
0.484 0.35436
0.486 0.36771
0.488 0.38141
0.49 0.395462
0.492 0.409868
0.494 0.424628
0.496 0.439745
0.498 0.455217
0.5 0.471045
0.502 0.487229
0.504 0.503767
0.506 0.520658
0.508 0.537901
0.51 0.555492
0.512 0.573429
0.514 0.591709
0.516 0.610327
0.518 0.629279
0.52 0.64856
0.522 0.668164
0.524 0.688086
0.526 0.708319
0.528 0.728855
0.53 0.749686
0.532 0.770804
0.534 0.7922
0.536 0.813865
0.538 0.835787
0.54 0.857957
0.542 0.880363
0.544 0.902992
0.546 0.925833
0.548 0.948872
0.55 0.972096
0.552 0.995489
0.554 1.01904
0.556 1.04273
0.558 1.06654
0.56 1.09046
0.562 1.11447
0.564 1.13855
0.566 1.16269
0.568 1.18687
0.57 1.21106
0.572 1.23526
0.574 1.25943
0.576 1.28356
0.578 1.30763
0.58 1.33162
0.582 1.35551
0.584 1.37928
0.586 1.4029
0.588 1.42635
0.59 1.44962
0.592 1.47267
0.594 1.4955
0.596 1.51807
0.598 1.54036
0.6 1.56236
0.602 1.58404
0.604 1.60538
0.606 1.62635
0.608 1.64694
0.61 1.66712
0.612 1.68688
0.614 1.70618
0.616 1.72502
0.618 1.74337
0.62 1.76121
0.622 1.77852
0.624 1.79528
0.626 1.81147
0.628 1.82708
0.63 1.84209
0.632 1.85647
0.634 1.87023
0.636 1.88332
0.638 1.89576
0.64 1.90751
0.642 1.91857
0.644 1.92892
0.646 1.93855
0.648 1.94745
0.65 1.9556
0.652 1.96301
0.654 1.96966
0.656 1.97553
0.658 1.98064
0.66 1.98496
0.662 1.9885
0.664 1.99124
0.666 1.99319
0.668 1.99435
0.67 1.99471
0.672 1.99427
0.674 1.99304
0.676 1.991
0.678 1.98818
0.68 1.98456
0.682 1.98016
0.684 1.97498
0.686 1.96903
0.688 1.9623
0.69 1.95482
0.692 1.94659
0.694 1.93762
0.696 1.92791
0.698 1.91749
0.7 1.90637
0.702 1.89455
0.704 1.88204
0.706 1.86888
0.708 1.85506
0.71 1.84061
0.712 1.82555
0.714 1.80988
0.716 1.79363
0.718 1.77681
0.72 1.75945
0.722 1.74156
0.724 1.72316
0.726 1.70427
0.728 1.68492
0.73 1.66512
0.732 1.6449
0.734 1.62427
0.736 1.60326
0.738 1.58189
0.74 1.56018
0.742 1.53815
0.744 1.51582
0.746 1.49323
0.748 1.47038
0.75 1.4473
0.752 1.42401
0.754 1.40054
0.756 1.37691
0.758 1.35313
0.76 1.32923
0.762 1.30523
0.764 1.28115
0.766 1.25701
0.768 1.23284
0.77 1.20864
0.772 1.18445
0.774 1.16028
0.776 1.13614
0.778 1.11207
0.78 1.08806
0.782 1.06415
0.784 1.04035
0.786 1.01668
0.788 0.993143
0.79 0.969766
0.792 0.946561
0.794 0.923541
0.796 0.900721
0.798 0.878113
0.8 0.855731
0.802 0.833585
0.804 0.811688
0.806 0.790051
0.808 0.768682
0.81 0.747592
0.812 0.72679
0.814 0.706285
0.816 0.686084
0.818 0.666194
0.82 0.646621
0.822 0.627373
0.824 0.608455
0.826 0.589871
0.828 0.571626
0.83 0.553725
0.832 0.536169
0.834 0.518962
0.836 0.502107
0.838 0.485606
0.84 0.469458
0.842 0.453667
0.844 0.438232
0.846 0.423152
0.848 0.408429
0.85 0.39406
0.852 0.380046
0.854 0.366383
0.856 0.353071
0.858 0.340107
0.86 0.327488
0.862 0.315212
0.864 0.303275
0.866 0.291674
0.868 0.280406
0.87 0.269466
0.872 0.25885
0.874 0.248553
0.876 0.238572
0.878 0.228901
0.88 0.219536
0.882 0.210471
0.884 0.201701
0.886 0.193221
0.888 0.185025
0.89 0.177107
0.892 0.169463
0.894 0.162086
0.896 0.154971
0.898 0.148111
0.9 0.141502
0.902 0.135136
0.904 0.129009
0.906 0.123114
0.908 0.117445
0.91 0.111998
0.912 0.106765
0.914 0.101741
0.916 0.0969205
0.918 0.0922977
0.92 0.0878671
0.922 0.083623
0.924 0.0795601
0.926 0.075673
0.928 0.0719563
0.93 0.0684049
0.932 0.0650138
0.934 0.0617779
0.936 0.0586924
0.938 0.0557525
0.94 0.0529536
0.942 0.0502912
0.944 0.0477609
0.946 0.0453584
0.948 0.0430797
0.95 0.0409208
0.952 0.0388777
0.954 0.0369469
0.956 0.0351247
0.958 0.0334076
0.96 0.0317925
0.962 0.0302762
0.964 0.0288557
0.966 0.0275282
0.968 0.0262909
0.97 0.0251414
0.972 0.0240772
0.974 0.0230962
0.976 0.0221962
0.978 0.0213753
0.98 0.0206317
0.982 0.0199639
0.984 0.0193703
0.986 0.0188496
0.988 0.0184007
0.99 0.0180225
0.992 0.0177143
0.994 0.0174753
0.996 0.017305
0.998 0.0172029
