-1 0.797166
-0.99 0.797168
-0.98 0.796528
-0.97 0.795899
-0.96 0.794616
-0.95 0.793367
-0.94 0.791442
-0.93 0.789582
-0.92 0.787022
-0.91 0.784558
-0.9 0.781382
-0.89 0.778316
-0.88 0.774552
-0.87 0.770881
-0.86 0.766569
-0.85 0.762283
-0.84 0.757474
-0.83 0.752562
-0.82 0.747307
-0.81 0.741766
-0.8 0.736105
-0.79 0.729961
-0.78 0.723902
-0.77 0.717221
-0.76 0.710731
-0.75 0.703622
-0.74 0.696637
-0.73 0.689225
-0.72 0.681694
-0.71 0.674066
-0.7 0.666012
-0.69 0.658155
-0.68 0.649713
-0.67 0.641513
-0.66 0.632886
-0.65 0.624224
-0.64 0.615546
-0.63 0.606447
-0.62 0.597655
-0.61 0.588348
-0.6 0.579233
-0.59 0.569975
-0.58 0.56045
-0.57 0.551242
-0.56 0.541542
-0.55 0.532108
-0.54 0.522571
-0.53 0.512776
-0.52 0.503376
-0.51 0.493543
-0.5 0.483908
-0.49 0.474391
-0.48 0.464494
-0.47 0.455055
-0.46 0.445402
-0.45 0.435654
-0.44 0.426356
-0.43 0.416669
-0.42 0.407179
-0.41 0.397997
-0.4 0.388406
-0.39 0.379207
-0.38 0.370174
-0.37 0.360778
-0.36 0.351877
-0.35 0.343064
-0.34 0.333924
-0.33 0.325323
-0.32 0.316815
-0.31 0.307971
-0.3 0.299659
-0.29 0.291544
-0.28 0.283043
-0.27 0.274985
-0.26 0.267324
-0.25 0.25926
-0.24 0.251401
-0.23 0.244173
-0.22 0.236711
-0.21 0.22906
-0.2 0.22208
-0.19 0.21535
-0.18 0.208163
-0.17 0.201181
-0.16 0.194946
-0.15 0.188676
-0.14 0.181932
-0.13 0.175542
-0.12 0.169949
-0.11 0.164347
-0.1 0.158161
-0.09 0.152074
-0.08 0.14689
-0.07 0.142262
-0.06 0.137185
-0.05 0.131371
-0.04 0.125644
-0.03 0.121122
-0.02 0.118315
-0.01 0.116984
0 0.116621
0.01 0.116984
0.02 0.118315
0.03 0.121122
0.04 0.125644
0.05 0.131371
0.06 0.137185
0.07 0.142262
0.08 0.14689
0.09 0.152074
0.1 0.158161
0.11 0.164347
0.12 0.169949
0.13 0.175542
0.14 0.181932
0.15 0.188676
0.16 0.194946
0.17 0.201181
0.18 0.208163
0.19 0.21535
0.2 0.22208
0.21 0.22906
0.22 0.236711
0.23 0.244173
0.24 0.251401
0.25 0.25926
0.26 0.267324
0.27 0.274985
0.28 0.283043
0.29 0.291544
0.3 0.299659
0.31 0.307971
0.32 0.316815
0.33 0.325323
0.34 0.333924
0.35 0.343064
0.36 0.351877
0.37 0.360778
0.38 0.370174
0.39 0.379207
0.4 0.388406
0.41 0.397997
0.42 0.407179
0.43 0.416669
0.44 0.426356
0.45 0.435654
0.46 0.445402
0.47 0.455055
0.48 0.464494
0.49 0.474391
0.5 0.483908
0.51 0.493543
0.52 0.503376
0.53 0.512776
0.54 0.522571
0.55 0.532108
0.56 0.541542
0.57 0.551242
0.58 0.56045
0.59 0.569975
0.6 0.579233
0.61 0.588348
0.62 0.597655
0.63 0.606447
0.64 0.615546
0.65 0.624224
0.66 0.632886
0.67 0.641513
0.68 0.649713
0.69 0.658155
0.7 0.666012
0.71 0.674066
0.72 0.681694
0.73 0.689225
0.74 0.696637
0.75 0.703622
0.76 0.710731
0.77 0.717221
0.78 0.723902
0.79 0.729961
0.8 0.736105
0.81 0.741766
0.82 0.747307
0.83 0.752562
0.84 0.757474
0.85 0.762283
0.86 0.766569
0.87 0.770881
0.88 0.774552
0.89 0.778316
0.9 0.781382
0.91 0.784558
0.92 0.787022
0.93 0.789582
0.94 0.791442
0.95 0.793367
0.96 0.794616
0.97 0.795899
0.98 0.796528
0.99 0.797168
