-1 0.636642
-0.99 0.636526
-0.98 0.636368
-0.97 0.635957
-0.96 0.635545
-0.95 0.634822
-0.94 0.634174
-0.93 0.633123
-0.92 0.632254
-0.91 0.630869
-0.9 0.629777
-0.89 0.628075
-0.88 0.626735
-0.87 0.62476
-0.86 0.623116
-0.85 0.620943
-0.84 0.618919
-0.83 0.616628
-0.82 0.614163
-0.81 0.61179
-0.8 0.608905
-0.79 0.606379
-0.78 0.603215
-0.77 0.600354
-0.76 0.597118
-0.75 0.593758
-0.74 0.590538
-0.73 0.586734
-0.72 0.583337
-0.71 0.579409
-0.7 0.575509
-0.69 0.571688
-0.68 0.56729
-0.67 0.563316
-0.66 0.558886
-0.65 0.554322
-0.64 0.550056
-0.63 0.545133
-0.62 0.540474
-0.61 0.535795
-0.6 0.530538
-0.59 0.525731
-0.58 0.520661
-0.57 0.515146
-0.56 0.510138
-0.55 0.504768
-0.54 0.498997
-0.53 0.493763
-0.52 0.488214
-0.51 0.482167
-0.5 0.476656
-0.49 0.471073
-0.48 0.464801
-0.47 0.45887
-0.46 0.453327
-0.45 0.447106
-0.44 0.44061
-0.43 0.434802
-0.42 0.429045
-0.41 0.422455
-0.4 0.415732
-0.39 0.409832
-0.38 0.40422
-0.37 0.397759
-0.36 0.390495
-0.35 0.383678
-0.34 0.37841
-0.33 0.374813
-0.32 0.372297
-0.31 0.370219
-0.3 0.368223
-0.29 0.366207
-0.28 0.364178
-0.27 0.36216
-0.26 0.360166
-0.25 0.358204
-0.24 0.356276
-0.23 0.354388
-0.22 0.352544
-0.21 0.350748
-0.2 0.349004
-0.19 0.347317
-0.18 0.345692
-0.17 0.34413
-0.16 0.342638
-0.15 0.341217
-0.14 0.339872
-0.13 0.338605
-0.12 0.337419
-0.11 0.336318
-0.1 0.335304
-0.09 0.334379
-0.08 0.333545
-0.07 0.332805
-0.06 0.33216
-0.05 0.331611
-0.04 0.331161
-0.03 0.33081
-0.02 0.330558
-0.01 0.330407
0 0.330356
0.01 0.330407
0.02 0.330558
0.03 0.33081
0.04 0.331161
0.05 0.331611
0.06 0.33216
0.07 0.332805
0.08 0.333545
0.09 0.334379
0.1 0.335304
0.11 0.336318
0.12 0.337419
0.13 0.338605
0.14 0.339872
0.15 0.341217
0.16 0.342638
0.17 0.34413
0.18 0.345692
0.19 0.347317
0.2 0.349004
0.21 0.350748
0.22 0.352544
0.23 0.354388
0.24 0.356276
0.25 0.358204
0.26 0.360166
0.27 0.36216
0.28 0.364178
0.29 0.366207
0.3 0.368223
0.31 0.370219
0.32 0.372297
0.33 0.374813
0.34 0.37841
0.35 0.383678
0.36 0.390495
0.37 0.397759
0.38 0.40422
0.39 0.409832
0.4 0.415732
0.41 0.422455
0.42 0.429045
0.43 0.434802
0.44 0.44061
0.45 0.447106
0.46 0.453327
0.47 0.45887
0.48 0.464801
0.49 0.471073
0.5 0.476656
0.51 0.482167
0.52 0.488214
0.53 0.493763
0.54 0.498997
0.55 0.504768
0.56 0.510138
0.57 0.515146
0.58 0.520661
0.59 0.525731
0.6 0.530538
0.61 0.535795
0.62 0.540474
0.63 0.545133
0.64 0.550056
0.65 0.554322
0.66 0.558886
0.67 0.563316
0.68 0.56729
0.69 0.571688
0.7 0.575509
0.71 0.579409
0.72 0.583337
0.73 0.586734
0.74 0.590538
0.75 0.593758
0.76 0.597118
0.77 0.600354
0.78 0.603215
0.79 0.606379
0.8 0.608905
0.81 0.61179
0.82 0.614163
0.83 0.616628
0.84 0.618919
0.85 0.620943
0.86 0.623116
0.87 0.62476
0.88 0.626735
0.89 0.628075
0.9 0.629777
0.91 0.630869
0.92 0.632254
0.93 0.633123
0.94 0.634174
0.95 0.634822
0.96 0.635545
0.97 0.635957
0.98 0.636368
0.99 0.636526
