-1 0.463773
-0.99 0.46349
-0.98 0.463806
-0.97 0.463552
-0.96 0.4639
-0.95 0.463678
-0.94 0.464042
-0.93 0.463875
-0.92 0.464212
-0.91 0.464149
-0.9 0.464389
-0.89 0.464494
-0.88 0.464566
-0.87 0.464876
-0.86 0.464771
-0.85 0.465219
-0.84 0.465059
-0.83 0.465434
-0.82 0.465456
-0.81 0.465516
-0.8 0.465847
-0.79 0.465618
-0.78 0.465995
-0.77 0.465892
-0.76 0.465846
-0.75 0.466131
-0.74 0.465753
-0.73 0.465895
-0.72 0.465883
-0.71 0.465407
-0.7 0.465567
-0.69 0.465282
-0.68 0.464701
-0.67 0.464764
-0.66 0.464309
-0.65 0.463502
-0.64 0.463384
-0.63 0.462915
-0.62 0.461779
-0.61 0.461242
-0.6 0.460942
-0.59 0.459722
-0.58 0.458308
-0.57 0.457757
-0.56 0.457271
-0.55 0.45567
-0.54 0.453452
-0.53 0.452168
-0.52 0.45266
-0.51 0.454581
-0.5 0.457143
-0.49 0.459792
-0.48 0.462331
-0.47 0.464745
-0.46 0.467056
-0.45 0.469276
-0.44 0.471408
-0.43 0.473452
-0.42 0.475409
-0.41 0.477281
-0.4 0.479069
-0.39 0.480774
-0.38 0.482398
-0.37 0.483944
-0.36 0.485411
-0.35 0.486804
-0.34 0.488123
-0.33 0.48937
-0.32 0.490549
-0.31 0.49166
-0.3 0.492705
-0.29 0.493689
-0.28 0.494611
-0.27 0.495475
-0.26 0.496284
-0.25 0.497038
-0.24 0.497741
-0.23 0.498395
-0.22 0.499001
-0.21 0.499563
-0.2 0.500083
-0.19 0.500562
-0.18 0.501002
-0.17 0.501406
-0.16 0.501776
-0.15 0.502113
-0.14 0.502419
-0.13 0.502697
-0.12 0.502947
-0.11 0.503171
-0.1 0.50337
-0.09 0.503547
-0.08 0.503701
-0.07 0.503835
-0.06 0.503949
-0.05 0.504044
-0.04 0.504121
-0.03 0.50418
-0.02 0.504222
-0.01 0.504247
0 0.504255
0.01 0.504247
0.02 0.504222
0.03 0.50418
0.04 0.504121
0.05 0.504044
0.06 0.503949
0.07 0.503835
0.08 0.503701
0.09 0.503547
0.1 0.50337
0.11 0.503171
0.12 0.502947
0.13 0.502697
0.14 0.502419
0.15 0.502113
0.16 0.501776
0.17 0.501406
0.18 0.501002
0.19 0.500562
0.2 0.500083
0.21 0.499563
0.22 0.499001
0.23 0.498395
0.24 0.497741
0.25 0.497038
0.26 0.496284
0.27 0.495475
0.28 0.494611
0.29 0.493689
0.3 0.492705
0.31 0.49166
0.32 0.490549
0.33 0.48937
0.34 0.488123
0.35 0.486804
0.36 0.485411
0.37 0.483944
0.38 0.482398
0.39 0.480774
0.4 0.479069
0.41 0.477281
0.42 0.475409
0.43 0.473452
0.44 0.471408
0.45 0.469276
0.46 0.467056
0.47 0.464745
0.48 0.462331
0.49 0.459792
0.5 0.457143
0.51 0.454581
0.52 0.45266
0.53 0.452168
0.54 0.453452
0.55 0.45567
0.56 0.457271
0.57 0.457757
0.58 0.458308
0.59 0.459722
0.6 0.460942
0.61 0.461242
0.62 0.461779
0.63 0.462915
0.64 0.463384
0.65 0.463502
0.66 0.464309
0.67 0.464764
0.68 0.464701
0.69 0.465282
0.7 0.465567
0.71 0.465407
0.72 0.465883
0.73 0.465895
0.74 0.465753
0.75 0.466131
0.76 0.465846
0.77 0.465892
0.78 0.465995
0.79 0.465618
0.8 0.465847
0.81 0.465516
0.82 0.465456
0.83 0.465434
0.84 0.465059
0.85 0.465219
0.86 0.464771
0.87 0.464876
0.88 0.464566
0.89 0.464494
0.9 0.464389
0.91 0.464149
0.92 0.464212
0.93 0.463875
0.94 0.464042
0.95 0.463678
0.96 0.4639
0.97 0.463552
0.98 0.463806
0.99 0.46349
