-1 0.474156
-0.99 0.474377
-0.98 0.474166
-0.97 0.474417
-0.96 0.474196
-0.95 0.474491
-0.94 0.47425
-0.93 0.474582
-0.92 0.474336
-0.91 0.474666
-0.9 0.474464
-0.89 0.474712
-0.88 0.474637
-0.87 0.474704
-0.86 0.474831
-0.85 0.474665
-0.84 0.474964
-0.83 0.474663
-0.82 0.474929
-0.81 0.474747
-0.8 0.474697
-0.79 0.474819
-0.78 0.474423
-0.77 0.474622
-0.76 0.474295
-0.75 0.474068
-0.74 0.474123
-0.73 0.473521
-0.72 0.473439
-0.71 0.473179
-0.7 0.472458
-0.69 0.47236
-0.68 0.47182
-0.67 0.470962
-0.66 0.470741
-0.65 0.470024
-0.64 0.468915
-0.63 0.468481
-0.62 0.467747
-0.61 0.466305
-0.6 0.465409
-0.59 0.464816
-0.58 0.463329
-0.57 0.461552
-0.56 0.460608
-0.55 0.459835
-0.54 0.457994
-0.53 0.455427
-0.52 0.453656
-0.51 0.453626
-0.5 0.455087
-0.49 0.457262
-0.48 0.459565
-0.47 0.461767
-0.46 0.463842
-0.45 0.465813
-0.44 0.467693
-0.43 0.469487
-0.42 0.471195
-0.41 0.472819
-0.4 0.474359
-0.39 0.475819
-0.38 0.4772
-0.37 0.478504
-0.36 0.479732
-0.35 0.480889
-0.34 0.481974
-0.33 0.482992
-0.32 0.483943
-0.31 0.484831
-0.3 0.485659
-0.29 0.486427
-0.28 0.48714
-0.27 0.4878
-0.26 0.488408
-0.25 0.488968
-0.24 0.489482
-0.23 0.489952
-0.22 0.490382
-0.21 0.490773
-0.2 0.491128
-0.19 0.491449
-0.18 0.491739
-0.17 0.491999
-0.16 0.492232
-0.15 0.49244
-0.14 0.492625
-0.13 0.492789
-0.12 0.492932
-0.11 0.493058
-0.1 0.493168
-0.09 0.493263
-0.08 0.493344
-0.07 0.493413
-0.06 0.49347
-0.05 0.493517
-0.04 0.493555
-0.03 0.493583
-0.02 0.493603
-0.01 0.493615
0 0.493619
0.01 0.493615
0.02 0.493603
0.03 0.493583
0.04 0.493555
0.05 0.493517
0.06 0.49347
0.07 0.493413
0.08 0.493344
0.09 0.493263
0.1 0.493168
0.11 0.493058
0.12 0.492932
0.13 0.492789
0.14 0.492625
0.15 0.49244
0.16 0.492232
0.17 0.491999
0.18 0.491739
0.19 0.491449
0.2 0.491128
0.21 0.490773
0.22 0.490382
0.23 0.489952
0.24 0.489482
0.25 0.488968
0.26 0.488408
0.27 0.4878
0.28 0.48714
0.29 0.486427
0.3 0.485659
0.31 0.484831
0.32 0.483943
0.33 0.482992
0.34 0.481974
0.35 0.480889
0.36 0.479732
0.37 0.478504
0.38 0.4772
0.39 0.475819
0.4 0.474359
0.41 0.472819
0.42 0.471195
0.43 0.469487
0.44 0.467693
0.45 0.465813
0.46 0.463842
0.47 0.461767
0.48 0.459565
0.49 0.457262
0.5 0.455087
0.51 0.453626
0.52 0.453656
0.53 0.455427
0.54 0.457994
0.55 0.459835
0.56 0.460608
0.57 0.461552
0.58 0.463329
0.59 0.464816
0.6 0.465409
0.61 0.466305
0.62 0.467747
0.63 0.468481
0.64 0.468915
0.65 0.470024
0.66 0.470741
0.67 0.470962
0.68 0.47182
0.69 0.47236
0.7 0.472458
0.71 0.473179
0.72 0.473439
0.73 0.473521
0.74 0.474123
0.75 0.474068
0.76 0.474295
0.77 0.474622
0.78 0.474423
0.79 0.474819
0.8 0.474697
0.81 0.474747
0.82 0.474929
0.83 0.474663
0.84 0.474964
0.85 0.474665
0.86 0.474831
0.87 0.474704
0.88 0.474637
0.89 0.474712
0.9 0.474464
0.91 0.474666
0.92 0.474336
0.93 0.474582
0.94 0.47425
0.95 0.474491
0.96 0.474196
0.97 0.474417
0.98 0.474166
0.99 0.474377
