-1 1.00802e-14
-0.998 1.0214e-14
-0.996 1.06187e-14
-0.994 1.13044e-14
-0.992 1.22881e-14
-0.99 1.35943e-14
-0.988 1.52554e-14
-0.986 1.73124e-14
-0.984 1.98161e-14
-0.982 2.28279e-14
-0.98 2.64216e-14
-0.978 3.06848e-14
-0.976 3.5721e-14
-0.974 4.16519e-14
-0.972 4.86203e-14
-0.97 5.67929e-14
-0.968 6.63645e-14
-0.966 7.7562e-14
-0.964 9.06496e-14
-0.962 1.05934e-13
-0.96 1.23773e-13
-0.958 1.44581e-13
-0.956 1.68837e-13
-0.954 1.97099e-13
-0.952 2.30014e-13
-0.95 2.68329e-13
-0.948 3.12911e-13
-0.946 3.64761e-13
-0.944 4.2504e-13
-0.942 4.95088e-13
-0.94 5.76454e-13
-0.938 6.70927e-13
-0.936 7.80574e-13
-0.934 9.07781e-13
-0.932 1.0553e-12
-0.93 1.2263e-12
-0.928 1.42444e-12
-0.926 1.65393e-12
-0.924 1.91963e-12
-0.922 2.22713e-12
-0.92 2.58285e-12
-0.918 2.99419e-12
-0.916 3.46965e-12
-0.914 4.019e-12
-0.912 4.65347e-12
-0.91 5.38595e-12
-0.908 6.23123e-12
-0.906 7.20629e-12
-0.904 8.33059e-12
-0.902 9.62645e-12
-0.9 1.11194e-11
-0.898 1.28388e-11
-0.896 1.48182e-11
-0.894 1.70959e-11
-0.892 1.97157e-11
-0.89 2.2728e-11
-0.888 2.619e-11
-0.886 3.01673e-11
-0.884 3.47346e-11
-0.882 3.99776e-11
-0.88 4.59934e-11
-0.878 5.28934e-11
-0.876 6.08042e-11
-0.874 6.98702e-11
-0.872 8.02559e-11
-0.87 9.21484e-11
-0.868 1.05761e-10
-0.866 1.21336e-10
-0.864 1.39148e-10
-0.862 1.59512e-10
-0.86 1.82783e-10
-0.858 2.09366e-10
-0.856 2.39718e-10
-0.854 2.7436e-10
-0.852 3.13884e-10
-0.85 3.58957e-10
-0.848 4.10339e-10
-0.846 4.68888e-10
-0.844 5.35577e-10
-0.842 6.11506e-10
-0.84 6.9792e-10
-0.838 7.96227e-10
-0.836 9.08019e-10
-0.834 1.03509e-09
-0.832 1.17948e-09
-0.83 1.34346e-09
-0.828 1.52964e-09
-0.826 1.74092e-09
-0.824 1.98058e-09
-0.822 2.25234e-09
-0.82 2.56037e-09
-0.818 2.90936e-09
-0.816 3.30459e-09
-0.814 3.75201e-09
-0.812 4.25831e-09
-0.81 4.831e-09
-0.808 5.47851e-09
-0.806 6.21032e-09
-0.804 7.03708e-09
-0.802 7.97071e-09
-0.8 9.0246e-09
-0.798 1.02137e-08
-0.796 1.1555e-08
-0.794 1.30671e-08
-0.792 1.47711e-08
-0.79 1.66908e-08
-0.788 1.88523e-08
-0.786 2.12853e-08
-0.784 2.40226e-08
-0.782 2.71011e-08
-0.78 3.05619e-08
-0.778 3.44509e-08
-0.776 3.88192e-08
-0.774 4.3724e-08
-0.772 4.92287e-08
-0.77 5.54043e-08
-0.768 6.23296e-08
-0.766 7.00926e-08
-0.764 7.87909e-08
-0.762 8.85331e-08
-0.76 9.94403e-08
-0.758 1.11646e-07
-0.756 1.25301e-07
-0.754 1.40569e-07
-0.752 1.57634e-07
-0.75 1.76701e-07
-0.748 1.97994e-07
-0.746 2.21765e-07
-0.744 2.4829e-07
-0.742 2.77877e-07
-0.74 3.10865e-07
-0.738 3.4763e-07
-0.736 3.88588e-07
-0.734 4.34197e-07
-0.732 4.84966e-07
-0.73 5.41455e-07
-0.728 6.04281e-07
-0.726 6.74128e-07
-0.724 7.51747e-07
-0.722 8.37968e-07
-0.72 9.33704e-07
-0.718 1.03996e-06
-0.716 1.15785e-06
-0.714 1.28859e-06
-0.712 1.43351e-06
-0.71 1.59409e-06
-0.708 1.77196e-06
-0.706 1.96888e-06
-0.704 2.18681e-06
-0.702 2.4279e-06
-0.7 2.69448e-06
-0.698 2.98914e-06
-0.696 3.3147e-06
-0.694 3.67424e-06
-0.692 4.07115e-06
-0.69 4.50914e-06
-0.688 4.99225e-06
-0.686 5.52491e-06
-0.684 6.11195e-06
-0.682 6.75867e-06
-0.68 7.47083e-06
-0.678 8.25473e-06
-0.676 9.11723e-06
-0.674 1.00658e-05
-0.672 1.11087e-05
-0.67 1.22547e-05
-0.668 1.35135e-05
-0.666 1.48956e-05
-0.664 1.64126e-05
-0.662 1.80768e-05
-0.66 1.99017e-05
-0.658 2.19022e-05
-0.656 2.40941e-05
-0.654 2.64948e-05
-0.652 2.9123e-05
-0.65 3.19991e-05
-0.648 3.51452e-05
-0.646 3.85851e-05
-0.644 4.23449e-05
-0.642 4.64524e-05
-0.64 5.09379e-05
-0.638 5.58343e-05
-0.636 6.11768e-05
-0.634 6.70037e-05
-0.632 7.33563e-05
-0.63 8.0279e-05
-0.628 8.78199e-05
-0.626 9.60307e-05
-0.624 0.000104967
-0.622 0.000114689
-0.62 0.000125262
-0.618 0.000136755
-0.616 0.000149242
-0.614 0.000162804
-0.612 0.000177528
-0.61 0.000193506
-0.608 0.000210838
-0.606 0.00022963
-0.604 0.000249997
-0.602 0.000272062
-0.6 0.000295955
-0.598 0.000321819
-0.596 0.000349802
-0.594 0.000380067
-0.592 0.000412786
-0.59 0.000448141
-0.588 0.000486331
-0.586 0.000527563
-0.584 0.000572063
-0.582 0.000620068
-0.58 0.000671832
-0.578 0.000727627
-0.576 0.000787741
-0.574 0.000852479
-0.572 0.000922169
-0.57 0.000997158
-0.568 0.00107781
-0.566 0.00116453
-0.564 0.00125771
-0.562 0.00135781
-0.56 0.00146529
-0.558 0.00158065
-0.556 0.0017044
-0.554 0.00183711
-0.552 0.00197936
-0.55 0.00213177
-0.548 0.002295
-0.546 0.00246974
-0.544 0.00265672
-0.542 0.00285672
-0.54 0.00307054
-0.538 0.00329905
-0.536 0.00354314
-0.534 0.00380377
-0.532 0.00408195
-0.53 0.00437871
-0.528 0.00469517
-0.526 0.00503249
-0.524 0.00539188
-0.522 0.00577463
-0.52 0.00618208
-0.518 0.00661562
-0.516 0.00707674
-0.514 0.00756698
-0.512 0.00808794
-0.51 0.00864131
-0.508 0.00922885
-0.506 0.00985239
-0.504 0.0105139
-0.502 0.0112152
-0.5 0.0119586
-0.498 0.0127462
-0.496 0.0135802
-0.494 0.014463
-0.492 0.015397
-0.49 0.0163848
-0.488 0.017429
-0.486 0.0185323
-0.484 0.0196975
-0.482 0.0209277
-0.48 0.0222258
-0.478 0.023595
-0.476 0.0250385
-0.474 0.0265597
-0.472 0.028162
-0.47 0.0298491
-0.468 0.0316246
-0.466 0.0334923
-0.464 0.0354561
-0.462 0.03752
-0.46 0.0396882
-0.458 0.0419649
-0.456 0.0443545
-0.454 0.0468614
-0.452 0.0494902
-0.45 0.0522455
-0.448 0.0551322
-0.446 0.0581551
-0.444 0.0613193
-0.442 0.0646297
-0.44 0.0680916
-0.438 0.0717103
-0.436 0.0754911
-0.434 0.0794394
-0.432 0.0835608
-0.43 0.0878609
-0.428 0.0923453
-0.426 0.0970197
-0.424 0.10189
-0.422 0.106962
-0.42 0.112242
-0.418 0.117735
-0.416 0.123447
-0.414 0.129385
-0.412 0.135555
-0.41 0.141961
-0.408 0.148611
-0.406 0.155511
-0.404 0.162665
-0.402 0.170081
-0.4 0.177764
-0.398 0.185719
-0.396 0.193953
-0.394 0.202471
-0.392 0.211278
-0.39 0.22038
-0.388 0.229783
-0.386 0.239491
-0.384 0.249509
-0.382 0.259842
-0.38 0.270495
-0.378 0.281473
-0.376 0.292778
-0.374 0.304416
-0.372 0.31639
-0.37 0.328703
-0.368 0.341359
-0.366 0.354361
-0.364 0.367711
-0.362 0.381411
-0.36 0.395463
-0.358 0.409869
-0.356 0.424629
-0.354 0.439746
-0.352 0.455218
-0.35 0.471047
-0.348 0.487231
-0.346 0.503769
-0.344 0.520661
-0.342 0.537903
-0.34 0.555495
-0.338 0.573432
-0.336 0.591712
-0.334 0.61033
-0.332 0.629283
-0.33 0.648564
-0.328 0.668169
-0.326 0.688092
-0.324 0.708325
-0.322 0.728861
-0.32 0.749693
-0.318 0.770812
-0.316 0.792209
-0.314 0.813875
-0.312 0.835798
-0.31 0.857969
-0.308 0.880376
-0.306 0.903007
-0.304 0.92585
-0.302 0.94889
-0.3 0.972115
-0.298 0.995511
-0.296 1.01906
-0.294 1.04275
-0.292 1.06657
-0.29 1.09049
-0.288 1.1145
-0.286 1.13859
-0.284 1.16273
-0.282 1.18692
-0.28 1.21111
-0.278 1.23531
-0.276 1.25949
-0.274 1.28363
-0.272 1.30771
-0.27 1.3317
-0.268 1.3556
-0.266 1.37937
-0.264 1.403
-0.262 1.42646
-0.26 1.44974
-0.258 1.47281
-0.256 1.49565
-0.254 1.51823
-0.252 1.54054
-0.25 1.56255
-0.248 1.58425
-0.246 1.60561
-0.244 1.6266
-0.242 1.64721
-0.24 1.66742
-0.238 1.6872
-0.236 1.70653
-0.234 1.7254
-0.232 1.74378
-0.23 1.76165
-0.228 1.779
-0.226 1.7958
-0.224 1.81204
-0.222 1.82769
-0.22 1.84275
-0.218 1.8572
-0.216 1.87101
-0.214 1.88417
-0.212 1.89667
-0.21 1.9085
-0.208 1.91964
-0.206 1.93007
-0.204 1.9398
-0.202 1.94879
-0.2 1.95706
-0.198 1.96458
-0.196 1.97135
-0.194 1.97736
-0.192 1.9826
-0.19 1.98708
-0.188 1.99077
-0.186 1.99369
-0.184 1.99583
-0.182 1.99719
-0.18 1.99776
-0.178 1.99755
-0.176 1.99655
-0.174 1.99478
-0.172 1.99223
-0.17 1.98891
-0.168 1.98483
-0.166 1.97998
-0.164 1.97438
-0.162 1.96804
-0.16 1.96096
-0.158 1.95316
-0.156 1.94465
-0.154 1.93543
-0.152 1.92553
-0.15 1.91495
-0.148 1.90371
-0.146 1.89183
-0.144 1.87933
-0.142 1.86621
-0.14 1.8525
-0.138 1.83821
-0.136 1.82337
-0.134 1.808
-0.132 1.79211
-0.13 1.77573
-0.128 1.75888
-0.126 1.74158
-0.124 1.72385
-0.122 1.70572
-0.12 1.68722
-0.118 1.66835
-0.116 1.64916
-0.114 1.62966
-0.112 1.60989
-0.11 1.58985
-0.108 1.56959
-0.106 1.54912
-0.104 1.52848
-0.102 1.50769
-0.1 1.48677
-0.098 1.46575
-0.096 1.44465
-0.094 1.42351
-0.092 1.40235
-0.09 1.38119
-0.088 1.36007
-0.086 1.339
-0.084 1.31801
-0.082 1.29713
-0.08 1.27638
-0.078 1.25579
-0.076 1.23538
-0.074 1.21518
-0.072 1.19521
-0.07 1.17549
-0.068 1.15604
-0.066 1.1369
-0.064 1.11807
-0.062 1.09959
-0.06 1.08147
-0.058 1.06374
-0.056 1.04641
-0.054 1.0295
-0.052 1.01304
-0.05 0.997039
-0.048 0.981519
-0.046 0.966496
-0.044 0.951986
-0.042 0.938007
-0.04 0.924573
-0.038 0.911698
-0.036 0.899398
-0.034 0.887686
-0.032 0.876573
-0.03 0.866074
-0.028 0.856197
-0.026 0.846956
-0.024 0.838358
-0.022 0.830414
-0.02 0.823133
-0.018 0.816521
-0.016 0.810586
-0.014 0.805334
-0.012 0.800772
-0.01 0.796903
-0.008 0.793731
-0.006 0.791261
-0.004 0.789495
-0.002 0.788435
0 0.788081
0.002 0.788435
0.004 0.789495
0.006 0.791261
0.008 0.793731
0.01 0.796903
0.012 0.800772
0.014 0.805334
0.016 0.810586
0.018 0.816521
0.02 0.823133
0.022 0.830414
0.024 0.838358
0.026 0.846956
0.028 0.856197
0.03 0.866074
0.032 0.876573
0.034 0.887686
0.036 0.899398
0.038 0.911698
0.04 0.924573
0.042 0.938007
0.044 0.951986
0.046 0.966496
0.048 0.981519
0.05 0.997039
0.052 1.01304
0.054 1.0295
0.056 1.04641
0.058 1.06374
0.06 1.08147
0.062 1.09959
0.064 1.11807
0.066 1.1369
0.068 1.15604
0.07 1.17549
0.072 1.19521
0.074 1.21518
0.076 1.23538
0.078 1.25579
0.08 1.27638
0.082 1.29713
0.084 1.31801
0.086 1.339
0.088 1.36007
0.09 1.38119
0.092 1.40235
0.094 1.42351
0.096 1.44465
0.098 1.46575
0.1 1.48677
0.102 1.50769
0.104 1.52848
0.106 1.54912
0.108 1.56959
0.11 1.58985
0.112 1.60989
0.114 1.62966
0.116 1.64916
0.118 1.66835
0.12 1.68722
0.122 1.70572
0.124 1.72385
0.126 1.74158
0.128 1.75888
0.13 1.77573
0.132 1.79211
0.134 1.808
0.136 1.82337
0.138 1.83821
0.14 1.8525
0.142 1.86621
0.144 1.87933
0.146 1.89183
0.148 1.90371
0.15 1.91495
0.152 1.92553
0.154 1.93543
0.156 1.94465
0.158 1.95316
0.16 1.96096
0.162 1.96804
0.164 1.97438
0.166 1.97998
0.168 1.98483
0.17 1.98891
0.172 1.99223
0.174 1.99478
0.176 1.99655
0.178 1.99755
0.18 1.99776
0.182 1.99719
0.184 1.99583
0.186 1.99369
0.188 1.99077
0.19 1.98708
0.192 1.9826
0.194 1.97736
0.196 1.97135
0.198 1.96458
0.2 1.95706
0.202 1.94879
0.204 1.9398
0.206 1.93007
0.208 1.91964
0.21 1.9085
0.212 1.89667
0.214 1.88417
0.216 1.87101
0.218 1.8572
0.22 1.84275
0.222 1.82769
0.224 1.81204
0.226 1.7958
0.228 1.779
0.23 1.76165
0.232 1.74378
0.234 1.7254
0.236 1.70653
0.238 1.6872
0.24 1.66742
0.242 1.64721
0.244 1.6266
0.246 1.60561
0.248 1.58425
0.25 1.56255
0.252 1.54054
0.254 1.51823
0.256 1.49565
0.258 1.47281
0.26 1.44974
0.262 1.42646
0.264 1.403
0.266 1.37937
0.268 1.3556
0.27 1.3317
0.272 1.30771
0.274 1.28363
0.276 1.25949
0.278 1.23531
0.28 1.21111
0.282 1.18692
0.284 1.16273
0.286 1.13859
0.288 1.1145
0.29 1.09049
0.292 1.06657
0.294 1.04275
0.296 1.01906
0.298 0.995511
0.3 0.972115
0.302 0.94889
0.304 0.92585
0.306 0.903007
0.308 0.880376
0.31 0.857969
0.312 0.835798
0.314 0.813875
0.316 0.792209
0.318 0.770812
0.32 0.749693
0.322 0.728861
0.324 0.708325
0.326 0.688092
0.328 0.668169
0.33 0.648564
0.332 0.629283
0.334 0.61033
0.336 0.591712
0.338 0.573432
0.34 0.555495
0.342 0.537903
0.344 0.520661
0.346 0.503769
0.348 0.487231
0.35 0.471047
0.352 0.455218
0.354 0.439746
0.356 0.424629
0.358 0.409869
0.36 0.395463
0.362 0.381411
0.364 0.367711
0.366 0.354361
0.368 0.341359
0.37 0.328703
0.372 0.31639
0.374 0.304416
0.376 0.292778
0.378 0.281473
0.38 0.270495
0.382 0.259842
0.384 0.249509
0.386 0.239491
0.388 0.229783
0.39 0.22038
0.392 0.211278
0.394 0.202471
0.396 0.193953
0.398 0.185719
0.4 0.177764
0.402 0.170081
0.404 0.162665
0.406 0.155511
0.408 0.148611
0.41 0.141961
0.412 0.135555
0.414 0.129385
0.416 0.123447
0.418 0.117735
0.42 0.112242
0.422 0.106962
0.424 0.10189
0.426 0.0970197
0.428 0.0923453
0.43 0.0878609
0.432 0.0835608
0.434 0.0794394
0.436 0.0754911
0.438 0.0717103
0.44 0.0680916
0.442 0.0646297
0.444 0.0613193
0.446 0.0581551
0.448 0.0551322
0.45 0.0522455
0.452 0.0494902
0.454 0.0468614
0.456 0.0443545
0.458 0.0419649
0.46 0.0396882
0.462 0.03752
0.464 0.0354561
0.466 0.0334923
0.468 0.0316246
0.47 0.0298491
0.472 0.028162
0.474 0.0265597
0.476 0.0250385
0.478 0.023595
0.48 0.0222258
0.482 0.0209277
0.484 0.0196975
0.486 0.0185323
0.488 0.017429
0.49 0.0163848
0.492 0.015397
0.494 0.014463
0.496 0.0135802
0.498 0.0127462
0.5 0.0119586
0.502 0.0112152
0.504 0.0105139
0.506 0.00985239
0.508 0.00922885
0.51 0.00864131
0.512 0.00808794
0.514 0.00756698
0.516 0.00707674
0.518 0.00661562
0.52 0.00618208
0.522 0.00577463
0.524 0.00539188
0.526 0.00503249
0.528 0.00469517
0.53 0.00437871
0.532 0.00408195
0.534 0.00380377
0.536 0.00354314
0.538 0.00329905
0.54 0.00307054
0.542 0.00285672
0.544 0.00265672
0.546 0.00246974
0.548 0.002295
0.55 0.00213177
0.552 0.00197936
0.554 0.00183711
0.556 0.0017044
0.558 0.00158065
0.56 0.00146529
0.562 0.00135781
0.564 0.00125771
0.566 0.00116453
0.568 0.00107781
0.57 0.000997158
0.572 0.000922169
0.574 0.000852479
0.576 0.000787741
0.578 0.000727627
0.58 0.000671832
0.582 0.000620068
0.584 0.000572063
0.586 0.000527563
0.588 0.000486331
0.59 0.000448141
0.592 0.000412786
0.594 0.000380067
0.596 0.000349802
0.598 0.000321819
0.6 0.000295955
0.602 0.000272062
0.604 0.000249997
0.606 0.00022963
0.608 0.000210838
0.61 0.000193506
0.612 0.000177528
0.614 0.000162804
0.616 0.000149242
0.618 0.000136755
0.62 0.000125262
0.622 0.000114689
0.624 0.000104967
0.626 9.60307e-05
0.628 8.78199e-05
0.63 8.0279e-05
0.632 7.33563e-05
0.634 6.70037e-05
0.636 6.11768e-05
0.638 5.58343e-05
0.64 5.09379e-05
0.642 4.64524e-05
0.644 4.23449e-05
0.646 3.85851e-05
0.648 3.51452e-05
0.65 3.19991e-05
0.652 2.9123e-05
0.654 2.64948e-05
0.656 2.40941e-05
0.658 2.19022e-05
0.66 1.99017e-05
0.662 1.80768e-05
0.664 1.64126e-05
0.666 1.48956e-05
0.668 1.35135e-05
0.67 1.22547e-05
0.672 1.11087e-05
0.674 1.00658e-05
0.676 9.11723e-06
0.678 8.25473e-06
0.68 7.47083e-06
0.682 6.75867e-06
0.684 6.11195e-06
0.686 5.52491e-06
0.688 4.99225e-06
0.69 4.50914e-06
0.692 4.07115e-06
0.694 3.67424e-06
0.696 3.3147e-06
0.698 2.98914e-06
0.7 2.69448e-06
0.702 2.4279e-06
0.704 2.18681e-06
0.706 1.96888e-06
0.708 1.77196e-06
0.71 1.59409e-06
0.712 1.43351e-06
0.714 1.28859e-06
0.716 1.15785e-06
0.718 1.03996e-06
0.72 9.33704e-07
0.722 8.37968e-07
0.724 7.51747e-07
0.726 6.74128e-07
0.728 6.04281e-07
0.73 5.41455e-07
0.732 4.84966e-07
0.734 4.34197e-07
0.736 3.88588e-07
0.738 3.4763e-07
0.74 3.10865e-07
0.742 2.77877e-07
0.744 2.4829e-07
0.746 2.21765e-07
0.748 1.97994e-07
0.75 1.76701e-07
0.752 1.57634e-07
0.754 1.40569e-07
0.756 1.25301e-07
0.758 1.11646e-07
0.76 9.94403e-08
0.762 8.85331e-08
0.764 7.87909e-08
0.766 7.00926e-08
0.768 6.23296e-08
0.77 5.54043e-08
0.772 4.92287e-08
0.774 4.3724e-08
0.776 3.88192e-08
0.778 3.44509e-08
0.78 3.05619e-08
0.782 2.71011e-08
0.784 2.40226e-08
0.786 2.12853e-08
0.788 1.88523e-08
0.79 1.66908e-08
0.792 1.47711e-08
0.794 1.30671e-08
0.796 1.1555e-08
0.798 1.02137e-08
0.8 9.0246e-09
0.802 7.97071e-09
0.804 7.03708e-09
0.806 6.21032e-09
0.808 5.47851e-09
0.81 4.831e-09
0.812 4.25831e-09
0.814 3.75201e-09
0.816 3.30459e-09
0.818 2.90936e-09
0.82 2.56037e-09
0.822 2.25234e-09
0.824 1.98058e-09
0.826 1.74092e-09
0.828 1.52964e-09
0.83 1.34346e-09
0.832 1.17948e-09
0.834 1.03509e-09
0.836 9.08019e-10
0.838 7.96227e-10
0.84 6.9792e-10
0.842 6.11506e-10
0.844 5.35577e-10
0.846 4.68888e-10
0.848 4.10339e-10
0.85 3.58957e-10
0.852 3.13884e-10
0.854 2.7436e-10
0.856 2.39718e-10
0.858 2.09366e-10
0.86 1.82783e-10
0.862 1.59512e-10
0.864 1.39148e-10
0.866 1.21336e-10
0.868 1.05761e-10
0.87 9.21484e-11
0.872 8.02559e-11
0.874 6.98702e-11
0.876 6.08042e-11
0.878 5.28934e-11
0.88 4.59934e-11
0.882 3.99776e-11
0.884 3.47346e-11
0.886 3.01673e-11
0.888 2.619e-11
0.89 2.2728e-11
0.892 1.97157e-11
0.894 1.70959e-11
0.896 1.48182e-11
0.898 1.28388e-11
0.9 1.11194e-11
0.902 9.62645e-12
0.904 8.33059e-12
0.906 7.20629e-12
0.908 6.23123e-12
0.91 5.38595e-12
0.912 4.65347e-12
0.914 4.019e-12
0.916 3.46965e-12
0.918 2.99419e-12
0.92 2.58285e-12
0.922 2.22713e-12
0.924 1.91963e-12
0.926 1.65393e-12
0.928 1.42444e-12
0.93 1.2263e-12
0.932 1.0553e-12
0.934 9.07781e-13
0.936 7.80574e-13
0.938 6.70927e-13
0.94 5.76454e-13
0.942 4.95088e-13
0.944 4.2504e-13
0.946 3.64761e-13
0.948 3.12911e-13
0.95 2.68329e-13
0.952 2.30014e-13
0.954 1.97099e-13
0.956 1.68837e-13
0.958 1.44581e-13
0.96 1.23773e-13
0.962 1.05934e-13
0.964 9.06496e-14
0.966 7.7562e-14
0.968 6.63645e-14
0.97 5.67929e-14
0.972 4.86203e-14
0.974 4.16519e-14
0.976 3.5721e-14
0.978 3.06848e-14
0.98 2.64216e-14
0.982 2.28279e-14
0.984 1.98161e-14
0.986 1.73124e-14
0.988 1.52554e-14
0.99 1.35943e-14
0.992 1.22881e-14
0.994 1.13044e-14
0.996 1.06187e-14
0.998 1.0214e-14
