-1 0.779858
-0.99 0.779638
-0.98 0.77926
-0.97 0.778455
-0.96 0.777468
-0.95 0.776095
-0.94 0.774489
-0.93 0.772568
-0.92 0.770339
-0.91 0.767891
-0.9 0.765035
-0.89 0.762082
-0.88 0.758607
-0.87 0.755162
-0.86 0.75109
-0.85 0.747153
-0.84 0.742528
-0.83 0.73808
-0.82 0.732972
-0.81 0.727973
-0.8 0.722466
-0.79 0.716878
-0.78 0.711047
-0.77 0.704865
-0.76 0.698735
-0.75 0.692021
-0.74 0.685541
-0.73 0.678438
-0.72 0.671497
-0.71 0.664174
-0.7 0.656688
-0.69 0.649231
-0.68 0.641257
-0.67 0.633579
-0.66 0.625342
-0.65 0.617244
-0.64 0.608978
-0.63 0.600385
-0.62 0.592082
-0.61 0.583223
-0.6 0.574613
-0.59 0.565824
-0.58 0.556754
-0.57 0.548036
-0.56 0.538804
-0.55 0.529783
-0.54 0.520779
-0.53 0.511369
-0.52 0.502404
-0.51 0.493107
-0.5 0.483742
-0.49 0.474758
-0.48 0.465297
-0.47 0.456072
-0.46 0.447051
-0.45 0.437569
-0.44 0.428507
-0.43 0.419499
-0.42 0.410098
-0.41 0.401205
-0.4 0.392302
-0.39 0.38304
-0.38 0.374321
-0.37 0.365629
-0.36 0.356549
-0.35 0.347994
-0.34 0.339619
-0.33 0.330787
-0.32 0.32235
-0.31 0.314356
-0.3 0.305919
-0.29 0.297542
-0.28 0.289855
-0.27 0.282039
-0.26 0.273825
-0.25 0.266156
-0.24 0.259009
-0.23 0.25144
-0.22 0.243648
-0.21 0.236578
-0.2 0.229997
-0.19 0.22294
-0.18 0.215515
-0.17 0.208733
-0.16 0.202813
-0.15 0.196823
-0.14 0.190036
-0.13 0.182928
-0.12 0.176692
-0.11 0.172147
-0.1 0.169271
-0.09 0.167514
-0.08 0.166307
-0.07 0.165321
-0.06 0.164448
-0.05 0.163685
-0.04 0.163049
-0.03 0.162553
-0.02 0.162198
-0.01 0.161985
0 0.161914
0.01 0.161985
0.02 0.162198
0.03 0.162553
0.04 0.163049
0.05 0.163685
0.06 0.164448
0.07 0.165321
0.08 0.166307
0.09 0.167514
0.1 0.169271
0.11 0.172147
0.12 0.176692
0.13 0.182928
0.14 0.190036
0.15 0.196823
0.16 0.202813
0.17 0.208733
0.18 0.215515
0.19 0.22294
0.2 0.229997
0.21 0.236578
0.22 0.243648
0.23 0.25144
0.24 0.259009
0.25 0.266156
0.26 0.273825
0.27 0.282039
0.28 0.289855
0.29 0.297542
0.3 0.305919
0.31 0.314356
0.32 0.32235
0.33 0.330787
0.34 0.339619
0.35 0.347994
0.36 0.356549
0.37 0.365629
0.38 0.374321
0.39 0.38304
0.4 0.392302
0.41 0.401205
0.42 0.410098
0.43 0.419499
0.44 0.428507
0.45 0.437569
0.46 0.447051
0.47 0.456072
0.48 0.465297
0.49 0.474758
0.5 0.483742
0.51 0.493107
0.52 0.502404
0.53 0.511369
0.54 0.520779
0.55 0.529783
0.56 0.538804
0.57 0.548036
0.58 0.556754
0.59 0.565824
0.6 0.574613
0.61 0.583223
0.62 0.592082
0.63 0.600385
0.64 0.608978
0.65 0.617244
0.66 0.625342
0.67 0.633579
0.68 0.641257
0.69 0.649231
0.7 0.656688
0.71 0.664174
0.72 0.671497
0.73 0.678438
0.74 0.685541
0.75 0.692021
0.76 0.698735
0.77 0.704865
0.78 0.711047
0.79 0.716878
0.8 0.722466
0.81 0.727973
0.82 0.732972
0.83 0.73808
0.84 0.742528
0.85 0.747153
0.86 0.75109
0.87 0.755162
0.88 0.758607
0.89 0.762082
0.9 0.765035
0.91 0.767891
0.92 0.770339
0.93 0.772568
0.94 0.774489
0.95 0.776095
0.96 0.777468
0.97 0.778455
0.98 0.77926
0.99 0.779638
