-1 0.143916
-0.99 0.143362
-0.98 0.14412
-0.97 0.144136
-0.96 0.144509
-0.95 0.145886
-0.94 0.145632
-0.93 0.146665
-0.92 0.150647
-0.91 0.156055
-0.9 0.161744
-0.89 0.167524
-0.88 0.173428
-0.87 0.17947
-0.86 0.185651
-0.85 0.191969
-0.84 0.198425
-0.83 0.205017
-0.82 0.211745
-0.81 0.218609
-0.8 0.225606
-0.79 0.232736
-0.78 0.239998
-0.77 0.247389
-0.76 0.254909
-0.75 0.262553
-0.74 0.270321
-0.73 0.27821
-0.72 0.286218
-0.71 0.29434
-0.7 0.302574
-0.69 0.310917
-0.68 0.319365
-0.67 0.327913
-0.66 0.336559
-0.65 0.345298
-0.64 0.354125
-0.63 0.363035
-0.62 0.372024
-0.61 0.381086
-0.6 0.390216
-0.59 0.399408
-0.58 0.408657
-0.57 0.417957
-0.56 0.427301
-0.55 0.436682
-0.54 0.446095
-0.53 0.455533
-0.52 0.464988
-0.51 0.474453
-0.5 0.483922
-0.49 0.493387
-0.48 0.50284
-0.47 0.512273
-0.46 0.521679
-0.45 0.53105
-0.44 0.540378
-0.43 0.549655
-0.42 0.558872
-0.41 0.568021
-0.4 0.577094
-0.39 0.586082
-0.38 0.594978
-0.37 0.603772
-0.36 0.612457
-0.35 0.621023
-0.34 0.629463
-0.33 0.637768
-0.32 0.64593
-0.31 0.65394
-0.3 0.661791
-0.29 0.669474
-0.28 0.676981
-0.27 0.684304
-0.26 0.691436
-0.25 0.698369
-0.24 0.705095
-0.23 0.711608
-0.22 0.7179
-0.21 0.723965
-0.2 0.729795
-0.19 0.735384
-0.18 0.740726
-0.17 0.745815
-0.16 0.750645
-0.15 0.755211
-0.14 0.759508
-0.13 0.76353
-0.12 0.767273
-0.11 0.770733
-0.1 0.773906
-0.09 0.776787
-0.08 0.779375
-0.07 0.781665
-0.06 0.783656
-0.05 0.785344
-0.04 0.786728
-0.03 0.787806
-0.02 0.788577
-0.01 0.789039
0 0.789194
0.01 0.789039
0.02 0.788577
0.03 0.787806
0.04 0.786728
0.05 0.785344
0.06 0.783656
0.07 0.781665
0.08 0.779375
0.09 0.776787
0.1 0.773906
0.11 0.770733
0.12 0.767273
0.13 0.76353
0.14 0.759508
0.15 0.755211
0.16 0.750645
0.17 0.745815
0.18 0.740726
0.19 0.735384
0.2 0.729795
0.21 0.723965
0.22 0.7179
0.23 0.711608
0.24 0.705095
0.25 0.698369
0.26 0.691436
0.27 0.684304
0.28 0.676981
0.29 0.669474
0.3 0.661791
0.31 0.65394
0.32 0.64593
0.33 0.637768
0.34 0.629463
0.35 0.621023
0.36 0.612457
0.37 0.603772
0.38 0.594978
0.39 0.586082
0.4 0.577094
0.41 0.568021
0.42 0.558872
0.43 0.549655
0.44 0.540378
0.45 0.53105
0.46 0.521679
0.47 0.512273
0.48 0.50284
0.49 0.493387
0.5 0.483922
0.51 0.474453
0.52 0.464988
0.53 0.455533
0.54 0.446095
0.55 0.436682
0.56 0.427301
0.57 0.417957
0.58 0.408657
0.59 0.399408
0.6 0.390216
0.61 0.381086
0.62 0.372024
0.63 0.363035
0.64 0.354125
0.65 0.345298
0.66 0.336559
0.67 0.327913
0.68 0.319365
0.69 0.310917
0.7 0.302574
0.71 0.29434
0.72 0.286218
0.73 0.27821
0.74 0.270321
0.75 0.262553
0.76 0.254909
0.77 0.247389
0.78 0.239998
0.79 0.232736
0.8 0.225606
0.81 0.218609
0.82 0.211745
0.83 0.205017
0.84 0.198425
0.85 0.191969
0.86 0.185651
0.87 0.17947
0.88 0.173428
0.89 0.167524
0.9 0.161744
0.91 0.156055
0.92 0.150647
0.93 0.146665
0.94 0.145632
0.95 0.145886
0.96 0.144509
0.97 0.144136
0.98 0.14412
0.99 0.143362
