-1 0.289659
-0.99 0.289353
-0.98 0.289902
-0.97 0.289822
-0.96 0.290617
-0.95 0.290776
-0.94 0.291768
-0.93 0.292249
-0.92 0.293303
-0.91 0.294259
-0.9 0.295213
-0.89 0.296727
-0.88 0.297627
-0.87 0.299424
-0.86 0.300734
-0.85 0.302243
-0.84 0.304329
-0.83 0.305665
-0.82 0.307747
-0.81 0.309964
-0.8 0.311473
-0.79 0.313861
-0.78 0.316411
-0.77 0.31806
-0.76 0.320314
-0.75 0.323455
-0.74 0.325789
-0.73 0.327274
-0.72 0.329779
-0.71 0.33441
-0.7 0.340663
-0.69 0.347574
-0.68 0.354598
-0.67 0.361605
-0.66 0.368608
-0.65 0.375621
-0.64 0.382646
-0.63 0.389679
-0.62 0.396714
-0.61 0.403749
-0.6 0.410778
-0.59 0.417798
-0.58 0.424804
-0.57 0.431794
-0.56 0.438761
-0.55 0.445703
-0.54 0.452615
-0.53 0.459492
-0.52 0.466331
-0.51 0.473127
-0.5 0.479876
-0.49 0.486574
-0.48 0.493217
-0.47 0.4998
-0.46 0.506318
-0.45 0.512769
-0.44 0.519148
-0.43 0.52545
-0.42 0.531671
-0.41 0.537809
-0.4 0.543857
-0.39 0.549813
-0.38 0.555673
-0.37 0.561433
-0.36 0.567088
-0.35 0.572636
-0.34 0.578072
-0.33 0.583393
-0.32 0.588595
-0.31 0.593675
-0.3 0.59863
-0.29 0.603456
-0.28 0.608149
-0.27 0.612708
-0.26 0.617128
-0.25 0.621407
-0.24 0.625543
-0.23 0.629531
-0.22 0.633369
-0.21 0.637056
-0.2 0.640588
-0.19 0.643963
-0.18 0.647179
-0.17 0.650233
-0.16 0.653124
-0.15 0.65585
-0.14 0.658408
-0.13 0.660798
-0.12 0.663017
-0.11 0.665064
-0.1 0.666938
-0.09 0.668637
-0.08 0.67016
-0.07 0.671507
-0.06 0.672675
-0.05 0.673666
-0.04 0.674477
-0.03 0.675108
-0.02 0.67556
-0.01 0.67583
0 0.675921
0.01 0.67583
0.02 0.67556
0.03 0.675108
0.04 0.674477
0.05 0.673666
0.06 0.672675
0.07 0.671507
0.08 0.67016
0.09 0.668637
0.1 0.666938
0.11 0.665064
0.12 0.663017
0.13 0.660798
0.14 0.658408
0.15 0.65585
0.16 0.653124
0.17 0.650233
0.18 0.647179
0.19 0.643963
0.2 0.640588
0.21 0.637056
0.22 0.633369
0.23 0.629531
0.24 0.625543
0.25 0.621407
0.26 0.617128
0.27 0.612708
0.28 0.608149
0.29 0.603456
0.3 0.59863
0.31 0.593675
0.32 0.588595
0.33 0.583393
0.34 0.578072
0.35 0.572636
0.36 0.567088
0.37 0.561433
0.38 0.555673
0.39 0.549813
0.4 0.543857
0.41 0.537809
0.42 0.531671
0.43 0.52545
0.44 0.519148
0.45 0.512769
0.46 0.506318
0.47 0.4998
0.48 0.493217
0.49 0.486574
0.5 0.479876
0.51 0.473127
0.52 0.466331
0.53 0.459492
0.54 0.452615
0.55 0.445703
0.56 0.438761
0.57 0.431794
0.58 0.424804
0.59 0.417798
0.6 0.410778
0.61 0.403749
0.62 0.396714
0.63 0.389679
0.64 0.382646
0.65 0.375621
0.66 0.368608
0.67 0.361605
0.68 0.354598
0.69 0.347574
0.7 0.340663
0.71 0.33441
0.72 0.329779
0.73 0.327274
0.74 0.325789
0.75 0.323455
0.76 0.320314
0.77 0.31806
0.78 0.316411
0.79 0.313861
0.8 0.311473
0.81 0.309964
0.82 0.307747
0.83 0.305665
0.84 0.304329
0.85 0.302243
0.86 0.300734
0.87 0.299424
0.88 0.297627
0.89 0.296727
0.9 0.295213
0.91 0.294259
0.92 0.293303
0.93 0.292249
0.94 0.291768
0.95 0.290776
0.96 0.290617
0.97 0.289822
0.98 0.289902
0.99 0.289353
