-1 0.550257
-0.99 0.550292
-0.98 0.550138
-0.97 0.550078
-0.96 0.549779
-0.95 0.549648
-0.94 0.549181
-0.93 0.548995
-0.92 0.548349
-0.91 0.548105
-0.9 0.547291
-0.89 0.546956
-0.88 0.546021
-0.87 0.545521
-0.86 0.544553
-0.85 0.543784
-0.84 0.542872
-0.83 0.541763
-0.82 0.540922
-0.81 0.539522
-0.8 0.538611
-0.79 0.537127
-0.78 0.535888
-0.77 0.534546
-0.76 0.532851
-0.75 0.531593
-0.74 0.529691
-0.73 0.528111
-0.72 0.526406
-0.71 0.524277
-0.7 0.522647
-0.69 0.52043
-0.68 0.518259
-0.67 0.516354
-0.66 0.513754
-0.65 0.511508
-0.64 0.509261
-0.63 0.506366
-0.62 0.503944
-0.61 0.501411
-0.6 0.498227
-0.59 0.495528
-0.58 0.492815
-0.57 0.489348
-0.56 0.48622
-0.55 0.483416
-0.54 0.479825
-0.53 0.476064
-0.52 0.472995
-0.51 0.469682
-0.5 0.465475
-0.49 0.461426
-0.48 0.458187
-0.47 0.454755
-0.46 0.450206
-0.45 0.445206
-0.44 0.441202
-0.43 0.438922
-0.42 0.438039
-0.41 0.437819
-0.4 0.437729
-0.39 0.437564
-0.38 0.437302
-0.37 0.436966
-0.36 0.436573
-0.35 0.43613
-0.34 0.435641
-0.33 0.435108
-0.32 0.434536
-0.31 0.43393
-0.3 0.433292
-0.29 0.432627
-0.28 0.43194
-0.27 0.431234
-0.26 0.430512
-0.25 0.42978
-0.24 0.429041
-0.23 0.428299
-0.22 0.427558
-0.21 0.426821
-0.2 0.426091
-0.19 0.425373
-0.18 0.42467
-0.17 0.423985
-0.16 0.423322
-0.15 0.422682
-0.14 0.42207
-0.13 0.421488
-0.12 0.420938
-0.11 0.420422
-0.1 0.419944
-0.09 0.419505
-0.08 0.419108
-0.07 0.418752
-0.06 0.418442
-0.05 0.418176
-0.04 0.417958
-0.03 0.417787
-0.02 0.417664
-0.01 0.41759
0 0.417566
0.01 0.41759
0.02 0.417664
0.03 0.417787
0.04 0.417958
0.05 0.418176
0.06 0.418442
0.07 0.418752
0.08 0.419108
0.09 0.419505
0.1 0.419944
0.11 0.420422
0.12 0.420938
0.13 0.421488
0.14 0.42207
0.15 0.422682
0.16 0.423322
0.17 0.423985
0.18 0.42467
0.19 0.425373
0.2 0.426091
0.21 0.426821
0.22 0.427558
0.23 0.428299
0.24 0.429041
0.25 0.42978
0.26 0.430512
0.27 0.431234
0.28 0.43194
0.29 0.432627
0.3 0.433292
0.31 0.43393
0.32 0.434536
0.33 0.435108
0.34 0.435641
0.35 0.43613
0.36 0.436573
0.37 0.436966
0.38 0.437302
0.39 0.437564
0.4 0.437729
0.41 0.437819
0.42 0.438039
0.43 0.438922
0.44 0.441202
0.45 0.445206
0.46 0.450206
0.47 0.454755
0.48 0.458187
0.49 0.461426
0.5 0.465475
0.51 0.469682
0.52 0.472995
0.53 0.476064
0.54 0.479825
0.55 0.483416
0.56 0.48622
0.57 0.489348
0.58 0.492815
0.59 0.495528
0.6 0.498227
0.61 0.501411
0.62 0.503944
0.63 0.506366
0.64 0.509261
0.65 0.511508
0.66 0.513754
0.67 0.516354
0.68 0.518259
0.69 0.52043
0.7 0.522647
0.71 0.524277
0.72 0.526406
0.73 0.528111
0.74 0.529691
0.75 0.531593
0.76 0.532851
0.77 0.534546
0.78 0.535888
0.79 0.537127
0.8 0.538611
0.81 0.539522
0.82 0.540922
0.83 0.541763
0.84 0.542872
0.85 0.543784
0.86 0.544553
0.87 0.545521
0.88 0.546021
0.89 0.546956
0.9 0.547291
0.91 0.548105
0.92 0.548349
0.93 0.548995
0.94 0.549181
0.95 0.549648
0.96 0.549779
0.97 0.550078
0.98 0.550138
0.99 0.550292
