-1 3.298e-08
-0.998 3.32192e-08
-0.996 3.39398e-08
-0.994 3.51511e-08
-0.992 3.68686e-08
-0.99 3.91145e-08
-0.988 4.19174e-08
-0.986 4.53132e-08
-0.984 4.93451e-08
-0.982 5.40641e-08
-0.98 5.95299e-08
-0.978 6.58112e-08
-0.976 7.29866e-08
-0.974 8.11452e-08
-0.972 9.03881e-08
-0.97 1.00829e-07
-0.968 1.12595e-07
-0.966 1.2583e-07
-0.964 1.40693e-07
-0.962 1.57362e-07
-0.96 1.76036e-07
-0.958 1.96935e-07
-0.956 2.20305e-07
-0.954 2.46417e-07
-0.952 2.75574e-07
-0.95 3.0811e-07
-0.948 3.44396e-07
-0.946 3.84842e-07
-0.944 4.299e-07
-0.942 4.80073e-07
-0.94 5.35915e-07
-0.938 5.98036e-07
-0.936 6.67112e-07
-0.934 7.43887e-07
-0.932 8.29182e-07
-0.93 9.239e-07
-0.928 1.02904e-06
-0.926 1.1457e-06
-0.924 1.27507e-06
-0.922 1.41851e-06
-0.92 1.57745e-06
-0.918 1.7535e-06
-0.916 1.94843e-06
-0.914 2.16416e-06
-0.912 2.40283e-06
-0.91 2.66675e-06
-0.908 2.95849e-06
-0.906 3.28082e-06
-0.904 3.63682e-06
-0.902 4.02985e-06
-0.9 4.46356e-06
-0.898 4.94197e-06
-0.896 5.46947e-06
-0.894 6.05086e-06
-0.892 6.69138e-06
-0.89 7.39674e-06
-0.888 8.17318e-06
-0.886 9.02751e-06
-0.884 9.96716e-06
-0.882 1.10002e-05
-0.88 1.21355e-05
-0.878 1.33826e-05
-0.876 1.47519e-05
-0.874 1.62549e-05
-0.872 1.79038e-05
-0.87 1.97121e-05
-0.868 2.16943e-05
-0.866 2.38664e-05
-0.864 2.62454e-05
-0.862 2.885e-05
-0.86 3.17004e-05
-0.858 3.48185e-05
-0.856 3.8228e-05
-0.854 4.19546e-05
-0.852 4.6026e-05
-0.85 5.04724e-05
-0.848 5.53261e-05
-0.846 6.06224e-05
-0.844 6.63992e-05
-0.842 7.26973e-05
-0.84 7.9561e-05
-0.838 8.70379e-05
-0.836 9.51793e-05
-0.834 0.000104041
-0.832 0.000113682
-0.83 0.000124166
-0.828 0.000135564
-0.826 0.000147948
-0.824 0.000161399
-0.822 0.000176003
-0.82 0.000191851
-0.818 0.000209043
-0.816 0.000227684
-0.814 0.000247889
-0.812 0.000269778
-0.81 0.000293483
-0.808 0.000319143
-0.806 0.000346907
-0.804 0.000376937
-0.802 0.000409402
-0.8 0.000444485
-0.798 0.000482382
-0.796 0.000523301
-0.794 0.000567463
-0.792 0.000615107
-0.79 0.000666484
-0.788 0.000721863
-0.786 0.000781531
-0.784 0.000845793
-0.782 0.000914973
-0.78 0.000989416
-0.778 0.00106949
-0.776 0.00115558
-0.774 0.0012481
-0.772 0.00134748
-0.77 0.0014542
-0.768 0.00156875
-0.766 0.00169164
-0.764 0.00182343
-0.762 0.0019647
-0.76 0.00211606
-0.758 0.00227818
-0.756 0.00245174
-0.754 0.00263746
-0.752 0.00283612
-0.75 0.00304852
-0.748 0.00327552
-0.746 0.00351801
-0.744 0.00377695
-0.742 0.00405332
-0.74 0.00434818
-0.738 0.00466261
-0.736 0.00499779
-0.734 0.00535492
-0.732 0.00573528
-0.73 0.00614019
-0.728 0.00657106
-0.726 0.00702936
-0.724 0.00751661
-0.722 0.00803442
-0.72 0.00858447
-0.718 0.00916851
-0.716 0.00978837
-0.714 0.010446
-0.712 0.0111433
-0.71 0.0118824
-0.708 0.0126654
-0.706 0.0134947
-0.704 0.0143725
-0.702 0.0153013
-0.7 0.0162835
-0.698 0.017322
-0.696 0.0184192
-0.694 0.0195782
-0.692 0.0208017
-0.69 0.0220929
-0.688 0.0234548
-0.686 0.0248907
-0.684 0.026404
-0.682 0.027998
-0.68 0.0296765
-0.678 0.0314429
-0.676 0.0333012
-0.674 0.0352552
-0.672 0.037309
-0.67 0.0394666
-0.668 0.0417322
-0.666 0.0441103
-0.664 0.0466053
-0.662 0.0492217
-0.66 0.0519641
-0.658 0.0548375
-0.656 0.0578466
-0.654 0.0609963
-0.652 0.0642919
-0.65 0.0677384
-0.648 0.0713412
-0.646 0.0751055
-0.644 0.0790368
-0.642 0.0831407
-0.64 0.0874226
-0.638 0.0918883
-0.636 0.0965435
-0.634 0.101394
-0.632 0.106446
-0.63 0.111704
-0.628 0.117176
-0.626 0.122866
-0.624 0.128781
-0.622 0.134927
-0.62 0.14131
-0.618 0.147935
-0.616 0.154809
-0.614 0.161938
-0.612 0.169327
-0.61 0.176983
-0.608 0.184911
-0.606 0.193117
-0.604 0.201606
-0.602 0.210384
-0.6 0.219456
-0.598 0.228829
-0.596 0.238506
-0.594 0.248493
-0.592 0.258794
-0.59 0.269415
-0.588 0.28036
-0.586 0.291632
-0.584 0.303237
-0.582 0.315177
-0.58 0.327456
-0.578 0.340078
-0.576 0.353044
-0.574 0.366359
-0.572 0.380024
-0.57 0.394041
-0.568 0.408411
-0.566 0.423136
-0.564 0.438217
-0.562 0.453654
-0.56 0.469446
-0.558 0.485595
-0.556 0.502097
-0.554 0.518953
-0.552 0.536161
-0.55 0.553717
-0.548 0.57162
-0.546 0.589865
-0.544 0.60845
-0.542 0.627369
-0.54 0.646617
-0.538 0.666189
-0.536 0.68608
-0.534 0.706282
-0.532 0.726787
-0.53 0.74759
-0.528 0.76868
-0.526 0.790048
-0.524 0.811686
-0.522 0.833584
-0.52 0.855729
-0.518 0.878112
-0.516 0.90072
-0.514 0.92354
-0.512 0.94656
-0.51 0.969765
-0.508 0.993143
-0.506 1.01668
-0.504 1.04035
-0.502 1.06415
-0.5 1.08806
-0.498 1.11207
-0.496 1.13614
-0.494 1.16028
-0.492 1.18445
-0.49 1.20864
-0.488 1.23284
-0.486 1.25701
-0.484 1.28115
-0.482 1.30523
-0.48 1.32923
-0.478 1.35313
-0.476 1.37691
-0.474 1.40054
-0.472 1.42401
-0.47 1.4473
-0.468 1.47038
-0.466 1.49323
-0.464 1.51582
-0.462 1.53815
-0.46 1.56018
-0.458 1.58189
-0.456 1.60326
-0.454 1.62427
-0.452 1.6449
-0.45 1.66512
-0.448 1.68492
-0.446 1.70427
-0.444 1.72316
-0.442 1.74156
-0.44 1.75945
-0.438 1.77681
-0.436 1.79363
-0.434 1.80988
-0.432 1.82555
-0.43 1.84061
-0.428 1.85506
-0.426 1.86888
-0.424 1.88204
-0.422 1.89455
-0.42 1.90637
-0.418 1.91749
-0.416 1.92791
-0.414 1.93762
-0.412 1.94659
-0.41 1.95482
-0.408 1.9623
-0.406 1.96903
-0.404 1.97498
-0.402 1.98016
-0.4 1.98456
-0.398 1.98818
-0.396 1.991
-0.394 1.99304
-0.392 1.99427
-0.39 1.99471
-0.388 1.99435
-0.386 1.99319
-0.384 1.99124
-0.382 1.9885
-0.38 1.98496
-0.378 1.98064
-0.376 1.97553
-0.374 1.96966
-0.372 1.96301
-0.37 1.9556
-0.368 1.94745
-0.366 1.93855
-0.364 1.92892
-0.362 1.91857
-0.36 1.90751
-0.358 1.89576
-0.356 1.88332
-0.354 1.87023
-0.352 1.85647
-0.35 1.84209
-0.348 1.82708
-0.346 1.81147
-0.344 1.79528
-0.342 1.77852
-0.34 1.76121
-0.338 1.74337
-0.336 1.72502
-0.334 1.70618
-0.332 1.68688
-0.33 1.66712
-0.328 1.64694
-0.326 1.62635
-0.324 1.60538
-0.322 1.58404
-0.32 1.56236
-0.318 1.54036
-0.316 1.51807
-0.314 1.4955
-0.312 1.47267
-0.31 1.44962
-0.308 1.42635
-0.306 1.4029
-0.304 1.37928
-0.302 1.35551
-0.3 1.33162
-0.298 1.30763
-0.296 1.28356
-0.294 1.25943
-0.292 1.23526
-0.29 1.21106
-0.288 1.18687
-0.286 1.16269
-0.284 1.13855
-0.282 1.11447
-0.28 1.09046
-0.278 1.06654
-0.276 1.04273
-0.274 1.01904
-0.272 0.995489
-0.27 0.972096
-0.268 0.948872
-0.266 0.925833
-0.264 0.902992
-0.262 0.880363
-0.26 0.857957
-0.258 0.835787
-0.256 0.813865
-0.254 0.7922
-0.252 0.770804
-0.25 0.749686
-0.248 0.728855
-0.246 0.708319
-0.244 0.688086
-0.242 0.668164
-0.24 0.64856
-0.238 0.629279
-0.236 0.610327
-0.234 0.591709
-0.232 0.573429
-0.23 0.555492
-0.228 0.537901
-0.226 0.520658
-0.224 0.503767
-0.222 0.487229
-0.22 0.471045
-0.218 0.455217
-0.216 0.439745
-0.214 0.424628
-0.212 0.409868
-0.21 0.395462
-0.208 0.38141
-0.206 0.36771
-0.204 0.35436
-0.202 0.341359
-0.2 0.328703
-0.198 0.31639
-0.196 0.304416
-0.194 0.292778
-0.192 0.281472
-0.19 0.270495
-0.188 0.259842
-0.186 0.249509
-0.184 0.239491
-0.182 0.229783
-0.18 0.22038
-0.178 0.211278
-0.176 0.202471
-0.174 0.193953
-0.172 0.185719
-0.17 0.177764
-0.168 0.170081
-0.166 0.162666
-0.164 0.155511
-0.162 0.148612
-0.16 0.141962
-0.158 0.135555
-0.156 0.129386
-0.154 0.123448
-0.152 0.117736
-0.15 0.112243
-0.148 0.106963
-0.146 0.101891
-0.144 0.097021
-0.142 0.0923467
-0.14 0.0878625
-0.138 0.0835626
-0.136 0.0794414
-0.134 0.0754933
-0.132 0.0717127
-0.13 0.0680943
-0.128 0.0646327
-0.126 0.0613226
-0.124 0.0581588
-0.122 0.0551363
-0.12 0.05225
-0.118 0.0494952
-0.116 0.0468669
-0.114 0.0443606
-0.112 0.0419717
-0.11 0.0396957
-0.108 0.0375283
-0.106 0.0354652
-0.104 0.0335023
-0.102 0.0316357
-0.1 0.0298613
-0.098 0.0281755
-0.096 0.0265746
-0.094 0.0250549
-0.092 0.0236131
-0.09 0.0222457
-0.088 0.0209496
-0.086 0.0197216
-0.084 0.0185588
-0.082 0.0174581
-0.08 0.0164168
-0.078 0.0154322
-0.076 0.0145016
-0.074 0.0136226
-0.072 0.0127927
-0.07 0.0120096
-0.068 0.0112711
-0.066 0.010575
-0.064 0.00991938
-0.062 0.00930219
-0.06 0.00872158
-0.058 0.00817575
-0.056 0.007663
-0.054 0.0071817
-0.052 0.0067303
-0.05 0.00630733
-0.048 0.00591137
-0.046 0.00554111
-0.044 0.00519528
-0.042 0.00487269
-0.04 0.0045722
-0.038 0.00429277
-0.036 0.00403339
-0.034 0.00379313
-0.032 0.0035711
-0.03 0.00336649
-0.028 0.00317853
-0.026 0.00300652
-0.024 0.0028498
-0.022 0.00270778
-0.02 0.0025799
-0.018 0.00246568
-0.016 0.00236466
-0.014 0.00227645
-0.012 0.0022007
-0.01 0.00213711
-0.008 0.00208543
-0.006 0.00204544
-0.004 0.002017
-0.002 0.00199997
0 0.00199431
0.002 0.00199997
0.004 0.002017
0.006 0.00204544
0.008 0.00208543
0.01 0.00213711
0.012 0.0022007
0.014 0.00227645
0.016 0.00236466
0.018 0.00246568
0.02 0.0025799
0.022 0.00270778
0.024 0.0028498
0.026 0.00300652
0.028 0.00317853
0.03 0.00336649
0.032 0.0035711
0.034 0.00379313
0.036 0.00403339
0.038 0.00429277
0.04 0.0045722
0.042 0.00487269
0.044 0.00519528
0.046 0.00554111
0.048 0.00591137
0.05 0.00630733
0.052 0.0067303
0.054 0.0071817
0.056 0.007663
0.058 0.00817575
0.06 0.00872158
0.062 0.00930219
0.064 0.00991938
0.066 0.010575
0.068 0.0112711
0.07 0.0120096
0.072 0.0127927
0.074 0.0136226
0.076 0.0145016
0.078 0.0154322
0.08 0.0164168
0.082 0.0174581
0.084 0.0185588
0.086 0.0197216
0.088 0.0209496
0.09 0.0222457
0.092 0.0236131
0.094 0.0250549
0.096 0.0265746
0.098 0.0281755
0.1 0.0298613
0.102 0.0316357
0.104 0.0335023
0.106 0.0354652
0.108 0.0375283
0.11 0.0396957
0.112 0.0419717
0.114 0.0443606
0.116 0.0468669
0.118 0.0494952
0.12 0.05225
0.122 0.0551363
0.124 0.0581588
0.126 0.0613226
0.128 0.0646327
0.13 0.0680943
0.132 0.0717127
0.134 0.0754933
0.136 0.0794414
0.138 0.0835626
0.14 0.0878625
0.142 0.0923467
0.144 0.097021
0.146 0.101891
0.148 0.106963
0.15 0.112243
0.152 0.117736
0.154 0.123448
0.156 0.129386
0.158 0.135555
0.16 0.141962
0.162 0.148612
0.164 0.155511
0.166 0.162666
0.168 0.170081
0.17 0.177764
0.172 0.185719
0.174 0.193953
0.176 0.202471
0.178 0.211278
0.18 0.22038
0.182 0.229783
0.184 0.239491
0.186 0.249509
0.188 0.259842
0.19 0.270495
0.192 0.281472
0.194 0.292778
0.196 0.304416
0.198 0.31639
0.2 0.328703
0.202 0.341359
0.204 0.35436
0.206 0.36771
0.208 0.38141
0.21 0.395462
0.212 0.409868
0.214 0.424628
0.216 0.439745
0.218 0.455217
0.22 0.471045
0.222 0.487229
0.224 0.503767
0.226 0.520658
0.228 0.537901
0.23 0.555492
0.232 0.573429
0.234 0.591709
0.236 0.610327
0.238 0.629279
0.24 0.64856
0.242 0.668164
0.244 0.688086
0.246 0.708319
0.248 0.728855
0.25 0.749686
0.252 0.770804
0.254 0.7922
0.256 0.813865
0.258 0.835787
0.26 0.857957
0.262 0.880363
0.264 0.902992
0.266 0.925833
0.268 0.948872
0.27 0.972096
0.272 0.995489
0.274 1.01904
0.276 1.04273
0.278 1.06654
0.28 1.09046
0.282 1.11447
0.284 1.13855
0.286 1.16269
0.288 1.18687
0.29 1.21106
0.292 1.23526
0.294 1.25943
0.296 1.28356
0.298 1.30763
0.3 1.33162
0.302 1.35551
0.304 1.37928
0.306 1.4029
0.308 1.42635
0.31 1.44962
0.312 1.47267
0.314 1.4955
0.316 1.51807
0.318 1.54036
0.32 1.56236
0.322 1.58404
0.324 1.60538
0.326 1.62635
0.328 1.64694
0.33 1.66712
0.332 1.68688
0.334 1.70618
0.336 1.72502
0.338 1.74337
0.34 1.76121
0.342 1.77852
0.344 1.79528
0.346 1.81147
0.348 1.82708
0.35 1.84209
0.352 1.85647
0.354 1.87023
0.356 1.88332
0.358 1.89576
0.36 1.90751
0.362 1.91857
0.364 1.92892
0.366 1.93855
0.368 1.94745
0.37 1.9556
0.372 1.96301
0.374 1.96966
0.376 1.97553
0.378 1.98064
0.38 1.98496
0.382 1.9885
0.384 1.99124
0.386 1.99319
0.388 1.99435
0.39 1.99471
0.392 1.99427
0.394 1.99304
0.396 1.991
0.398 1.98818
0.4 1.98456
0.402 1.98016
0.404 1.97498
0.406 1.96903
0.408 1.9623
0.41 1.95482
0.412 1.94659
0.414 1.93762
0.416 1.92791
0.418 1.91749
0.42 1.90637
0.422 1.89455
0.424 1.88204
0.426 1.86888
0.428 1.85506
0.43 1.84061
0.432 1.82555
0.434 1.80988
0.436 1.79363
0.438 1.77681
0.44 1.75945
0.442 1.74156
0.444 1.72316
0.446 1.70427
0.448 1.68492
0.45 1.66512
0.452 1.6449
0.454 1.62427
0.456 1.60326
0.458 1.58189
0.46 1.56018
0.462 1.53815
0.464 1.51582
0.466 1.49323
0.468 1.47038
0.47 1.4473
0.472 1.42401
0.474 1.40054
0.476 1.37691
0.478 1.35313
0.48 1.32923
0.482 1.30523
0.484 1.28115
0.486 1.25701
0.488 1.23284
0.49 1.20864
0.492 1.18445
0.494 1.16028
0.496 1.13614
0.498 1.11207
0.5 1.08806
0.502 1.06415
0.504 1.04035
0.506 1.01668
0.508 0.993143
0.51 0.969765
0.512 0.94656
0.514 0.92354
0.516 0.90072
0.518 0.878112
0.52 0.855729
0.522 0.833584
0.524 0.811686
0.526 0.790048
0.528 0.76868
0.53 0.74759
0.532 0.726787
0.534 0.706282
0.536 0.68608
0.538 0.666189
0.54 0.646617
0.542 0.627369
0.544 0.60845
0.546 0.589865
0.548 0.57162
0.55 0.553717
0.552 0.536161
0.554 0.518953
0.556 0.502097
0.558 0.485595
0.56 0.469446
0.562 0.453654
0.564 0.438217
0.566 0.423136
0.568 0.408411
0.57 0.394041
0.572 0.380024
0.574 0.366359
0.576 0.353044
0.578 0.340078
0.58 0.327456
0.582 0.315177
0.584 0.303237
0.586 0.291632
0.588 0.28036
0.59 0.269415
0.592 0.258794
0.594 0.248493
0.596 0.238506
0.598 0.228829
0.6 0.219456
0.602 0.210384
0.604 0.201606
0.606 0.193117
0.608 0.184911
0.61 0.176983
0.612 0.169327
0.614 0.161938
0.616 0.154809
0.618 0.147935
0.62 0.14131
0.622 0.134927
0.624 0.128781
0.626 0.122866
0.628 0.117176
0.63 0.111704
0.632 0.106446
0.634 0.101394
0.636 0.0965435
0.638 0.0918883
0.64 0.0874226
0.642 0.0831407
0.644 0.0790368
0.646 0.0751055
0.648 0.0713412
0.65 0.0677384
0.652 0.0642919
0.654 0.0609963
0.656 0.0578466
0.658 0.0548375
0.66 0.0519641
0.662 0.0492217
0.664 0.0466053
0.666 0.0441103
0.668 0.0417322
0.67 0.0394666
0.672 0.037309
0.674 0.0352552
0.676 0.0333012
0.678 0.0314429
0.68 0.0296765
0.682 0.027998
0.684 0.026404
0.686 0.0248907
0.688 0.0234548
0.69 0.0220929
0.692 0.0208017
0.694 0.0195782
0.696 0.0184192
0.698 0.017322
0.7 0.0162835
0.702 0.0153013
0.704 0.0143725
0.706 0.0134947
0.708 0.0126654
0.71 0.0118824
0.712 0.0111433
0.714 0.010446
0.716 0.00978837
0.718 0.00916851
0.72 0.00858447
0.722 0.00803442
0.724 0.00751661
0.726 0.00702936
0.728 0.00657106
0.73 0.00614019
0.732 0.00573528
0.734 0.00535492
0.736 0.00499779
0.738 0.00466261
0.74 0.00434818
0.742 0.00405332
0.744 0.00377695
0.746 0.00351801
0.748 0.00327552
0.75 0.00304852
0.752 0.00283612
0.754 0.00263746
0.756 0.00245174
0.758 0.00227818
0.76 0.00211606
0.762 0.0019647
0.764 0.00182343
0.766 0.00169164
0.768 0.00156875
0.77 0.0014542
0.772 0.00134748
0.774 0.0012481
0.776 0.00115558
0.778 0.00106949
0.78 0.000989416
0.782 0.000914973
0.784 0.000845793
0.786 0.000781531
0.788 0.000721863
0.79 0.000666484
0.792 0.000615107
0.794 0.000567463
0.796 0.000523301
0.798 0.000482382
0.8 0.000444485
0.802 0.000409402
0.804 0.000376937
0.806 0.000346907
0.808 0.000319143
0.81 0.000293483
0.812 0.000269778
0.814 0.000247889
0.816 0.000227684
0.818 0.000209043
0.82 0.000191851
0.822 0.000176003
0.824 0.000161399
0.826 0.000147948
0.828 0.000135564
0.83 0.000124166
0.832 0.000113682
0.834 0.000104041
0.836 9.51793e-05
0.838 8.70379e-05
0.84 7.9561e-05
0.842 7.26973e-05
0.844 6.63992e-05
0.846 6.06224e-05
0.848 5.53261e-05
0.85 5.04724e-05
0.852 4.6026e-05
0.854 4.19546e-05
0.856 3.8228e-05
0.858 3.48185e-05
0.86 3.17004e-05
0.862 2.885e-05
0.864 2.62454e-05
0.866 2.38664e-05
0.868 2.16943e-05
0.87 1.97121e-05
0.872 1.79038e-05
0.874 1.62549e-05
0.876 1.47519e-05
0.878 1.33826e-05
0.88 1.21355e-05
0.882 1.10002e-05
0.884 9.96716e-06
0.886 9.02751e-06
0.888 8.17318e-06
0.89 7.39674e-06
0.892 6.69138e-06
0.894 6.05086e-06
0.896 5.46947e-06
0.898 4.94197e-06
0.9 4.46356e-06
0.902 4.02985e-06
0.904 3.63682e-06
0.906 3.28082e-06
0.908 2.95849e-06
0.91 2.66675e-06
0.912 2.40283e-06
0.914 2.16416e-06
0.916 1.94843e-06
0.918 1.7535e-06
0.92 1.57745e-06
0.922 1.41851e-06
0.924 1.27507e-06
0.926 1.1457e-06
0.928 1.02904e-06
0.93 9.239e-07
0.932 8.29182e-07
0.934 7.43887e-07
0.936 6.67112e-07
0.938 5.98036e-07
0.94 5.35915e-07
0.942 4.80073e-07
0.944 4.299e-07
0.946 3.84842e-07
0.948 3.44396e-07
0.95 3.0811e-07
0.952 2.75574e-07
0.954 2.46417e-07
0.956 2.20305e-07
0.958 1.96935e-07
0.96 1.76036e-07
0.962 1.57362e-07
0.964 1.40693e-07
0.966 1.2583e-07
0.968 1.12595e-07
0.97 1.00829e-07
0.972 9.03881e-08
0.974 8.11452e-08
0.976 7.29866e-08
0.978 6.58112e-08
0.98 5.95299e-08
0.982 5.40641e-08
0.984 4.93451e-08
0.986 4.53132e-08
0.988 4.19174e-08
0.99 3.91145e-08
0.992 3.68686e-08
0.994 3.51511e-08
0.996 3.39398e-08
0.998 3.32192e-08
