-1 0.775607
-0.99 0.775453
-0.98 0.775025
-0.97 0.774277
-0.96 0.773283
-0.95 0.77193
-0.94 0.770387
-0.93 0.768423
-0.92 0.76635
-0.91 0.763773
-0.9 0.761187
-0.89 0.758007
-0.88 0.754915
-0.87 0.751155
-0.86 0.747555
-0.85 0.743259
-0.84 0.739129
-0.83 0.734361
-0.82 0.729667
-0.81 0.724503
-0.8 0.719214
-0.79 0.713718
-0.78 0.707834
-0.77 0.702023
-0.76 0.69561
-0.75 0.689431
-0.74 0.682627
-0.73 0.675974
-0.72 0.66894
-0.71 0.661734
-0.7 0.65455
-0.69 0.646845
-0.68 0.639429
-0.67 0.631441
-0.66 0.623602
-0.65 0.615562
-0.64 0.607214
-0.63 0.599132
-0.62 0.590481
-0.61 0.5821
-0.6 0.573487
-0.59 0.564629
-0.58 0.556091
-0.57 0.547016
-0.56 0.538195
-0.55 0.529314
-0.54 0.520067
-0.53 0.511257
-0.52 0.50205
-0.51 0.492847
-0.5 0.483961
-0.49 0.474576
-0.48 0.465496
-0.47 0.456521
-0.46 0.447109
-0.45 0.438164
-0.44 0.429158
-0.43 0.419816
-0.42 0.411012
-0.41 0.402076
-0.4 0.392853
-0.39 0.384203
-0.38 0.375448
-0.37 0.366373
-0.36 0.357879
-0.35 0.34942
-0.34 0.340541
-0.33 0.33216
-0.32 0.324092
-0.31 0.315536
-0.3 0.307188
-0.29 0.299477
-0.28 0.291493
-0.27 0.283209
-0.26 0.275573
-0.25 0.268312
-0.24 0.260542
-0.23 0.252704
-0.22 0.245656
-0.21 0.238927
-0.2 0.231624
-0.19 0.224107
-0.18 0.217368
-0.17 0.211379
-0.16 0.205118
-0.15 0.198046
-0.14 0.190857
-0.13 0.184756
-0.12 0.180408
-0.11 0.177647
-0.1 0.175877
-0.09 0.174567
-0.08 0.173441
-0.07 0.17242
-0.06 0.171511
-0.05 0.170732
-0.04 0.170093
-0.03 0.169596
-0.02 0.169241
-0.01 0.169028
0 0.168957
0.01 0.169028
0.02 0.169241
0.03 0.169596
0.04 0.170093
0.05 0.170732
0.06 0.171511
0.07 0.17242
0.08 0.173441
0.09 0.174567
0.1 0.175877
0.11 0.177647
0.12 0.180408
0.13 0.184756
0.14 0.190857
0.15 0.198046
0.16 0.205118
0.17 0.211379
0.18 0.217368
0.19 0.224107
0.2 0.231624
0.21 0.238927
0.22 0.245656
0.23 0.252704
0.24 0.260542
0.25 0.268312
0.26 0.275573
0.27 0.283209
0.28 0.291493
0.29 0.299477
0.3 0.307188
0.31 0.315536
0.32 0.324092
0.33 0.33216
0.34 0.340541
0.35 0.34942
0.36 0.357879
0.37 0.366373
0.38 0.375448
0.39 0.384203
0.4 0.392853
0.41 0.402076
0.42 0.411012
0.43 0.419816
0.44 0.429158
0.45 0.438164
0.46 0.447109
0.47 0.456521
0.48 0.465496
0.49 0.474576
0.5 0.483961
0.51 0.492847
0.52 0.50205
0.53 0.511257
0.54 0.520067
0.55 0.529314
0.56 0.538195
0.57 0.547016
0.58 0.556091
0.59 0.564629
0.6 0.573487
0.61 0.5821
0.62 0.590481
0.63 0.599132
0.64 0.607214
0.65 0.615562
0.66 0.623602
0.67 0.631441
0.68 0.639429
0.69 0.646845
0.7 0.65455
0.71 0.661734
0.72 0.66894
0.73 0.675974
0.74 0.682627
0.75 0.689431
0.76 0.69561
0.77 0.702023
0.78 0.707834
0.79 0.713718
0.8 0.719214
0.81 0.724503
0.82 0.729667
0.83 0.734361
0.84 0.739129
0.85 0.743259
0.86 0.747555
0.87 0.751155
0.88 0.754915
0.89 0.758007
0.9 0.761187
0.91 0.763773
0.92 0.76635
0.93 0.768423
0.94 0.770387
0.95 0.77193
0.96 0.773283
0.97 0.774277
0.98 0.775025
0.99 0.775453
