-1 0.238337
-0.99 0.238793
-0.98 0.238618
-0.97 0.239305
-0.96 0.239478
-0.95 0.240295
-0.94 0.240946
-0.93 0.24173
-0.92 0.242998
-0.91 0.243698
-0.9 0.245424
-0.89 0.246455
-0.88 0.24798
-0.87 0.249957
-0.86 0.251139
-0.85 0.253302
-0.84 0.255545
-0.83 0.256949
-0.82 0.259337
-0.81 0.262316
-0.8 0.264145
-0.79 0.265761
-0.78 0.269234
-0.77 0.274899
-0.76 0.281749
-0.75 0.288935
-0.74 0.296175
-0.73 0.303456
-0.72 0.310801
-0.71 0.318215
-0.7 0.325693
-0.69 0.333232
-0.68 0.340829
-0.67 0.348478
-0.66 0.356177
-0.65 0.363922
-0.64 0.371707
-0.63 0.37953
-0.62 0.387385
-0.61 0.395268
-0.6 0.403174
-0.59 0.411099
-0.58 0.419038
-0.57 0.426985
-0.56 0.434936
-0.55 0.442886
-0.54 0.450829
-0.53 0.45876
-0.52 0.466674
-0.51 0.474565
-0.5 0.482428
-0.49 0.490257
-0.48 0.498048
-0.47 0.505793
-0.46 0.513488
-0.45 0.521126
-0.44 0.528703
-0.43 0.536212
-0.42 0.543647
-0.41 0.551004
-0.4 0.558276
-0.39 0.565457
-0.38 0.572542
-0.37 0.579525
-0.36 0.5864
-0.35 0.593163
-0.34 0.599807
-0.33 0.606326
-0.32 0.612717
-0.31 0.618972
-0.3 0.625087
-0.29 0.631058
-0.28 0.636877
-0.27 0.642542
-0.26 0.648046
-0.25 0.653385
-0.24 0.658555
-0.23 0.663551
-0.22 0.668368
-0.21 0.673002
-0.2 0.67745
-0.19 0.681707
-0.18 0.685769
-0.17 0.689633
-0.16 0.693295
-0.15 0.696753
-0.14 0.700002
-0.13 0.70304
-0.12 0.705865
-0.11 0.708473
-0.1 0.710862
-0.09 0.713031
-0.08 0.714977
-0.07 0.716698
-0.06 0.718192
-0.05 0.719459
-0.04 0.720498
-0.03 0.721306
-0.02 0.721884
-0.01 0.722231
0 0.722347
0.01 0.722231
0.02 0.721884
0.03 0.721306
0.04 0.720498
0.05 0.719459
0.06 0.718192
0.07 0.716698
0.08 0.714977
0.09 0.713031
0.1 0.710862
0.11 0.708473
0.12 0.705865
0.13 0.70304
0.14 0.700002
0.15 0.696753
0.16 0.693295
0.17 0.689633
0.18 0.685769
0.19 0.681707
0.2 0.67745
0.21 0.673002
0.22 0.668368
0.23 0.663551
0.24 0.658555
0.25 0.653385
0.26 0.648046
0.27 0.642542
0.28 0.636877
0.29 0.631058
0.3 0.625087
0.31 0.618972
0.32 0.612717
0.33 0.606326
0.34 0.599807
0.35 0.593163
0.36 0.5864
0.37 0.579525
0.38 0.572542
0.39 0.565457
0.4 0.558276
0.41 0.551004
0.42 0.543647
0.43 0.536212
0.44 0.528703
0.45 0.521126
0.46 0.513488
0.47 0.505793
0.48 0.498048
0.49 0.490257
0.5 0.482428
0.51 0.474565
0.52 0.466674
0.53 0.45876
0.54 0.450829
0.55 0.442886
0.56 0.434936
0.57 0.426985
0.58 0.419038
0.59 0.411099
0.6 0.403174
0.61 0.395268
0.62 0.387385
0.63 0.37953
0.64 0.371707
0.65 0.363922
0.66 0.356177
0.67 0.348478
0.68 0.340829
0.69 0.333232
0.7 0.325693
0.71 0.318215
0.72 0.310801
0.73 0.303456
0.74 0.296175
0.75 0.288935
0.76 0.281749
0.77 0.274899
0.78 0.269234
0.79 0.265761
0.8 0.264145
0.81 0.262316
0.82 0.259337
0.83 0.256949
0.84 0.255545
0.85 0.253302
0.86 0.251139
0.87 0.249957
0.88 0.24798
0.89 0.246455
0.9 0.245424
0.91 0.243698
0.92 0.242998
0.93 0.24173
0.94 0.240946
0.95 0.240295
0.96 0.239478
0.97 0.239305
0.98 0.238618
0.99 0.238793
