-1 4.41793e-15
-0.998 4.47803e-15
-0.996 4.65987e-15
-0.994 4.96809e-15
-0.992 5.41058e-15
-0.99 5.99861e-15
-0.988 6.74715e-15
-0.986 7.6752e-15
-0.984 8.80625e-15
-0.982 1.01688e-14
-0.98 1.17972e-14
-0.978 1.3732e-14
-0.976 1.60216e-14
-0.974 1.87228e-14
-0.972 2.19023e-14
-0.97 2.56383e-14
-0.968 3.00222e-14
-0.966 3.51607e-14
-0.964 4.11783e-14
-0.962 4.82201e-14
-0.96 5.6455e-14
-0.958 6.60792e-14
-0.956 7.73214e-14
-0.954 9.04467e-14
-0.952 1.05763e-13
-0.95 1.23629e-13
-0.948 1.44459e-13
-0.946 1.68735e-13
-0.944 1.97013e-13
-0.942 2.29942e-13
-0.94 2.68269e-13
-0.938 3.1286e-13
-0.936 3.64719e-13
-0.934 4.25005e-13
-0.932 4.95058e-13
-0.93 5.76429e-13
-0.928 6.70907e-13
-0.926 7.80558e-13
-0.924 9.07767e-13
-0.922 1.05529e-12
-0.92 1.22629e-12
-0.918 1.42443e-12
-0.916 1.65393e-12
-0.914 1.91963e-12
-0.912 2.22713e-12
-0.91 2.58285e-12
-0.908 2.99419e-12
-0.906 3.46965e-12
-0.904 4.019e-12
-0.902 4.65347e-12
-0.9 5.38595e-12
-0.898 6.23124e-12
-0.896 7.2063e-12
-0.894 8.3306e-12
-0.892 9.62646e-12
-0.89 1.11195e-11
-0.888 1.28389e-11
-0.886 1.48182e-11
-0.884 1.70959e-11
-0.882 1.97157e-11
-0.88 2.2728e-11
-0.878 2.619e-11
-0.876 3.01673e-11
-0.874 3.47347e-11
-0.872 3.99776e-11
-0.87 4.59935e-11
-0.868 5.28935e-11
-0.866 6.08043e-11
-0.864 6.98703e-11
-0.862 8.02559e-11
-0.86 9.21485e-11
-0.858 1.05761e-10
-0.856 1.21336e-10
-0.854 1.39149e-10
-0.852 1.59513e-10
-0.85 1.82784e-10
-0.848 2.09366e-10
-0.846 2.39718e-10
-0.844 2.74361e-10
-0.842 3.13884e-10
-0.84 3.58957e-10
-0.838 4.10339e-10
-0.836 4.68888e-10
-0.834 5.35577e-10
-0.832 6.11506e-10
-0.83 6.97921e-10
-0.828 7.96228e-10
-0.826 9.08019e-10
-0.824 1.03509e-09
-0.822 1.17948e-09
-0.82 1.34346e-09
-0.818 1.52964e-09
-0.816 1.74092e-09
-0.814 1.98058e-09
-0.812 2.25235e-09
-0.81 2.56037e-09
-0.808 2.90936e-09
-0.806 3.30459e-09
-0.804 3.75201e-09
-0.802 4.25831e-09
-0.8 4.831e-09
-0.798 5.47851e-09
-0.796 6.21033e-09
-0.794 7.03708e-09
-0.792 7.97071e-09
-0.79 9.0246e-09
-0.788 1.02137e-08
-0.786 1.1555e-08
-0.784 1.30671e-08
-0.782 1.47711e-08
-0.78 1.66908e-08
-0.778 1.88523e-08
-0.776 2.12853e-08
-0.774 2.40226e-08
-0.772 2.71011e-08
-0.77 3.0562e-08
-0.768 3.44509e-08
-0.766 3.88193e-08
-0.764 4.3724e-08
-0.762 4.92287e-08
-0.76 5.54043e-08
-0.758 6.23296e-08
-0.756 7.00926e-08
-0.754 7.87909e-08
-0.752 8.85332e-08
-0.75 9.94403e-08
-0.748 1.11647e-07
-0.746 1.25301e-07
-0.744 1.40569e-07
-0.742 1.57634e-07
-0.74 1.76701e-07
-0.738 1.97994e-07
-0.736 2.21765e-07
-0.734 2.4829e-07
-0.732 2.77877e-07
-0.73 3.10865e-07
-0.728 3.4763e-07
-0.726 3.88588e-07
-0.724 4.34197e-07
-0.722 4.84966e-07
-0.72 5.41455e-07
-0.718 6.04281e-07
-0.716 6.74128e-07
-0.714 7.51747e-07
-0.712 8.37968e-07
-0.71 9.33705e-07
-0.708 1.03996e-06
-0.706 1.15785e-06
-0.704 1.28859e-06
-0.702 1.43351e-06
-0.7 1.59409e-06
-0.698 1.77196e-06
-0.696 1.96888e-06
-0.694 2.18681e-06
-0.692 2.4279e-06
-0.69 2.69448e-06
-0.688 2.98914e-06
-0.686 3.3147e-06
-0.684 3.67424e-06
-0.682 4.07115e-06
-0.68 4.50914e-06
-0.678 4.99225e-06
-0.676 5.52491e-06
-0.674 6.11195e-06
-0.672 6.75867e-06
-0.67 7.47083e-06
-0.668 8.25473e-06
-0.666 9.11724e-06
-0.664 1.00658e-05
-0.662 1.11087e-05
-0.66 1.22547e-05
-0.658 1.35135e-05
-0.656 1.48956e-05
-0.654 1.64126e-05
-0.652 1.80768e-05
-0.65 1.99017e-05
-0.648 2.19022e-05
-0.646 2.40941e-05
-0.644 2.64948e-05
-0.642 2.9123e-05
-0.64 3.19991e-05
-0.638 3.51452e-05
-0.636 3.85852e-05
-0.634 4.23449e-05
-0.632 4.64524e-05
-0.63 5.09379e-05
-0.628 5.58343e-05
-0.626 6.11768e-05
-0.624 6.70037e-05
-0.622 7.33563e-05
-0.62 8.0279e-05
-0.618 8.78199e-05
-0.616 9.60307e-05
-0.614 0.000104967
-0.612 0.000114689
-0.61 0.000125262
-0.608 0.000136755
-0.606 0.000149242
-0.604 0.000162804
-0.602 0.000177528
-0.6 0.000193506
-0.598 0.000210838
-0.596 0.00022963
-0.594 0.000249997
-0.592 0.000272062
-0.59 0.000295955
-0.588 0.000321819
-0.586 0.000349802
-0.584 0.000380067
-0.582 0.000412786
-0.58 0.000448141
-0.578 0.000486331
-0.576 0.000527563
-0.574 0.000572063
-0.572 0.000620068
-0.57 0.000671832
-0.568 0.000727627
-0.566 0.000787741
-0.564 0.000852479
-0.562 0.000922169
-0.56 0.000997158
-0.558 0.00107781
-0.556 0.00116453
-0.554 0.00125771
-0.552 0.00135781
-0.55 0.00146529
-0.548 0.00158065
-0.546 0.0017044
-0.544 0.00183711
-0.542 0.00197936
-0.54 0.00213177
-0.538 0.002295
-0.536 0.00246974
-0.534 0.00265672
-0.532 0.00285672
-0.53 0.00307054
-0.528 0.00329905
-0.526 0.00354314
-0.524 0.00380377
-0.522 0.00408195
-0.52 0.00437871
-0.518 0.00469517
-0.516 0.00503249
-0.514 0.00539188
-0.512 0.00577463
-0.51 0.00618208
-0.508 0.00661562
-0.506 0.00707674
-0.504 0.00756698
-0.502 0.00808794
-0.5 0.00864131
-0.498 0.00922885
-0.496 0.00985239
-0.494 0.0105139
-0.492 0.0112152
-0.49 0.0119586
-0.488 0.0127462
-0.486 0.0135802
-0.484 0.014463
-0.482 0.015397
-0.48 0.0163848
-0.478 0.017429
-0.476 0.0185323
-0.474 0.0196975
-0.472 0.0209277
-0.47 0.0222258
-0.468 0.023595
-0.466 0.0250385
-0.464 0.0265597
-0.462 0.028162
-0.46 0.0298491
-0.458 0.0316246
-0.456 0.0334923
-0.454 0.0354561
-0.452 0.03752
-0.45 0.0396882
-0.448 0.0419649
-0.446 0.0443545
-0.444 0.0468614
-0.442 0.0494902
-0.44 0.0522455
-0.438 0.0551322
-0.436 0.0581552
-0.434 0.0613193
-0.432 0.0646297
-0.43 0.0680917
-0.428 0.0717103
-0.426 0.0754911
-0.424 0.0794394
-0.422 0.0835608
-0.42 0.0878609
-0.418 0.0923453
-0.416 0.0970198
-0.414 0.10189
-0.412 0.106962
-0.41 0.112242
-0.408 0.117735
-0.406 0.123447
-0.404 0.129385
-0.402 0.135555
-0.4 0.141961
-0.398 0.148611
-0.396 0.155511
-0.394 0.162665
-0.392 0.170081
-0.39 0.177764
-0.388 0.185719
-0.386 0.193953
-0.384 0.202471
-0.382 0.211278
-0.38 0.220381
-0.378 0.229783
-0.376 0.239491
-0.374 0.24951
-0.372 0.259843
-0.37 0.270496
-0.368 0.281473
-0.366 0.292779
-0.364 0.304417
-0.362 0.316391
-0.36 0.328704
-0.358 0.341361
-0.356 0.354362
-0.354 0.367712
-0.352 0.381412
-0.35 0.395464
-0.348 0.409871
-0.346 0.424632
-0.344 0.439748
-0.342 0.455221
-0.34 0.47105
-0.338 0.487234
-0.336 0.503773
-0.334 0.520664
-0.332 0.537907
-0.33 0.555499
-0.328 0.573437
-0.326 0.591718
-0.324 0.610337
-0.322 0.62929
-0.32 0.648572
-0.318 0.668178
-0.316 0.688101
-0.314 0.708335
-0.312 0.728872
-0.31 0.749705
-0.308 0.770826
-0.306 0.792224
-0.304 0.813891
-0.302 0.835816
-0.3 0.857989
-0.298 0.880398
-0.296 0.903031
-0.294 0.925875
-0.292 0.948918
-0.29 0.972146
-0.288 0.995544
-0.286 1.0191
-0.284 1.04279
-0.282 1.06661
-0.28 1.09054
-0.278 1.11456
-0.276 1.13865
-0.274 1.1628
-0.272 1.18698
-0.27 1.21119
-0.268 1.23539
-0.266 1.25958
-0.264 1.28372
-0.262 1.30781
-0.26 1.33182
-0.258 1.35572
-0.256 1.3795
-0.254 1.40314
-0.252 1.42662
-0.25 1.44991
-0.248 1.47299
-0.246 1.49584
-0.244 1.51845
-0.242 1.54077
-0.24 1.56281
-0.238 1.58452
-0.236 1.6059
-0.234 1.62692
-0.232 1.64755
-0.23 1.66779
-0.228 1.6876
-0.226 1.70696
-0.224 1.72587
-0.222 1.74428
-0.22 1.7622
-0.218 1.77958
-0.216 1.79643
-0.214 1.81272
-0.212 1.82843
-0.21 1.84354
-0.208 1.85804
-0.206 1.87192
-0.204 1.88515
-0.202 1.89772
-0.2 1.90963
-0.198 1.92085
-0.196 1.93137
-0.194 1.94118
-0.192 1.95028
-0.19 1.95865
-0.188 1.96629
-0.186 1.97317
-0.184 1.97931
-0.182 1.98469
-0.18 1.98931
-0.178 1.99316
-0.176 1.99624
-0.174 1.99855
-0.172 2.00009
-0.17 2.00085
-0.168 2.00084
-0.166 2.00006
-0.164 1.99852
-0.162 1.99621
-0.16 1.99315
-0.158 1.98933
-0.156 1.98477
-0.154 1.97947
-0.152 1.97345
-0.15 1.9667
-0.148 1.95925
-0.146 1.95111
-0.144 1.94229
-0.142 1.93279
-0.14 1.92265
-0.138 1.91187
-0.136 1.90046
-0.134 1.88846
-0.132 1.87587
-0.13 1.86271
-0.128 1.849
-0.126 1.83477
-0.124 1.82003
-0.122 1.80481
-0.12 1.78912
-0.118 1.773
-0.116 1.75646
-0.114 1.73953
-0.112 1.72223
-0.11 1.70459
-0.108 1.68663
-0.106 1.66838
-0.104 1.64987
-0.102 1.63111
-0.1 1.61214
-0.098 1.59299
-0.096 1.57367
-0.094 1.55422
-0.092 1.53467
-0.09 1.51504
-0.088 1.49535
-0.086 1.47565
-0.084 1.45594
-0.082 1.43627
-0.08 1.41665
-0.078 1.39712
-0.076 1.37769
-0.074 1.35841
-0.072 1.33928
-0.07 1.32035
-0.068 1.30163
-0.066 1.28314
-0.064 1.26492
-0.062 1.24699
-0.06 1.22937
-0.058 1.21209
-0.056 1.19516
-0.054 1.17861
-0.052 1.16247
-0.05 1.14675
-0.048 1.13147
-0.046 1.11666
-0.044 1.10233
-0.042 1.0885
-0.04 1.07519
-0.038 1.06241
-0.036 1.05019
-0.034 1.03854
-0.032 1.02747
-0.03 1.017
-0.028 1.00715
-0.026 0.997914
-0.024 0.989317
-0.022 0.981366
-0.02 0.974073
-0.018 0.967446
-0.016 0.961494
-0.014 0.956224
-0.012 0.951644
-0.01 0.947758
-0.008 0.944572
-0.006 0.94209
-0.004 0.940314
-0.002 0.939248
0 0.938893
0.002 0.939248
0.004 0.940314
0.006 0.94209
0.008 0.944572
0.01 0.947758
0.012 0.951644
0.014 0.956224
0.016 0.961494
0.018 0.967446
0.02 0.974073
0.022 0.981366
0.024 0.989317
0.026 0.997914
0.028 1.00715
0.03 1.017
0.032 1.02747
0.034 1.03854
0.036 1.05019
0.038 1.06241
0.04 1.07519
0.042 1.0885
0.044 1.10233
0.046 1.11666
0.048 1.13147
0.05 1.14675
0.052 1.16247
0.054 1.17861
0.056 1.19516
0.058 1.21209
0.06 1.22937
0.062 1.24699
0.064 1.26492
0.066 1.28314
0.068 1.30163
0.07 1.32035
0.072 1.33928
0.074 1.35841
0.076 1.37769
0.078 1.39712
0.08 1.41665
0.082 1.43627
0.084 1.45594
0.086 1.47565
0.088 1.49535
0.09 1.51504
0.092 1.53467
0.094 1.55422
0.096 1.57367
0.098 1.59299
0.1 1.61214
0.102 1.63111
0.104 1.64987
0.106 1.66838
0.108 1.68663
0.11 1.70459
0.112 1.72223
0.114 1.73953
0.116 1.75646
0.118 1.773
0.12 1.78912
0.122 1.80481
0.124 1.82003
0.126 1.83477
0.128 1.849
0.13 1.86271
0.132 1.87587
0.134 1.88846
0.136 1.90046
0.138 1.91187
0.14 1.92265
0.142 1.93279
0.144 1.94229
0.146 1.95111
0.148 1.95925
0.15 1.9667
0.152 1.97345
0.154 1.97947
0.156 1.98477
0.158 1.98933
0.16 1.99315
0.162 1.99621
0.164 1.99852
0.166 2.00006
0.168 2.00084
0.17 2.00085
0.172 2.00009
0.174 1.99855
0.176 1.99624
0.178 1.99316
0.18 1.98931
0.182 1.98469
0.184 1.97931
0.186 1.97317
0.188 1.96629
0.19 1.95865
0.192 1.95028
0.194 1.94118
0.196 1.93137
0.198 1.92085
0.2 1.90963
0.202 1.89772
0.204 1.88515
0.206 1.87192
0.208 1.85804
0.21 1.84354
0.212 1.82843
0.214 1.81272
0.216 1.79643
0.218 1.77958
0.22 1.7622
0.222 1.74428
0.224 1.72587
0.226 1.70696
0.228 1.6876
0.23 1.66779
0.232 1.64755
0.234 1.62692
0.236 1.6059
0.238 1.58452
0.24 1.56281
0.242 1.54077
0.244 1.51845
0.246 1.49584
0.248 1.47299
0.25 1.44991
0.252 1.42662
0.254 1.40314
0.256 1.3795
0.258 1.35572
0.26 1.33182
0.262 1.30781
0.264 1.28372
0.266 1.25958
0.268 1.23539
0.27 1.21119
0.272 1.18698
0.274 1.1628
0.276 1.13865
0.278 1.11456
0.28 1.09054
0.282 1.06661
0.284 1.04279
0.286 1.0191
0.288 0.995544
0.29 0.972146
0.292 0.948918
0.294 0.925875
0.296 0.903031
0.298 0.880398
0.3 0.857989
0.302 0.835816
0.304 0.813891
0.306 0.792224
0.308 0.770826
0.31 0.749705
0.312 0.728872
0.314 0.708335
0.316 0.688101
0.318 0.668178
0.32 0.648572
0.322 0.62929
0.324 0.610337
0.326 0.591718
0.328 0.573437
0.33 0.555499
0.332 0.537907
0.334 0.520664
0.336 0.503773
0.338 0.487234
0.34 0.47105
0.342 0.455221
0.344 0.439748
0.346 0.424632
0.348 0.409871
0.35 0.395464
0.352 0.381412
0.354 0.367712
0.356 0.354362
0.358 0.341361
0.36 0.328704
0.362 0.316391
0.364 0.304417
0.366 0.292779
0.368 0.281473
0.37 0.270496
0.372 0.259843
0.374 0.24951
0.376 0.239491
0.378 0.229783
0.38 0.220381
0.382 0.211278
0.384 0.202471
0.386 0.193953
0.388 0.185719
0.39 0.177764
0.392 0.170081
0.394 0.162665
0.396 0.155511
0.398 0.148611
0.4 0.141961
0.402 0.135555
0.404 0.129385
0.406 0.123447
0.408 0.117735
0.41 0.112242
0.412 0.106962
0.414 0.10189
0.416 0.0970198
0.418 0.0923453
0.42 0.0878609
0.422 0.0835608
0.424 0.0794394
0.426 0.0754911
0.428 0.0717103
0.43 0.0680917
0.432 0.0646297
0.434 0.0613193
0.436 0.0581552
0.438 0.0551322
0.44 0.0522455
0.442 0.0494902
0.444 0.0468614
0.446 0.0443545
0.448 0.0419649
0.45 0.0396882
0.452 0.03752
0.454 0.0354561
0.456 0.0334923
0.458 0.0316246
0.46 0.0298491
0.462 0.028162
0.464 0.0265597
0.466 0.0250385
0.468 0.023595
0.47 0.0222258
0.472 0.0209277
0.474 0.0196975
0.476 0.0185323
0.478 0.017429
0.48 0.0163848
0.482 0.015397
0.484 0.014463
0.486 0.0135802
0.488 0.0127462
0.49 0.0119586
0.492 0.0112152
0.494 0.0105139
0.496 0.00985239
0.498 0.00922885
0.5 0.00864131
0.502 0.00808794
0.504 0.00756698
0.506 0.00707674
0.508 0.00661562
0.51 0.00618208
0.512 0.00577463
0.514 0.00539188
0.516 0.00503249
0.518 0.00469517
0.52 0.00437871
0.522 0.00408195
0.524 0.00380377
0.526 0.00354314
0.528 0.00329905
0.53 0.00307054
0.532 0.00285672
0.534 0.00265672
0.536 0.00246974
0.538 0.002295
0.54 0.00213177
0.542 0.00197936
0.544 0.00183711
0.546 0.0017044
0.548 0.00158065
0.55 0.00146529
0.552 0.00135781
0.554 0.00125771
0.556 0.00116453
0.558 0.00107781
0.56 0.000997158
0.562 0.000922169
0.564 0.000852479
0.566 0.000787741
0.568 0.000727627
0.57 0.000671832
0.572 0.000620068
0.574 0.000572063
0.576 0.000527563
0.578 0.000486331
0.58 0.000448141
0.582 0.000412786
0.584 0.000380067
0.586 0.000349802
0.588 0.000321819
0.59 0.000295955
0.592 0.000272062
0.594 0.000249997
0.596 0.00022963
0.598 0.000210838
0.6 0.000193506
0.602 0.000177528
0.604 0.000162804
0.606 0.000149242
0.608 0.000136755
0.61 0.000125262
0.612 0.000114689
0.614 0.000104967
0.616 9.60307e-05
0.618 8.78199e-05
0.62 8.0279e-05
0.622 7.33563e-05
0.624 6.70037e-05
0.626 6.11768e-05
0.628 5.58343e-05
0.63 5.09379e-05
0.632 4.64524e-05
0.634 4.23449e-05
0.636 3.85852e-05
0.638 3.51452e-05
0.64 3.19991e-05
0.642 2.9123e-05
0.644 2.64948e-05
0.646 2.40941e-05
0.648 2.19022e-05
0.65 1.99017e-05
0.652 1.80768e-05
0.654 1.64126e-05
0.656 1.48956e-05
0.658 1.35135e-05
0.66 1.22547e-05
0.662 1.11087e-05
0.664 1.00658e-05
0.666 9.11724e-06
0.668 8.25473e-06
0.67 7.47083e-06
0.672 6.75867e-06
0.674 6.11195e-06
0.676 5.52491e-06
0.678 4.99225e-06
0.68 4.50914e-06
0.682 4.07115e-06
0.684 3.67424e-06
0.686 3.3147e-06
0.688 2.98914e-06
0.69 2.69448e-06
0.692 2.4279e-06
0.694 2.18681e-06
0.696 1.96888e-06
0.698 1.77196e-06
0.7 1.59409e-06
0.702 1.43351e-06
0.704 1.28859e-06
0.706 1.15785e-06
0.708 1.03996e-06
0.71 9.33705e-07
0.712 8.37968e-07
0.714 7.51747e-07
0.716 6.74128e-07
0.718 6.04281e-07
0.72 5.41455e-07
0.722 4.84966e-07
0.724 4.34197e-07
0.726 3.88588e-07
0.728 3.4763e-07
0.73 3.10865e-07
0.732 2.77877e-07
0.734 2.4829e-07
0.736 2.21765e-07
0.738 1.97994e-07
0.74 1.76701e-07
0.742 1.57634e-07
0.744 1.40569e-07
0.746 1.25301e-07
0.748 1.11647e-07
0.75 9.94403e-08
0.752 8.85332e-08
0.754 7.87909e-08
0.756 7.00926e-08
0.758 6.23296e-08
0.76 5.54043e-08
0.762 4.92287e-08
0.764 4.3724e-08
0.766 3.88193e-08
0.768 3.44509e-08
0.77 3.0562e-08
0.772 2.71011e-08
0.774 2.40226e-08
0.776 2.12853e-08
0.778 1.88523e-08
0.78 1.66908e-08
0.782 1.47711e-08
0.784 1.30671e-08
0.786 1.1555e-08
0.788 1.02137e-08
0.79 9.0246e-09
0.792 7.97071e-09
0.794 7.03708e-09
0.796 6.21033e-09
0.798 5.47851e-09
0.8 4.831e-09
0.802 4.25831e-09
0.804 3.75201e-09
0.806 3.30459e-09
0.808 2.90936e-09
0.81 2.56037e-09
0.812 2.25235e-09
0.814 1.98058e-09
0.816 1.74092e-09
0.818 1.52964e-09
0.82 1.34346e-09
0.822 1.17948e-09
0.824 1.03509e-09
0.826 9.08019e-10
0.828 7.96228e-10
0.83 6.97921e-10
0.832 6.11506e-10
0.834 5.35577e-10
0.836 4.68888e-10
0.838 4.10339e-10
0.84 3.58957e-10
0.842 3.13884e-10
0.844 2.74361e-10
0.846 2.39718e-10
0.848 2.09366e-10
0.85 1.82784e-10
0.852 1.59513e-10
0.854 1.39149e-10
0.856 1.21336e-10
0.858 1.05761e-10
0.86 9.21485e-11
0.862 8.02559e-11
0.864 6.98703e-11
0.866 6.08043e-11
0.868 5.28935e-11
0.87 4.59935e-11
0.872 3.99776e-11
0.874 3.47347e-11
0.876 3.01673e-11
0.878 2.619e-11
0.88 2.2728e-11
0.882 1.97157e-11
0.884 1.70959e-11
0.886 1.48182e-11
0.888 1.28389e-11
0.89 1.11195e-11
0.892 9.62646e-12
0.894 8.3306e-12
0.896 7.2063e-12
0.898 6.23124e-12
0.9 5.38595e-12
0.902 4.65347e-12
0.904 4.019e-12
0.906 3.46965e-12
0.908 2.99419e-12
0.91 2.58285e-12
0.912 2.22713e-12
0.914 1.91963e-12
0.916 1.65393e-12
0.918 1.42443e-12
0.92 1.22629e-12
0.922 1.05529e-12
0.924 9.07767e-13
0.926 7.80558e-13
0.928 6.70907e-13
0.93 5.76429e-13
0.932 4.95058e-13
0.934 4.25005e-13
0.936 3.64719e-13
0.938 3.1286e-13
0.94 2.68269e-13
0.942 2.29942e-13
0.944 1.97013e-13
0.946 1.68735e-13
0.948 1.44459e-13
0.95 1.23629e-13
0.952 1.05763e-13
0.954 9.04467e-14
0.956 7.73214e-14
0.958 6.60792e-14
0.96 5.6455e-14
0.962 4.82201e-14
0.964 4.11783e-14
0.966 3.51607e-14
0.968 3.00222e-14
0.97 2.56383e-14
0.972 2.19023e-14
0.974 1.87228e-14
0.976 1.60216e-14
0.978 1.3732e-14
0.98 1.17972e-14
0.982 1.01688e-14
0.984 8.80625e-15
0.986 7.6752e-15
0.988 6.74715e-15
0.99 5.99861e-15
0.992 5.41058e-15
0.994 4.96809e-15
0.996 4.65987e-15
0.998 4.47803e-15
