-1 0.744515
-0.99 0.744446
-0.98 0.743998
-0.97 0.743428
-0.96 0.74245
-0.95 0.741395
-0.94 0.739878
-0.93 0.738354
-0.92 0.736295
-0.91 0.734315
-0.9 0.73172
-0.89 0.729287
-0.88 0.726178
-0.87 0.723282
-0.86 0.719702
-0.85 0.716313
-0.84 0.712327
-0.83 0.708404
-0.82 0.704082
-0.81 0.69959
-0.8 0.694985
-0.79 0.689932
-0.78 0.685038
-0.77 0.679506
-0.76 0.674241
-0.75 0.668383
-0.74 0.662621
-0.73 0.656592
-0.72 0.650269
-0.71 0.6441
-0.7 0.637327
-0.69 0.630863
-0.68 0.623899
-0.67 0.61693
-0.66 0.609961
-0.65 0.602496
-0.64 0.595388
-0.63 0.587753
-0.62 0.580186
-0.61 0.57266
-0.6 0.56463
-0.59 0.556997
-0.58 0.548961
-0.57 0.540828
-0.56 0.532989
-0.55 0.524586
-0.54 0.516459
-0.53 0.508342
-0.52 0.499758
-0.51 0.491631
-0.5 0.48328
-0.49 0.474634
-0.48 0.466496
-0.47 0.458011
-0.46 0.449354
-0.45 0.441223
-0.44 0.432719
-0.43 0.42406
-0.42 0.415968
-0.41 0.407571
-0.4 0.398912
-0.39 0.390859
-0.38 0.38271
-0.37 0.374101
-0.36 0.366004
-0.35 0.358209
-0.34 0.349855
-0.33 0.341584
-0.32 0.334015
-0.31 0.326281
-0.3 0.318011
-0.29 0.31017
-0.28 0.30302
-0.27 0.295575
-0.26 0.28753
-0.25 0.279856
-0.24 0.2731
-0.23 0.266469
-0.22 0.259042
-0.21 0.251091
-0.2 0.243818
-0.19 0.238179
-0.18 0.23425
-0.17 0.23149
-0.16 0.229298
-0.15 0.227317
-0.14 0.22543
-0.13 0.223634
-0.12 0.221949
-0.11 0.220388
-0.1 0.218956
-0.09 0.217654
-0.08 0.216485
-0.07 0.215449
-0.06 0.214548
-0.05 0.213784
-0.04 0.213157
-0.03 0.212669
-0.02 0.212319
-0.01 0.212109
0 0.212039
0.01 0.212109
0.02 0.212319
0.03 0.212669
0.04 0.213157
0.05 0.213784
0.06 0.214548
0.07 0.215449
0.08 0.216485
0.09 0.217654
0.1 0.218956
0.11 0.220388
0.12 0.221949
0.13 0.223634
0.14 0.22543
0.15 0.227317
0.16 0.229298
0.17 0.23149
0.18 0.23425
0.19 0.238179
0.2 0.243818
0.21 0.251091
0.22 0.259042
0.23 0.266469
0.24 0.2731
0.25 0.279856
0.26 0.28753
0.27 0.295575
0.28 0.30302
0.29 0.31017
0.3 0.318011
0.31 0.326281
0.32 0.334015
0.33 0.341584
0.34 0.349855
0.35 0.358209
0.36 0.366004
0.37 0.374101
0.38 0.38271
0.39 0.390859
0.4 0.398912
0.41 0.407571
0.42 0.415968
0.43 0.42406
0.44 0.432719
0.45 0.441223
0.46 0.449354
0.47 0.458011
0.48 0.466496
0.49 0.474634
0.5 0.48328
0.51 0.491631
0.52 0.499758
0.53 0.508342
0.54 0.516459
0.55 0.524586
0.56 0.532989
0.57 0.540828
0.58 0.548961
0.59 0.556997
0.6 0.56463
0.61 0.57266
0.62 0.580186
0.63 0.587753
0.64 0.595388
0.65 0.602496
0.66 0.609961
0.67 0.61693
0.68 0.623899
0.69 0.630863
0.7 0.637327
0.71 0.6441
0.72 0.650269
0.73 0.656592
0.74 0.662621
0.75 0.668383
0.76 0.674241
0.77 0.679506
0.78 0.685038
0.79 0.689932
0.8 0.694985
0.81 0.69959
0.82 0.704082
0.83 0.708404
0.84 0.712327
0.85 0.716313
0.86 0.719702
0.87 0.723282
0.88 0.726178
0.89 0.729287
0.9 0.73172
0.91 0.734315
0.92 0.736295
0.93 0.738354
0.94 0.739878
0.95 0.741395
0.96 0.74245
0.97 0.743428
0.98 0.743998
0.99 0.744446
