-1 0.674242
-0.99 0.674389
-0.98 0.673883
-0.97 0.673675
-0.96 0.672809
-0.95 0.672246
-0.94 0.671025
-0.93 0.670102
-0.92 0.668542
-0.91 0.667243
-0.9 0.665373
-0.89 0.663669
-0.88 0.661531
-0.87 0.659388
-0.86 0.657026
-0.85 0.654417
-0.84 0.651854
-0.83 0.648792
-0.82 0.646
-0.81 0.642562
-0.8 0.639447
-0.79 0.63577
-0.78 0.632201
-0.77 0.628418
-0.76 0.624328
-0.75 0.620449
-0.74 0.615945
-0.73 0.611792
-0.72 0.607134
-0.71 0.602471
-0.7 0.597837
-0.69 0.592667
-0.68 0.587887
-0.67 0.582562
-0.66 0.577268
-0.65 0.572061
-0.64 0.566273
-0.63 0.560887
-0.62 0.555123
-0.61 0.549129
-0.6 0.543508
-0.59 0.537277
-0.58 0.531172
-0.57 0.525236
-0.56 0.518672
-0.55 0.512444
-0.54 0.506221
-0.53 0.499412
-0.52 0.493027
-0.51 0.486607
-0.5 0.479598
-0.49 0.473017
-0.48 0.466514
-0.47 0.459362
-0.46 0.452512
-0.45 0.446014
-0.44 0.438875
-0.43 0.431663
-0.42 0.425093
-0.41 0.41826
-0.4 0.4108
-0.39 0.403762
-0.38 0.397284
-0.37 0.390288
-0.36 0.382685
-0.35 0.375583
-0.34 0.369264
-0.33 0.362687
-0.32 0.355136
-0.31 0.347302
-0.3 0.340506
-0.29 0.335449
-0.28 0.331892
-0.27 0.329176
-0.26 0.326765
-0.25 0.324417
-0.24 0.322086
-0.23 0.319791
-0.22 0.317551
-0.21 0.315378
-0.2 0.313275
-0.19 0.311247
-0.18 0.309297
-0.17 0.30743
-0.16 0.305648
-0.15 0.303956
-0.14 0.302357
-0.13 0.300854
-0.12 0.299449
-0.11 0.298147
-0.1 0.296949
-0.09 0.295858
-0.08 0.294876
-0.07 0.294005
-0.06 0.293246
-0.05 0.292602
-0.04 0.292073
-0.03 0.29166
-0.02 0.291365
-0.01 0.291187
0 0.291128
0.01 0.291187
0.02 0.291365
0.03 0.29166
0.04 0.292073
0.05 0.292602
0.06 0.293246
0.07 0.294005
0.08 0.294876
0.09 0.295858
0.1 0.296949
0.11 0.298147
0.12 0.299449
0.13 0.300854
0.14 0.302357
0.15 0.303956
0.16 0.305648
0.17 0.30743
0.18 0.309297
0.19 0.311247
0.2 0.313275
0.21 0.315378
0.22 0.317551
0.23 0.319791
0.24 0.322086
0.25 0.324417
0.26 0.326765
0.27 0.329176
0.28 0.331892
0.29 0.335449
0.3 0.340506
0.31 0.347302
0.32 0.355136
0.33 0.362687
0.34 0.369264
0.35 0.375583
0.36 0.382685
0.37 0.390288
0.38 0.397284
0.39 0.403762
0.4 0.4108
0.41 0.41826
0.42 0.425093
0.43 0.431663
0.44 0.438875
0.45 0.446014
0.46 0.452512
0.47 0.459362
0.48 0.466514
0.49 0.473017
0.5 0.479598
0.51 0.486607
0.52 0.493027
0.53 0.499412
0.54 0.506221
0.55 0.512444
0.56 0.518672
0.57 0.525236
0.58 0.531172
0.59 0.537277
0.6 0.543508
0.61 0.549129
0.62 0.555123
0.63 0.560887
0.64 0.566273
0.65 0.572061
0.66 0.577268
0.67 0.582562
0.68 0.587887
0.69 0.592667
0.7 0.597837
0.71 0.602471
0.72 0.607134
0.73 0.611792
0.74 0.615945
0.75 0.620449
0.76 0.624328
0.77 0.628418
0.78 0.632201
0.79 0.63577
0.8 0.639447
0.81 0.642562
0.82 0.646
0.83 0.648792
0.84 0.651854
0.85 0.654417
0.86 0.657026
0.87 0.659388
0.88 0.661531
0.89 0.663669
0.9 0.665373
0.91 0.667243
0.92 0.668542
0.93 0.670102
0.94 0.671025
0.95 0.672246
0.96 0.672809
0.97 0.673675
0.98 0.673883
0.99 0.674389
