0 -2.07976e-16
0.01 0.0599564
0.02 0.119676
0.03 0.178924
0.04 0.237465
0.05 0.295069
0.06 0.351509
0.07 0.406562
0.08 0.46001
0.09 0.511642
0.1 0.561255
0.11 0.608654
0.12 0.65365
0.13 0.696066
0.14 0.735736
0.15 0.772502
0.16 0.806219
0.17 0.836754
0.18 0.863987
0.19 0.887811
0.2 0.90813
0.21 0.924866
0.22 0.937951
0.23 0.947335
0.24 0.95298
0.25 0.954865
0.26 0.95298
0.27 0.947335
0.28 0.937951
0.29 0.924866
0.3 0.90813
0.31 0.887811
0.32 0.863987
0.33 0.836754
0.34 0.806219
0.35 0.772502
0.36 0.735736
0.37 0.696066
0.38 0.65365
0.39 0.608654
0.4 0.561255
0.41 0.511642
0.42 0.46001
0.43 0.406562
0.44 0.351509
0.45 0.295069
0.46 0.237465
0.47 0.178924
0.48 0.119676
0.49 0.0599564
0.5 -5.64932e-17
0.51 -0.0599564
0.52 -0.119676
0.53 -0.178924
0.54 -0.237465
0.55 -0.295069
0.56 -0.351509
0.57 -0.406562
0.58 -0.46001
0.59 -0.511642
0.6 -0.561255
0.61 -0.608654
0.62 -0.65365
0.63 -0.696066
0.64 -0.735736
0.65 -0.772502
0.66 -0.806219
0.67 -0.836754
0.68 -0.863987
0.69 -0.887811
0.7 -0.90813
0.71 -0.924866
0.72 -0.937951
0.73 -0.947335
0.74 -0.95298
0.75 -0.954865
0.76 -0.95298
0.77 -0.947335
0.78 -0.937951
0.79 -0.924866
0.8 -0.90813
0.81 -0.887811
0.82 -0.863987
0.83 -0.836754
0.84 -0.806219
0.85 -0.772502
0.86 -0.735736
0.87 -0.696066
0.88 -0.65365
0.89 -0.608654
0.9 -0.561255
0.91 -0.511642
0.92 -0.46001
0.93 -0.406562
0.94 -0.351509
0.95 -0.295069
0.96 -0.237465
0.97 -0.178924
0.98 -0.119676
0.99 -0.0599564
