-1 0.797877
-0.99 0.797576
-0.98 0.797241
-0.97 0.796297
-0.96 0.795336
-0.95 0.793746
-0.94 0.79217
-0.93 0.789936
-0.92 0.787757
-0.91 0.784889
-0.9 0.782114
-0.89 0.778632
-0.88 0.775262
-0.87 0.7712
-0.86 0.767231
-0.85 0.762633
-0.84 0.758052
-0.83 0.752973
-0.82 0.747769
-0.81 0.742261
-0.8 0.736436
-0.79 0.730535
-0.78 0.724123
-0.77 0.717828
-0.76 0.710905
-0.75 0.704176
-0.74 0.69686
-0.73 0.68963
-0.72 0.682045
-0.71 0.674273
-0.7 0.666488
-0.69 0.658223
-0.68 0.650197
-0.67 0.6416
-0.66 0.633206
-0.65 0.624477
-0.64 0.615618
-0.63 0.60685
-0.62 0.597605
-0.61 0.588686
-0.6 0.579313
-0.59 0.570037
-0.58 0.560753
-0.57 0.551105
-0.56 0.541826
-0.55 0.532103
-0.54 0.522543
-0.53 0.513031
-0.52 0.503159
-0.51 0.493714
-0.5 0.483924
-0.49 0.474191
-0.48 0.464727
-0.47 0.454835
-0.46 0.445338
-0.45 0.435795
-0.44 0.426011
-0.43 0.416729
-0.42 0.407165
-0.41 0.397624
-0.4 0.388529
-0.39 0.379053
-0.38 0.36981
-0.37 0.360917
-0.36 0.351628
-0.35 0.342698
-0.34 0.334059
-0.33 0.325032
-0.32 0.316411
-0.31 0.308096
-0.3 0.29939
-0.29 0.291059
-0.28 0.283133
-0.27 0.274817
-0.26 0.266743
-0.25 0.259233
-0.24 0.251417
-0.23 0.243575
-0.22 0.236414
-0.21 0.229237
-0.2 0.221709
-0.19 0.21471
-0.18 0.208191
-0.17 0.201281
-0.16 0.194323
-0.15 0.188107
-0.14 0.18212
-0.13 0.175636
-0.12 0.169236
-0.11 0.16365
-0.1 0.158333
-0.09 0.152469
-0.08 0.146426
-0.07 0.141149
-0.06 0.136645
-0.05 0.131957
-0.04 0.126475
-0.03 0.12073
-0.02 0.115876
-0.01 0.112783
0 0.111744
0.01 0.112783
0.02 0.115876
0.03 0.12073
0.04 0.126475
0.05 0.131957
0.06 0.136645
0.07 0.141149
0.08 0.146426
0.09 0.152469
0.1 0.158333
0.11 0.16365
0.12 0.169236
0.13 0.175636
0.14 0.18212
0.15 0.188107
0.16 0.194323
0.17 0.201281
0.18 0.208191
0.19 0.21471
0.2 0.221709
0.21 0.229237
0.22 0.236414
0.23 0.243575
0.24 0.251417
0.25 0.259233
0.26 0.266743
0.27 0.274817
0.28 0.283133
0.29 0.291059
0.3 0.29939
0.31 0.308096
0.32 0.316411
0.33 0.325032
0.34 0.334059
0.35 0.342698
0.36 0.351628
0.37 0.360917
0.38 0.36981
0.39 0.379053
0.4 0.388529
0.41 0.397624
0.42 0.407165
0.43 0.416729
0.44 0.426011
0.45 0.435795
0.46 0.445338
0.47 0.454835
0.48 0.464727
0.49 0.474191
0.5 0.483924
0.51 0.493714
0.52 0.503159
0.53 0.513031
0.54 0.522543
0.55 0.532103
0.56 0.541826
0.57 0.551105
0.58 0.560753
0.59 0.570037
0.6 0.579313
0.61 0.588686
0.62 0.597605
0.63 0.60685
0.64 0.615618
0.65 0.624477
0.66 0.633206
0.67 0.6416
0.68 0.650197
0.69 0.658223
0.7 0.666488
0.71 0.674273
0.72 0.682045
0.73 0.68963
0.74 0.69686
0.75 0.704176
0.76 0.710905
0.77 0.717828
0.78 0.724123
0.79 0.730535
0.8 0.736436
0.81 0.742261
0.82 0.747769
0.83 0.752973
0.84 0.758052
0.85 0.762633
0.86 0.767231
0.87 0.7712
0.88 0.775262
0.89 0.778632
0.9 0.782114
0.91 0.784889
0.92 0.787757
0.93 0.789936
0.94 0.79217
0.95 0.793746
0.96 0.795336
0.97 0.796297
0.98 0.797241
0.99 0.797576
