-1 0.497475
-0.99 0.497498
-0.98 0.497445
-0.97 0.497469
-0.96 0.497355
-0.95 0.497407
-0.94 0.497204
-0.93 0.497304
-0.92 0.496995
-0.91 0.49714
-0.9 0.496736
-0.89 0.496883
-0.88 0.496446
-0.87 0.496497
-0.86 0.496134
-0.85 0.495959
-0.84 0.495772
-0.83 0.495303
-0.82 0.495266
-0.81 0.494617
-0.8 0.494494
-0.79 0.493953
-0.78 0.493447
-0.77 0.493179
-0.76 0.492323
-0.75 0.49202
-0.74 0.491287
-0.73 0.490466
-0.72 0.490052
-0.71 0.48895
-0.7 0.488201
-0.69 0.487498
-0.68 0.486162
-0.67 0.485363
-0.66 0.484382
-0.65 0.482826
-0.64 0.481857
-0.63 0.480694
-0.62 0.47887
-0.61 0.477587
-0.6 0.476377
-0.59 0.474325
-0.58 0.472464
-0.57 0.471204
-0.56 0.469308
-0.55 0.466721
-0.54 0.464721
-0.53 0.463306
-0.52 0.461158
-0.51 0.45795
-0.5 0.45494
-0.49 0.453435
-0.48 0.453617
-0.47 0.454825
-0.46 0.456356
-0.45 0.457849
-0.44 0.459219
-0.43 0.460479
-0.42 0.461648
-0.41 0.462737
-0.4 0.463747
-0.39 0.46468
-0.38 0.465538
-0.37 0.466324
-0.36 0.467041
-0.35 0.467691
-0.34 0.468278
-0.33 0.468804
-0.32 0.469272
-0.31 0.469685
-0.3 0.470045
-0.29 0.470357
-0.28 0.470624
-0.27 0.470847
-0.26 0.47103
-0.25 0.471177
-0.24 0.471289
-0.23 0.471371
-0.22 0.471425
-0.21 0.471454
-0.2 0.47146
-0.19 0.471447
-0.18 0.471417
-0.17 0.471373
-0.16 0.471317
-0.15 0.471252
-0.14 0.471179
-0.13 0.471102
-0.12 0.471021
-0.11 0.47094
-0.1 0.47086
-0.09 0.470782
-0.08 0.470708
-0.07 0.47064
-0.06 0.470578
-0.05 0.470524
-0.04 0.470478
-0.03 0.470442
-0.02 0.470416
-0.01 0.4704
0 0.470395
0.01 0.4704
0.02 0.470416
0.03 0.470442
0.04 0.470478
0.05 0.470524
0.06 0.470578
0.07 0.47064
0.08 0.470708
0.09 0.470782
0.1 0.47086
0.11 0.47094
0.12 0.471021
0.13 0.471102
0.14 0.471179
0.15 0.471252
0.16 0.471317
0.17 0.471373
0.18 0.471417
0.19 0.471447
0.2 0.47146
0.21 0.471454
0.22 0.471425
0.23 0.471371
0.24 0.471289
0.25 0.471177
0.26 0.47103
0.27 0.470847
0.28 0.470624
0.29 0.470357
0.3 0.470045
0.31 0.469685
0.32 0.469272
0.33 0.468804
0.34 0.468278
0.35 0.467691
0.36 0.467041
0.37 0.466324
0.38 0.465538
0.39 0.46468
0.4 0.463747
0.41 0.462737
0.42 0.461648
0.43 0.460479
0.44 0.459219
0.45 0.457849
0.46 0.456356
0.47 0.454825
0.48 0.453617
0.49 0.453435
0.5 0.45494
0.51 0.45795
0.52 0.461158
0.53 0.463306
0.54 0.464721
0.55 0.466721
0.56 0.469308
0.57 0.471204
0.58 0.472464
0.59 0.474325
0.6 0.476377
0.61 0.477587
0.62 0.47887
0.63 0.480694
0.64 0.481857
0.65 0.482826
0.66 0.484382
0.67 0.485363
0.68 0.486162
0.69 0.487498
0.7 0.488201
0.71 0.48895
0.72 0.490052
0.73 0.490466
0.74 0.491287
0.75 0.49202
0.76 0.492323
0.77 0.493179
0.78 0.493447
0.79 0.493953
0.8 0.494494
0.81 0.494617
0.82 0.495266
0.83 0.495303
0.84 0.495772
0.85 0.495959
0.86 0.496134
0.87 0.496497
0.88 0.496446
0.89 0.496883
0.9 0.496736
0.91 0.49714
0.92 0.496995
0.93 0.497304
0.94 0.497204
0.95 0.497407
0.96 0.497355
0.97 0.497469
0.98 0.497445
0.99 0.497498
