-1 0.292933
-0.99 0.292697
-0.98 0.293157
-0.97 0.293191
-0.96 0.29382
-0.95 0.294189
-0.94 0.294901
-0.93 0.295694
-0.92 0.296396
-0.91 0.297661
-0.9 0.298366
-0.89 0.299956
-0.88 0.300939
-0.87 0.302446
-0.86 0.304098
-0.85 0.305301
-0.84 0.307419
-0.83 0.308968
-0.82 0.310646
-0.81 0.313067
-0.8 0.3147
-0.79 0.316653
-0.78 0.319382
-0.77 0.321292
-0.76 0.323108
-0.75 0.32606
-0.74 0.328854
-0.73 0.330483
-0.72 0.332338
-0.71 0.336085
-0.7 0.341781
-0.69 0.348492
-0.68 0.355468
-0.67 0.362446
-0.66 0.369407
-0.65 0.37637
-0.64 0.383343
-0.63 0.390321
-0.62 0.3973
-0.61 0.404276
-0.6 0.411245
-0.59 0.418204
-0.58 0.425147
-0.57 0.432071
-0.56 0.438972
-0.55 0.445845
-0.54 0.452687
-0.53 0.459493
-0.52 0.46626
-0.51 0.472982
-0.5 0.479656
-0.49 0.486278
-0.48 0.492844
-0.47 0.499348
-0.46 0.505788
-0.45 0.51216
-0.44 0.518458
-0.43 0.524679
-0.42 0.53082
-0.41 0.536876
-0.4 0.542843
-0.39 0.548718
-0.38 0.554496
-0.37 0.560174
-0.36 0.565748
-0.35 0.571215
-0.34 0.576571
-0.33 0.581813
-0.32 0.586936
-0.31 0.591938
-0.3 0.596816
-0.29 0.601566
-0.28 0.606186
-0.27 0.610671
-0.26 0.61502
-0.25 0.619229
-0.24 0.623296
-0.23 0.627218
-0.22 0.630992
-0.21 0.634616
-0.2 0.638088
-0.19 0.641405
-0.18 0.644565
-0.17 0.647566
-0.16 0.650406
-0.15 0.653084
-0.14 0.655597
-0.13 0.657944
-0.12 0.660123
-0.11 0.662133
-0.1 0.663973
-0.09 0.665641
-0.08 0.667137
-0.07 0.668459
-0.06 0.669606
-0.05 0.670578
-0.04 0.671374
-0.03 0.671994
-0.02 0.672437
-0.01 0.672703
0 0.672792
0.01 0.672703
0.02 0.672437
0.03 0.671994
0.04 0.671374
0.05 0.670578
0.06 0.669606
0.07 0.668459
0.08 0.667137
0.09 0.665641
0.1 0.663973
0.11 0.662133
0.12 0.660123
0.13 0.657944
0.14 0.655597
0.15 0.653084
0.16 0.650406
0.17 0.647566
0.18 0.644565
0.19 0.641405
0.2 0.638088
0.21 0.634616
0.22 0.630992
0.23 0.627218
0.24 0.623296
0.25 0.619229
0.26 0.61502
0.27 0.610671
0.28 0.606186
0.29 0.601566
0.3 0.596816
0.31 0.591938
0.32 0.586936
0.33 0.581813
0.34 0.576571
0.35 0.571215
0.36 0.565748
0.37 0.560174
0.38 0.554496
0.39 0.548718
0.4 0.542843
0.41 0.536876
0.42 0.53082
0.43 0.524679
0.44 0.518458
0.45 0.51216
0.46 0.505788
0.47 0.499348
0.48 0.492844
0.49 0.486278
0.5 0.479656
0.51 0.472982
0.52 0.46626
0.53 0.459493
0.54 0.452687
0.55 0.445845
0.56 0.438972
0.57 0.432071
0.58 0.425147
0.59 0.418204
0.6 0.411245
0.61 0.404276
0.62 0.3973
0.63 0.390321
0.64 0.383343
0.65 0.37637
0.66 0.369407
0.67 0.362446
0.68 0.355468
0.69 0.348492
0.7 0.341781
0.71 0.336085
0.72 0.332338
0.73 0.330483
0.74 0.328854
0.75 0.32606
0.76 0.323108
0.77 0.321292
0.78 0.319382
0.79 0.316653
0.8 0.3147
0.81 0.313067
0.82 0.310646
0.83 0.308968
0.84 0.307419
0.85 0.305301
0.86 0.304098
0.87 0.302446
0.88 0.300939
0.89 0.299956
0.9 0.298366
0.91 0.297661
0.92 0.296396
0.93 0.295694
0.94 0.294901
0.95 0.294189
0.96 0.29382
0.97 0.293191
0.98 0.293157
0.99 0.292697
