-1 0.227066
-0.99 0.226691
-0.98 0.227344
-0.97 0.22724
-0.96 0.228153
-0.95 0.228381
-0.94 0.229421
-0.93 0.230181
-0.92 0.231095
-0.91 0.232585
-0.9 0.233361
-0.89 0.23522
-0.88 0.236608
-0.87 0.237931
-0.86 0.240309
-0.85 0.241871
-0.84 0.243467
-0.83 0.246322
-0.82 0.248646
-0.81 0.249972
-0.8 0.252406
-0.79 0.257192
-0.78 0.263645
-0.77 0.270703
-0.76 0.277879
-0.75 0.2851
-0.74 0.292391
-0.73 0.299763
-0.72 0.307214
-0.71 0.314739
-0.7 0.322336
-0.69 0.330001
-0.68 0.337729
-0.67 0.345518
-0.66 0.353363
-0.65 0.361261
-0.64 0.369206
-0.63 0.377195
-0.62 0.385224
-0.61 0.393286
-0.6 0.401379
-0.59 0.409496
-0.58 0.417633
-0.57 0.425785
-0.56 0.433946
-0.55 0.442112
-0.54 0.450276
-0.53 0.458434
-0.52 0.466579
-0.51 0.474706
-0.5 0.48281
-0.49 0.490883
-0.48 0.498922
-0.47 0.506919
-0.46 0.514869
-0.45 0.522765
-0.44 0.530602
-0.43 0.538374
-0.42 0.546073
-0.41 0.553696
-0.4 0.561234
-0.39 0.568683
-0.38 0.576036
-0.37 0.583286
-0.36 0.590429
-0.35 0.597457
-0.34 0.604366
-0.33 0.611149
-0.32 0.6178
-0.31 0.624314
-0.3 0.630684
-0.29 0.636906
-0.28 0.642973
-0.27 0.648881
-0.26 0.654625
-0.25 0.660198
-0.24 0.665596
-0.23 0.670813
-0.22 0.675847
-0.21 0.68069
-0.2 0.68534
-0.19 0.689792
-0.18 0.694041
-0.17 0.698084
-0.16 0.701917
-0.15 0.705537
-0.14 0.708939
-0.13 0.712121
-0.12 0.71508
-0.11 0.717812
-0.1 0.720316
-0.09 0.722589
-0.08 0.724628
-0.07 0.726432
-0.06 0.727999
-0.05 0.729327
-0.04 0.730416
-0.03 0.731264
-0.02 0.73187
-0.01 0.732234
0 0.732355
0.01 0.732234
0.02 0.73187
0.03 0.731264
0.04 0.730416
0.05 0.729327
0.06 0.727999
0.07 0.726432
0.08 0.724628
0.09 0.722589
0.1 0.720316
0.11 0.717812
0.12 0.71508
0.13 0.712121
0.14 0.708939
0.15 0.705537
0.16 0.701917
0.17 0.698084
0.18 0.694041
0.19 0.689792
0.2 0.68534
0.21 0.68069
0.22 0.675847
0.23 0.670813
0.24 0.665596
0.25 0.660198
0.26 0.654625
0.27 0.648881
0.28 0.642973
0.29 0.636906
0.3 0.630684
0.31 0.624314
0.32 0.6178
0.33 0.611149
0.34 0.604366
0.35 0.597457
0.36 0.590429
0.37 0.583286
0.38 0.576036
0.39 0.568683
0.4 0.561234
0.41 0.553696
0.42 0.546073
0.43 0.538374
0.44 0.530602
0.45 0.522765
0.46 0.514869
0.47 0.506919
0.48 0.498922
0.49 0.490883
0.5 0.48281
0.51 0.474706
0.52 0.466579
0.53 0.458434
0.54 0.450276
0.55 0.442112
0.56 0.433946
0.57 0.425785
0.58 0.417633
0.59 0.409496
0.6 0.401379
0.61 0.393286
0.62 0.385224
0.63 0.377195
0.64 0.369206
0.65 0.361261
0.66 0.353363
0.67 0.345518
0.68 0.337729
0.69 0.330001
0.7 0.322336
0.71 0.314739
0.72 0.307214
0.73 0.299763
0.74 0.292391
0.75 0.2851
0.76 0.277879
0.77 0.270703
0.78 0.263645
0.79 0.257192
0.8 0.252406
0.81 0.249972
0.82 0.248646
0.83 0.246322
0.84 0.243467
0.85 0.241871
0.86 0.240309
0.87 0.237931
0.88 0.236608
0.89 0.23522
0.9 0.233361
0.91 0.232585
0.92 0.231095
0.93 0.230181
0.94 0.229421
0.95 0.228381
0.96 0.228153
0.97 0.22724
0.98 0.227344
0.99 0.226691
