-1 0.41484
-0.99 0.414621
-0.98 0.414936
-0.97 0.414838
-0.96 0.41522
-0.95 0.415275
-0.94 0.415679
-0.93 0.415932
-0.92 0.416301
-0.91 0.416797
-0.9 0.417086
-0.89 0.417832
-0.88 0.418063
-0.87 0.418961
-0.86 0.419281
-0.85 0.42011
-0.84 0.420741
-0.83 0.421296
-0.82 0.422301
-0.81 0.422691
-0.8 0.42372
-0.79 0.424409
-0.78 0.42501
-0.77 0.426146
-0.76 0.426595
-0.75 0.427471
-0.74 0.428483
-0.73 0.428844
-0.72 0.42984
-0.71 0.430741
-0.7 0.431013
-0.69 0.431956
-0.68 0.432877
-0.67 0.433011
-0.66 0.433645
-0.65 0.434718
-0.64 0.434922
-0.63 0.434854
-0.62 0.435691
-0.61 0.43665
-0.6 0.436486
-0.59 0.435758
-0.58 0.436092
-0.57 0.438278
-0.56 0.441867
-0.55 0.446033
-0.54 0.450253
-0.53 0.454364
-0.52 0.458364
-0.51 0.462272
-0.5 0.466096
-0.49 0.469835
-0.48 0.47349
-0.47 0.477057
-0.46 0.480538
-0.45 0.483931
-0.44 0.487236
-0.43 0.490453
-0.42 0.493581
-0.41 0.496621
-0.4 0.499573
-0.39 0.502436
-0.38 0.505212
-0.37 0.507899
-0.36 0.5105
-0.35 0.513013
-0.34 0.515441
-0.33 0.517783
-0.32 0.520039
-0.31 0.522212
-0.3 0.524302
-0.29 0.526309
-0.28 0.528235
-0.27 0.53008
-0.26 0.531846
-0.25 0.533533
-0.24 0.535143
-0.23 0.536676
-0.22 0.538135
-0.21 0.539519
-0.2 0.540829
-0.19 0.542068
-0.18 0.543236
-0.17 0.544334
-0.16 0.545363
-0.15 0.546324
-0.14 0.547219
-0.13 0.548047
-0.12 0.54881
-0.11 0.549509
-0.1 0.550144
-0.09 0.550716
-0.08 0.551226
-0.07 0.551675
-0.06 0.552063
-0.05 0.55239
-0.04 0.552658
-0.03 0.552865
-0.02 0.553013
-0.01 0.553102
0 0.553132
0.01 0.553102
0.02 0.553013
0.03 0.552865
0.04 0.552658
0.05 0.55239
0.06 0.552063
0.07 0.551675
0.08 0.551226
0.09 0.550716
0.1 0.550144
0.11 0.549509
0.12 0.54881
0.13 0.548047
0.14 0.547219
0.15 0.546324
0.16 0.545363
0.17 0.544334
0.18 0.543236
0.19 0.542068
0.2 0.540829
0.21 0.539519
0.22 0.538135
0.23 0.536676
0.24 0.535143
0.25 0.533533
0.26 0.531846
0.27 0.53008
0.28 0.528235
0.29 0.526309
0.3 0.524302
0.31 0.522212
0.32 0.520039
0.33 0.517783
0.34 0.515441
0.35 0.513013
0.36 0.5105
0.37 0.507899
0.38 0.505212
0.39 0.502436
0.4 0.499573
0.41 0.496621
0.42 0.493581
0.43 0.490453
0.44 0.487236
0.45 0.483931
0.46 0.480538
0.47 0.477057
0.48 0.47349
0.49 0.469835
0.5 0.466096
0.51 0.462272
0.52 0.458364
0.53 0.454364
0.54 0.450253
0.55 0.446033
0.56 0.441867
0.57 0.438278
0.58 0.436092
0.59 0.435758
0.6 0.436486
0.61 0.43665
0.62 0.435691
0.63 0.434854
0.64 0.434922
0.65 0.434718
0.66 0.433645
0.67 0.433011
0.68 0.432877
0.69 0.431956
0.7 0.431013
0.71 0.430741
0.72 0.42984
0.73 0.428844
0.74 0.428483
0.75 0.427471
0.76 0.426595
0.77 0.426146
0.78 0.42501
0.79 0.424409
0.8 0.42372
0.81 0.422691
0.82 0.422301
0.83 0.421296
0.84 0.420741
0.85 0.42011
0.86 0.419281
0.87 0.418961
0.88 0.418063
0.89 0.417832
0.9 0.417086
0.91 0.416797
0.92 0.416301
0.93 0.415932
0.94 0.415679
0.95 0.415275
0.96 0.41522
0.97 0.414838
0.98 0.414936
0.99 0.414621
