-1 0.764593
-0.99 0.764435
-0.98 0.764037
-0.97 0.76331
-0.96 0.762372
-0.95 0.761065
-0.94 0.759605
-0.93 0.75771
-0.92 0.755746
-0.91 0.753263
-0.9 0.750809
-0.89 0.747747
-0.88 0.744809
-0.87 0.741193
-0.86 0.737762
-0.85 0.733641
-0.84 0.72969
-0.83 0.72513
-0.82 0.72062
-0.81 0.715697
-0.8 0.710597
-0.79 0.705366
-0.78 0.699688
-0.77 0.694148
-0.76 0.687975
-0.75 0.682052
-0.74 0.675536
-0.73 0.669113
-0.72 0.662409
-0.71 0.655426
-0.7 0.648574
-0.69 0.641136
-0.68 0.633999
-0.67 0.626355
-0.66 0.618735
-0.65 0.611077
-0.64 0.602967
-0.63 0.595199
-0.62 0.586896
-0.61 0.578718
-0.6 0.570517
-0.59 0.56188
-0.58 0.553639
-0.57 0.544947
-0.56 0.536277
-0.55 0.527809
-0.54 0.518818
-0.53 0.510198
-0.52 0.501443
-0.51 0.492367
-0.5 0.483765
-0.49 0.474792
-0.48 0.465756
-0.47 0.457153
-0.46 0.448079
-0.45 0.439129
-0.44 0.430556
-0.43 0.421489
-0.42 0.412632
-0.41 0.404157
-0.4 0.395193
-0.39 0.386414
-0.38 0.378109
-0.37 0.369355
-0.36 0.360631
-0.35 0.352519
-0.34 0.344126
-0.33 0.335469
-0.32 0.327458
-0.31 0.31958
-0.3 0.311174
-0.29 0.30306
-0.28 0.295613
-0.27 0.287895
-0.26 0.27975
-0.25 0.272166
-0.24 0.265222
-0.23 0.257922
-0.22 0.250103
-0.21 0.242755
-0.2 0.236323
-0.19 0.229976
-0.18 0.222845
-0.17 0.215249
-0.16 0.208373
-0.15 0.203142
-0.14 0.19962
-0.13 0.197278
-0.12 0.195522
-0.11 0.193997
-0.1 0.192581
-0.09 0.191268
-0.08 0.190077
-0.07 0.189021
-0.06 0.188103
-0.05 0.187325
-0.04 0.186688
-0.03 0.186191
-0.02 0.185836
-0.01 0.185623
0 0.185551
0.01 0.185623
0.02 0.185836
0.03 0.186191
0.04 0.186688
0.05 0.187325
0.06 0.188103
0.07 0.189021
0.08 0.190077
0.09 0.191268
0.1 0.192581
0.11 0.193997
0.12 0.195522
0.13 0.197278
0.14 0.19962
0.15 0.203142
0.16 0.208373
0.17 0.215249
0.18 0.222845
0.19 0.229976
0.2 0.236323
0.21 0.242755
0.22 0.250103
0.23 0.257922
0.24 0.265222
0.25 0.272166
0.26 0.27975
0.27 0.287895
0.28 0.295613
0.29 0.30306
0.3 0.311174
0.31 0.31958
0.32 0.327458
0.33 0.335469
0.34 0.344126
0.35 0.352519
0.36 0.360631
0.37 0.369355
0.38 0.378109
0.39 0.386414
0.4 0.395193
0.41 0.404157
0.42 0.412632
0.43 0.421489
0.44 0.430556
0.45 0.439129
0.46 0.448079
0.47 0.457153
0.48 0.465756
0.49 0.474792
0.5 0.483765
0.51 0.492367
0.52 0.501443
0.53 0.510198
0.54 0.518818
0.55 0.527809
0.56 0.536277
0.57 0.544947
0.58 0.553639
0.59 0.56188
0.6 0.570517
0.61 0.578718
0.62 0.586896
0.63 0.595199
0.64 0.602967
0.65 0.611077
0.66 0.618735
0.67 0.626355
0.68 0.633999
0.69 0.641136
0.7 0.648574
0.71 0.655426
0.72 0.662409
0.73 0.669113
0.74 0.675536
0.75 0.682052
0.76 0.687975
0.77 0.694148
0.78 0.699688
0.79 0.705366
0.8 0.710597
0.81 0.715697
0.82 0.72062
0.83 0.72513
0.84 0.72969
0.85 0.733641
0.86 0.737762
0.87 0.741193
0.88 0.744809
0.89 0.747747
0.9 0.750809
0.91 0.753263
0.92 0.755746
0.93 0.75771
0.94 0.759605
0.95 0.761065
0.96 0.762372
0.97 0.76331
0.98 0.764037
0.99 0.764435
