-1 0.162858
-0.99 0.163375
-0.98 0.163087
-0.97 0.164029
-0.96 0.163874
-0.95 0.165097
-0.94 0.165602
-0.93 0.166201
-0.92 0.168106
-0.91 0.168733
-0.9 0.169336
-0.89 0.172497
-0.88 0.177825
-0.87 0.183903
-0.86 0.190125
-0.85 0.196441
-0.84 0.202881
-0.83 0.209453
-0.82 0.216155
-0.81 0.222986
-0.8 0.229944
-0.79 0.237029
-0.78 0.244239
-0.77 0.251572
-0.76 0.259025
-0.75 0.266597
-0.74 0.274286
-0.73 0.282088
-0.72 0.290002
-0.71 0.298023
-0.7 0.306148
-0.69 0.314375
-0.68 0.3227
-0.67 0.331118
-0.66 0.339626
-0.65 0.34822
-0.64 0.356894
-0.63 0.365644
-0.62 0.374466
-0.61 0.383354
-0.6 0.392304
-0.59 0.401308
-0.58 0.410363
-0.57 0.419461
-0.56 0.428597
-0.55 0.437765
-0.54 0.446958
-0.53 0.45617
-0.52 0.465395
-0.51 0.474624
-0.5 0.483852
-0.49 0.49307
-0.48 0.502273
-0.47 0.511451
-0.46 0.520599
-0.45 0.529709
-0.44 0.538771
-0.43 0.54778
-0.42 0.556727
-0.41 0.565605
-0.4 0.574404
-0.39 0.583118
-0.38 0.591738
-0.37 0.600257
-0.36 0.608666
-0.35 0.616958
-0.34 0.625124
-0.33 0.633156
-0.32 0.641047
-0.31 0.64879
-0.3 0.656375
-0.29 0.663796
-0.28 0.671044
-0.27 0.678114
-0.26 0.684996
-0.25 0.691685
-0.24 0.698173
-0.23 0.704453
-0.22 0.710519
-0.21 0.716363
-0.2 0.721981
-0.19 0.727366
-0.18 0.732511
-0.17 0.737412
-0.16 0.742062
-0.15 0.746458
-0.14 0.750593
-0.13 0.754464
-0.12 0.758066
-0.11 0.761394
-0.1 0.764447
-0.09 0.767218
-0.08 0.769707
-0.07 0.77191
-0.06 0.773824
-0.05 0.775447
-0.04 0.776778
-0.03 0.777814
-0.02 0.778555
-0.01 0.779
0 0.779149
0.01 0.779
0.02 0.778555
0.03 0.777814
0.04 0.776778
0.05 0.775447
0.06 0.773824
0.07 0.77191
0.08 0.769707
0.09 0.767218
0.1 0.764447
0.11 0.761394
0.12 0.758066
0.13 0.754464
0.14 0.750593
0.15 0.746458
0.16 0.742062
0.17 0.737412
0.18 0.732511
0.19 0.727366
0.2 0.721981
0.21 0.716363
0.22 0.710519
0.23 0.704453
0.24 0.698173
0.25 0.691685
0.26 0.684996
0.27 0.678114
0.28 0.671044
0.29 0.663796
0.3 0.656375
0.31 0.64879
0.32 0.641047
0.33 0.633156
0.34 0.625124
0.35 0.616958
0.36 0.608666
0.37 0.600257
0.38 0.591738
0.39 0.583118
0.4 0.574404
0.41 0.565605
0.42 0.556727
0.43 0.54778
0.44 0.538771
0.45 0.529709
0.46 0.520599
0.47 0.511451
0.48 0.502273
0.49 0.49307
0.5 0.483852
0.51 0.474624
0.52 0.465395
0.53 0.45617
0.54 0.446958
0.55 0.437765
0.56 0.428597
0.57 0.419461
0.58 0.410363
0.59 0.401308
0.6 0.392304
0.61 0.383354
0.62 0.374466
0.63 0.365644
0.64 0.356894
0.65 0.34822
0.66 0.339626
0.67 0.331118
0.68 0.3227
0.69 0.314375
0.7 0.306148
0.71 0.298023
0.72 0.290002
0.73 0.282088
0.74 0.274286
0.75 0.266597
0.76 0.259025
0.77 0.251572
0.78 0.244239
0.79 0.237029
0.8 0.229944
0.81 0.222986
0.82 0.216155
0.83 0.209453
0.84 0.202881
0.85 0.196441
0.86 0.190125
0.87 0.183903
0.88 0.177825
0.89 0.172497
0.9 0.169336
0.91 0.168733
0.92 0.168106
0.93 0.166201
0.94 0.165602
0.95 0.165097
0.96 0.163874
0.97 0.164029
0.98 0.163087
0.99 0.163375
