-1 0.797834
-0.99 0.797571
-0.98 0.797199
-0.97 0.796291
-0.96 0.795295
-0.95 0.793738
-0.94 0.792132
-0.93 0.789926
-0.92 0.787723
-0.91 0.784875
-0.9 0.782086
-0.89 0.778612
-0.88 0.775243
-0.87 0.771173
-0.86 0.76722
-0.85 0.762598
-0.84 0.75805
-0.83 0.752932
-0.82 0.747773
-0.81 0.742218
-0.8 0.736441
-0.79 0.730497
-0.78 0.72412
-0.77 0.717803
-0.76 0.710889
-0.75 0.704168
-0.74 0.69683
-0.73 0.689636
-0.72 0.682007
-0.71 0.674283
-0.7 0.666456
-0.69 0.658221
-0.68 0.650186
-0.67 0.641577
-0.66 0.633216
-0.65 0.624442
-0.64 0.615632
-0.63 0.606827
-0.62 0.5976
-0.61 0.58869
-0.6 0.579285
-0.59 0.570057
-0.58 0.560727
-0.57 0.551108
-0.56 0.541831
-0.55 0.532078
-0.54 0.522567
-0.53 0.51301
-0.52 0.503161
-0.51 0.493729
-0.5 0.483898
-0.49 0.474215
-0.48 0.46472
-0.47 0.454823
-0.46 0.445367
-0.45 0.435774
-0.44 0.42602
-0.43 0.416751
-0.42 0.407141
-0.41 0.397648
-0.4 0.38854
-0.39 0.379031
-0.38 0.369842
-0.37 0.36092
-0.36 0.351611
-0.35 0.342735
-0.34 0.334059
-0.33 0.325017
-0.32 0.31645
-0.31 0.308099
-0.3 0.299372
-0.29 0.291098
-0.28 0.283144
-0.27 0.274794
-0.26 0.266775
-0.25 0.259261
-0.24 0.251391
-0.23 0.243588
-0.22 0.23646
-0.21 0.229224
-0.2 0.221692
-0.19 0.214756
-0.18 0.208216
-0.17 0.201249
-0.16 0.194328
-0.15 0.188164
-0.14 0.18213
-0.13 0.175597
-0.12 0.169246
-0.11 0.163715
-0.1 0.158355
-0.09 0.152422
-0.08 0.146404
-0.07 0.14121
-0.06 0.136723
-0.05 0.131954
-0.04 0.126395
-0.03 0.12068
-0.02 0.115957
-0.01 0.113006
0 0.112028
0.01 0.113006
0.02 0.115957
0.03 0.12068
0.04 0.126395
0.05 0.131954
0.06 0.136723
0.07 0.14121
0.08 0.146404
0.09 0.152422
0.1 0.158355
0.11 0.163715
0.12 0.169246
0.13 0.175597
0.14 0.18213
0.15 0.188164
0.16 0.194328
0.17 0.201249
0.18 0.208216
0.19 0.214756
0.2 0.221692
0.21 0.229224
0.22 0.23646
0.23 0.243588
0.24 0.251391
0.25 0.259261
0.26 0.266775
0.27 0.274794
0.28 0.283144
0.29 0.291098
0.3 0.299372
0.31 0.308099
0.32 0.31645
0.33 0.325017
0.34 0.334059
0.35 0.342735
0.36 0.351611
0.37 0.36092
0.38 0.369842
0.39 0.379031
0.4 0.38854
0.41 0.397648
0.42 0.407141
0.43 0.416751
0.44 0.42602
0.45 0.435774
0.46 0.445367
0.47 0.454823
0.48 0.46472
0.49 0.474215
0.5 0.483898
0.51 0.493729
0.52 0.503161
0.53 0.51301
0.54 0.522567
0.55 0.532078
0.56 0.541831
0.57 0.551108
0.58 0.560727
0.59 0.570057
0.6 0.579285
0.61 0.58869
0.62 0.5976
0.63 0.606827
0.64 0.615632
0.65 0.624442
0.66 0.633216
0.67 0.641577
0.68 0.650186
0.69 0.658221
0.7 0.666456
0.71 0.674283
0.72 0.682007
0.73 0.689636
0.74 0.69683
0.75 0.704168
0.76 0.710889
0.77 0.717803
0.78 0.72412
0.79 0.730497
0.8 0.736441
0.81 0.742218
0.82 0.747773
0.83 0.752932
0.84 0.75805
0.85 0.762598
0.86 0.76722
0.87 0.771173
0.88 0.775243
0.89 0.778612
0.9 0.782086
0.91 0.784875
0.92 0.787723
0.93 0.789926
0.94 0.792132
0.95 0.793738
0.96 0.795295
0.97 0.796291
0.98 0.797199
0.99 0.797571
