-1 1.29323
-0.998 1.29356
-0.996 1.29453
-0.994 1.29615
-0.992 1.29841
-0.99 1.30131
-0.988 1.30484
-0.986 1.309
-0.984 1.31378
-0.982 1.31918
-0.98 1.32518
-0.978 1.33177
-0.976 1.33894
-0.974 1.34668
-0.972 1.35497
-0.97 1.36381
-0.968 1.37317
-0.966 1.38304
-0.964 1.3934
-0.962 1.40423
-0.96 1.41552
-0.958 1.42724
-0.956 1.43938
-0.954 1.45191
-0.952 1.46481
-0.95 1.47806
-0.948 1.49163
-0.946 1.50551
-0.944 1.51966
-0.942 1.53406
-0.94 1.54869
-0.938 1.56351
-0.936 1.57851
-0.934 1.59366
-0.932 1.60892
-0.93 1.62428
-0.928 1.6397
-0.926 1.65516
-0.924 1.67063
-0.922 1.68608
-0.92 1.70149
-0.918 1.71681
-0.916 1.73204
-0.914 1.74714
-0.912 1.76207
-0.91 1.77683
-0.908 1.79137
-0.906 1.80567
-0.904 1.8197
-0.902 1.83344
-0.9 1.84687
-0.898 1.85995
-0.896 1.87266
-0.894 1.88498
-0.892 1.89689
-0.89 1.90835
-0.888 1.91936
-0.886 1.92988
-0.884 1.93989
-0.882 1.94938
-0.88 1.95833
-0.878 1.96672
-0.876 1.97452
-0.874 1.98173
-0.872 1.98832
-0.87 1.99429
-0.868 1.99961
-0.866 2.00428
-0.864 2.00828
-0.862 2.01161
-0.86 2.01424
-0.858 2.01618
-0.856 2.01741
-0.854 2.01793
-0.852 2.01773
-0.85 2.0168
-0.848 2.01515
-0.846 2.01277
-0.844 2.00966
-0.842 2.00582
-0.84 2.00124
-0.838 1.99594
-0.836 1.98991
-0.834 1.98315
-0.832 1.97568
-0.83 1.96749
-0.828 1.95859
-0.826 1.94899
-0.824 1.93871
-0.822 1.92774
-0.82 1.91609
-0.818 1.90379
-0.816 1.89084
-0.814 1.87725
-0.812 1.86304
-0.81 1.84823
-0.808 1.83281
-0.806 1.81683
-0.804 1.80027
-0.802 1.78318
-0.8 1.76555
-0.798 1.74742
-0.796 1.7288
-0.794 1.7097
-0.792 1.69015
-0.79 1.67017
-0.788 1.64978
-0.786 1.62899
-0.784 1.60783
-0.782 1.58632
-0.78 1.56448
-0.778 1.54233
-0.776 1.51989
-0.774 1.49719
-0.772 1.47424
-0.77 1.45107
-0.768 1.4277
-0.766 1.40414
-0.764 1.38043
-0.762 1.35658
-0.76 1.33261
-0.758 1.30855
-0.756 1.28441
-0.754 1.26021
-0.752 1.23598
-0.75 1.21173
-0.748 1.18748
-0.746 1.16326
-0.744 1.13908
-0.742 1.11495
-0.74 1.0909
-0.738 1.06695
-0.736 1.0431
-0.734 1.01938
-0.732 0.995808
-0.73 0.972389
-0.728 0.949142
-0.726 0.926081
-0.724 0.90322
-0.722 0.880572
-0.72 0.858149
-0.718 0.835963
-0.716 0.814026
-0.714 0.792348
-0.712 0.77094
-0.71 0.74981
-0.708 0.728968
-0.706 0.708423
-0.704 0.688181
-0.702 0.668251
-0.7 0.648639
-0.698 0.629351
-0.696 0.610393
-0.694 0.591769
-0.692 0.573484
-0.69 0.555542
-0.688 0.537947
-0.686 0.5207
-0.684 0.503805
-0.682 0.487264
-0.68 0.471077
-0.678 0.455246
-0.676 0.439771
-0.674 0.424652
-0.672 0.409889
-0.67 0.395482
-0.668 0.381428
-0.666 0.367726
-0.664 0.354375
-0.662 0.341372
-0.66 0.328715
-0.658 0.316401
-0.656 0.304426
-0.654 0.292787
-0.652 0.281481
-0.65 0.270503
-0.648 0.259849
-0.646 0.249515
-0.644 0.239496
-0.642 0.229788
-0.64 0.220385
-0.638 0.211282
-0.636 0.202474
-0.634 0.193956
-0.632 0.185722
-0.63 0.177766
-0.628 0.170083
-0.626 0.162667
-0.624 0.155513
-0.622 0.148613
-0.62 0.141963
-0.618 0.135556
-0.616 0.129387
-0.614 0.123448
-0.612 0.117736
-0.61 0.112243
-0.608 0.106963
-0.606 0.101891
-0.604 0.0970204
-0.602 0.0923459
-0.6 0.0878614
-0.598 0.0835613
-0.596 0.0794398
-0.594 0.0754915
-0.592 0.0717106
-0.59 0.0680919
-0.588 0.06463
-0.586 0.0613195
-0.584 0.0581554
-0.582 0.0551324
-0.58 0.0522457
-0.578 0.0494903
-0.576 0.0468615
-0.574 0.0443546
-0.572 0.041965
-0.57 0.0396883
-0.568 0.0375201
-0.566 0.0354561
-0.564 0.0334923
-0.562 0.0316246
-0.56 0.0298491
-0.558 0.0281621
-0.556 0.0265597
-0.554 0.0250385
-0.552 0.023595
-0.55 0.0222258
-0.548 0.0209277
-0.546 0.0196976
-0.544 0.0185323
-0.542 0.017429
-0.54 0.0163848
-0.538 0.015397
-0.536 0.014463
-0.534 0.0135802
-0.532 0.0127462
-0.53 0.0119586
-0.528 0.0112152
-0.526 0.0105139
-0.524 0.00985239
-0.522 0.00922885
-0.52 0.00864131
-0.518 0.00808794
-0.516 0.00756698
-0.514 0.00707674
-0.512 0.00661562
-0.51 0.00618207
-0.508 0.00577463
-0.506 0.00539188
-0.504 0.00503248
-0.502 0.00469516
-0.5 0.0043787
-0.498 0.00408194
-0.496 0.00380377
-0.494 0.00354314
-0.492 0.00329904
-0.49 0.00307054
-0.488 0.00285671
-0.486 0.00265672
-0.484 0.00246974
-0.482 0.002295
-0.48 0.00213177
-0.478 0.00197936
-0.476 0.00183711
-0.474 0.0017044
-0.472 0.00158064
-0.47 0.00146529
-0.468 0.00135781
-0.466 0.00125771
-0.464 0.00116452
-0.462 0.00107781
-0.46 0.000997155
-0.458 0.000922166
-0.456 0.000852476
-0.454 0.000787738
-0.452 0.000727625
-0.45 0.00067183
-0.448 0.000620065
-0.446 0.00057206
-0.444 0.000527561
-0.442 0.000486328
-0.44 0.000448139
-0.438 0.000412784
-0.436 0.000380066
-0.434 0.000349801
-0.432 0.000321817
-0.43 0.000295954
-0.428 0.00027206
-0.426 0.000249995
-0.424 0.000229628
-0.422 0.000210836
-0.42 0.000193505
-0.418 0.000177527
-0.416 0.000162803
-0.414 0.000149241
-0.412 0.000136754
-0.41 0.000125261
-0.408 0.000114689
-0.406 0.000104966
-0.404 9.60299e-05
-0.402 8.78191e-05
-0.4 8.02783e-05
-0.398 7.33556e-05
-0.396 6.70031e-05
-0.394 6.11762e-05
-0.392 5.58337e-05
-0.39 5.09374e-05
-0.388 4.64519e-05
-0.386 4.23444e-05
-0.384 3.85847e-05
-0.382 3.51448e-05
-0.38 3.19987e-05
-0.378 2.91226e-05
-0.376 2.64944e-05
-0.374 2.40938e-05
-0.372 2.19019e-05
-0.37 1.99015e-05
-0.368 1.80765e-05
-0.366 1.64123e-05
-0.364 1.48954e-05
-0.362 1.35133e-05
-0.36 1.22545e-05
-0.358 1.11085e-05
-0.356 1.00657e-05
-0.354 9.11709e-06
-0.352 8.25459e-06
-0.35 7.47071e-06
-0.348 6.75855e-06
-0.346 6.11184e-06
-0.344 5.52481e-06
-0.342 4.99215e-06
-0.34 4.50905e-06
-0.338 4.07107e-06
-0.336 3.67416e-06
-0.334 3.31463e-06
-0.332 2.98908e-06
-0.33 2.69442e-06
-0.328 2.42784e-06
-0.326 2.18676e-06
-0.324 1.96884e-06
-0.322 1.77192e-06
-0.32 1.59406e-06
-0.318 1.43347e-06
-0.316 1.28855e-06
-0.314 1.15782e-06
-0.312 1.03994e-06
-0.31 9.33679e-07
-0.308 8.37945e-07
-0.306 7.51726e-07
-0.304 6.74108e-07
-0.302 6.04263e-07
-0.3 5.41438e-07
-0.298 4.84951e-07
-0.296 4.34184e-07
-0.294 3.88575e-07
-0.292 3.47619e-07
-0.29 3.10855e-07
-0.288 2.77868e-07
-0.286 2.48282e-07
-0.284 2.21757e-07
-0.282 1.97987e-07
-0.28 1.76694e-07
-0.278 1.57628e-07
-0.276 1.40564e-07
-0.274 1.25296e-07
-0.272 1.11642e-07
-0.27 9.94362e-08
-0.268 8.85295e-08
-0.266 7.87875e-08
-0.264 7.00896e-08
-0.262 6.23269e-08
-0.26 5.54018e-08
-0.258 4.92264e-08
-0.256 4.37219e-08
-0.254 3.88174e-08
-0.252 3.44493e-08
-0.25 3.05604e-08
-0.248 2.70998e-08
-0.246 2.40214e-08
-0.244 2.12842e-08
-0.242 1.88513e-08
-0.24 1.66899e-08
-0.238 1.47703e-08
-0.236 1.30663e-08
-0.234 1.15543e-08
-0.232 1.02131e-08
-0.23 9.02406e-09
-0.228 7.97023e-09
-0.226 7.03665e-09
-0.224 6.20994e-09
-0.222 5.47816e-09
-0.22 4.83069e-09
-0.218 4.25803e-09
-0.216 3.75176e-09
-0.214 3.30437e-09
-0.212 2.90916e-09
-0.21 2.56019e-09
-0.208 2.25218e-09
-0.206 1.98044e-09
-0.204 1.74079e-09
-0.202 1.52952e-09
-0.2 1.34336e-09
-0.198 1.17938e-09
-0.196 1.03501e-09
-0.194 9.07947e-10
-0.192 7.96165e-10
-0.19 6.97864e-10
-0.188 6.11452e-10
-0.186 5.35533e-10
-0.184 4.68851e-10
-0.182 4.10302e-10
-0.18 3.58928e-10
-0.178 3.13855e-10
-0.176 2.74339e-10
-0.174 2.39696e-10
-0.172 2.09346e-10
-0.17 1.82764e-10
-0.168 1.59502e-10
-0.166 1.39138e-10
-0.164 1.21325e-10
-0.162 1.05754e-10
-0.16 9.21399e-11
-0.158 8.02518e-11
-0.156 6.98616e-11
-0.154 6.07997e-11
-0.152 5.28891e-11
-0.15 4.59928e-11
-0.148 3.9975e-11
-0.146 3.47324e-11
-0.144 3.01642e-11
-0.142 2.6189e-11
-0.14 2.27288e-11
-0.138 1.97154e-11
-0.136 1.70941e-11
-0.134 1.48177e-11
-0.132 1.28381e-11
-0.13 1.11221e-11
-0.128 9.62728e-12
-0.126 8.33181e-12
-0.124 7.20922e-12
-0.122 6.23214e-12
-0.12 5.38759e-12
-0.118 4.65658e-12
-0.116 4.02047e-12
-0.114 3.47119e-12
-0.112 2.9953e-12
-0.11 2.58448e-12
-0.108 2.22944e-12
-0.106 1.92075e-12
-0.104 1.65805e-12
-0.102 1.42504e-12
-0.1 1.22981e-12
-0.098 1.05984e-12
-0.096 9.10621e-13
-0.094 7.82696e-13
-0.092 6.70566e-13
-0.09 5.77265e-13
-0.088 4.97622e-13
-0.086 4.26006e-13
-0.084 3.67462e-13
-0.082 3.13116e-13
-0.08 2.685e-13
-0.078 2.31962e-13
-0.076 1.9759e-13
-0.074 1.68822e-13
-0.072 1.42876e-13
-0.07 1.25905e-13
-0.068 1.11023e-13
-0.066 8.91757e-14
-0.064 7.83435e-14
-0.062 6.80092e-14
-0.06 5.69336e-14
-0.058 5.00312e-14
-0.056 4.2037e-14
-0.054 3.6415e-14
-0.052 3.10026e-14
-0.05 2.82356e-14
-0.048 2.36437e-14
-0.046 2.15265e-14
-0.044 1.58514e-14
-0.042 1.65421e-14
-0.04 1.0315e-14
-0.038 1.372e-14
-0.036 6.70388e-15
-0.034 9.26472e-15
-0.032 4.59117e-15
-0.03 7.08796e-15
-0.028 5.57641e-15
-0.026 6.02248e-15
-0.024 6.00919e-15
-0.022 4.84912e-15
-0.02 1.61696e-15
-0.018 2.72239e-15
-0.016 2.33021e-15
-0.014 1.42425e-15
-0.012 7.28355e-16
-0.01 -4.66405e-19
-0.008 4.02434e-15
-0.006 8.89308e-16
-0.004 2.22257e-15
-0.002 2.55197e-16
0 2.44984e-15
0.002 4.71479e-16
0.004 3.89907e-15
0.006 9.08551e-16
0.008 4.15993e-15
0.01 5.06638e-15
0.012 2.61519e-15
0.014 2.93954e-15
0.016 1.9943e-15
0.018 1.99888e-15
0.02 4.48451e-15
0.022 2.05038e-15
0.024 4.33278e-15
0.026 5.97346e-15
0.028 4.8492e-15
0.03 5.54516e-15
0.032 8.52025e-15
0.034 5.29992e-15
0.036 8.39134e-15
0.038 1.22525e-14
0.04 1.21232e-14
0.042 1.2399e-14
0.044 1.60623e-14
0.046 1.95376e-14
0.048 2.26579e-14
0.05 2.52668e-14
0.052 2.93543e-14
0.054 3.43448e-14
0.056 4.3035e-14
0.058 4.71506e-14
0.06 5.5415e-14
0.062 6.5643e-14
0.064 8.07564e-14
0.066 8.70325e-14
0.068 1.04896e-13
0.07 1.2471e-13
0.072 1.42664e-13
0.074 1.65812e-13
0.076 1.98195e-13
0.078 2.3007e-13
0.08 2.68015e-13
0.082 3.15058e-13
0.084 3.62387e-13
0.086 4.2495e-13
0.088 4.96698e-13
0.09 5.78366e-13
0.092 6.68838e-13
0.094 7.79114e-13
0.096 9.0577e-13
0.098 1.0548e-12
0.1 1.22744e-12
0.102 1.425e-12
0.104 1.65042e-12
0.106 1.9203e-12
0.108 2.22466e-12
0.11 2.58324e-12
0.112 2.99229e-12
0.114 3.46785e-12
0.116 4.01827e-12
0.118 4.64934e-12
0.12 5.38518e-12
0.122 6.23026e-12
0.124 7.20411e-12
0.126 8.33367e-12
0.128 9.62557e-12
0.13 1.11182e-11
0.132 1.28382e-11
0.134 1.4814e-11
0.136 1.70942e-11
0.138 1.97094e-11
0.14 2.27224e-11
0.142 2.61858e-11
0.144 3.01655e-11
0.146 3.47307e-11
0.148 3.99738e-11
0.15 4.59864e-11
0.152 5.28854e-11
0.154 6.07953e-11
0.156 6.98601e-11
0.158 8.02424e-11
0.16 9.21365e-11
0.162 1.05751e-10
0.164 1.2132e-10
0.166 1.39137e-10
0.168 1.59492e-10
0.17 1.82763e-10
0.172 2.09345e-10
0.174 2.39693e-10
0.176 2.74335e-10
0.178 3.13851e-10
0.18 3.58924e-10
0.182 4.10301e-10
0.184 4.68843e-10
0.186 5.35531e-10
0.188 6.11454e-10
0.19 6.9786e-10
0.192 7.96161e-10
0.194 9.07941e-10
0.196 1.03501e-09
0.198 1.17938e-09
0.2 1.34336e-09
0.202 1.52952e-09
0.204 1.74078e-09
0.206 1.98044e-09
0.208 2.25218e-09
0.21 2.56019e-09
0.212 2.90915e-09
0.214 3.30436e-09
0.216 3.75176e-09
0.218 4.25803e-09
0.22 4.83068e-09
0.222 5.47816e-09
0.224 6.20994e-09
0.226 7.03665e-09
0.228 7.97023e-09
0.23 9.02406e-09
0.232 1.02131e-08
0.234 1.15543e-08
0.236 1.30663e-08
0.238 1.47703e-08
0.24 1.66898e-08
0.242 1.88513e-08
0.244 2.12842e-08
0.246 2.40214e-08
0.248 2.70998e-08
0.25 3.05604e-08
0.252 3.44493e-08
0.254 3.88174e-08
0.256 4.37219e-08
0.258 4.92264e-08
0.26 5.54018e-08
0.262 6.23269e-08
0.264 7.00896e-08
0.266 7.87875e-08
0.268 8.85295e-08
0.27 9.94362e-08
0.272 1.11642e-07
0.274 1.25296e-07
0.276 1.40564e-07
0.278 1.57628e-07
0.28 1.76694e-07
0.282 1.97987e-07
0.284 2.21757e-07
0.286 2.48282e-07
0.288 2.77868e-07
0.29 3.10855e-07
0.292 3.47619e-07
0.294 3.88575e-07
0.296 4.34184e-07
0.298 4.84951e-07
0.3 5.41438e-07
0.302 6.04263e-07
0.304 6.74108e-07
0.306 7.51726e-07
0.308 8.37945e-07
0.31 9.33679e-07
0.312 1.03994e-06
0.314 1.15782e-06
0.316 1.28855e-06
0.318 1.43347e-06
0.32 1.59406e-06
0.322 1.77192e-06
0.324 1.96884e-06
0.326 2.18676e-06
0.328 2.42784e-06
0.33 2.69442e-06
0.332 2.98908e-06
0.334 3.31463e-06
0.336 3.67416e-06
0.338 4.07107e-06
0.34 4.50905e-06
0.342 4.99215e-06
0.344 5.52481e-06
0.346 6.11184e-06
0.348 6.75855e-06
0.35 7.47071e-06
0.352 8.25459e-06
0.354 9.11709e-06
0.356 1.00657e-05
0.358 1.11085e-05
0.36 1.22545e-05
0.362 1.35133e-05
0.364 1.48954e-05
0.366 1.64123e-05
0.368 1.80765e-05
0.37 1.99015e-05
0.372 2.19019e-05
0.374 2.40938e-05
0.376 2.64944e-05
0.378 2.91226e-05
0.38 3.19987e-05
0.382 3.51448e-05
0.384 3.85847e-05
0.386 4.23444e-05
0.388 4.64519e-05
0.39 5.09374e-05
0.392 5.58337e-05
0.394 6.11762e-05
0.396 6.70031e-05
0.398 7.33556e-05
0.4 8.02783e-05
0.402 8.78191e-05
0.404 9.60299e-05
0.406 0.000104966
0.408 0.000114689
0.41 0.000125261
0.412 0.000136754
0.414 0.000149241
0.416 0.000162803
0.418 0.000177527
0.42 0.000193505
0.422 0.000210836
0.424 0.000229628
0.426 0.000249995
0.428 0.00027206
0.43 0.000295954
0.432 0.000321817
0.434 0.000349801
0.436 0.000380066
0.438 0.000412784
0.44 0.000448139
0.442 0.000486328
0.444 0.000527561
0.446 0.00057206
0.448 0.000620065
0.45 0.00067183
0.452 0.000727625
0.454 0.000787738
0.456 0.000852476
0.458 0.000922166
0.46 0.000997155
0.462 0.00107781
0.464 0.00116452
0.466 0.00125771
0.468 0.00135781
0.47 0.00146529
0.472 0.00158064
0.474 0.0017044
0.476 0.00183711
0.478 0.00197936
0.48 0.00213177
0.482 0.002295
0.484 0.00246974
0.486 0.00265672
0.488 0.00285671
0.49 0.00307054
0.492 0.00329904
0.494 0.00354314
0.496 0.00380377
0.498 0.00408194
0.5 0.0043787
0.502 0.00469516
0.504 0.00503248
0.506 0.00539188
0.508 0.00577463
0.51 0.00618207
0.512 0.00661562
0.514 0.00707674
0.516 0.00756698
0.518 0.00808794
0.52 0.00864131
0.522 0.00922885
0.524 0.00985239
0.526 0.0105139
0.528 0.0112152
0.53 0.0119586
0.532 0.0127462
0.534 0.0135802
0.536 0.014463
0.538 0.015397
0.54 0.0163848
0.542 0.017429
0.544 0.0185323
0.546 0.0196976
0.548 0.0209277
0.55 0.0222258
0.552 0.023595
0.554 0.0250385
0.556 0.0265597
0.558 0.0281621
0.56 0.0298491
0.562 0.0316246
0.564 0.0334923
0.566 0.0354561
0.568 0.0375201
0.57 0.0396883
0.572 0.041965
0.574 0.0443546
0.576 0.0468615
0.578 0.0494903
0.58 0.0522457
0.582 0.0551324
0.584 0.0581554
0.586 0.0613195
0.588 0.06463
0.59 0.0680919
0.592 0.0717106
0.594 0.0754915
0.596 0.0794398
0.598 0.0835613
0.6 0.0878614
0.602 0.0923459
0.604 0.0970204
0.606 0.101891
0.608 0.106963
0.61 0.112243
0.612 0.117736
0.614 0.123448
0.616 0.129387
0.618 0.135556
0.62 0.141963
0.622 0.148613
0.624 0.155513
0.626 0.162667
0.628 0.170083
0.63 0.177766
0.632 0.185722
0.634 0.193956
0.636 0.202474
0.638 0.211282
0.64 0.220385
0.642 0.229788
0.644 0.239496
0.646 0.249515
0.648 0.259849
0.65 0.270503
0.652 0.281481
0.654 0.292787
0.656 0.304426
0.658 0.316401
0.66 0.328715
0.662 0.341372
0.664 0.354375
0.666 0.367726
0.668 0.381428
0.67 0.395482
0.672 0.409889
0.674 0.424652
0.676 0.439771
0.678 0.455246
0.68 0.471077
0.682 0.487264
0.684 0.503805
0.686 0.5207
0.688 0.537947
0.69 0.555542
0.692 0.573484
0.694 0.591769
0.696 0.610393
0.698 0.629351
0.7 0.648639
0.702 0.668251
0.704 0.688181
0.706 0.708423
0.708 0.728968
0.71 0.74981
0.712 0.77094
0.714 0.792348
0.716 0.814026
0.718 0.835963
0.72 0.858149
0.722 0.880572
0.724 0.90322
0.726 0.926081
0.728 0.949142
0.73 0.972389
0.732 0.995808
0.734 1.01938
0.736 1.0431
0.738 1.06695
0.74 1.0909
0.742 1.11495
0.744 1.13908
0.746 1.16326
0.748 1.18748
0.75 1.21173
0.752 1.23598
0.754 1.26021
0.756 1.28441
0.758 1.30855
0.76 1.33261
0.762 1.35658
0.764 1.38043
0.766 1.40414
0.768 1.4277
0.77 1.45107
0.772 1.47424
0.774 1.49719
0.776 1.51989
0.778 1.54233
0.78 1.56448
0.782 1.58632
0.784 1.60783
0.786 1.62899
0.788 1.64978
0.79 1.67017
0.792 1.69015
0.794 1.7097
0.796 1.7288
0.798 1.74742
0.8 1.76555
0.802 1.78318
0.804 1.80027
0.806 1.81683
0.808 1.83281
0.81 1.84823
0.812 1.86304
0.814 1.87725
0.816 1.89084
0.818 1.90379
0.82 1.91609
0.822 1.92774
0.824 1.93871
0.826 1.94899
0.828 1.95859
0.83 1.96749
0.832 1.97568
0.834 1.98315
0.836 1.98991
0.838 1.99594
0.84 2.00124
0.842 2.00582
0.844 2.00966
0.846 2.01277
0.848 2.01515
0.85 2.0168
0.852 2.01773
0.854 2.01793
0.856 2.01741
0.858 2.01618
0.86 2.01424
0.862 2.01161
0.864 2.00828
0.866 2.00428
0.868 1.99961
0.87 1.99429
0.872 1.98832
0.874 1.98173
0.876 1.97452
0.878 1.96672
0.88 1.95833
0.882 1.94938
0.884 1.93989
0.886 1.92988
0.888 1.91936
0.89 1.90835
0.892 1.89689
0.894 1.88498
0.896 1.87266
0.898 1.85995
0.9 1.84687
0.902 1.83344
0.904 1.8197
0.906 1.80567
0.908 1.79137
0.91 1.77683
0.912 1.76207
0.914 1.74714
0.916 1.73204
0.918 1.71681
0.92 1.70149
0.922 1.68608
0.924 1.67063
0.926 1.65516
0.928 1.6397
0.93 1.62428
0.932 1.60892
0.934 1.59366
0.936 1.57851
0.938 1.56351
0.94 1.54869
0.942 1.53406
0.944 1.51966
0.946 1.50551
0.948 1.49163
0.95 1.47806
0.952 1.46481
0.954 1.45191
0.956 1.43938
0.958 1.42724
0.96 1.41552
0.962 1.40423
0.964 1.3934
0.966 1.38304
0.968 1.37317
0.97 1.36381
0.972 1.35497
0.974 1.34668
0.976 1.33894
0.978 1.33177
0.98 1.32518
0.982 1.31918
0.984 1.31378
0.986 1.309
0.988 1.30484
0.99 1.30131
0.992 1.29841
0.994 1.29615
0.996 1.29453
0.998 1.29356
