-1 0.24067
-0.99 0.240917
-0.98 0.240962
-0.97 0.241405
-0.96 0.241845
-0.95 0.242369
-0.94 0.243309
-0.93 0.243834
-0.92 0.245266
-0.91 0.245935
-0.9 0.247512
-0.89 0.248819
-0.88 0.250034
-0.87 0.252157
-0.86 0.253452
-0.85 0.255279
-0.84 0.257757
-0.83 0.259277
-0.82 0.261276
-0.81 0.264326
-0.8 0.266551
-0.79 0.268005
-0.78 0.270806
-0.77 0.275903
-0.76 0.28252
-0.75 0.289664
-0.74 0.2969
-0.73 0.304169
-0.72 0.311494
-0.71 0.318885
-0.7 0.32634
-0.69 0.333855
-0.68 0.341425
-0.67 0.349048
-0.66 0.356718
-0.65 0.364433
-0.64 0.372187
-0.63 0.379978
-0.62 0.387799
-0.61 0.395647
-0.6 0.403517
-0.59 0.411404
-0.58 0.419304
-0.57 0.427211
-0.56 0.435122
-0.55 0.443029
-0.54 0.450929
-0.53 0.458816
-0.52 0.466685
-0.51 0.474531
-0.5 0.482347
-0.49 0.490129
-0.48 0.497871
-0.47 0.505568
-0.46 0.513213
-0.45 0.520801
-0.44 0.528328
-0.43 0.535786
-0.42 0.54317
-0.41 0.550475
-0.4 0.557695
-0.39 0.564824
-0.38 0.571857
-0.37 0.578789
-0.36 0.585613
-0.35 0.592323
-0.34 0.598916
-0.33 0.605385
-0.32 0.611725
-0.31 0.61793
-0.3 0.623996
-0.29 0.629918
-0.28 0.63569
-0.27 0.641307
-0.26 0.646765
-0.25 0.652059
-0.24 0.657185
-0.23 0.662138
-0.22 0.666913
-0.21 0.671507
-0.2 0.675915
-0.19 0.680135
-0.18 0.684161
-0.17 0.68799
-0.16 0.69162
-0.15 0.695046
-0.14 0.698265
-0.13 0.701276
-0.12 0.704075
-0.11 0.706659
-0.1 0.709026
-0.09 0.711175
-0.08 0.713102
-0.07 0.714807
-0.06 0.716288
-0.05 0.717543
-0.04 0.718572
-0.03 0.719373
-0.02 0.719945
-0.01 0.720289
0 0.720404
0.01 0.720289
0.02 0.719945
0.03 0.719373
0.04 0.718572
0.05 0.717543
0.06 0.716288
0.07 0.714807
0.08 0.713102
0.09 0.711175
0.1 0.709026
0.11 0.706659
0.12 0.704075
0.13 0.701276
0.14 0.698265
0.15 0.695046
0.16 0.69162
0.17 0.68799
0.18 0.684161
0.19 0.680135
0.2 0.675915
0.21 0.671507
0.22 0.666913
0.23 0.662138
0.24 0.657185
0.25 0.652059
0.26 0.646765
0.27 0.641307
0.28 0.63569
0.29 0.629918
0.3 0.623996
0.31 0.61793
0.32 0.611725
0.33 0.605385
0.34 0.598916
0.35 0.592323
0.36 0.585613
0.37 0.578789
0.38 0.571857
0.39 0.564824
0.4 0.557695
0.41 0.550475
0.42 0.54317
0.43 0.535786
0.44 0.528328
0.45 0.520801
0.46 0.513213
0.47 0.505568
0.48 0.497871
0.49 0.490129
0.5 0.482347
0.51 0.474531
0.52 0.466685
0.53 0.458816
0.54 0.450929
0.55 0.443029
0.56 0.435122
0.57 0.427211
0.58 0.419304
0.59 0.411404
0.6 0.403517
0.61 0.395647
0.62 0.387799
0.63 0.379978
0.64 0.372187
0.65 0.364433
0.66 0.356718
0.67 0.349048
0.68 0.341425
0.69 0.333855
0.7 0.32634
0.71 0.318885
0.72 0.311494
0.73 0.304169
0.74 0.2969
0.75 0.289664
0.76 0.28252
0.77 0.275903
0.78 0.270806
0.79 0.268005
0.8 0.266551
0.81 0.264326
0.82 0.261276
0.83 0.259277
0.84 0.257757
0.85 0.255279
0.86 0.253452
0.87 0.252157
0.88 0.250034
0.89 0.248819
0.9 0.247512
0.91 0.245935
0.92 0.245266
0.93 0.243834
0.94 0.243309
0.95 0.242369
0.96 0.241845
0.97 0.241405
0.98 0.240962
0.99 0.240917
