-1 0.619361
-0.99 0.619057
-0.98 0.619115
-0.97 0.618572
-0.96 0.618377
-0.95 0.617605
-0.94 0.617143
-0.93 0.616161
-0.92 0.615408
-0.91 0.614246
-0.9 0.61317
-0.89 0.611865
-0.88 0.610432
-0.87 0.609012
-0.86 0.60721
-0.85 0.605667
-0.84 0.603537
-0.83 0.601801
-0.82 0.599448
-0.81 0.597389
-0.8 0.594957
-0.79 0.592453
-0.78 0.59002
-0.77 0.58708
-0.76 0.584539
-0.75 0.581376
-0.74 0.578457
-0.73 0.575337
-0.72 0.571884
-0.71 0.568787
-0.7 0.565041
-0.69 0.561577
-0.68 0.55795
-0.67 0.553898
-0.66 0.550287
-0.65 0.546098
-0.64 0.541929
-0.63 0.537985
-0.62 0.533372
-0.61 0.529084
-0.6 0.524757
-0.59 0.519831
-0.58 0.515359
-0.57 0.510707
-0.56 0.505501
-0.55 0.50079
-0.54 0.49592
-0.53 0.490436
-0.52 0.485415
-0.51 0.480452
-0.5 0.474755
-0.49 0.469283
-0.48 0.464271
-0.47 0.458621
-0.46 0.452592
-0.45 0.44722
-0.44 0.441963
-0.43 0.435864
-0.42 0.429555
-0.41 0.424046
-0.4 0.418853
-0.39 0.412812
-0.38 0.405929
-0.37 0.399456
-0.36 0.394521
-0.35 0.391251
-0.34 0.389049
-0.33 0.387265
-0.32 0.385543
-0.31 0.383783
-0.3 0.381992
-0.29 0.380195
-0.28 0.378406
-0.27 0.376629
-0.26 0.37487
-0.25 0.373133
-0.24 0.371423
-0.23 0.369743
-0.22 0.368099
-0.21 0.366495
-0.2 0.364936
-0.19 0.363424
-0.18 0.361965
-0.17 0.360561
-0.16 0.359218
-0.15 0.357937
-0.14 0.356723
-0.13 0.355579
-0.12 0.354507
-0.11 0.35351
-0.1 0.352592
-0.09 0.351753
-0.08 0.350997
-0.07 0.350325
-0.06 0.34974
-0.05 0.349242
-0.04 0.348832
-0.03 0.348513
-0.02 0.348284
-0.01 0.348147
0 0.348101
0.01 0.348147
0.02 0.348284
0.03 0.348513
0.04 0.348832
0.05 0.349242
0.06 0.34974
0.07 0.350325
0.08 0.350997
0.09 0.351753
0.1 0.352592
0.11 0.35351
0.12 0.354507
0.13 0.355579
0.14 0.356723
0.15 0.357937
0.16 0.359218
0.17 0.360561
0.18 0.361965
0.19 0.363424
0.2 0.364936
0.21 0.366495
0.22 0.368099
0.23 0.369743
0.24 0.371423
0.25 0.373133
0.26 0.37487
0.27 0.376629
0.28 0.378406
0.29 0.380195
0.3 0.381992
0.31 0.383783
0.32 0.385543
0.33 0.387265
0.34 0.389049
0.35 0.391251
0.36 0.394521
0.37 0.399456
0.38 0.405929
0.39 0.412812
0.4 0.418853
0.41 0.424046
0.42 0.429555
0.43 0.435864
0.44 0.441963
0.45 0.44722
0.46 0.452592
0.47 0.458621
0.48 0.464271
0.49 0.469283
0.5 0.474755
0.51 0.480452
0.52 0.485415
0.53 0.490436
0.54 0.49592
0.55 0.50079
0.56 0.505501
0.57 0.510707
0.58 0.515359
0.59 0.519831
0.6 0.524757
0.61 0.529084
0.62 0.533372
0.63 0.537985
0.64 0.541929
0.65 0.546098
0.66 0.550287
0.67 0.553898
0.68 0.55795
0.69 0.561577
0.7 0.565041
0.71 0.568787
0.72 0.571884
0.73 0.575337
0.74 0.578457
0.75 0.581376
0.76 0.584539
0.77 0.58708
0.78 0.59002
0.79 0.592453
0.8 0.594957
0.81 0.597389
0.82 0.599448
0.83 0.601801
0.84 0.603537
0.85 0.605667
0.86 0.60721
0.87 0.609012
0.88 0.610432
0.89 0.611865
0.9 0.61317
0.91 0.614246
0.92 0.615408
0.93 0.616161
0.94 0.617143
0.95 0.617605
0.96 0.618377
0.97 0.618572
0.98 0.619115
0.99 0.619057
