-1 0.20388
-0.99 0.203892
-0.98 0.2042
-0.97 0.204379
-0.96 0.205152
-0.95 0.205382
-0.94 0.206651
-0.93 0.207046
-0.92 0.208462
-0.91 0.209591
-0.9 0.210536
-0.89 0.212603
-0.88 0.21377
-0.87 0.215176
-0.86 0.217805
-0.85 0.219571
-0.84 0.220642
-0.83 0.223402
-0.82 0.228567
-0.81 0.235082
-0.8 0.241982
-0.79 0.248964
-0.78 0.256022
-0.77 0.263178
-0.76 0.270436
-0.75 0.277795
-0.74 0.28525
-0.73 0.292799
-0.72 0.300439
-0.71 0.308167
-0.7 0.315979
-0.69 0.323872
-0.68 0.331843
-0.67 0.339887
-0.66 0.348
-0.65 0.356179
-0.64 0.364419
-0.63 0.372715
-0.62 0.381062
-0.61 0.389457
-0.6 0.397894
-0.59 0.406367
-0.58 0.414872
-0.57 0.423403
-0.56 0.431954
-0.55 0.440521
-0.54 0.449096
-0.53 0.457675
-0.52 0.466251
-0.51 0.474817
-0.5 0.483369
-0.49 0.491899
-0.48 0.5004
-0.47 0.508868
-0.46 0.517294
-0.45 0.525672
-0.44 0.533996
-0.43 0.542259
-0.42 0.550453
-0.41 0.558574
-0.4 0.566612
-0.39 0.574562
-0.38 0.582417
-0.37 0.59017
-0.36 0.597814
-0.35 0.605342
-0.34 0.612748
-0.33 0.620025
-0.32 0.627166
-0.31 0.634165
-0.3 0.641016
-0.29 0.647711
-0.28 0.654245
-0.27 0.660612
-0.26 0.666804
-0.25 0.672818
-0.24 0.678645
-0.23 0.684282
-0.22 0.689722
-0.21 0.694961
-0.2 0.699992
-0.19 0.704811
-0.18 0.709414
-0.17 0.713795
-0.16 0.71795
-0.15 0.721875
-0.14 0.725566
-0.13 0.729019
-0.12 0.732231
-0.11 0.735198
-0.1 0.737918
-0.09 0.740387
-0.08 0.742603
-0.07 0.744564
-0.06 0.746267
-0.05 0.747712
-0.04 0.748895
-0.03 0.749818
-0.02 0.750477
-0.01 0.750873
0 0.751005
0.01 0.750873
0.02 0.750477
0.03 0.749818
0.04 0.748895
0.05 0.747712
0.06 0.746267
0.07 0.744564
0.08 0.742603
0.09 0.740387
0.1 0.737918
0.11 0.735198
0.12 0.732231
0.13 0.729019
0.14 0.725566
0.15 0.721875
0.16 0.71795
0.17 0.713795
0.18 0.709414
0.19 0.704811
0.2 0.699992
0.21 0.694961
0.22 0.689722
0.23 0.684282
0.24 0.678645
0.25 0.672818
0.26 0.666804
0.27 0.660612
0.28 0.654245
0.29 0.647711
0.3 0.641016
0.31 0.634165
0.32 0.627166
0.33 0.620025
0.34 0.612748
0.35 0.605342
0.36 0.597814
0.37 0.59017
0.38 0.582417
0.39 0.574562
0.4 0.566612
0.41 0.558574
0.42 0.550453
0.43 0.542259
0.44 0.533996
0.45 0.525672
0.46 0.517294
0.47 0.508868
0.48 0.5004
0.49 0.491899
0.5 0.483369
0.51 0.474817
0.52 0.466251
0.53 0.457675
0.54 0.449096
0.55 0.440521
0.56 0.431954
0.57 0.423403
0.58 0.414872
0.59 0.406367
0.6 0.397894
0.61 0.389457
0.62 0.381062
0.63 0.372715
0.64 0.364419
0.65 0.356179
0.66 0.348
0.67 0.339887
0.68 0.331843
0.69 0.323872
0.7 0.315979
0.71 0.308167
0.72 0.300439
0.73 0.292799
0.74 0.28525
0.75 0.277795
0.76 0.270436
0.77 0.263178
0.78 0.256022
0.79 0.248964
0.8 0.241982
0.81 0.235082
0.82 0.228567
0.83 0.223402
0.84 0.220642
0.85 0.219571
0.86 0.217805
0.87 0.215176
0.88 0.21377
0.89 0.212603
0.9 0.210536
0.91 0.209591
0.92 0.208462
0.93 0.207046
0.94 0.206651
0.95 0.205382
0.96 0.205152
0.97 0.204379
0.98 0.2042
0.99 0.203892
