0 3.47421e-16
0.01 0.0569814
0.02 0.113738
0.03 0.170046
0.04 0.225682
0.05 0.280428
0.06 0.334067
0.07 0.386388
0.08 0.437184
0.09 0.486254
0.1 0.533406
0.11 0.578452
0.12 0.621216
0.13 0.661528
0.14 0.699229
0.15 0.73417
0.16 0.766214
0.17 0.795235
0.18 0.821116
0.19 0.843758
0.2 0.863069
0.21 0.878974
0.22 0.89141
0.23 0.900329
0.24 0.905694
0.25 0.907484
0.26 0.905694
0.27 0.900329
0.28 0.89141
0.29 0.878974
0.3 0.863069
0.31 0.843758
0.32 0.821116
0.33 0.795235
0.34 0.766214
0.35 0.73417
0.36 0.699229
0.37 0.661528
0.38 0.621216
0.39 0.578452
0.4 0.533406
0.41 0.486254
0.42 0.437184
0.43 0.386388
0.44 0.334067
0.45 0.280428
0.46 0.225682
0.47 0.170046
0.48 0.113738
0.49 0.0569814
0.5 7.21346e-17
0.51 -0.0569814
0.52 -0.113738
0.53 -0.170046
0.54 -0.225682
0.55 -0.280428
0.56 -0.334067
0.57 -0.386388
0.58 -0.437184
0.59 -0.486254
0.6 -0.533406
0.61 -0.578452
0.62 -0.621216
0.63 -0.661528
0.64 -0.699229
0.65 -0.73417
0.66 -0.766214
0.67 -0.795235
0.68 -0.821116
0.69 -0.843758
0.7 -0.863069
0.71 -0.878974
0.72 -0.89141
0.73 -0.900329
0.74 -0.905694
0.75 -0.907484
0.76 -0.905694
0.77 -0.900329
0.78 -0.89141
0.79 -0.878974
0.8 -0.863069
0.81 -0.843758
0.82 -0.821116
0.83 -0.795235
0.84 -0.766214
0.85 -0.73417
0.86 -0.699229
0.87 -0.661528
0.88 -0.621216
0.89 -0.578452
0.9 -0.533406
0.91 -0.486254
0.92 -0.437184
0.93 -0.386388
0.94 -0.334067
0.95 -0.280428
0.96 -0.225682
0.97 -0.170046
0.98 -0.113738
0.99 -0.0569814
