-1 0.792253
-0.99 0.791911
-0.98 0.79163
-0.97 0.790661
-0.96 0.789764
-0.95 0.788166
-0.94 0.786661
-0.93 0.784442
-0.92 0.782335
-0.91 0.779508
-0.9 0.7768
-0.89 0.773393
-0.88 0.770079
-0.87 0.766129
-0.86 0.762199
-0.85 0.757754
-0.84 0.753195
-0.83 0.748303
-0.82 0.743113
-0.81 0.737811
-0.8 0.732013
-0.79 0.726308
-0.78 0.719967
-0.77 0.713822
-0.76 0.707048
-0.75 0.700396
-0.74 0.693313
-0.73 0.686101
-0.72 0.678795
-0.71 0.671045
-0.7 0.663497
-0.69 0.655349
-0.68 0.647439
-0.67 0.6391
-0.66 0.630702
-0.65 0.622303
-0.64 0.613452
-0.63 0.604914
-0.62 0.595854
-0.61 0.586955
-0.6 0.577944
-0.59 0.568611
-0.58 0.559617
-0.57 0.550121
-0.56 0.540842
-0.55 0.53152
-0.54 0.52186
-0.53 0.512617
-0.52 0.502962
-0.51 0.493406
-0.5 0.484064
-0.49 0.474272
-0.48 0.464893
-0.47 0.455413
-0.46 0.445688
-0.45 0.436461
-0.44 0.426917
-0.43 0.417378
-0.42 0.40829
-0.41 0.398794
-0.4 0.38949
-0.39 0.380568
-0.38 0.371222
-0.37 0.362163
-0.36 0.353471
-0.35 0.344354
-0.34 0.335533
-0.33 0.32714
-0.32 0.318335
-0.31 0.309728
-0.3 0.301678
-0.29 0.293296
-0.28 0.284882
-0.27 0.277142
-0.26 0.269326
-0.25 0.261169
-0.24 0.253582
-0.23 0.246398
-0.22 0.238769
-0.21 0.231185
-0.2 0.224359
-0.19 0.21762
-0.18 0.21037
-0.17 0.203359
-0.16 0.197169
-0.15 0.191057
-0.14 0.184351
-0.13 0.177665
-0.12 0.171868
-0.11 0.166677
-0.1 0.161069
-0.09 0.154705
-0.08 0.148399
-0.07 0.143302
-0.06 0.139963
-0.05 0.138146
-0.04 0.137261
-0.03 0.136805
-0.02 0.136526
-0.01 0.136353
0 0.136293
0.01 0.136353
0.02 0.136526
0.03 0.136805
0.04 0.137261
0.05 0.138146
0.06 0.139963
0.07 0.143302
0.08 0.148399
0.09 0.154705
0.1 0.161069
0.11 0.166677
0.12 0.171868
0.13 0.177665
0.14 0.184351
0.15 0.191057
0.16 0.197169
0.17 0.203359
0.18 0.21037
0.19 0.21762
0.2 0.224359
0.21 0.231185
0.22 0.238769
0.23 0.246398
0.24 0.253582
0.25 0.261169
0.26 0.269326
0.27 0.277142
0.28 0.284882
0.29 0.293296
0.3 0.301678
0.31 0.309728
0.32 0.318335
0.33 0.32714
0.34 0.335533
0.35 0.344354
0.36 0.353471
0.37 0.362163
0.38 0.371222
0.39 0.380568
0.4 0.38949
0.41 0.398794
0.42 0.40829
0.43 0.417378
0.44 0.426917
0.45 0.436461
0.46 0.445688
0.47 0.455413
0.48 0.464893
0.49 0.474272
0.5 0.484064
0.51 0.493406
0.52 0.502962
0.53 0.512617
0.54 0.52186
0.55 0.53152
0.56 0.540842
0.57 0.550121
0.58 0.559617
0.59 0.568611
0.6 0.577944
0.61 0.586955
0.62 0.595854
0.63 0.604914
0.64 0.613452
0.65 0.622303
0.66 0.630702
0.67 0.6391
0.68 0.647439
0.69 0.655349
0.7 0.663497
0.71 0.671045
0.72 0.678795
0.73 0.686101
0.74 0.693313
0.75 0.700396
0.76 0.707048
0.77 0.713822
0.78 0.719967
0.79 0.726308
0.8 0.732013
0.81 0.737811
0.82 0.743113
0.83 0.748303
0.84 0.753195
0.85 0.757754
0.86 0.762199
0.87 0.766129
0.88 0.770079
0.89 0.773393
0.9 0.7768
0.91 0.779508
0.92 0.782335
0.93 0.784442
0.94 0.786661
0.95 0.788166
0.96 0.789764
0.97 0.790661
0.98 0.79163
0.99 0.791911
