-1 0.74183
-0.99 0.741529
-0.98 0.741321
-0.97 0.740521
-0.96 0.739795
-0.95 0.738511
-0.94 0.737257
-0.93 0.735508
-0.92 0.733715
-0.91 0.731527
-0.9 0.729181
-0.89 0.726583
-0.88 0.723677
-0.87 0.720691
-0.86 0.71723
-0.85 0.713865
-0.84 0.70988
-0.83 0.706115
-0.82 0.701675
-0.81 0.697453
-0.8 0.692658
-0.79 0.687909
-0.78 0.682858
-0.77 0.677541
-0.76 0.672274
-0.75 0.666442
-0.74 0.660887
-0.73 0.654706
-0.72 0.648706
-0.71 0.642376
-0.7 0.635823
-0.69 0.629407
-0.68 0.622404
-0.67 0.615729
-0.66 0.608575
-0.65 0.601394
-0.64 0.594281
-0.63 0.586636
-0.62 0.579365
-0.61 0.571652
-0.6 0.56388
-0.59 0.556313
-0.58 0.548177
-0.57 0.540387
-0.56 0.532413
-0.55 0.524103
-0.54 0.516236
-0.53 0.507914
-0.52 0.499573
-0.51 0.491579
-0.5 0.483039
-0.49 0.474709
-0.48 0.46661
-0.47 0.457965
-0.46 0.449645
-0.45 0.441518
-0.44 0.43285
-0.43 0.424527
-0.42 0.416468
-0.41 0.407859
-0.4 0.399499
-0.39 0.391584
-0.38 0.383169
-0.37 0.374728
-0.36 0.366933
-0.35 0.358918
-0.34 0.350466
-0.33 0.34257
-0.32 0.335068
-0.31 0.327013
-0.3 0.318817
-0.29 0.311381
-0.28 0.304207
-0.27 0.296391
-0.26 0.288368
-0.25 0.281147
-0.24 0.27458
-0.23 0.267584
-0.22 0.25975
-0.21 0.25194
-0.2 0.245377
-0.19 0.240596
-0.18 0.237293
-0.17 0.234836
-0.16 0.232729
-0.15 0.230751
-0.14 0.228855
-0.13 0.227058
-0.12 0.225379
-0.11 0.223825
-0.1 0.222399
-0.09 0.221102
-0.08 0.219938
-0.07 0.218906
-0.06 0.218008
-0.05 0.217247
-0.04 0.216622
-0.03 0.216136
-0.02 0.215788
-0.01 0.215579
0 0.215509
0.01 0.215579
0.02 0.215788
0.03 0.216136
0.04 0.216622
0.05 0.217247
0.06 0.218008
0.07 0.218906
0.08 0.219938
0.09 0.221102
0.1 0.222399
0.11 0.223825
0.12 0.225379
0.13 0.227058
0.14 0.228855
0.15 0.230751
0.16 0.232729
0.17 0.234836
0.18 0.237293
0.19 0.240596
0.2 0.245377
0.21 0.25194
0.22 0.25975
0.23 0.267584
0.24 0.27458
0.25 0.281147
0.26 0.288368
0.27 0.296391
0.28 0.304207
0.29 0.311381
0.3 0.318817
0.31 0.327013
0.32 0.335068
0.33 0.34257
0.34 0.350466
0.35 0.358918
0.36 0.366933
0.37 0.374728
0.38 0.383169
0.39 0.391584
0.4 0.399499
0.41 0.407859
0.42 0.416468
0.43 0.424527
0.44 0.43285
0.45 0.441518
0.46 0.449645
0.47 0.457965
0.48 0.46661
0.49 0.474709
0.5 0.483039
0.51 0.491579
0.52 0.499573
0.53 0.507914
0.54 0.516236
0.55 0.524103
0.56 0.532413
0.57 0.540387
0.58 0.548177
0.59 0.556313
0.6 0.56388
0.61 0.571652
0.62 0.579365
0.63 0.586636
0.64 0.594281
0.65 0.601394
0.66 0.608575
0.67 0.615729
0.68 0.622404
0.69 0.629407
0.7 0.635823
0.71 0.642376
0.72 0.648706
0.73 0.654706
0.74 0.660887
0.75 0.666442
0.76 0.672274
0.77 0.677541
0.78 0.682858
0.79 0.687909
0.8 0.692658
0.81 0.697453
0.82 0.701675
0.83 0.706115
0.84 0.70988
0.85 0.713865
0.86 0.71723
0.87 0.720691
0.88 0.723677
0.89 0.726583
0.9 0.729181
0.91 0.731527
0.92 0.733715
0.93 0.735508
0.94 0.737257
0.95 0.738511
0.96 0.739795
0.97 0.740521
0.98 0.741321
0.99 0.741529
