-1 0.789105
-0.99 0.789128
-0.98 0.788486
-0.97 0.787898
-0.96 0.786633
-0.95 0.785441
-0.94 0.783555
-0.93 0.781769
-0.92 0.77927
-0.91 0.776893
-0.9 0.773801
-0.89 0.770834
-0.88 0.76718
-0.87 0.763612
-0.86 0.759441
-0.85 0.755258
-0.84 0.750621
-0.83 0.745812
-0.82 0.740757
-0.81 0.735325
-0.8 0.729878
-0.79 0.723863
-0.78 0.71801
-0.77 0.711501
-0.76 0.705186
-0.75 0.698308
-0.74 0.691457
-0.73 0.684328
-0.72 0.676913
-0.71 0.669574
-0.7 0.661676
-0.69 0.654046
-0.68 0.645858
-0.67 0.637788
-0.66 0.629504
-0.65 0.620931
-0.64 0.612576
-0.63 0.603662
-0.62 0.595043
-0.61 0.586087
-0.6 0.577018
-0.59 0.568141
-0.58 0.558753
-0.57 0.54972
-0.56 0.540397
-0.55 0.530952
-0.54 0.521812
-0.53 0.512174
-0.52 0.50285
-0.51 0.493475
-0.5 0.483784
-0.49 0.474558
-0.48 0.464987
-0.47 0.455425
-0.46 0.446241
-0.45 0.436605
-0.44 0.427246
-0.43 0.418105
-0.42 0.408535
-0.41 0.399397
-0.4 0.390359
-0.39 0.38094
-0.38 0.37203
-0.37 0.363183
-0.36 0.353971
-0.35 0.345288
-0.34 0.336731
-0.33 0.327774
-0.32 0.319297
-0.31 0.311119
-0.3 0.302498
-0.29 0.294175
-0.28 0.286404
-0.27 0.278279
-0.26 0.270083
-0.25 0.262592
-0.24 0.255153
-0.23 0.24726
-0.22 0.239766
-0.21 0.232932
-0.2 0.225836
-0.19 0.218369
-0.18 0.211485
-0.17 0.205272
-0.16 0.198769
-0.15 0.191756
-0.14 0.18516
-0.13 0.179505
-0.12 0.174073
-0.11 0.167947
-0.1 0.161267
-0.09 0.15512
-0.08 0.150505
-0.07 0.147635
-0.06 0.146067
-0.05 0.145204
-0.04 0.144638
-0.03 0.144205
-0.02 0.143876
-0.01 0.14367
0 0.1436
0.01 0.14367
0.02 0.143876
0.03 0.144205
0.04 0.144638
0.05 0.145204
0.06 0.146067
0.07 0.147635
0.08 0.150505
0.09 0.15512
0.1 0.161267
0.11 0.167947
0.12 0.174073
0.13 0.179505
0.14 0.18516
0.15 0.191756
0.16 0.198769
0.17 0.205272
0.18 0.211485
0.19 0.218369
0.2 0.225836
0.21 0.232932
0.22 0.239766
0.23 0.24726
0.24 0.255153
0.25 0.262592
0.26 0.270083
0.27 0.278279
0.28 0.286404
0.29 0.294175
0.3 0.302498
0.31 0.311119
0.32 0.319297
0.33 0.327774
0.34 0.336731
0.35 0.345288
0.36 0.353971
0.37 0.363183
0.38 0.37203
0.39 0.38094
0.4 0.390359
0.41 0.399397
0.42 0.408535
0.43 0.418105
0.44 0.427246
0.45 0.436605
0.46 0.446241
0.47 0.455425
0.48 0.464987
0.49 0.474558
0.5 0.483784
0.51 0.493475
0.52 0.50285
0.53 0.512174
0.54 0.521812
0.55 0.530952
0.56 0.540397
0.57 0.54972
0.58 0.558753
0.59 0.568141
0.6 0.577018
0.61 0.586087
0.62 0.595043
0.63 0.603662
0.64 0.612576
0.65 0.620931
0.66 0.629504
0.67 0.637788
0.68 0.645858
0.69 0.654046
0.7 0.661676
0.71 0.669574
0.72 0.676913
0.73 0.684328
0.74 0.691457
0.75 0.698308
0.76 0.705186
0.77 0.711501
0.78 0.71801
0.79 0.723863
0.8 0.729878
0.81 0.735325
0.82 0.740757
0.83 0.745812
0.84 0.750621
0.85 0.755258
0.86 0.759441
0.87 0.763612
0.88 0.76718
0.89 0.770834
0.9 0.773801
0.91 0.776893
0.92 0.77927
0.93 0.781769
0.94 0.783555
0.95 0.785441
0.96 0.786633
0.97 0.787898
0.98 0.788486
0.99 0.789128
