-1 5.36505e-13
-0.998 5.42769e-13
-0.996 5.61698e-13
-0.994 5.93703e-13
-0.992 6.39478e-13
-0.99 7.00014e-13
-0.988 7.7662e-13
-0.986 8.70948e-13
-0.984 9.85023e-13
-0.982 1.12129e-12
-0.98 1.28265e-12
-0.978 1.47255e-12
-0.976 1.69498e-12
-0.974 1.95465e-12
-0.972 2.25698e-12
-0.97 2.60828e-12
-0.968 3.01585e-12
-0.966 3.48809e-12
-0.964 4.03469e-12
-0.962 4.66682e-12
-0.96 5.39729e-12
-0.958 6.24086e-12
-0.956 7.21446e-12
-0.954 8.33752e-12
-0.952 9.63232e-12
-0.95 1.11244e-11
-0.948 1.2843e-11
-0.946 1.48217e-11
-0.944 1.70988e-11
-0.942 1.97182e-11
-0.94 2.273e-11
-0.938 2.61917e-11
-0.936 3.01687e-11
-0.934 3.47358e-11
-0.932 3.99784e-11
-0.93 4.59941e-11
-0.928 5.28939e-11
-0.926 6.08045e-11
-0.924 6.98704e-11
-0.922 8.02559e-11
-0.92 9.21483e-11
-0.918 1.05761e-10
-0.916 1.21335e-10
-0.914 1.39148e-10
-0.912 1.59512e-10
-0.91 1.82783e-10
-0.908 2.09365e-10
-0.906 2.39717e-10
-0.904 2.74359e-10
-0.902 3.13882e-10
-0.9 3.58956e-10
-0.898 4.10337e-10
-0.896 4.68886e-10
-0.894 5.35574e-10
-0.892 6.11503e-10
-0.89 6.97917e-10
-0.888 7.96224e-10
-0.886 9.08015e-10
-0.884 1.03509e-09
-0.882 1.17947e-09
-0.88 1.34346e-09
-0.878 1.52963e-09
-0.876 1.74091e-09
-0.874 1.98058e-09
-0.872 2.25234e-09
-0.87 2.56036e-09
-0.868 2.90935e-09
-0.866 3.30458e-09
-0.864 3.752e-09
-0.862 4.2583e-09
-0.86 4.83098e-09
-0.858 5.47849e-09
-0.856 6.2103e-09
-0.854 7.03706e-09
-0.852 7.97068e-09
-0.85 9.02457e-09
-0.848 1.02137e-08
-0.846 1.15549e-08
-0.844 1.3067e-08
-0.842 1.47711e-08
-0.84 1.66907e-08
-0.838 1.88522e-08
-0.836 2.12852e-08
-0.834 2.40225e-08
-0.832 2.71011e-08
-0.83 3.05619e-08
-0.828 3.44508e-08
-0.826 3.88191e-08
-0.824 4.37238e-08
-0.822 4.92286e-08
-0.82 5.54041e-08
-0.818 6.23295e-08
-0.816 7.00924e-08
-0.814 7.87907e-08
-0.812 8.8533e-08
-0.81 9.94401e-08
-0.808 1.11646e-07
-0.806 1.25301e-07
-0.804 1.40569e-07
-0.802 1.57634e-07
-0.8 1.767e-07
-0.798 1.97994e-07
-0.796 2.21765e-07
-0.794 2.4829e-07
-0.792 2.77876e-07
-0.79 3.10864e-07
-0.788 3.47629e-07
-0.786 3.88587e-07
-0.784 4.34197e-07
-0.782 4.84965e-07
-0.78 5.41454e-07
-0.778 6.0428e-07
-0.776 6.74127e-07
-0.774 7.51746e-07
-0.772 8.37967e-07
-0.77 9.33703e-07
-0.768 1.03996e-06
-0.766 1.15785e-06
-0.764 1.28858e-06
-0.762 1.43351e-06
-0.76 1.59409e-06
-0.758 1.77196e-06
-0.756 1.96888e-06
-0.754 2.18681e-06
-0.752 2.42789e-06
-0.75 2.69448e-06
-0.748 2.98914e-06
-0.746 3.31469e-06
-0.744 3.67423e-06
-0.742 4.07115e-06
-0.74 4.50913e-06
-0.738 4.99224e-06
-0.736 5.5249e-06
-0.734 6.11195e-06
-0.732 6.75866e-06
-0.73 7.47083e-06
-0.728 8.25472e-06
-0.726 9.11723e-06
-0.724 1.00658e-05
-0.722 1.11087e-05
-0.72 1.22547e-05
-0.718 1.35135e-05
-0.716 1.48956e-05
-0.714 1.64125e-05
-0.712 1.80767e-05
-0.71 1.99017e-05
-0.708 2.19022e-05
-0.706 2.40941e-05
-0.704 2.64947e-05
-0.702 2.9123e-05
-0.7 3.19991e-05
-0.698 3.51452e-05
-0.696 3.85851e-05
-0.694 4.23449e-05
-0.692 4.64523e-05
-0.69 5.09379e-05
-0.688 5.58342e-05
-0.686 6.11767e-05
-0.684 6.70037e-05
-0.682 7.33562e-05
-0.68 8.02789e-05
-0.678 8.78198e-05
-0.676 9.60307e-05
-0.674 0.000104967
-0.672 0.000114689
-0.67 0.000125262
-0.668 0.000136755
-0.666 0.000149242
-0.664 0.000162804
-0.662 0.000177528
-0.66 0.000193506
-0.658 0.000210838
-0.656 0.00022963
-0.654 0.000249997
-0.652 0.000272061
-0.65 0.000295955
-0.648 0.000321819
-0.646 0.000349802
-0.644 0.000380067
-0.642 0.000412786
-0.64 0.000448141
-0.638 0.00048633
-0.636 0.000527563
-0.634 0.000572063
-0.632 0.000620068
-0.63 0.000671832
-0.628 0.000727627
-0.626 0.00078774
-0.624 0.000852479
-0.622 0.000922169
-0.62 0.000997157
-0.618 0.00107781
-0.616 0.00116453
-0.614 0.00125771
-0.612 0.00135781
-0.61 0.00146529
-0.608 0.00158065
-0.606 0.0017044
-0.604 0.00183711
-0.602 0.00197936
-0.6 0.00213177
-0.598 0.002295
-0.596 0.00246974
-0.594 0.00265672
-0.592 0.00285672
-0.59 0.00307054
-0.588 0.00329905
-0.586 0.00354314
-0.584 0.00380377
-0.582 0.00408195
-0.58 0.00437871
-0.578 0.00469517
-0.576 0.00503248
-0.574 0.00539188
-0.572 0.00577463
-0.57 0.00618207
-0.568 0.00661562
-0.566 0.00707674
-0.564 0.00756698
-0.562 0.00808794
-0.56 0.00864131
-0.558 0.00922885
-0.556 0.00985239
-0.554 0.0105139
-0.552 0.0112152
-0.55 0.0119586
-0.548 0.0127462
-0.546 0.0135802
-0.544 0.014463
-0.542 0.015397
-0.54 0.0163848
-0.538 0.017429
-0.536 0.0185323
-0.534 0.0196975
-0.532 0.0209277
-0.53 0.0222258
-0.528 0.023595
-0.526 0.0250385
-0.524 0.0265597
-0.522 0.028162
-0.52 0.0298491
-0.518 0.0316246
-0.516 0.0334923
-0.514 0.0354561
-0.512 0.03752
-0.51 0.0396882
-0.508 0.0419649
-0.506 0.0443545
-0.504 0.0468614
-0.502 0.0494902
-0.5 0.0522455
-0.498 0.0551322
-0.496 0.0581551
-0.494 0.0613193
-0.492 0.0646297
-0.49 0.0680916
-0.488 0.0717103
-0.486 0.0754911
-0.484 0.0794394
-0.482 0.0835608
-0.48 0.0878608
-0.478 0.0923452
-0.476 0.0970197
-0.474 0.10189
-0.472 0.106962
-0.47 0.112242
-0.468 0.117735
-0.466 0.123447
-0.464 0.129385
-0.462 0.135555
-0.46 0.141961
-0.458 0.148611
-0.456 0.155511
-0.454 0.162665
-0.452 0.170081
-0.45 0.177764
-0.448 0.185719
-0.446 0.193953
-0.444 0.202471
-0.442 0.211278
-0.44 0.22038
-0.438 0.229783
-0.436 0.239491
-0.434 0.249509
-0.432 0.259842
-0.43 0.270495
-0.428 0.281472
-0.426 0.292778
-0.424 0.304416
-0.422 0.31639
-0.42 0.328703
-0.418 0.341359
-0.416 0.35436
-0.414 0.36771
-0.412 0.38141
-0.41 0.395462
-0.408 0.409868
-0.406 0.424628
-0.404 0.439745
-0.402 0.455217
-0.4 0.471045
-0.398 0.487229
-0.396 0.503767
-0.394 0.520658
-0.392 0.537901
-0.39 0.555492
-0.388 0.573429
-0.386 0.591709
-0.384 0.610327
-0.382 0.629279
-0.38 0.64856
-0.378 0.668164
-0.376 0.688086
-0.374 0.708319
-0.372 0.728855
-0.37 0.749686
-0.368 0.770804
-0.366 0.7922
-0.364 0.813865
-0.362 0.835787
-0.36 0.857957
-0.358 0.880363
-0.356 0.902992
-0.354 0.925833
-0.352 0.948872
-0.35 0.972096
-0.348 0.995489
-0.346 1.01904
-0.344 1.04273
-0.342 1.06654
-0.34 1.09046
-0.338 1.11447
-0.336 1.13855
-0.334 1.16269
-0.332 1.18687
-0.33 1.21106
-0.328 1.23526
-0.326 1.25943
-0.324 1.28356
-0.322 1.30763
-0.32 1.33162
-0.318 1.35551
-0.316 1.37928
-0.314 1.4029
-0.312 1.42635
-0.31 1.44962
-0.308 1.47267
-0.306 1.4955
-0.304 1.51807
-0.302 1.54037
-0.3 1.56236
-0.298 1.58404
-0.296 1.60538
-0.294 1.62635
-0.292 1.64694
-0.29 1.66712
-0.288 1.68688
-0.286 1.70619
-0.284 1.72502
-0.282 1.74337
-0.28 1.76121
-0.278 1.77852
-0.276 1.79528
-0.274 1.81148
-0.272 1.82709
-0.27 1.84209
-0.268 1.85648
-0.266 1.87023
-0.264 1.88334
-0.262 1.89577
-0.26 1.90752
-0.258 1.91858
-0.256 1.92893
-0.254 1.93856
-0.252 1.94746
-0.25 1.95562
-0.248 1.96303
-0.246 1.96968
-0.244 1.97556
-0.242 1.98067
-0.24 1.98499
-0.238 1.98853
-0.236 1.99128
-0.234 1.99324
-0.232 1.9944
-0.23 1.99476
-0.228 1.99433
-0.226 1.9931
-0.224 1.99107
-0.222 1.98825
-0.22 1.98464
-0.218 1.98025
-0.216 1.97508
-0.214 1.96913
-0.212 1.96242
-0.21 1.95495
-0.208 1.94673
-0.206 1.93776
-0.204 1.92808
-0.202 1.91767
-0.2 1.90656
-0.198 1.89475
-0.196 1.88227
-0.194 1.86913
-0.192 1.85533
-0.19 1.84091
-0.188 1.82586
-0.186 1.81022
-0.184 1.794
-0.182 1.77722
-0.18 1.75989
-0.178 1.74204
-0.176 1.72368
-0.174 1.70484
-0.172 1.68554
-0.17 1.66579
-0.168 1.64562
-0.166 1.62505
-0.164 1.60411
-0.162 1.5828
-0.16 1.56117
-0.158 1.53922
-0.156 1.51698
-0.154 1.49447
-0.152 1.47172
-0.15 1.44875
-0.148 1.42558
-0.146 1.40223
-0.144 1.37873
-0.142 1.35509
-0.14 1.33134
-0.138 1.30751
-0.136 1.2836
-0.134 1.25965
-0.132 1.23567
-0.13 1.21169
-0.128 1.18773
-0.126 1.1638
-0.124 1.13992
-0.122 1.11612
-0.12 1.09241
-0.118 1.06882
-0.116 1.04535
-0.114 1.02203
-0.112 0.998878
-0.11 0.975906
-0.108 0.953131
-0.106 0.930569
-0.104 0.908236
-0.102 0.886146
-0.1 0.864314
-0.098 0.842752
-0.096 0.821475
-0.094 0.800494
-0.092 0.779823
-0.09 0.759472
-0.088 0.739453
-0.086 0.719776
-0.084 0.700452
-0.082 0.681491
-0.08 0.662901
-0.078 0.64469
-0.076 0.626869
-0.074 0.609443
-0.072 0.592422
-0.07 0.57581
-0.068 0.559616
-0.066 0.543844
-0.064 0.528501
-0.062 0.513593
-0.06 0.499123
-0.058 0.485097
-0.056 0.471518
-0.054 0.458391
-0.052 0.44572
-0.05 0.433507
-0.048 0.421756
-0.046 0.410469
-0.044 0.39965
-0.042 0.389299
-0.04 0.37942
-0.038 0.370014
-0.036 0.361083
-0.034 0.352629
-0.032 0.344652
-0.03 0.337154
-0.028 0.330136
-0.026 0.323598
-0.024 0.317543
-0.022 0.311969
-0.02 0.306879
-0.018 0.302272
-0.016 0.298149
-0.014 0.294511
-0.012 0.291357
-0.01 0.288687
-0.008 0.286503
-0.006 0.284804
-0.004 0.28359
-0.002 0.282862
0 0.282619
0.002 0.282862
0.004 0.28359
0.006 0.284804
0.008 0.286503
0.01 0.288687
0.012 0.291357
0.014 0.294511
0.016 0.298149
0.018 0.302272
0.02 0.306879
0.022 0.311969
0.024 0.317543
0.026 0.323598
0.028 0.330136
0.03 0.337154
0.032 0.344652
0.034 0.352629
0.036 0.361083
0.038 0.370014
0.04 0.37942
0.042 0.389299
0.044 0.39965
0.046 0.410469
0.048 0.421756
0.05 0.433507
0.052 0.44572
0.054 0.458391
0.056 0.471518
0.058 0.485097
0.06 0.499123
0.062 0.513593
0.064 0.528501
0.066 0.543844
0.068 0.559616
0.07 0.57581
0.072 0.592422
0.074 0.609443
0.076 0.626869
0.078 0.64469
0.08 0.662901
0.082 0.681491
0.084 0.700452
0.086 0.719776
0.088 0.739453
0.09 0.759472
0.092 0.779823
0.094 0.800494
0.096 0.821475
0.098 0.842752
0.1 0.864314
0.102 0.886146
0.104 0.908236
0.106 0.930569
0.108 0.953131
0.11 0.975906
0.112 0.998878
0.114 1.02203
0.116 1.04535
0.118 1.06882
0.12 1.09241
0.122 1.11612
0.124 1.13992
0.126 1.1638
0.128 1.18773
0.13 1.21169
0.132 1.23567
0.134 1.25965
0.136 1.2836
0.138 1.30751
0.14 1.33134
0.142 1.35509
0.144 1.37873
0.146 1.40223
0.148 1.42558
0.15 1.44875
0.152 1.47172
0.154 1.49447
0.156 1.51698
0.158 1.53922
0.16 1.56117
0.162 1.5828
0.164 1.60411
0.166 1.62505
0.168 1.64562
0.17 1.66579
0.172 1.68554
0.174 1.70484
0.176 1.72368
0.178 1.74204
0.18 1.75989
0.182 1.77722
0.184 1.794
0.186 1.81022
0.188 1.82586
0.19 1.84091
0.192 1.85533
0.194 1.86913
0.196 1.88227
0.198 1.89475
0.2 1.90656
0.202 1.91767
0.204 1.92808
0.206 1.93776
0.208 1.94673
0.21 1.95495
0.212 1.96242
0.214 1.96913
0.216 1.97508
0.218 1.98025
0.22 1.98464
0.222 1.98825
0.224 1.99107
0.226 1.9931
0.228 1.99433
0.23 1.99476
0.232 1.9944
0.234 1.99324
0.236 1.99128
0.238 1.98853
0.24 1.98499
0.242 1.98067
0.244 1.97556
0.246 1.96968
0.248 1.96303
0.25 1.95562
0.252 1.94746
0.254 1.93856
0.256 1.92893
0.258 1.91858
0.26 1.90752
0.262 1.89577
0.264 1.88334
0.266 1.87023
0.268 1.85648
0.27 1.84209
0.272 1.82709
0.274 1.81148
0.276 1.79528
0.278 1.77852
0.28 1.76121
0.282 1.74337
0.284 1.72502
0.286 1.70619
0.288 1.68688
0.29 1.66712
0.292 1.64694
0.294 1.62635
0.296 1.60538
0.298 1.58404
0.3 1.56236
0.302 1.54037
0.304 1.51807
0.306 1.4955
0.308 1.47267
0.31 1.44962
0.312 1.42635
0.314 1.4029
0.316 1.37928
0.318 1.35551
0.32 1.33162
0.322 1.30763
0.324 1.28356
0.326 1.25943
0.328 1.23526
0.33 1.21106
0.332 1.18687
0.334 1.16269
0.336 1.13855
0.338 1.11447
0.34 1.09046
0.342 1.06654
0.344 1.04273
0.346 1.01904
0.348 0.995489
0.35 0.972096
0.352 0.948872
0.354 0.925833
0.356 0.902992
0.358 0.880363
0.36 0.857957
0.362 0.835787
0.364 0.813865
0.366 0.7922
0.368 0.770804
0.37 0.749686
0.372 0.728855
0.374 0.708319
0.376 0.688086
0.378 0.668164
0.38 0.64856
0.382 0.629279
0.384 0.610327
0.386 0.591709
0.388 0.573429
0.39 0.555492
0.392 0.537901
0.394 0.520658
0.396 0.503767
0.398 0.487229
0.4 0.471045
0.402 0.455217
0.404 0.439745
0.406 0.424628
0.408 0.409868
0.41 0.395462
0.412 0.38141
0.414 0.36771
0.416 0.35436
0.418 0.341359
0.42 0.328703
0.422 0.31639
0.424 0.304416
0.426 0.292778
0.428 0.281472
0.43 0.270495
0.432 0.259842
0.434 0.249509
0.436 0.239491
0.438 0.229783
0.44 0.22038
0.442 0.211278
0.444 0.202471
0.446 0.193953
0.448 0.185719
0.45 0.177764
0.452 0.170081
0.454 0.162665
0.456 0.155511
0.458 0.148611
0.46 0.141961
0.462 0.135555
0.464 0.129385
0.466 0.123447
0.468 0.117735
0.47 0.112242
0.472 0.106962
0.474 0.10189
0.476 0.0970197
0.478 0.0923452
0.48 0.0878608
0.482 0.0835608
0.484 0.0794394
0.486 0.0754911
0.488 0.0717103
0.49 0.0680916
0.492 0.0646297
0.494 0.0613193
0.496 0.0581551
0.498 0.0551322
0.5 0.0522455
0.502 0.0494902
0.504 0.0468614
0.506 0.0443545
0.508 0.0419649
0.51 0.0396882
0.512 0.03752
0.514 0.0354561
0.516 0.0334923
0.518 0.0316246
0.52 0.0298491
0.522 0.028162
0.524 0.0265597
0.526 0.0250385
0.528 0.023595
0.53 0.0222258
0.532 0.0209277
0.534 0.0196975
0.536 0.0185323
0.538 0.017429
0.54 0.0163848
0.542 0.015397
0.544 0.014463
0.546 0.0135802
0.548 0.0127462
0.55 0.0119586
0.552 0.0112152
0.554 0.0105139
0.556 0.00985239
0.558 0.00922885
0.56 0.00864131
0.562 0.00808794
0.564 0.00756698
0.566 0.00707674
0.568 0.00661562
0.57 0.00618207
0.572 0.00577463
0.574 0.00539188
0.576 0.00503248
0.578 0.00469517
0.58 0.00437871
0.582 0.00408195
0.584 0.00380377
0.586 0.00354314
0.588 0.00329905
0.59 0.00307054
0.592 0.00285672
0.594 0.00265672
0.596 0.00246974
0.598 0.002295
0.6 0.00213177
0.602 0.00197936
0.604 0.00183711
0.606 0.0017044
0.608 0.00158065
0.61 0.00146529
0.612 0.00135781
0.614 0.00125771
0.616 0.00116453
0.618 0.00107781
0.62 0.000997157
0.622 0.000922169
0.624 0.000852479
0.626 0.00078774
0.628 0.000727627
0.63 0.000671832
0.632 0.000620068
0.634 0.000572063
0.636 0.000527563
0.638 0.00048633
0.64 0.000448141
0.642 0.000412786
0.644 0.000380067
0.646 0.000349802
0.648 0.000321819
0.65 0.000295955
0.652 0.000272061
0.654 0.000249997
0.656 0.00022963
0.658 0.000210838
0.66 0.000193506
0.662 0.000177528
0.664 0.000162804
0.666 0.000149242
0.668 0.000136755
0.67 0.000125262
0.672 0.000114689
0.674 0.000104967
0.676 9.60307e-05
0.678 8.78198e-05
0.68 8.02789e-05
0.682 7.33562e-05
0.684 6.70037e-05
0.686 6.11767e-05
0.688 5.58342e-05
0.69 5.09379e-05
0.692 4.64523e-05
0.694 4.23449e-05
0.696 3.85851e-05
0.698 3.51452e-05
0.7 3.19991e-05
0.702 2.9123e-05
0.704 2.64947e-05
0.706 2.40941e-05
0.708 2.19022e-05
0.71 1.99017e-05
0.712 1.80767e-05
0.714 1.64125e-05
0.716 1.48956e-05
0.718 1.35135e-05
0.72 1.22547e-05
0.722 1.11087e-05
0.724 1.00658e-05
0.726 9.11723e-06
0.728 8.25472e-06
0.73 7.47083e-06
0.732 6.75866e-06
0.734 6.11195e-06
0.736 5.5249e-06
0.738 4.99224e-06
0.74 4.50913e-06
0.742 4.07115e-06
0.744 3.67423e-06
0.746 3.31469e-06
0.748 2.98914e-06
0.75 2.69448e-06
0.752 2.42789e-06
0.754 2.18681e-06
0.756 1.96888e-06
0.758 1.77196e-06
0.76 1.59409e-06
0.762 1.43351e-06
0.764 1.28858e-06
0.766 1.15785e-06
0.768 1.03996e-06
0.77 9.33703e-07
0.772 8.37967e-07
0.774 7.51746e-07
0.776 6.74127e-07
0.778 6.0428e-07
0.78 5.41454e-07
0.782 4.84965e-07
0.784 4.34197e-07
0.786 3.88587e-07
0.788 3.47629e-07
0.79 3.10864e-07
0.792 2.77876e-07
0.794 2.4829e-07
0.796 2.21765e-07
0.798 1.97994e-07
0.8 1.767e-07
0.802 1.57634e-07
0.804 1.40569e-07
0.806 1.25301e-07
0.808 1.11646e-07
0.81 9.94401e-08
0.812 8.8533e-08
0.814 7.87907e-08
0.816 7.00924e-08
0.818 6.23295e-08
0.82 5.54041e-08
0.822 4.92286e-08
0.824 4.37238e-08
0.826 3.88191e-08
0.828 3.44508e-08
0.83 3.05619e-08
0.832 2.71011e-08
0.834 2.40225e-08
0.836 2.12852e-08
0.838 1.88522e-08
0.84 1.66907e-08
0.842 1.47711e-08
0.844 1.3067e-08
0.846 1.15549e-08
0.848 1.02137e-08
0.85 9.02457e-09
0.852 7.97068e-09
0.854 7.03706e-09
0.856 6.2103e-09
0.858 5.47849e-09
0.86 4.83098e-09
0.862 4.2583e-09
0.864 3.752e-09
0.866 3.30458e-09
0.868 2.90935e-09
0.87 2.56036e-09
0.872 2.25234e-09
0.874 1.98058e-09
0.876 1.74091e-09
0.878 1.52963e-09
0.88 1.34346e-09
0.882 1.17947e-09
0.884 1.03509e-09
0.886 9.08015e-10
0.888 7.96224e-10
0.89 6.97917e-10
0.892 6.11503e-10
0.894 5.35574e-10
0.896 4.68886e-10
0.898 4.10337e-10
0.9 3.58956e-10
0.902 3.13882e-10
0.904 2.74359e-10
0.906 2.39717e-10
0.908 2.09365e-10
0.91 1.82783e-10
0.912 1.59512e-10
0.914 1.39148e-10
0.916 1.21335e-10
0.918 1.05761e-10
0.92 9.21483e-11
0.922 8.02559e-11
0.924 6.98704e-11
0.926 6.08045e-11
0.928 5.28939e-11
0.93 4.59941e-11
0.932 3.99784e-11
0.934 3.47358e-11
0.936 3.01687e-11
0.938 2.61917e-11
0.94 2.273e-11
0.942 1.97182e-11
0.944 1.70988e-11
0.946 1.48217e-11
0.948 1.2843e-11
0.95 1.11244e-11
0.952 9.63232e-12
0.954 8.33752e-12
0.956 7.21446e-12
0.958 6.24086e-12
0.96 5.39729e-12
0.962 4.66682e-12
0.964 4.03469e-12
0.966 3.48809e-12
0.968 3.01585e-12
0.97 2.60828e-12
0.972 2.25698e-12
0.974 1.95465e-12
0.976 1.69498e-12
0.978 1.47255e-12
0.98 1.28265e-12
0.982 1.12129e-12
0.984 9.85023e-13
0.986 8.70948e-13
0.988 7.7662e-13
0.99 7.00014e-13
0.992 6.39478e-13
0.994 5.93703e-13
0.996 5.61698e-13
0.998 5.42769e-13
