-1 0.75154
-0.99 0.751379
-0.98 0.751015
-0.97 0.750314
-0.96 0.749441
-0.95 0.748189
-0.94 0.746824
-0.93 0.745013
-0.92 0.743174
-0.91 0.740803
-0.9 0.738502
-0.89 0.735581
-0.88 0.73282
-0.87 0.729377
-0.86 0.726142
-0.85 0.722228
-0.84 0.718485
-0.83 0.71417
-0.82 0.709876
-0.81 0.705233
-0.8 0.70036
-0.79 0.695435
-0.78 0.690006
-0.77 0.684776
-0.76 0.678894
-0.75 0.673261
-0.74 0.667092
-0.73 0.660935
-0.72 0.654617
-0.71 0.647909
-0.7 0.641427
-0.69 0.634325
-0.68 0.627496
-0.67 0.620269
-0.66 0.612911
-0.65 0.60568
-0.64 0.597889
-0.63 0.590447
-0.62 0.582586
-0.61 0.574644
-0.6 0.566893
-0.59 0.558583
-0.58 0.550624
-0.57 0.54242
-0.56 0.533954
-0.55 0.525887
-0.54 0.517307
-0.53 0.508847
-0.52 0.50059
-0.51 0.4918
-0.5 0.483381
-0.49 0.474949
-0.48 0.46608
-0.47 0.457698
-0.46 0.449175
-0.45 0.440298
-0.44 0.431959
-0.43 0.423456
-0.42 0.414605
-0.41 0.406317
-0.4 0.397958
-0.39 0.389168
-0.38 0.380905
-0.37 0.372808
-0.36 0.364177
-0.35 0.355858
-0.34 0.34806
-0.33 0.339819
-0.32 0.331404
-0.31 0.323692
-0.3 0.316106
-0.29 0.307927
-0.28 0.299906
-0.27 0.292678
-0.26 0.28545
-0.25 0.277559
-0.24 0.269736
-0.23 0.262825
-0.22 0.256359
-0.21 0.24928
-0.2 0.241472
-0.19 0.233972
-0.18 0.22791
-0.17 0.223625
-0.16 0.220703
-0.15 0.218517
-0.14 0.216627
-0.13 0.214855
-0.12 0.213174
-0.11 0.211603
-0.1 0.210157
-0.09 0.208844
-0.08 0.207664
-0.07 0.20662
-0.06 0.205712
-0.05 0.204941
-0.04 0.204309
-0.03 0.203817
-0.02 0.203465
-0.01 0.203253
0 0.203183
0.01 0.203253
0.02 0.203465
0.03 0.203817
0.04 0.204309
0.05 0.204941
0.06 0.205712
0.07 0.20662
0.08 0.207664
0.09 0.208844
0.1 0.210157
0.11 0.211603
0.12 0.213174
0.13 0.214855
0.14 0.216627
0.15 0.218517
0.16 0.220703
0.17 0.223625
0.18 0.22791
0.19 0.233972
0.2 0.241472
0.21 0.24928
0.22 0.256359
0.23 0.262825
0.24 0.269736
0.25 0.277559
0.26 0.28545
0.27 0.292678
0.28 0.299906
0.29 0.307927
0.3 0.316106
0.31 0.323692
0.32 0.331404
0.33 0.339819
0.34 0.34806
0.35 0.355858
0.36 0.364177
0.37 0.372808
0.38 0.380905
0.39 0.389168
0.4 0.397958
0.41 0.406317
0.42 0.414605
0.43 0.423456
0.44 0.431959
0.45 0.440298
0.46 0.449175
0.47 0.457698
0.48 0.46608
0.49 0.474949
0.5 0.483381
0.51 0.4918
0.52 0.50059
0.53 0.508847
0.54 0.517307
0.55 0.525887
0.56 0.533954
0.57 0.54242
0.58 0.550624
0.59 0.558583
0.6 0.566893
0.61 0.574644
0.62 0.582586
0.63 0.590447
0.64 0.597889
0.65 0.60568
0.66 0.612911
0.67 0.620269
0.68 0.627496
0.69 0.634325
0.7 0.641427
0.71 0.647909
0.72 0.654617
0.73 0.660935
0.74 0.667092
0.75 0.673261
0.76 0.678894
0.77 0.684776
0.78 0.690006
0.79 0.695435
0.8 0.70036
0.81 0.705233
0.82 0.709876
0.83 0.71417
0.84 0.718485
0.85 0.722228
0.86 0.726142
0.87 0.729377
0.88 0.73282
0.89 0.735581
0.9 0.738502
0.91 0.740803
0.92 0.743174
0.93 0.745013
0.94 0.746824
0.95 0.748189
0.96 0.749441
0.97 0.750314
0.98 0.751015
0.99 0.751379
