-1 0.787777
-0.99 0.787544
-0.98 0.78716
-0.97 0.786323
-0.96 0.785312
-0.95 0.783887
-0.94 0.782242
-0.93 0.780248
-0.92 0.777963
-0.91 0.775423
-0.9 0.772496
-0.89 0.769432
-0.88 0.765869
-0.87 0.762298
-0.86 0.75812
-0.85 0.754046
-0.84 0.749293
-0.83 0.744703
-0.82 0.739439
-0.81 0.7343
-0.8 0.72861
-0.79 0.722884
-0.78 0.716846
-0.77 0.71052
-0.76 0.704176
-0.75 0.697296
-0.74 0.690616
-0.73 0.683305
-0.72 0.676196
-0.71 0.668621
-0.7 0.660986
-0.69 0.653266
-0.68 0.645118
-0.67 0.637219
-0.66 0.628738
-0.65 0.620487
-0.64 0.611923
-0.63 0.603189
-0.62 0.594628
-0.61 0.585537
-0.6 0.576782
-0.59 0.567672
-0.58 0.558487
-0.57 0.54951
-0.56 0.54003
-0.55 0.530913
-0.54 0.521565
-0.53 0.512041
-0.52 0.502893
-0.51 0.493271
-0.5 0.483882
-0.49 0.474605
-0.48 0.464914
-0.47 0.455684
-0.46 0.446293
-0.45 0.436694
-0.44 0.427606
-0.43 0.418193
-0.42 0.40877
-0.41 0.399832
-0.4 0.390503
-0.39 0.381286
-0.38 0.372541
-0.37 0.363393
-0.36 0.354382
-0.35 0.345887
-0.34 0.337017
-0.33 0.328199
-0.32 0.319987
-0.31 0.311511
-0.3 0.302884
-0.29 0.294919
-0.28 0.286969
-0.27 0.278616
-0.26 0.27076
-0.25 0.263376
-0.24 0.255568
-0.23 0.247719
-0.22 0.240619
-0.21 0.233669
-0.2 0.226195
-0.19 0.218896
-0.18 0.21242
-0.17 0.206069
-0.16 0.199118
-0.15 0.192145
-0.14 0.186048
-0.13 0.180581
-0.12 0.174712
-0.11 0.168075
-0.1 0.16148
-0.09 0.15609
-0.08 0.152462
-0.07 0.150363
-0.06 0.149198
-0.05 0.14846
-0.04 0.147896
-0.03 0.147439
-0.02 0.147096
-0.01 0.146886
0 0.146815
0.01 0.146886
0.02 0.147096
0.03 0.147439
0.04 0.147896
0.05 0.14846
0.06 0.149198
0.07 0.150363
0.08 0.152462
0.09 0.15609
0.1 0.16148
0.11 0.168075
0.12 0.174712
0.13 0.180581
0.14 0.186048
0.15 0.192145
0.16 0.199118
0.17 0.206069
0.18 0.21242
0.19 0.218896
0.2 0.226195
0.21 0.233669
0.22 0.240619
0.23 0.247719
0.24 0.255568
0.25 0.263376
0.26 0.27076
0.27 0.278616
0.28 0.286969
0.29 0.294919
0.3 0.302884
0.31 0.311511
0.32 0.319987
0.33 0.328199
0.34 0.337017
0.35 0.345887
0.36 0.354382
0.37 0.363393
0.38 0.372541
0.39 0.381286
0.4 0.390503
0.41 0.399832
0.42 0.40877
0.43 0.418193
0.44 0.427606
0.45 0.436694
0.46 0.446293
0.47 0.455684
0.48 0.464914
0.49 0.474605
0.5 0.483882
0.51 0.493271
0.52 0.502893
0.53 0.512041
0.54 0.521565
0.55 0.530913
0.56 0.54003
0.57 0.54951
0.58 0.558487
0.59 0.567672
0.6 0.576782
0.61 0.585537
0.62 0.594628
0.63 0.603189
0.64 0.611923
0.65 0.620487
0.66 0.628738
0.67 0.637219
0.68 0.645118
0.69 0.653266
0.7 0.660986
0.71 0.668621
0.72 0.676196
0.73 0.683305
0.74 0.690616
0.75 0.697296
0.76 0.704176
0.77 0.71052
0.78 0.716846
0.79 0.722884
0.8 0.72861
0.81 0.7343
0.82 0.739439
0.83 0.744703
0.84 0.749293
0.85 0.754046
0.86 0.75812
0.87 0.762298
0.88 0.765869
0.89 0.769432
0.9 0.772496
0.91 0.775423
0.92 0.777963
0.93 0.780248
0.94 0.782242
0.95 0.783887
0.96 0.785312
0.97 0.786323
0.98 0.78716
0.99 0.787544
