-1 0.12416
-0.99 0.124601
-0.98 0.12482
-0.97 0.124291
-0.96 0.127231
-0.95 0.132063
-0.94 0.137176
-0.93 0.142383
-0.92 0.147721
-0.91 0.153198
-0.9 0.158816
-0.89 0.164574
-0.88 0.170473
-0.87 0.176514
-0.86 0.182695
-0.85 0.189018
-0.84 0.195482
-0.83 0.202087
-0.82 0.208831
-0.81 0.215715
-0.8 0.222737
-0.79 0.229896
-0.78 0.237191
-0.77 0.24462
-0.76 0.252181
-0.75 0.259873
-0.74 0.267692
-0.73 0.275638
-0.72 0.283706
-0.71 0.291894
-0.7 0.300198
-0.69 0.308617
-0.68 0.317145
-0.67 0.325779
-0.66 0.334515
-0.65 0.343349
-0.64 0.352275
-0.63 0.36129
-0.62 0.370388
-0.61 0.379565
-0.6 0.388813
-0.59 0.398129
-0.58 0.407506
-0.57 0.416938
-0.56 0.426418
-0.55 0.43594
-0.54 0.445498
-0.53 0.455084
-0.52 0.464691
-0.51 0.474312
-0.5 0.48394
-0.49 0.493567
-0.48 0.503185
-0.47 0.512787
-0.46 0.522364
-0.45 0.531908
-0.44 0.541411
-0.43 0.550864
-0.42 0.560259
-0.41 0.569588
-0.4 0.578842
-0.39 0.588012
-0.38 0.59709
-0.37 0.606067
-0.36 0.614934
-0.35 0.623683
-0.34 0.632304
-0.33 0.640789
-0.32 0.64913
-0.31 0.657318
-0.3 0.665344
-0.29 0.673201
-0.28 0.680879
-0.27 0.688371
-0.26 0.695668
-0.25 0.702763
-0.24 0.709648
-0.23 0.716315
-0.22 0.722757
-0.21 0.728967
-0.2 0.734938
-0.19 0.740663
-0.18 0.746136
-0.17 0.75135
-0.16 0.756299
-0.15 0.760979
-0.14 0.765382
-0.13 0.769505
-0.12 0.773342
-0.11 0.776889
-0.1 0.780142
-0.09 0.783096
-0.08 0.78575
-0.07 0.788098
-0.06 0.790139
-0.05 0.79187
-0.04 0.79329
-0.03 0.794395
-0.02 0.795186
-0.01 0.795661
0 0.795819
0.01 0.795661
0.02 0.795186
0.03 0.794395
0.04 0.79329
0.05 0.79187
0.06 0.790139
0.07 0.788098
0.08 0.78575
0.09 0.783096
0.1 0.780142
0.11 0.776889
0.12 0.773342
0.13 0.769505
0.14 0.765382
0.15 0.760979
0.16 0.756299
0.17 0.75135
0.18 0.746136
0.19 0.740663
0.2 0.734938
0.21 0.728967
0.22 0.722757
0.23 0.716315
0.24 0.709648
0.25 0.702763
0.26 0.695668
0.27 0.688371
0.28 0.680879
0.29 0.673201
0.3 0.665344
0.31 0.657318
0.32 0.64913
0.33 0.640789
0.34 0.632304
0.35 0.623683
0.36 0.614934
0.37 0.606067
0.38 0.59709
0.39 0.588012
0.4 0.578842
0.41 0.569588
0.42 0.560259
0.43 0.550864
0.44 0.541411
0.45 0.531908
0.46 0.522364
0.47 0.512787
0.48 0.503185
0.49 0.493567
0.5 0.48394
0.51 0.474312
0.52 0.464691
0.53 0.455084
0.54 0.445498
0.55 0.43594
0.56 0.426418
0.57 0.416938
0.58 0.407506
0.59 0.398129
0.6 0.388813
0.61 0.379565
0.62 0.370388
0.63 0.36129
0.64 0.352275
0.65 0.343349
0.66 0.334515
0.67 0.325779
0.68 0.317145
0.69 0.308617
0.7 0.300198
0.71 0.291894
0.72 0.283706
0.73 0.275638
0.74 0.267692
0.75 0.259873
0.76 0.252181
0.77 0.24462
0.78 0.237191
0.79 0.229896
0.8 0.222737
0.81 0.215715
0.82 0.208831
0.83 0.202087
0.84 0.195482
0.85 0.189018
0.86 0.182695
0.87 0.176514
0.88 0.170473
0.89 0.164574
0.9 0.158816
0.91 0.153198
0.92 0.147721
0.93 0.142383
0.94 0.137176
0.95 0.132063
0.96 0.127231
0.97 0.124291
0.98 0.12482
0.99 0.124601
