-1 0.421272
-0.99 0.421495
-0.98 0.421358
-0.97 0.421696
-0.96 0.421616
-0.95 0.422088
-0.94 0.422051
-0.93 0.42265
-0.92 0.422674
-0.91 0.423351
-0.9 0.423501
-0.89 0.424149
-0.88 0.424536
-0.87 0.42503
-0.86 0.425733
-0.85 0.426041
-0.84 0.426971
-0.83 0.427284
-0.82 0.428121
-0.81 0.428771
-0.8 0.429241
-0.79 0.430259
-0.78 0.430615
-0.77 0.431448
-0.76 0.43227
-0.75 0.432596
-0.74 0.433612
-0.73 0.4342
-0.72 0.434558
-0.71 0.435594
-0.7 0.436044
-0.69 0.43631
-0.68 0.437293
-0.67 0.43775
-0.66 0.437744
-0.65 0.438505
-0.64 0.439217
-0.63 0.438996
-0.62 0.438994
-0.61 0.439861
-0.6 0.440355
-0.59 0.439678
-0.58 0.438922
-0.57 0.439606
-0.56 0.442097
-0.55 0.445734
-0.54 0.449745
-0.53 0.453731
-0.52 0.457595
-0.51 0.461353
-0.5 0.46502
-0.49 0.468601
-0.48 0.472096
-0.47 0.475504
-0.46 0.478824
-0.45 0.482056
-0.44 0.4852
-0.43 0.488255
-0.42 0.491222
-0.41 0.494101
-0.4 0.496892
-0.39 0.499595
-0.38 0.502211
-0.37 0.50474
-0.36 0.507184
-0.35 0.509542
-0.34 0.511815
-0.33 0.514005
-0.32 0.516112
-0.31 0.518137
-0.3 0.520081
-0.29 0.521945
-0.28 0.523731
-0.27 0.525439
-0.26 0.527071
-0.25 0.528628
-0.24 0.530111
-0.23 0.531521
-0.22 0.53286
-0.21 0.534129
-0.2 0.535329
-0.19 0.536461
-0.18 0.537527
-0.17 0.538528
-0.16 0.539464
-0.15 0.540338
-0.14 0.541149
-0.13 0.5419
-0.12 0.542591
-0.11 0.543223
-0.1 0.543797
-0.09 0.544314
-0.08 0.544774
-0.07 0.545179
-0.06 0.545528
-0.05 0.545822
-0.04 0.546063
-0.03 0.546249
-0.02 0.546383
-0.01 0.546462
0 0.546489
0.01 0.546462
0.02 0.546383
0.03 0.546249
0.04 0.546063
0.05 0.545822
0.06 0.545528
0.07 0.545179
0.08 0.544774
0.09 0.544314
0.1 0.543797
0.11 0.543223
0.12 0.542591
0.13 0.5419
0.14 0.541149
0.15 0.540338
0.16 0.539464
0.17 0.538528
0.18 0.537527
0.19 0.536461
0.2 0.535329
0.21 0.534129
0.22 0.53286
0.23 0.531521
0.24 0.530111
0.25 0.528628
0.26 0.527071
0.27 0.525439
0.28 0.523731
0.29 0.521945
0.3 0.520081
0.31 0.518137
0.32 0.516112
0.33 0.514005
0.34 0.511815
0.35 0.509542
0.36 0.507184
0.37 0.50474
0.38 0.502211
0.39 0.499595
0.4 0.496892
0.41 0.494101
0.42 0.491222
0.43 0.488255
0.44 0.4852
0.45 0.482056
0.46 0.478824
0.47 0.475504
0.48 0.472096
0.49 0.468601
0.5 0.46502
0.51 0.461353
0.52 0.457595
0.53 0.453731
0.54 0.449745
0.55 0.445734
0.56 0.442097
0.57 0.439606
0.58 0.438922
0.59 0.439678
0.6 0.440355
0.61 0.439861
0.62 0.438994
0.63 0.438996
0.64 0.439217
0.65 0.438505
0.66 0.437744
0.67 0.43775
0.68 0.437293
0.69 0.43631
0.7 0.436044
0.71 0.435594
0.72 0.434558
0.73 0.4342
0.74 0.433612
0.75 0.432596
0.76 0.43227
0.77 0.431448
0.78 0.430615
0.79 0.430259
0.8 0.429241
0.81 0.428771
0.82 0.428121
0.83 0.427284
0.84 0.426971
0.85 0.426041
0.86 0.425733
0.87 0.42503
0.88 0.424536
0.89 0.424149
0.9 0.423501
0.91 0.423351
0.92 0.422674
0.93 0.42265
0.94 0.422051
0.95 0.422088
0.96 0.421616
0.97 0.421696
0.98 0.421358
0.99 0.421495
