-1 0.56644
-0.99 0.566178
-0.98 0.566301
-0.97 0.565887
-0.96 0.565881
-0.95 0.565307
-0.94 0.565174
-0.93 0.564442
-0.92 0.56417
-0.91 0.563303
-0.9 0.562851
-0.89 0.561897
-0.88 0.561205
-0.87 0.560225
-0.86 0.559229
-0.85 0.55827
-0.84 0.556946
-0.83 0.555981
-0.82 0.554408
-0.81 0.553293
-0.8 0.551655
-0.79 0.550185
-0.78 0.548649
-0.77 0.546739
-0.76 0.545245
-0.75 0.543109
-0.74 0.541316
-0.73 0.539308
-0.72 0.536978
-0.71 0.535077
-0.7 0.532528
-0.69 0.53021
-0.68 0.527916
-0.67 0.525038
-0.66 0.522651
-0.65 0.519904
-0.64 0.516816
-0.63 0.51424
-0.62 0.511108
-0.61 0.507798
-0.6 0.504984
-0.59 0.501562
-0.58 0.497945
-0.57 0.494882
-0.56 0.491296
-0.55 0.487284
-0.54 0.48388
-0.53 0.480315
-0.52 0.475967
-0.51 0.471928
-0.5 0.46841
-0.49 0.464236
-0.48 0.45941
-0.47 0.455144
-0.46 0.451493
-0.45 0.447231
-0.44 0.441903
-0.43 0.436587
-0.42 0.432613
-0.41 0.430354
-0.4 0.429281
-0.39 0.428688
-0.38 0.428147
-0.37 0.427525
-0.36 0.426823
-0.35 0.426065
-0.34 0.425264
-0.33 0.424427
-0.32 0.423557
-0.31 0.422659
-0.3 0.421736
-0.29 0.420793
-0.28 0.419834
-0.27 0.418864
-0.26 0.417886
-0.25 0.416905
-0.24 0.415925
-0.23 0.41495
-0.22 0.413985
-0.21 0.413032
-0.2 0.412095
-0.19 0.41118
-0.18 0.410288
-0.17 0.409423
-0.16 0.408589
-0.15 0.407789
-0.14 0.407026
-0.13 0.406302
-0.12 0.405621
-0.11 0.404985
-0.1 0.404396
-0.09 0.403857
-0.08 0.403369
-0.07 0.402934
-0.06 0.402554
-0.05 0.40223
-0.04 0.401963
-0.03 0.401755
-0.02 0.401606
-0.01 0.401516
0 0.401486
0.01 0.401516
0.02 0.401606
0.03 0.401755
0.04 0.401963
0.05 0.40223
0.06 0.402554
0.07 0.402934
0.08 0.403369
0.09 0.403857
0.1 0.404396
0.11 0.404985
0.12 0.405621
0.13 0.406302
0.14 0.407026
0.15 0.407789
0.16 0.408589
0.17 0.409423
0.18 0.410288
0.19 0.41118
0.2 0.412095
0.21 0.413032
0.22 0.413985
0.23 0.41495
0.24 0.415925
0.25 0.416905
0.26 0.417886
0.27 0.418864
0.28 0.419834
0.29 0.420793
0.3 0.421736
0.31 0.422659
0.32 0.423557
0.33 0.424427
0.34 0.425264
0.35 0.426065
0.36 0.426823
0.37 0.427525
0.38 0.428147
0.39 0.428688
0.4 0.429281
0.41 0.430354
0.42 0.432613
0.43 0.436587
0.44 0.441903
0.45 0.447231
0.46 0.451493
0.47 0.455144
0.48 0.45941
0.49 0.464236
0.5 0.46841
0.51 0.471928
0.52 0.475967
0.53 0.480315
0.54 0.48388
0.55 0.487284
0.56 0.491296
0.57 0.494882
0.58 0.497945
0.59 0.501562
0.6 0.504984
0.61 0.507798
0.62 0.511108
0.63 0.51424
0.64 0.516816
0.65 0.519904
0.66 0.522651
0.67 0.525038
0.68 0.527916
0.69 0.53021
0.7 0.532528
0.71 0.535077
0.72 0.536978
0.73 0.539308
0.74 0.541316
0.75 0.543109
0.76 0.545245
0.77 0.546739
0.78 0.548649
0.79 0.550185
0.8 0.551655
0.81 0.553293
0.82 0.554408
0.83 0.555981
0.84 0.556946
0.85 0.55827
0.86 0.559229
0.87 0.560225
0.88 0.561205
0.89 0.561897
0.9 0.562851
0.91 0.563303
0.92 0.56417
0.93 0.564442
0.94 0.565174
0.95 0.565307
0.96 0.565881
0.97 0.565887
0.98 0.566301
0.99 0.566178
