-1 0.249224
-0.99 0.248931
-0.98 0.249476
-0.97 0.249488
-0.96 0.250217
-0.95 0.250624
-0.94 0.251413
-0.93 0.252349
-0.92 0.253071
-0.91 0.254573
-0.9 0.255341
-0.89 0.257056
-0.88 0.258415
-0.87 0.259751
-0.86 0.261952
-0.85 0.26333
-0.84 0.26522
-0.83 0.267777
-0.82 0.269391
-0.81 0.271393
-0.8 0.274483
-0.79 0.27685
-0.78 0.278341
-0.77 0.280993
-0.76 0.285912
-0.75 0.292445
-0.74 0.299577
-0.73 0.306818
-0.72 0.314083
-0.71 0.321392
-0.7 0.328759
-0.69 0.33618
-0.68 0.343653
-0.67 0.351173
-0.66 0.358735
-0.65 0.366337
-0.64 0.373974
-0.63 0.381641
-0.62 0.389335
-0.61 0.397051
-0.6 0.404785
-0.59 0.412531
-0.58 0.420285
-0.57 0.428043
-0.56 0.435799
-0.55 0.443549
-0.54 0.451287
-0.53 0.459009
-0.52 0.466709
-0.51 0.474383
-0.5 0.482024
-0.49 0.489627
-0.48 0.497189
-0.47 0.504702
-0.46 0.512161
-0.45 0.519562
-0.44 0.526899
-0.43 0.534166
-0.42 0.541359
-0.41 0.54847
-0.4 0.555497
-0.39 0.562432
-0.38 0.56927
-0.37 0.576008
-0.36 0.582638
-0.35 0.589156
-0.34 0.595556
-0.33 0.601834
-0.32 0.607985
-0.31 0.614004
-0.3 0.619885
-0.29 0.625624
-0.28 0.631217
-0.27 0.636658
-0.26 0.641943
-0.25 0.647068
-0.24 0.652029
-0.23 0.65682
-0.22 0.66144
-0.21 0.665882
-0.2 0.670144
-0.19 0.674223
-0.18 0.678114
-0.17 0.681814
-0.16 0.68532
-0.15 0.688629
-0.14 0.691738
-0.13 0.694645
-0.12 0.697347
-0.11 0.699841
-0.1 0.702126
-0.09 0.704199
-0.08 0.706059
-0.07 0.707704
-0.06 0.709133
-0.05 0.710344
-0.04 0.711336
-0.03 0.712109
-0.02 0.712661
-0.01 0.712992
0 0.713103
0.01 0.712992
0.02 0.712661
0.03 0.712109
0.04 0.711336
0.05 0.710344
0.06 0.709133
0.07 0.707704
0.08 0.706059
0.09 0.704199
0.1 0.702126
0.11 0.699841
0.12 0.697347
0.13 0.694645
0.14 0.691738
0.15 0.688629
0.16 0.68532
0.17 0.681814
0.18 0.678114
0.19 0.674223
0.2 0.670144
0.21 0.665882
0.22 0.66144
0.23 0.65682
0.24 0.652029
0.25 0.647068
0.26 0.641943
0.27 0.636658
0.28 0.631217
0.29 0.625624
0.3 0.619885
0.31 0.614004
0.32 0.607985
0.33 0.601834
0.34 0.595556
0.35 0.589156
0.36 0.582638
0.37 0.576008
0.38 0.56927
0.39 0.562432
0.4 0.555497
0.41 0.54847
0.42 0.541359
0.43 0.534166
0.44 0.526899
0.45 0.519562
0.46 0.512161
0.47 0.504702
0.48 0.497189
0.49 0.489627
0.5 0.482024
0.51 0.474383
0.52 0.466709
0.53 0.459009
0.54 0.451287
0.55 0.443549
0.56 0.435799
0.57 0.428043
0.58 0.420285
0.59 0.412531
0.6 0.404785
0.61 0.397051
0.62 0.389335
0.63 0.381641
0.64 0.373974
0.65 0.366337
0.66 0.358735
0.67 0.351173
0.68 0.343653
0.69 0.33618
0.7 0.328759
0.71 0.321392
0.72 0.314083
0.73 0.306818
0.74 0.299577
0.75 0.292445
0.76 0.285912
0.77 0.280993
0.78 0.278341
0.79 0.27685
0.8 0.274483
0.81 0.271393
0.82 0.269391
0.83 0.267777
0.84 0.26522
0.85 0.26333
0.86 0.261952
0.87 0.259751
0.88 0.258415
0.89 0.257056
0.9 0.255341
0.91 0.254573
0.92 0.253071
0.93 0.252349
0.94 0.251413
0.95 0.250624
0.96 0.250217
0.97 0.249488
0.98 0.249476
0.99 0.248931
