-1 0.472276
-0.99 0.472389
-0.98 0.472287
-0.97 0.47244
-0.96 0.472318
-0.95 0.472537
-0.94 0.472372
-0.93 0.472667
-0.92 0.472452
-0.91 0.472805
-0.9 0.472573
-0.89 0.472915
-0.88 0.472749
-0.87 0.472964
-0.86 0.472975
-0.85 0.472951
-0.84 0.473188
-0.83 0.472937
-0.82 0.473269
-0.81 0.473012
-0.8 0.473126
-0.79 0.473148
-0.78 0.472855
-0.77 0.4731
-0.76 0.472703
-0.75 0.472652
-0.74 0.47263
-0.73 0.472076
-0.72 0.472129
-0.71 0.471757
-0.7 0.471164
-0.69 0.471147
-0.68 0.470499
-0.67 0.4698
-0.66 0.469649
-0.65 0.46882
-0.64 0.467859
-0.63 0.467543
-0.62 0.466684
-0.61 0.46531
-0.6 0.464624
-0.59 0.463978
-0.58 0.462386
-0.57 0.460784
-0.56 0.460043
-0.55 0.459189
-0.54 0.45718
-0.53 0.454708
-0.52 0.453312
-0.51 0.453693
-0.5 0.455425
-0.49 0.457725
-0.48 0.46008
-0.47 0.462319
-0.46 0.464435
-0.45 0.466451
-0.44 0.468377
-0.43 0.470216
-0.42 0.471969
-0.41 0.473637
-0.4 0.475223
-0.39 0.476727
-0.38 0.478152
-0.37 0.4795
-0.36 0.480772
-0.35 0.481971
-0.34 0.483098
-0.33 0.484157
-0.32 0.48515
-0.31 0.486079
-0.3 0.486945
-0.29 0.487753
-0.28 0.488504
-0.27 0.4892
-0.26 0.489844
-0.25 0.490439
-0.24 0.490988
-0.23 0.491491
-0.22 0.491953
-0.21 0.492375
-0.2 0.49276
-0.19 0.493109
-0.18 0.493426
-0.17 0.493712
-0.16 0.49397
-0.15 0.494201
-0.14 0.494408
-0.13 0.494592
-0.12 0.494755
-0.11 0.494899
-0.1 0.495025
-0.09 0.495134
-0.08 0.495229
-0.07 0.495309
-0.06 0.495377
-0.05 0.495433
-0.04 0.495477
-0.03 0.495511
-0.02 0.495535
-0.01 0.495549
0 0.495554
0.01 0.495549
0.02 0.495535
0.03 0.495511
0.04 0.495477
0.05 0.495433
0.06 0.495377
0.07 0.495309
0.08 0.495229
0.09 0.495134
0.1 0.495025
0.11 0.494899
0.12 0.494755
0.13 0.494592
0.14 0.494408
0.15 0.494201
0.16 0.49397
0.17 0.493712
0.18 0.493426
0.19 0.493109
0.2 0.49276
0.21 0.492375
0.22 0.491953
0.23 0.491491
0.24 0.490988
0.25 0.490439
0.26 0.489844
0.27 0.4892
0.28 0.488504
0.29 0.487753
0.3 0.486945
0.31 0.486079
0.32 0.48515
0.33 0.484157
0.34 0.483098
0.35 0.481971
0.36 0.480772
0.37 0.4795
0.38 0.478152
0.39 0.476727
0.4 0.475223
0.41 0.473637
0.42 0.471969
0.43 0.470216
0.44 0.468377
0.45 0.466451
0.46 0.464435
0.47 0.462319
0.48 0.46008
0.49 0.457725
0.5 0.455425
0.51 0.453693
0.52 0.453312
0.53 0.454708
0.54 0.45718
0.55 0.459189
0.56 0.460043
0.57 0.460784
0.58 0.462386
0.59 0.463978
0.6 0.464624
0.61 0.46531
0.62 0.466684
0.63 0.467543
0.64 0.467859
0.65 0.46882
0.66 0.469649
0.67 0.4698
0.68 0.470499
0.69 0.471147
0.7 0.471164
0.71 0.471757
0.72 0.472129
0.73 0.472076
0.74 0.47263
0.75 0.472652
0.76 0.472703
0.77 0.4731
0.78 0.472855
0.79 0.473148
0.8 0.473126
0.81 0.473012
0.82 0.473269
0.83 0.472937
0.84 0.473188
0.85 0.472951
0.86 0.472975
0.87 0.472964
0.88 0.472749
0.89 0.472915
0.9 0.472573
0.91 0.472805
0.92 0.472452
0.93 0.472667
0.94 0.472372
0.95 0.472537
0.96 0.472318
0.97 0.47244
0.98 0.472287
0.99 0.472389
