-1 0.532054
-0.99 0.532265
-0.98 0.531977
-0.97 0.532096
-0.96 0.531746
-0.95 0.531751
-0.94 0.531364
-0.93 0.531223
-0.92 0.53083
-0.91 0.530504
-0.9 0.530141
-0.89 0.529592
-0.88 0.529274
-0.87 0.528504
-0.86 0.528191
-0.85 0.527271
-0.84 0.526838
-0.83 0.525915
-0.82 0.525194
-0.81 0.524406
-0.8 0.523309
-0.79 0.522624
-0.78 0.521306
-0.77 0.520437
-0.76 0.519229
-0.75 0.517885
-0.74 0.516884
-0.73 0.515227
-0.72 0.514001
-0.71 0.51255
-0.7 0.510731
-0.69 0.50943
-0.68 0.507529
-0.67 0.505645
-0.66 0.504109
-0.65 0.501858
-0.64 0.499842
-0.63 0.49805
-0.62 0.495512
-0.61 0.493243
-0.6 0.49125
-0.59 0.488479
-0.58 0.485799
-0.57 0.483634
-0.56 0.480804
-0.55 0.477566
-0.54 0.475002
-0.53 0.472417
-0.52 0.468902
-0.51 0.46534
-0.5 0.462608
-0.49 0.459865
-0.48 0.456031
-0.47 0.451579
-0.46 0.447973
-0.45 0.446077
-0.44 0.445643
-0.43 0.445934
-0.42 0.446379
-0.41 0.446746
-0.4 0.447005
-0.39 0.447176
-0.38 0.447278
-0.37 0.447317
-0.36 0.447297
-0.35 0.44722
-0.34 0.44709
-0.33 0.446911
-0.32 0.446686
-0.31 0.44642
-0.3 0.446114
-0.29 0.445775
-0.28 0.445404
-0.27 0.445007
-0.26 0.444586
-0.25 0.444145
-0.24 0.443689
-0.23 0.44322
-0.22 0.442741
-0.21 0.442258
-0.2 0.441772
-0.19 0.441287
-0.18 0.440806
-0.17 0.440332
-0.16 0.439869
-0.15 0.439419
-0.14 0.438985
-0.13 0.438569
-0.12 0.438173
-0.11 0.437801
-0.1 0.437454
-0.09 0.437134
-0.08 0.436842
-0.07 0.436582
-0.06 0.436353
-0.05 0.436157
-0.04 0.435995
-0.03 0.435868
-0.02 0.435777
-0.01 0.435723
0 0.435704
0.01 0.435723
0.02 0.435777
0.03 0.435868
0.04 0.435995
0.05 0.436157
0.06 0.436353
0.07 0.436582
0.08 0.436842
0.09 0.437134
0.1 0.437454
0.11 0.437801
0.12 0.438173
0.13 0.438569
0.14 0.438985
0.15 0.439419
0.16 0.439869
0.17 0.440332
0.18 0.440806
0.19 0.441287
0.2 0.441772
0.21 0.442258
0.22 0.442741
0.23 0.44322
0.24 0.443689
0.25 0.444145
0.26 0.444586
0.27 0.445007
0.28 0.445404
0.29 0.445775
0.3 0.446114
0.31 0.44642
0.32 0.446686
0.33 0.446911
0.34 0.44709
0.35 0.44722
0.36 0.447297
0.37 0.447317
0.38 0.447278
0.39 0.447176
0.4 0.447005
0.41 0.446746
0.42 0.446379
0.43 0.445934
0.44 0.445643
0.45 0.446077
0.46 0.447973
0.47 0.451579
0.48 0.456031
0.49 0.459865
0.5 0.462608
0.51 0.46534
0.52 0.468902
0.53 0.472417
0.54 0.475002
0.55 0.477566
0.56 0.480804
0.57 0.483634
0.58 0.485799
0.59 0.488479
0.6 0.49125
0.61 0.493243
0.62 0.495512
0.63 0.49805
0.64 0.499842
0.65 0.501858
0.66 0.504109
0.67 0.505645
0.68 0.507529
0.69 0.50943
0.7 0.510731
0.71 0.51255
0.72 0.514001
0.73 0.515227
0.74 0.516884
0.75 0.517885
0.76 0.519229
0.77 0.520437
0.78 0.521306
0.79 0.522624
0.8 0.523309
0.81 0.524406
0.82 0.525194
0.83 0.525915
0.84 0.526838
0.85 0.527271
0.86 0.528191
0.87 0.528504
0.88 0.529274
0.89 0.529592
0.9 0.530141
0.91 0.530504
0.92 0.53083
0.93 0.531223
0.94 0.531364
0.95 0.531751
0.96 0.531746
0.97 0.532096
0.98 0.531977
0.99 0.532265
