-1 0.134848
-0.99 0.135759
-0.98 0.135125
-0.97 0.136165
-0.96 0.136537
-0.95 0.136233
-0.94 0.138865
-0.93 0.143733
-0.92 0.149143
-0.91 0.154649
-0.9 0.160273
-0.89 0.166036
-0.88 0.171938
-0.87 0.17798
-0.86 0.184161
-0.85 0.190482
-0.84 0.196941
-0.83 0.20354
-0.82 0.210277
-0.81 0.21715
-0.8 0.22416
-0.79 0.231305
-0.78 0.238584
-0.77 0.245994
-0.76 0.253535
-0.75 0.261203
-0.74 0.268997
-0.73 0.276915
-0.72 0.284953
-0.71 0.293108
-0.7 0.301378
-0.69 0.309759
-0.68 0.318247
-0.67 0.326839
-0.66 0.335531
-0.65 0.344317
-0.64 0.353194
-0.63 0.362158
-0.62 0.371202
-0.61 0.380321
-0.6 0.389511
-0.59 0.398766
-0.58 0.408079
-0.57 0.417446
-0.56 0.426858
-0.55 0.436311
-0.54 0.445797
-0.53 0.455309
-0.52 0.464841
-0.51 0.474385
-0.5 0.483934
-0.49 0.493481
-0.48 0.503017
-0.47 0.512535
-0.46 0.522027
-0.45 0.531485
-0.44 0.540901
-0.43 0.550267
-0.42 0.559574
-0.41 0.568814
-0.4 0.577978
-0.39 0.587058
-0.38 0.596045
-0.37 0.604932
-0.36 0.613708
-0.35 0.622366
-0.34 0.630898
-0.33 0.639294
-0.32 0.647546
-0.31 0.655645
-0.3 0.663584
-0.29 0.671355
-0.28 0.678948
-0.27 0.686356
-0.26 0.693571
-0.25 0.700586
-0.24 0.707392
-0.23 0.713983
-0.22 0.720351
-0.21 0.726488
-0.2 0.732389
-0.19 0.738047
-0.18 0.743455
-0.17 0.748607
-0.16 0.753497
-0.15 0.75812
-0.14 0.76247
-0.13 0.766543
-0.12 0.770333
-0.11 0.773837
-0.1 0.77705
-0.09 0.779969
-0.08 0.782589
-0.07 0.784909
-0.06 0.786925
-0.05 0.788635
-0.04 0.790036
-0.03 0.791128
-0.02 0.791909
-0.01 0.792378
0 0.792534
0.01 0.792378
0.02 0.791909
0.03 0.791128
0.04 0.790036
0.05 0.788635
0.06 0.786925
0.07 0.784909
0.08 0.782589
0.09 0.779969
0.1 0.77705
0.11 0.773837
0.12 0.770333
0.13 0.766543
0.14 0.76247
0.15 0.75812
0.16 0.753497
0.17 0.748607
0.18 0.743455
0.19 0.738047
0.2 0.732389
0.21 0.726488
0.22 0.720351
0.23 0.713983
0.24 0.707392
0.25 0.700586
0.26 0.693571
0.27 0.686356
0.28 0.678948
0.29 0.671355
0.3 0.663584
0.31 0.655645
0.32 0.647546
0.33 0.639294
0.34 0.630898
0.35 0.622366
0.36 0.613708
0.37 0.604932
0.38 0.596045
0.39 0.587058
0.4 0.577978
0.41 0.568814
0.42 0.559574
0.43 0.550267
0.44 0.540901
0.45 0.531485
0.46 0.522027
0.47 0.512535
0.48 0.503017
0.49 0.493481
0.5 0.483934
0.51 0.474385
0.52 0.464841
0.53 0.455309
0.54 0.445797
0.55 0.436311
0.56 0.426858
0.57 0.417446
0.58 0.408079
0.59 0.398766
0.6 0.389511
0.61 0.380321
0.62 0.371202
0.63 0.362158
0.64 0.353194
0.65 0.344317
0.66 0.335531
0.67 0.326839
0.68 0.318247
0.69 0.309759
0.7 0.301378
0.71 0.293108
0.72 0.284953
0.73 0.276915
0.74 0.268997
0.75 0.261203
0.76 0.253535
0.77 0.245994
0.78 0.238584
0.79 0.231305
0.8 0.22416
0.81 0.21715
0.82 0.210277
0.83 0.20354
0.84 0.196941
0.85 0.190482
0.86 0.184161
0.87 0.17798
0.88 0.171938
0.89 0.166036
0.9 0.160273
0.91 0.154649
0.92 0.149143
0.93 0.143733
0.94 0.138865
0.95 0.136233
0.96 0.136537
0.97 0.136165
0.98 0.135125
0.99 0.135759
