-1 0.797785
-0.99 0.797565
-0.98 0.79715
-0.97 0.796285
-0.96 0.795248
-0.95 0.793731
-0.94 0.792088
-0.93 0.789917
-0.92 0.787682
-0.91 0.784862
-0.9 0.78205
-0.89 0.778594
-0.88 0.775214
-0.87 0.771147
-0.86 0.767201
-0.85 0.762564
-0.84 0.758041
-0.83 0.752891
-0.82 0.747772
-0.81 0.742173
-0.8 0.736443
-0.79 0.730455
-0.78 0.724119
-0.77 0.717771
-0.76 0.710876
-0.75 0.704152
-0.74 0.696801
-0.73 0.689638
-0.72 0.681968
-0.71 0.674293
-0.7 0.66642
-0.69 0.658222
-0.68 0.650168
-0.67 0.641558
-0.66 0.633221
-0.65 0.624408
-0.64 0.615647
-0.63 0.606798
-0.62 0.597599
-0.61 0.588688
-0.6 0.579259
-0.59 0.570076
-0.58 0.560698
-0.57 0.551116
-0.56 0.541829
-0.55 0.532057
-0.54 0.52259
-0.53 0.512985
-0.52 0.503168
-0.51 0.493738
-0.5 0.483873
-0.49 0.474242
-0.48 0.464708
-0.47 0.454817
-0.46 0.445394
-0.45 0.43575
-0.44 0.426035
-0.43 0.416768
-0.42 0.407117
-0.41 0.397676
-0.4 0.388546
-0.39 0.379014
-0.38 0.369878
-0.37 0.360918
-0.36 0.351599
-0.35 0.342774
-0.34 0.334055
-0.33 0.325007
-0.32 0.316492
-0.31 0.308096
-0.3 0.299359
-0.29 0.29114
-0.28 0.283151
-0.27 0.274774
-0.26 0.266813
-0.25 0.259284
-0.24 0.251365
-0.23 0.24361
-0.22 0.236505
-0.21 0.229207
-0.2 0.221683
-0.19 0.214807
-0.18 0.208236
-0.17 0.201217
-0.16 0.194342
-0.15 0.188223
-0.14 0.182135
-0.13 0.175559
-0.12 0.169265
-0.11 0.163783
-0.1 0.158369
-0.09 0.152373
-0.08 0.14639
-0.07 0.14128
-0.06 0.136798
-0.05 0.131942
-0.04 0.126314
-0.03 0.120639
-0.02 0.116056
-0.01 0.11325
0 0.112332
0.01 0.11325
0.02 0.116056
0.03 0.120639
0.04 0.126314
0.05 0.131942
0.06 0.136798
0.07 0.14128
0.08 0.14639
0.09 0.152373
0.1 0.158369
0.11 0.163783
0.12 0.169265
0.13 0.175559
0.14 0.182135
0.15 0.188223
0.16 0.194342
0.17 0.201217
0.18 0.208236
0.19 0.214807
0.2 0.221683
0.21 0.229207
0.22 0.236505
0.23 0.24361
0.24 0.251365
0.25 0.259284
0.26 0.266813
0.27 0.274774
0.28 0.283151
0.29 0.29114
0.3 0.299359
0.31 0.308096
0.32 0.316492
0.33 0.325007
0.34 0.334055
0.35 0.342774
0.36 0.351599
0.37 0.360918
0.38 0.369878
0.39 0.379014
0.4 0.388546
0.41 0.397676
0.42 0.407117
0.43 0.416768
0.44 0.426035
0.45 0.43575
0.46 0.445394
0.47 0.454817
0.48 0.464708
0.49 0.474242
0.5 0.483873
0.51 0.493738
0.52 0.503168
0.53 0.512985
0.54 0.52259
0.55 0.532057
0.56 0.541829
0.57 0.551116
0.58 0.560698
0.59 0.570076
0.6 0.579259
0.61 0.588688
0.62 0.597599
0.63 0.606798
0.64 0.615647
0.65 0.624408
0.66 0.633221
0.67 0.641558
0.68 0.650168
0.69 0.658222
0.7 0.66642
0.71 0.674293
0.72 0.681968
0.73 0.689638
0.74 0.696801
0.75 0.704152
0.76 0.710876
0.77 0.717771
0.78 0.724119
0.79 0.730455
0.8 0.736443
0.81 0.742173
0.82 0.747772
0.83 0.752891
0.84 0.758041
0.85 0.762564
0.86 0.767201
0.87 0.771147
0.88 0.775214
0.89 0.778594
0.9 0.78205
0.91 0.784862
0.92 0.787682
0.93 0.789917
0.94 0.792088
0.95 0.793731
0.96 0.795248
0.97 0.796285
0.98 0.79715
0.99 0.797565
