-1 0.509046
-0.99 0.509109
-0.98 0.509011
-0.97 0.509012
-0.96 0.508908
-0.95 0.508814
-0.94 0.508733
-0.93 0.508514
-0.92 0.508478
-0.91 0.508111
-0.9 0.508124
-0.89 0.507617
-0.88 0.507634
-0.87 0.507054
-0.86 0.506968
-0.85 0.506436
-0.84 0.506103
-0.83 0.505733
-0.82 0.505077
-0.81 0.504843
-0.8 0.503989
-0.79 0.503639
-0.78 0.502892
-0.77 0.502126
-0.76 0.501633
-0.75 0.500523
-0.74 0.499934
-0.73 0.498976
-0.72 0.497834
-0.71 0.497148
-0.7 0.495786
-0.69 0.494673
-0.68 0.493716
-0.67 0.492072
-0.66 0.490885
-0.65 0.489655
-0.64 0.487761
-0.63 0.486377
-0.62 0.484962
-0.61 0.482804
-0.6 0.481063
-0.59 0.47957
-0.58 0.477243
-0.57 0.474904
-0.56 0.473244
-0.55 0.471137
-0.54 0.468203
-0.53 0.465666
-0.52 0.463853
-0.51 0.461534
-0.5 0.458079
-0.49 0.454527
-0.48 0.452296
-0.47 0.451799
-0.46 0.452485
-0.45 0.453615
-0.44 0.454757
-0.43 0.455783
-0.42 0.456698
-0.41 0.457524
-0.4 0.458273
-0.39 0.458947
-0.38 0.45955
-0.37 0.460083
-0.36 0.460549
-0.35 0.460953
-0.34 0.461296
-0.33 0.461582
-0.32 0.461814
-0.31 0.461996
-0.3 0.46213
-0.29 0.46222
-0.28 0.462269
-0.27 0.46228
-0.26 0.462257
-0.25 0.462203
-0.24 0.462122
-0.23 0.462015
-0.22 0.461887
-0.21 0.461741
-0.2 0.461579
-0.19 0.461404
-0.18 0.46122
-0.17 0.461029
-0.16 0.460833
-0.15 0.460636
-0.14 0.46044
-0.13 0.460246
-0.12 0.460058
-0.11 0.459877
-0.1 0.459705
-0.09 0.459544
-0.08 0.459395
-0.07 0.459261
-0.06 0.459142
-0.05 0.459039
-0.04 0.458954
-0.03 0.458886
-0.02 0.458838
-0.01 0.458809
0 0.458799
0.01 0.458809
0.02 0.458838
0.03 0.458886
0.04 0.458954
0.05 0.459039
0.06 0.459142
0.07 0.459261
0.08 0.459395
0.09 0.459544
0.1 0.459705
0.11 0.459877
0.12 0.460058
0.13 0.460246
0.14 0.46044
0.15 0.460636
0.16 0.460833
0.17 0.461029
0.18 0.46122
0.19 0.461404
0.2 0.461579
0.21 0.461741
0.22 0.461887
0.23 0.462015
0.24 0.462122
0.25 0.462203
0.26 0.462257
0.27 0.46228
0.28 0.462269
0.29 0.46222
0.3 0.46213
0.31 0.461996
0.32 0.461814
0.33 0.461582
0.34 0.461296
0.35 0.460953
0.36 0.460549
0.37 0.460083
0.38 0.45955
0.39 0.458947
0.4 0.458273
0.41 0.457524
0.42 0.456698
0.43 0.455783
0.44 0.454757
0.45 0.453615
0.46 0.452485
0.47 0.451799
0.48 0.452296
0.49 0.454527
0.5 0.458079
0.51 0.461534
0.52 0.463853
0.53 0.465666
0.54 0.468203
0.55 0.471137
0.56 0.473244
0.57 0.474904
0.58 0.477243
0.59 0.47957
0.6 0.481063
0.61 0.482804
0.62 0.484962
0.63 0.486377
0.64 0.487761
0.65 0.489655
0.66 0.490885
0.67 0.492072
0.68 0.493716
0.69 0.494673
0.7 0.495786
0.71 0.497148
0.72 0.497834
0.73 0.498976
0.74 0.499934
0.75 0.500523
0.76 0.501633
0.77 0.502126
0.78 0.502892
0.79 0.503639
0.8 0.503989
0.81 0.504843
0.82 0.505077
0.83 0.505733
0.84 0.506103
0.85 0.506436
0.86 0.506968
0.87 0.507054
0.88 0.507634
0.89 0.507617
0.9 0.508124
0.91 0.508111
0.92 0.508478
0.93 0.508514
0.94 0.508733
0.95 0.508814
0.96 0.508908
0.97 0.509012
0.98 0.509011
0.99 0.509109
