-1 0.172833
-0.99 0.172343
-0.98 0.173131
-0.97 0.172906
-0.96 0.173939
-0.95 0.174199
-0.94 0.175034
-0.93 0.17634
-0.92 0.176672
-0.91 0.178407
-0.9 0.180076
-0.89 0.180503
-0.88 0.182268
-0.87 0.186679
-0.86 0.192628
-0.85 0.198995
-0.84 0.205456
-0.83 0.212017
-0.82 0.218702
-0.81 0.225513
-0.8 0.232448
-0.79 0.239506
-0.78 0.246685
-0.77 0.253982
-0.76 0.261397
-0.75 0.268926
-0.74 0.276568
-0.73 0.284319
-0.72 0.292177
-0.71 0.300139
-0.7 0.308201
-0.69 0.31636
-0.68 0.324613
-0.67 0.332955
-0.66 0.341382
-0.65 0.349891
-0.64 0.358477
-0.63 0.367134
-0.62 0.375859
-0.61 0.384646
-0.6 0.39349
-0.59 0.402385
-0.58 0.411327
-0.57 0.420308
-0.56 0.429324
-0.55 0.438368
-0.54 0.447434
-0.53 0.456516
-0.52 0.465606
-0.51 0.474699
-0.5 0.483787
-0.49 0.492863
-0.48 0.50192
-0.47 0.510952
-0.46 0.519951
-0.45 0.528909
-0.44 0.537819
-0.43 0.546673
-0.42 0.555464
-0.41 0.564184
-0.4 0.572826
-0.39 0.581381
-0.38 0.589843
-0.37 0.598203
-0.36 0.606453
-0.35 0.614586
-0.34 0.622594
-0.33 0.63047
-0.32 0.638205
-0.31 0.645793
-0.3 0.653225
-0.29 0.660495
-0.28 0.667595
-0.27 0.674518
-0.26 0.681257
-0.25 0.687806
-0.24 0.694156
-0.23 0.700302
-0.22 0.706238
-0.21 0.711956
-0.2 0.717452
-0.19 0.722718
-0.18 0.727751
-0.17 0.732543
-0.16 0.73709
-0.15 0.741388
-0.14 0.745431
-0.13 0.749214
-0.12 0.752735
-0.11 0.755988
-0.1 0.758971
-0.09 0.76168
-0.08 0.764111
-0.07 0.766264
-0.06 0.768134
-0.05 0.76972
-0.04 0.77102
-0.03 0.772032
-0.02 0.772756
-0.01 0.773191
0 0.773336
0.01 0.773191
0.02 0.772756
0.03 0.772032
0.04 0.77102
0.05 0.76972
0.06 0.768134
0.07 0.766264
0.08 0.764111
0.09 0.76168
0.1 0.758971
0.11 0.755988
0.12 0.752735
0.13 0.749214
0.14 0.745431
0.15 0.741388
0.16 0.73709
0.17 0.732543
0.18 0.727751
0.19 0.722718
0.2 0.717452
0.21 0.711956
0.22 0.706238
0.23 0.700302
0.24 0.694156
0.25 0.687806
0.26 0.681257
0.27 0.674518
0.28 0.667595
0.29 0.660495
0.3 0.653225
0.31 0.645793
0.32 0.638205
0.33 0.63047
0.34 0.622594
0.35 0.614586
0.36 0.606453
0.37 0.598203
0.38 0.589843
0.39 0.581381
0.4 0.572826
0.41 0.564184
0.42 0.555464
0.43 0.546673
0.44 0.537819
0.45 0.528909
0.46 0.519951
0.47 0.510952
0.48 0.50192
0.49 0.492863
0.5 0.483787
0.51 0.474699
0.52 0.465606
0.53 0.456516
0.54 0.447434
0.55 0.438368
0.56 0.429324
0.57 0.420308
0.58 0.411327
0.59 0.402385
0.6 0.39349
0.61 0.384646
0.62 0.375859
0.63 0.367134
0.64 0.358477
0.65 0.349891
0.66 0.341382
0.67 0.332955
0.68 0.324613
0.69 0.31636
0.7 0.308201
0.71 0.300139
0.72 0.292177
0.73 0.284319
0.74 0.276568
0.75 0.268926
0.76 0.261397
0.77 0.253982
0.78 0.246685
0.79 0.239506
0.8 0.232448
0.81 0.225513
0.82 0.218702
0.83 0.212017
0.84 0.205456
0.85 0.198995
0.86 0.192628
0.87 0.186679
0.88 0.182268
0.89 0.180503
0.9 0.180076
0.91 0.178407
0.92 0.176672
0.93 0.17634
0.94 0.175034
0.95 0.174199
0.96 0.173939
0.97 0.172906
0.98 0.173131
0.99 0.172343
