-1 0.53796
-0.99 0.537837
-0.98 0.537875
-0.97 0.537642
-0.96 0.537619
-0.95 0.537253
-0.94 0.537187
-0.93 0.536672
-0.92 0.536566
-0.91 0.535905
-0.9 0.535736
-0.89 0.534967
-0.88 0.53467
-0.87 0.533868
-0.86 0.533347
-0.85 0.532604
-0.84 0.531772
-0.83 0.531129
-0.82 0.529997
-0.81 0.529352
-0.8 0.528094
-0.79 0.527201
-0.78 0.526063
-0.77 0.524729
-0.76 0.523748
-0.75 0.522124
-0.74 0.520947
-0.73 0.519463
-0.72 0.51774
-0.71 0.51645
-0.7 0.514495
-0.69 0.5128
-0.68 0.511166
-0.67 0.508909
-0.66 0.507149
-0.65 0.505142
-0.64 0.502649
-0.63 0.500718
-0.62 0.498411
-0.61 0.495646
-0.6 0.493467
-0.59 0.490981
-0.58 0.487883
-0.57 0.485331
-0.56 0.482813
-0.55 0.479462
-0.54 0.476269
-0.53 0.473682
-0.52 0.470528
-0.51 0.466629
-0.5 0.463212
-0.49 0.460463
-0.48 0.457147
-0.47 0.452727
-0.46 0.448263
-0.45 0.445128
-0.44 0.443714
-0.43 0.44348
-0.42 0.443706
-0.41 0.443961
-0.4 0.444116
-0.39 0.444172
-0.38 0.444153
-0.37 0.444071
-0.36 0.443932
-0.35 0.443738
-0.34 0.443493
-0.33 0.443201
-0.32 0.442865
-0.31 0.442489
-0.3 0.442077
-0.29 0.441634
-0.28 0.441162
-0.27 0.440665
-0.26 0.440148
-0.25 0.439614
-0.24 0.439067
-0.23 0.43851
-0.22 0.437947
-0.21 0.437382
-0.2 0.436818
-0.19 0.436258
-0.18 0.435706
-0.17 0.435164
-0.16 0.434637
-0.15 0.434126
-0.14 0.433634
-0.13 0.433164
-0.12 0.432719
-0.11 0.432301
-0.1 0.431912
-0.09 0.431554
-0.08 0.431228
-0.07 0.430937
-0.06 0.430681
-0.05 0.430463
-0.04 0.430283
-0.03 0.430142
-0.02 0.430041
-0.01 0.42998
0 0.42996
0.01 0.42998
0.02 0.430041
0.03 0.430142
0.04 0.430283
0.05 0.430463
0.06 0.430681
0.07 0.430937
0.08 0.431228
0.09 0.431554
0.1 0.431912
0.11 0.432301
0.12 0.432719
0.13 0.433164
0.14 0.433634
0.15 0.434126
0.16 0.434637
0.17 0.435164
0.18 0.435706
0.19 0.436258
0.2 0.436818
0.21 0.437382
0.22 0.437947
0.23 0.43851
0.24 0.439067
0.25 0.439614
0.26 0.440148
0.27 0.440665
0.28 0.441162
0.29 0.441634
0.3 0.442077
0.31 0.442489
0.32 0.442865
0.33 0.443201
0.34 0.443493
0.35 0.443738
0.36 0.443932
0.37 0.444071
0.38 0.444153
0.39 0.444172
0.4 0.444116
0.41 0.443961
0.42 0.443706
0.43 0.44348
0.44 0.443714
0.45 0.445128
0.46 0.448263
0.47 0.452727
0.48 0.457147
0.49 0.460463
0.5 0.463212
0.51 0.466629
0.52 0.470528
0.53 0.473682
0.54 0.476269
0.55 0.479462
0.56 0.482813
0.57 0.485331
0.58 0.487883
0.59 0.490981
0.6 0.493467
0.61 0.495646
0.62 0.498411
0.63 0.500718
0.64 0.502649
0.65 0.505142
0.66 0.507149
0.67 0.508909
0.68 0.511166
0.69 0.5128
0.7 0.514495
0.71 0.51645
0.72 0.51774
0.73 0.519463
0.74 0.520947
0.75 0.522124
0.76 0.523748
0.77 0.524729
0.78 0.526063
0.79 0.527201
0.8 0.528094
0.81 0.529352
0.82 0.529997
0.83 0.531129
0.84 0.531772
0.85 0.532604
0.86 0.533347
0.87 0.533868
0.88 0.53467
0.89 0.534967
0.9 0.535736
0.91 0.535905
0.92 0.536566
0.93 0.536672
0.94 0.537187
0.95 0.537253
0.96 0.537619
0.97 0.537642
0.98 0.537875
0.99 0.537837
