-1 0.314897
-0.99 0.314619
-0.98 0.315108
-0.97 0.315065
-0.96 0.31573
-0.95 0.315968
-0.94 0.31674
-0.93 0.317339
-0.92 0.318117
-0.91 0.31916
-0.9 0.319884
-0.89 0.321339
-0.88 0.322142
-0.87 0.323721
-0.86 0.324977
-0.85 0.326287
-0.84 0.328184
-0.83 0.32938
-0.82 0.331306
-0.81 0.333194
-0.8 0.334591
-0.79 0.336893
-0.78 0.338861
-0.77 0.340395
-0.76 0.342886
-0.75 0.345195
-0.74 0.346707
-0.73 0.348972
-0.72 0.351944
-0.71 0.354003
-0.7 0.355287
-0.69 0.357613
-0.68 0.361995
-0.67 0.367946
-0.66 0.374536
-0.65 0.381224
-0.64 0.38787
-0.63 0.394484
-0.62 0.401081
-0.61 0.407664
-0.6 0.414228
-0.59 0.42077
-0.58 0.427286
-0.57 0.433771
-0.56 0.440222
-0.55 0.446636
-0.54 0.453009
-0.53 0.459337
-0.52 0.465616
-0.51 0.471843
-0.5 0.478014
-0.49 0.484126
-0.48 0.490175
-0.47 0.496157
-0.46 0.50207
-0.45 0.507909
-0.44 0.513672
-0.43 0.519354
-0.42 0.524953
-0.41 0.530466
-0.4 0.535889
-0.39 0.54122
-0.38 0.546454
-0.37 0.55159
-0.36 0.556624
-0.35 0.561553
-0.34 0.566376
-0.33 0.571088
-0.32 0.575688
-0.31 0.580172
-0.3 0.584539
-0.29 0.588786
-0.28 0.592911
-0.27 0.596911
-0.26 0.600784
-0.25 0.604528
-0.24 0.608141
-0.23 0.611622
-0.22 0.614968
-0.21 0.618178
-0.2 0.621249
-0.19 0.624181
-0.18 0.626972
-0.17 0.62962
-0.16 0.632123
-0.15 0.634482
-0.14 0.636694
-0.13 0.638758
-0.12 0.640674
-0.11 0.64244
-0.1 0.644055
-0.09 0.645519
-0.08 0.646831
-0.07 0.64799
-0.06 0.648995
-0.05 0.649847
-0.04 0.650545
-0.03 0.651087
-0.02 0.651475
-0.01 0.651708
0 0.651786
0.01 0.651708
0.02 0.651475
0.03 0.651087
0.04 0.650545
0.05 0.649847
0.06 0.648995
0.07 0.64799
0.08 0.646831
0.09 0.645519
0.1 0.644055
0.11 0.64244
0.12 0.640674
0.13 0.638758
0.14 0.636694
0.15 0.634482
0.16 0.632123
0.17 0.62962
0.18 0.626972
0.19 0.624181
0.2 0.621249
0.21 0.618178
0.22 0.614968
0.23 0.611622
0.24 0.608141
0.25 0.604528
0.26 0.600784
0.27 0.596911
0.28 0.592911
0.29 0.588786
0.3 0.584539
0.31 0.580172
0.32 0.575688
0.33 0.571088
0.34 0.566376
0.35 0.561553
0.36 0.556624
0.37 0.55159
0.38 0.546454
0.39 0.54122
0.4 0.535889
0.41 0.530466
0.42 0.524953
0.43 0.519354
0.44 0.513672
0.45 0.507909
0.46 0.50207
0.47 0.496157
0.48 0.490175
0.49 0.484126
0.5 0.478014
0.51 0.471843
0.52 0.465616
0.53 0.459337
0.54 0.453009
0.55 0.446636
0.56 0.440222
0.57 0.433771
0.58 0.427286
0.59 0.42077
0.6 0.414228
0.61 0.407664
0.62 0.401081
0.63 0.394484
0.64 0.38787
0.65 0.381224
0.66 0.374536
0.67 0.367946
0.68 0.361995
0.69 0.357613
0.7 0.355287
0.71 0.354003
0.72 0.351944
0.73 0.348972
0.74 0.346707
0.75 0.345195
0.76 0.342886
0.77 0.340395
0.78 0.338861
0.79 0.336893
0.8 0.334591
0.81 0.333194
0.82 0.331306
0.83 0.32938
0.84 0.328184
0.85 0.326287
0.86 0.324977
0.87 0.323721
0.88 0.322142
0.89 0.321339
0.9 0.319884
0.91 0.31916
0.92 0.318117
0.93 0.317339
0.94 0.31674
0.95 0.315968
0.96 0.31573
0.97 0.315065
0.98 0.315108
0.99 0.314619
