-1 2.44383
-0.99 2.44357
-0.98 2.44255
-0.97 2.44011
-0.96 2.43517
-0.95 2.42636
-0.94 2.41213
-0.93 2.39084
-0.92 2.36093
-0.91 2.32102
-0.9 2.27003
-0.89 2.20729
-0.88 2.13257
-0.87 2.04611
-0.86 1.94866
-0.85 1.84138
-0.84 1.72584
-0.83 1.60389
-0.82 1.4776
-0.81 1.34912
-0.8 1.22062
-0.79 1.09416
-0.78 0.97162
-0.77 0.854636
-0.76 0.744558
-0.75 0.642418
-0.74 0.548924
-0.73 0.464475
-0.72 0.389179
-0.71 0.322894
-0.7 0.265267
-0.69 0.215779
-0.68 0.173792
-0.67 0.138592
-0.66 0.109429
-0.65 0.0855476
-0.64 0.0662155
-0.63 0.0507442
-0.62 0.0385022
-0.61 0.028924
-0.6 0.0215131
-0.59 0.0158423
-0.58 0.0115506
-0.57 0.00833799
-0.56 0.00595924
-0.55 0.0042169
-0.54 0.0029544
-0.53 0.00204937
-0.52 0.0014075
-0.51 0.000957089
-0.5 0.000644371
-0.49 0.000429537
-0.48 0.000283497
-0.47 0.00018526
-0.46 0.000119867
-0.45 7.67909e-05
-0.44 4.87091e-05
-0.43 3.05919e-05
-0.42 1.90239e-05
-0.41 1.17136e-05
-0.4 7.14146e-06
-0.39 4.31111e-06
-0.38 2.57691e-06
-0.37 1.52519e-06
-0.36 8.93851e-07
-0.35 5.18712e-07
-0.34 2.98065e-07
-0.33 1.69599e-07
-0.32 9.55585e-08
-0.31 5.33152e-08
-0.3 2.9456e-08
-0.29 1.61155e-08
-0.28 8.73096e-09
-0.27 4.68421e-09
-0.26 2.4887e-09
-0.25 1.3094e-09
-0.24 6.82254e-10
-0.23 3.52042e-10
-0.22 1.79899e-10
-0.21 9.10432e-11
-0.2 4.56319e-11
-0.19 2.26505e-11
-0.18 1.11359e-11
-0.17 5.42111e-12
-0.16 2.61505e-12
-0.15 1.24896e-12
-0.14 5.90017e-13
-0.13 2.76914e-13
-0.12 1.28794e-13
-0.11 5.90739e-14
-0.1 2.60949e-14
-0.09 1.27717e-14
-0.08 4.10746e-15
-0.07 2.49746e-15
-0.06 5.35401e-16
-0.05 2.52723e-16
-0.04 -1.63168e-16
-0.03 8.34566e-16
-0.02 -5.19653e-16
-0.01 6.46407e-16
0 -1.92878e-16
0.01 -1.72464e-16
0.02 -1.41435e-15
0.03 -1.24123e-16
0.04 -4.00911e-16
0.05 3.8833e-16
0.06 2.14218e-15
0.07 2.18296e-15
0.08 5.05079e-15
0.09 1.20589e-14
0.1 2.65046e-14
0.11 5.8518e-14
0.12 1.28836e-13
0.13 2.76211e-13
0.14 5.90015e-13
0.15 1.24884e-12
0.16 2.61427e-12
0.17 5.42172e-12
0.18 1.11354e-11
0.19 2.26505e-11
0.2 4.56318e-11
0.21 9.10436e-11
0.22 1.79898e-10
0.23 3.52042e-10
0.24 6.82252e-10
0.25 1.3094e-09
0.26 2.4887e-09
0.27 4.68421e-09
0.28 8.73096e-09
0.29 1.61155e-08
0.3 2.9456e-08
0.31 5.33152e-08
0.32 9.55585e-08
0.33 1.69599e-07
0.34 2.98065e-07
0.35 5.18712e-07
0.36 8.93851e-07
0.37 1.52519e-06
0.38 2.57691e-06
0.39 4.31111e-06
0.4 7.14146e-06
0.41 1.17136e-05
0.42 1.90239e-05
0.43 3.05919e-05
0.44 4.87091e-05
0.45 7.67909e-05
0.46 0.000119867
0.47 0.00018526
0.48 0.000283497
0.49 0.000429537
0.5 0.000644371
0.51 0.000957089
0.52 0.0014075
0.53 0.00204937
0.54 0.0029544
0.55 0.0042169
0.56 0.00595924
0.57 0.00833799
0.58 0.0115506
0.59 0.0158423
0.6 0.0215131
0.61 0.028924
0.62 0.0385022
0.63 0.0507442
0.64 0.0662155
0.65 0.0855476
0.66 0.109429
0.67 0.138592
0.68 0.173792
0.69 0.215779
0.7 0.265267
0.71 0.322894
0.72 0.389179
0.73 0.464475
0.74 0.548924
0.75 0.642418
0.76 0.744558
0.77 0.854636
0.78 0.97162
0.79 1.09416
0.8 1.22062
0.81 1.34912
0.82 1.4776
0.83 1.60389
0.84 1.72584
0.85 1.84138
0.86 1.94866
0.87 2.04611
0.88 2.13257
0.89 2.20729
0.9 2.27003
0.91 2.32102
0.92 2.36093
0.93 2.39084
0.94 2.41213
0.95 2.42636
0.96 2.43517
0.97 2.44011
0.98 2.44255
0.99 2.44357
