-1 0.203151
-0.99 0.203275
-0.98 0.203472
-0.97 0.20376
-0.96 0.204433
-0.95 0.204741
-0.94 0.205972
-0.93 0.20635
-0.92 0.207846
-0.91 0.208857
-0.9 0.209905
-0.89 0.211958
-0.88 0.213028
-0.87 0.214562
-0.86 0.217194
-0.85 0.218811
-0.84 0.219935
-0.83 0.222934
-0.82 0.228283
-0.81 0.23486
-0.8 0.241766
-0.79 0.248746
-0.78 0.255805
-0.77 0.262964
-0.76 0.270227
-0.75 0.277589
-0.74 0.285049
-0.73 0.292603
-0.72 0.300248
-0.71 0.307981
-0.7 0.3158
-0.69 0.323699
-0.68 0.331676
-0.67 0.339727
-0.66 0.347848
-0.65 0.356035
-0.64 0.364282
-0.63 0.372587
-0.62 0.380944
-0.61 0.389347
-0.6 0.397794
-0.59 0.406277
-0.58 0.414792
-0.57 0.423333
-0.56 0.431896
-0.55 0.440473
-0.54 0.44906
-0.53 0.457651
-0.52 0.466239
-0.51 0.474818
-0.5 0.483382
-0.49 0.491924
-0.48 0.500439
-0.47 0.508919
-0.46 0.517359
-0.45 0.525751
-0.44 0.534088
-0.43 0.542365
-0.42 0.550573
-0.41 0.558707
-0.4 0.56676
-0.39 0.574724
-0.38 0.582593
-0.37 0.59036
-0.36 0.598018
-0.35 0.60556
-0.34 0.61298
-0.33 0.620271
-0.32 0.627426
-0.31 0.634439
-0.3 0.641303
-0.29 0.648011
-0.28 0.654559
-0.27 0.660938
-0.26 0.667143
-0.25 0.673169
-0.24 0.679009
-0.23 0.684658
-0.22 0.690109
-0.21 0.695359
-0.2 0.700401
-0.19 0.70523
-0.18 0.709843
-0.17 0.714233
-0.16 0.718397
-0.15 0.722331
-0.14 0.72603
-0.13 0.729491
-0.12 0.73271
-0.11 0.735684
-0.1 0.738409
-0.09 0.740884
-0.08 0.743105
-0.07 0.74507
-0.06 0.746778
-0.05 0.748225
-0.04 0.749412
-0.03 0.750336
-0.02 0.750997
-0.01 0.751394
0 0.751526
0.01 0.751394
0.02 0.750997
0.03 0.750336
0.04 0.749412
0.05 0.748225
0.06 0.746778
0.07 0.74507
0.08 0.743105
0.09 0.740884
0.1 0.738409
0.11 0.735684
0.12 0.73271
0.13 0.729491
0.14 0.72603
0.15 0.722331
0.16 0.718397
0.17 0.714233
0.18 0.709843
0.19 0.70523
0.2 0.700401
0.21 0.695359
0.22 0.690109
0.23 0.684658
0.24 0.679009
0.25 0.673169
0.26 0.667143
0.27 0.660938
0.28 0.654559
0.29 0.648011
0.3 0.641303
0.31 0.634439
0.32 0.627426
0.33 0.620271
0.34 0.61298
0.35 0.60556
0.36 0.598018
0.37 0.59036
0.38 0.582593
0.39 0.574724
0.4 0.56676
0.41 0.558707
0.42 0.550573
0.43 0.542365
0.44 0.534088
0.45 0.525751
0.46 0.517359
0.47 0.508919
0.48 0.500439
0.49 0.491924
0.5 0.483382
0.51 0.474818
0.52 0.466239
0.53 0.457651
0.54 0.44906
0.55 0.440473
0.56 0.431896
0.57 0.423333
0.58 0.414792
0.59 0.406277
0.6 0.397794
0.61 0.389347
0.62 0.380944
0.63 0.372587
0.64 0.364282
0.65 0.356035
0.66 0.347848
0.67 0.339727
0.68 0.331676
0.69 0.323699
0.7 0.3158
0.71 0.307981
0.72 0.300248
0.73 0.292603
0.74 0.285049
0.75 0.277589
0.76 0.270227
0.77 0.262964
0.78 0.255805
0.79 0.248746
0.8 0.241766
0.81 0.23486
0.82 0.228283
0.83 0.222934
0.84 0.219935
0.85 0.218811
0.86 0.217194
0.87 0.214562
0.88 0.213028
0.89 0.211958
0.9 0.209905
0.91 0.208857
0.92 0.207846
0.93 0.20635
0.94 0.205972
0.95 0.204741
0.96 0.204433
0.97 0.20376
0.98 0.203472
0.99 0.203275
