-1 0.533032
-0.99 0.533203
-0.98 0.532954
-0.97 0.533027
-0.96 0.532721
-0.95 0.532672
-0.94 0.532335
-0.93 0.53213
-0.92 0.531793
-0.91 0.531396
-0.9 0.531087
-0.89 0.530474
-0.88 0.530192
-0.87 0.529382
-0.86 0.529067
-0.85 0.528149
-0.84 0.527668
-0.83 0.526786
-0.82 0.525987
-0.81 0.525246
-0.8 0.52409
-0.79 0.523405
-0.78 0.52209
-0.77 0.521154
-0.76 0.519994
-0.75 0.518576
-0.74 0.51758
-0.73 0.515925
-0.72 0.514621
-0.71 0.513217
-0.7 0.511342
-0.69 0.510003
-0.68 0.508143
-0.67 0.506172
-0.66 0.504634
-0.65 0.502407
-0.64 0.500296
-0.63 0.498515
-0.62 0.495995
-0.61 0.493629
-0.6 0.491639
-0.59 0.488902
-0.58 0.486128
-0.57 0.483929
-0.56 0.481158
-0.55 0.477866
-0.54 0.475205
-0.53 0.472652
-0.52 0.469183
-0.51 0.465533
-0.5 0.4627
-0.49 0.459991
-0.48 0.456242
-0.47 0.451758
-0.46 0.447979
-0.45 0.445877
-0.44 0.445299
-0.43 0.445519
-0.42 0.445935
-0.41 0.446285
-0.4 0.446525
-0.39 0.446677
-0.38 0.446759
-0.37 0.446778
-0.36 0.446738
-0.35 0.446641
-0.34 0.446492
-0.33 0.446294
-0.32 0.44605
-0.31 0.445765
-0.3 0.445442
-0.29 0.445085
-0.28 0.444698
-0.27 0.444284
-0.26 0.443847
-0.25 0.443391
-0.24 0.442919
-0.23 0.442435
-0.22 0.441942
-0.21 0.441445
-0.2 0.440946
-0.19 0.440448
-0.18 0.439956
-0.17 0.439471
-0.16 0.438997
-0.15 0.438536
-0.14 0.438092
-0.13 0.437667
-0.12 0.437264
-0.11 0.436884
-0.1 0.436529
-0.09 0.436203
-0.08 0.435906
-0.07 0.43564
-0.06 0.435407
-0.05 0.435207
-0.04 0.435042
-0.03 0.434913
-0.02 0.43482
-0.01 0.434765
0 0.434746
0.01 0.434765
0.02 0.43482
0.03 0.434913
0.04 0.435042
0.05 0.435207
0.06 0.435407
0.07 0.43564
0.08 0.435906
0.09 0.436203
0.1 0.436529
0.11 0.436884
0.12 0.437264
0.13 0.437667
0.14 0.438092
0.15 0.438536
0.16 0.438997
0.17 0.439471
0.18 0.439956
0.19 0.440448
0.2 0.440946
0.21 0.441445
0.22 0.441942
0.23 0.442435
0.24 0.442919
0.25 0.443391
0.26 0.443847
0.27 0.444284
0.28 0.444698
0.29 0.445085
0.3 0.445442
0.31 0.445765
0.32 0.44605
0.33 0.446294
0.34 0.446492
0.35 0.446641
0.36 0.446738
0.37 0.446778
0.38 0.446759
0.39 0.446677
0.4 0.446525
0.41 0.446285
0.42 0.445935
0.43 0.445519
0.44 0.445299
0.45 0.445877
0.46 0.447979
0.47 0.451758
0.48 0.456242
0.49 0.459991
0.5 0.4627
0.51 0.465533
0.52 0.469183
0.53 0.472652
0.54 0.475205
0.55 0.477866
0.56 0.481158
0.57 0.483929
0.58 0.486128
0.59 0.488902
0.6 0.491639
0.61 0.493629
0.62 0.495995
0.63 0.498515
0.64 0.500296
0.65 0.502407
0.66 0.504634
0.67 0.506172
0.68 0.508143
0.69 0.510003
0.7 0.511342
0.71 0.513217
0.72 0.514621
0.73 0.515925
0.74 0.51758
0.75 0.518576
0.76 0.519994
0.77 0.521154
0.78 0.52209
0.79 0.523405
0.8 0.52409
0.81 0.525246
0.82 0.525987
0.83 0.526786
0.84 0.527668
0.85 0.528149
0.86 0.529067
0.87 0.529382
0.88 0.530192
0.89 0.530474
0.9 0.531087
0.91 0.531396
0.92 0.531793
0.93 0.53213
0.94 0.532335
0.95 0.532672
0.96 0.532721
0.97 0.533027
0.98 0.532954
0.99 0.533203
