-1 0.149741
-0.99 0.150488
-0.98 0.150045
-0.97 0.150953
-0.96 0.151154
-0.95 0.151564
-0.94 0.153157
-0.93 0.153212
-0.92 0.153969
-0.91 0.157611
-0.9 0.163011
-0.89 0.168846
-0.88 0.174777
-0.87 0.180821
-0.86 0.187
-0.85 0.193316
-0.84 0.199767
-0.83 0.206353
-0.82 0.213074
-0.81 0.219928
-0.8 0.226914
-0.79 0.234031
-0.78 0.241277
-0.77 0.248651
-0.76 0.25615
-0.75 0.263774
-0.74 0.271518
-0.73 0.279381
-0.72 0.28736
-0.71 0.295452
-0.7 0.303654
-0.69 0.311962
-0.68 0.320373
-0.67 0.328883
-0.66 0.337487
-0.65 0.346182
-0.64 0.354963
-0.63 0.363825
-0.62 0.372764
-0.61 0.381774
-0.6 0.39085
-0.59 0.399986
-0.58 0.409176
-0.57 0.418415
-0.56 0.427696
-0.55 0.437014
-0.54 0.446361
-0.53 0.45573
-0.52 0.465116
-0.51 0.47451
-0.5 0.483906
-0.49 0.493297
-0.48 0.502674
-0.47 0.512031
-0.46 0.52136
-0.45 0.530652
-0.44 0.5399
-0.43 0.549096
-0.42 0.558231
-0.41 0.567298
-0.4 0.576289
-0.39 0.585195
-0.38 0.594007
-0.37 0.602718
-0.36 0.61132
-0.35 0.619804
-0.34 0.628161
-0.33 0.636384
-0.32 0.644464
-0.31 0.652393
-0.3 0.660164
-0.29 0.667767
-0.28 0.675196
-0.27 0.682443
-0.26 0.6895
-0.25 0.696359
-0.24 0.703014
-0.23 0.709456
-0.22 0.71568
-0.21 0.721678
-0.2 0.727444
-0.19 0.732971
-0.18 0.738254
-0.17 0.743286
-0.16 0.748062
-0.15 0.752576
-0.14 0.756824
-0.13 0.760801
-0.12 0.764501
-0.11 0.767922
-0.1 0.771058
-0.09 0.773907
-0.08 0.776464
-0.07 0.778728
-0.06 0.780695
-0.05 0.782364
-0.04 0.783732
-0.03 0.784797
-0.02 0.785559
-0.01 0.786017
0 0.786169
0.01 0.786017
0.02 0.785559
0.03 0.784797
0.04 0.783732
0.05 0.782364
0.06 0.780695
0.07 0.778728
0.08 0.776464
0.09 0.773907
0.1 0.771058
0.11 0.767922
0.12 0.764501
0.13 0.760801
0.14 0.756824
0.15 0.752576
0.16 0.748062
0.17 0.743286
0.18 0.738254
0.19 0.732971
0.2 0.727444
0.21 0.721678
0.22 0.71568
0.23 0.709456
0.24 0.703014
0.25 0.696359
0.26 0.6895
0.27 0.682443
0.28 0.675196
0.29 0.667767
0.3 0.660164
0.31 0.652393
0.32 0.644464
0.33 0.636384
0.34 0.628161
0.35 0.619804
0.36 0.61132
0.37 0.602718
0.38 0.594007
0.39 0.585195
0.4 0.576289
0.41 0.567298
0.42 0.558231
0.43 0.549096
0.44 0.5399
0.45 0.530652
0.46 0.52136
0.47 0.512031
0.48 0.502674
0.49 0.493297
0.5 0.483906
0.51 0.47451
0.52 0.465116
0.53 0.45573
0.54 0.446361
0.55 0.437014
0.56 0.427696
0.57 0.418415
0.58 0.409176
0.59 0.399986
0.6 0.39085
0.61 0.381774
0.62 0.372764
0.63 0.363825
0.64 0.354963
0.65 0.346182
0.66 0.337487
0.67 0.328883
0.68 0.320373
0.69 0.311962
0.7 0.303654
0.71 0.295452
0.72 0.28736
0.73 0.279381
0.74 0.271518
0.75 0.263774
0.76 0.25615
0.77 0.248651
0.78 0.241277
0.79 0.234031
0.8 0.226914
0.81 0.219928
0.82 0.213074
0.83 0.206353
0.84 0.199767
0.85 0.193316
0.86 0.187
0.87 0.180821
0.88 0.174777
0.89 0.168846
0.9 0.163011
0.91 0.157611
0.92 0.153969
0.93 0.153212
0.94 0.153157
0.95 0.151564
0.96 0.151154
0.97 0.150953
0.98 0.150045
0.99 0.150488
