-1 0.78706
-0.99 0.786721
-0.98 0.786447
-0.97 0.785501
-0.96 0.784608
-0.95 0.783067
-0.94 0.781553
-0.93 0.779433
-0.92 0.777292
-0.91 0.774618
-0.9 0.771843
-0.89 0.768645
-0.88 0.765231
-0.87 0.761542
-0.86 0.75749
-0.85 0.753334
-0.84 0.748661
-0.83 0.74405
-0.82 0.738799
-0.81 0.733717
-0.8 0.727962
-0.79 0.722366
-0.78 0.716208
-0.77 0.710046
-0.76 0.703581
-0.75 0.696832
-0.74 0.690101
-0.73 0.682823
-0.72 0.675779
-0.71 0.668124
-0.7 0.660647
-0.69 0.6528
-0.68 0.644797
-0.67 0.636847
-0.66 0.628386
-0.65 0.620233
-0.64 0.611557
-0.63 0.602994
-0.62 0.594334
-0.61 0.585313
-0.6 0.576622
-0.59 0.567412
-0.58 0.558401
-0.57 0.549324
-0.56 0.539899
-0.55 0.530873
-0.54 0.5214
-0.53 0.512042
-0.52 0.502845
-0.51 0.493193
-0.5 0.483963
-0.49 0.474556
-0.48 0.464944
-0.47 0.455802
-0.46 0.446273
-0.45 0.436821
-0.44 0.427745
-0.43 0.418219
-0.42 0.40897
-0.41 0.399995
-0.4 0.390576
-0.39 0.38154
-0.38 0.372739
-0.37 0.363502
-0.36 0.354675
-0.35 0.346134
-0.34 0.33715
-0.33 0.328508
-0.32 0.320301
-0.31 0.311669
-0.3 0.303174
-0.29 0.295306
-0.28 0.287181
-0.27 0.278846
-0.26 0.271181
-0.25 0.263709
-0.24 0.255752
-0.23 0.248057
-0.22 0.241082
-0.21 0.233957
-0.2 0.226383
-0.19 0.219281
-0.18 0.21292
-0.17 0.206378
-0.16 0.199272
-0.15 0.19246
-0.14 0.186595
-0.13 0.181072
-0.12 0.174915
-0.11 0.168126
-0.1 0.161741
-0.09 0.156817
-0.08 0.153658
-0.07 0.151861
-0.06 0.150824
-0.05 0.150111
-0.04 0.149538
-0.03 0.149071
-0.02 0.148724
-0.01 0.148512
0 0.148441
0.01 0.148512
0.02 0.148724
0.03 0.149071
0.04 0.149538
0.05 0.150111
0.06 0.150824
0.07 0.151861
0.08 0.153658
0.09 0.156817
0.1 0.161741
0.11 0.168126
0.12 0.174915
0.13 0.181072
0.14 0.186595
0.15 0.19246
0.16 0.199272
0.17 0.206378
0.18 0.21292
0.19 0.219281
0.2 0.226383
0.21 0.233957
0.22 0.241082
0.23 0.248057
0.24 0.255752
0.25 0.263709
0.26 0.271181
0.27 0.278846
0.28 0.287181
0.29 0.295306
0.3 0.303174
0.31 0.311669
0.32 0.320301
0.33 0.328508
0.34 0.33715
0.35 0.346134
0.36 0.354675
0.37 0.363502
0.38 0.372739
0.39 0.38154
0.4 0.390576
0.41 0.399995
0.42 0.40897
0.43 0.418219
0.44 0.427745
0.45 0.436821
0.46 0.446273
0.47 0.455802
0.48 0.464944
0.49 0.474556
0.5 0.483963
0.51 0.493193
0.52 0.502845
0.53 0.512042
0.54 0.5214
0.55 0.530873
0.56 0.539899
0.57 0.549324
0.58 0.558401
0.59 0.567412
0.6 0.576622
0.61 0.585313
0.62 0.594334
0.63 0.602994
0.64 0.611557
0.65 0.620233
0.66 0.628386
0.67 0.636847
0.68 0.644797
0.69 0.6528
0.7 0.660647
0.71 0.668124
0.72 0.675779
0.73 0.682823
0.74 0.690101
0.75 0.696832
0.76 0.703581
0.77 0.710046
0.78 0.716208
0.79 0.722366
0.8 0.727962
0.81 0.733717
0.82 0.738799
0.83 0.74405
0.84 0.748661
0.85 0.753334
0.86 0.75749
0.87 0.761542
0.88 0.765231
0.89 0.768645
0.9 0.771843
0.91 0.774618
0.92 0.777292
0.93 0.779433
0.94 0.781553
0.95 0.783067
0.96 0.784608
0.97 0.785501
0.98 0.786447
0.99 0.786721
