-1 0.385736
-0.99 0.385456
-0.98 0.385878
-0.97 0.385732
-0.96 0.386299
-0.95 0.38629
-0.94 0.386979
-0.93 0.387141
-0.92 0.387888
-0.91 0.388296
-0.9 0.388998
-0.89 0.389741
-0.88 0.390318
-0.87 0.391403
-0.86 0.391919
-0.85 0.39315
-0.84 0.393883
-0.83 0.394911
-0.82 0.396128
-0.81 0.396857
-0.8 0.398318
-0.79 0.399262
-0.78 0.400316
-0.77 0.40185
-0.76 0.402668
-0.75 0.403985
-0.74 0.405484
-0.73 0.406263
-0.72 0.407649
-0.71 0.409198
-0.7 0.409933
-0.69 0.411122
-0.68 0.412842
-0.67 0.413718
-0.66 0.414324
-0.65 0.415879
-0.64 0.417544
-0.63 0.41807
-0.62 0.418128
-0.61 0.419392
-0.6 0.42256
-0.59 0.427085
-0.58 0.432128
-0.57 0.437205
-0.56 0.442181
-0.55 0.447064
-0.54 0.451872
-0.53 0.456608
-0.52 0.461272
-0.51 0.465861
-0.5 0.470373
-0.49 0.474806
-0.48 0.479158
-0.47 0.483429
-0.46 0.487616
-0.45 0.491719
-0.44 0.495736
-0.43 0.499666
-0.42 0.503508
-0.41 0.507261
-0.4 0.510924
-0.39 0.514497
-0.38 0.517978
-0.37 0.521368
-0.36 0.524665
-0.35 0.52787
-0.34 0.530981
-0.33 0.534
-0.32 0.536924
-0.31 0.539756
-0.3 0.542493
-0.29 0.545137
-0.28 0.547687
-0.27 0.550143
-0.26 0.552506
-0.25 0.554775
-0.24 0.556952
-0.23 0.559036
-0.22 0.561027
-0.21 0.562927
-0.2 0.564734
-0.19 0.56645
-0.18 0.568075
-0.17 0.569609
-0.16 0.571053
-0.15 0.572408
-0.14 0.573672
-0.13 0.574848
-0.12 0.575934
-0.11 0.576933
-0.1 0.577843
-0.09 0.578665
-0.08 0.5794
-0.07 0.580048
-0.06 0.580609
-0.05 0.581084
-0.04 0.581472
-0.03 0.581773
-0.02 0.581988
-0.01 0.582117
0 0.58216
0.01 0.582117
0.02 0.581988
0.03 0.581773
0.04 0.581472
0.05 0.581084
0.06 0.580609
0.07 0.580048
0.08 0.5794
0.09 0.578665
0.1 0.577843
0.11 0.576933
0.12 0.575934
0.13 0.574848
0.14 0.573672
0.15 0.572408
0.16 0.571053
0.17 0.569609
0.18 0.568075
0.19 0.56645
0.2 0.564734
0.21 0.562927
0.22 0.561027
0.23 0.559036
0.24 0.556952
0.25 0.554775
0.26 0.552506
0.27 0.550143
0.28 0.547687
0.29 0.545137
0.3 0.542493
0.31 0.539756
0.32 0.536924
0.33 0.534
0.34 0.530981
0.35 0.52787
0.36 0.524665
0.37 0.521368
0.38 0.517978
0.39 0.514497
0.4 0.510924
0.41 0.507261
0.42 0.503508
0.43 0.499666
0.44 0.495736
0.45 0.491719
0.46 0.487616
0.47 0.483429
0.48 0.479158
0.49 0.474806
0.5 0.470373
0.51 0.465861
0.52 0.461272
0.53 0.456608
0.54 0.451872
0.55 0.447064
0.56 0.442181
0.57 0.437205
0.58 0.432128
0.59 0.427085
0.6 0.42256
0.61 0.419392
0.62 0.418128
0.63 0.41807
0.64 0.417544
0.65 0.415879
0.66 0.414324
0.67 0.413718
0.68 0.412842
0.69 0.411122
0.7 0.409933
0.71 0.409198
0.72 0.407649
0.73 0.406263
0.74 0.405484
0.75 0.403985
0.76 0.402668
0.77 0.40185
0.78 0.400316
0.79 0.399262
0.8 0.398318
0.81 0.396857
0.82 0.396128
0.83 0.394911
0.84 0.393883
0.85 0.39315
0.86 0.391919
0.87 0.391403
0.88 0.390318
0.89 0.389741
0.9 0.388998
0.91 0.388296
0.92 0.387888
0.93 0.387141
0.94 0.386979
0.95 0.38629
0.96 0.386299
0.97 0.385732
0.98 0.385878
0.99 0.385456
