-1 5.43206e-14
-0.998 5.49091e-14
-0.996 5.36162e-14
-0.994 5.88497e-14
-0.992 5.70737e-14
-0.99 7.3217e-14
-0.988 7.39967e-14
-0.986 8.77213e-14
-0.984 9.50872e-14
-0.982 1.16908e-13
-0.98 1.24213e-13
-0.978 1.53256e-13
-0.976 1.73119e-13
-0.974 2.03744e-13
-0.972 2.26827e-13
-0.97 2.73344e-13
-0.968 3.09459e-13
-0.966 3.67455e-13
-0.964 4.26068e-13
-0.962 4.90699e-13
-0.96 5.71605e-13
-0.958 6.64322e-13
-0.956 7.7667e-13
-0.954 8.92981e-13
-0.952 1.04913e-12
-0.95 1.21281e-12
-0.948 1.41152e-12
-0.946 1.63571e-12
-0.944 1.89246e-12
-0.942 2.20247e-12
-0.94 2.5558e-12
-0.938 2.95098e-12
-0.936 3.43119e-12
-0.934 3.96042e-12
-0.932 4.58961e-12
-0.93 5.31319e-12
-0.928 6.14961e-12
-0.926 7.1078e-12
-0.924 8.22248e-12
-0.922 9.49539e-12
-0.92 1.09637e-11
-0.918 1.26614e-11
-0.916 1.46102e-11
-0.914 1.68613e-11
-0.912 1.94458e-11
-0.91 2.24175e-11
-0.908 2.58376e-11
-0.906 2.97574e-11
-0.904 3.42642e-11
-0.902 3.94324e-11
-0.9 4.53736e-11
-0.898 5.21765e-11
-0.896 5.9986e-11
-0.894 6.893e-11
-0.892 7.91761e-11
-0.89 9.09048e-11
-0.888 1.0434e-10
-0.886 1.19715e-10
-0.884 1.3729e-10
-0.882 1.57391e-10
-0.88 1.80354e-10
-0.878 2.06592e-10
-0.876 2.36549e-10
-0.874 2.70741e-10
-0.872 3.09759e-10
-0.87 3.54247e-10
-0.868 4.04978e-10
-0.866 4.62765e-10
-0.864 5.28615e-10
-0.862 6.03571e-10
-0.86 6.88889e-10
-0.858 7.85959e-10
-0.856 8.96336e-10
-0.854 1.02182e-09
-0.852 1.16438e-09
-0.85 1.32633e-09
-0.848 1.51018e-09
-0.846 1.71883e-09
-0.844 1.95554e-09
-0.842 2.22394e-09
-0.84 2.52818e-09
-0.838 2.87288e-09
-0.836 3.26328e-09
-0.834 3.70525e-09
-0.832 4.2054e-09
-0.83 4.77115e-09
-0.828 5.41084e-09
-0.826 6.13385e-09
-0.824 6.95068e-09
-0.822 7.87315e-09
-0.82 8.91446e-09
-0.818 1.00895e-08
-0.816 1.14148e-08
-0.814 1.29091e-08
-0.812 1.45931e-08
-0.81 1.64902e-08
-0.808 1.86265e-08
-0.806 2.10311e-08
-0.804 2.37366e-08
-0.802 2.67795e-08
-0.8 3.02004e-08
-0.798 3.40447e-08
-0.796 3.8363e-08
-0.794 4.32117e-08
-0.792 4.86538e-08
-0.79 5.47593e-08
-0.788 6.16064e-08
-0.786 6.9282e-08
-0.784 7.78826e-08
-0.782 8.7516e-08
-0.78 9.83016e-08
-0.778 1.10372e-07
-0.776 1.23876e-07
-0.774 1.38975e-07
-0.772 1.55853e-07
-0.77 1.74711e-07
-0.768 1.95772e-07
-0.766 2.19285e-07
-0.764 2.45523e-07
-0.762 2.7479e-07
-0.76 3.07423e-07
-0.758 3.43795e-07
-0.756 3.84315e-07
-0.754 4.2944e-07
-0.752 4.79671e-07
-0.75 5.35564e-07
-0.748 5.9773e-07
-0.746 6.66845e-07
-0.744 7.43655e-07
-0.742 8.2898e-07
-0.74 9.23725e-07
-0.738 1.02889e-06
-0.736 1.14556e-06
-0.734 1.27496e-06
-0.732 1.41841e-06
-0.73 1.57736e-06
-0.728 1.75343e-06
-0.726 1.94837e-06
-0.724 2.16411e-06
-0.722 2.40279e-06
-0.72 2.66672e-06
-0.718 2.95846e-06
-0.716 3.2808e-06
-0.714 3.63681e-06
-0.712 4.02984e-06
-0.71 4.46355e-06
-0.708 4.94197e-06
-0.706 5.46948e-06
-0.704 6.05087e-06
-0.702 6.69139e-06
-0.7 7.39675e-06
-0.698 8.1732e-06
-0.696 9.02753e-06
-0.694 9.96719e-06
-0.692 1.10002e-05
-0.69 1.21355e-05
-0.688 1.33826e-05
-0.686 1.4752e-05
-0.684 1.62549e-05
-0.682 1.79038e-05
-0.68 1.97121e-05
-0.678 2.16944e-05
-0.676 2.38664e-05
-0.674 2.62454e-05
-0.672 2.885e-05
-0.67 3.17004e-05
-0.668 3.48185e-05
-0.666 3.82281e-05
-0.664 4.19546e-05
-0.662 4.60261e-05
-0.66 5.04725e-05
-0.658 5.53262e-05
-0.656 6.06226e-05
-0.654 6.63993e-05
-0.652 7.26974e-05
-0.65 7.95611e-05
-0.648 8.7038e-05
-0.646 9.51795e-05
-0.644 0.000104041
-0.642 0.000113682
-0.64 0.000124166
-0.638 0.000135564
-0.636 0.000147948
-0.634 0.000161399
-0.632 0.000176003
-0.63 0.000191851
-0.628 0.000209043
-0.626 0.000227684
-0.624 0.000247889
-0.622 0.000269778
-0.62 0.000293483
-0.618 0.000319143
-0.616 0.000346908
-0.614 0.000376937
-0.612 0.000409402
-0.61 0.000444486
-0.608 0.000482383
-0.606 0.000523301
-0.604 0.000567464
-0.602 0.000615107
-0.6 0.000666484
-0.598 0.000721864
-0.596 0.000781532
-0.594 0.000845794
-0.592 0.000914974
-0.59 0.000989416
-0.588 0.00106949
-0.586 0.00115558
-0.584 0.0012481
-0.582 0.00134748
-0.58 0.0014542
-0.578 0.00156875
-0.576 0.00169164
-0.574 0.00182343
-0.572 0.0019647
-0.57 0.00211606
-0.568 0.00227818
-0.566 0.00245174
-0.564 0.00263746
-0.562 0.00283612
-0.56 0.00304852
-0.558 0.00327552
-0.556 0.00351802
-0.554 0.00377695
-0.552 0.00405332
-0.55 0.00434818
-0.548 0.00466261
-0.546 0.00499779
-0.544 0.00535492
-0.542 0.00573528
-0.54 0.00614019
-0.538 0.00657106
-0.536 0.00702936
-0.534 0.00751661
-0.532 0.00803443
-0.53 0.00858448
-0.528 0.00916852
-0.526 0.00978837
-0.524 0.010446
-0.522 0.0111433
-0.52 0.0118824
-0.518 0.0126654
-0.516 0.0134947
-0.514 0.0143725
-0.512 0.0153013
-0.51 0.0162835
-0.508 0.017322
-0.506 0.0184192
-0.504 0.0195782
-0.502 0.0208017
-0.5 0.0220929
-0.498 0.0234548
-0.496 0.0248907
-0.494 0.026404
-0.492 0.027998
-0.49 0.0296765
-0.488 0.0314429
-0.486 0.0333012
-0.484 0.0352552
-0.482 0.037309
-0.48 0.0394666
-0.478 0.0417322
-0.476 0.0441103
-0.474 0.0466053
-0.472 0.0492217
-0.47 0.0519641
-0.468 0.0548375
-0.466 0.0578466
-0.464 0.0609963
-0.462 0.0642919
-0.46 0.0677384
-0.458 0.0713412
-0.456 0.0751055
-0.454 0.0790368
-0.452 0.0831407
-0.45 0.0874226
-0.448 0.0918883
-0.446 0.0965435
-0.444 0.101394
-0.442 0.106446
-0.44 0.111704
-0.438 0.117176
-0.436 0.122866
-0.434 0.128781
-0.432 0.134927
-0.43 0.14131
-0.428 0.147935
-0.426 0.154809
-0.424 0.161938
-0.422 0.169327
-0.42 0.176983
-0.418 0.184911
-0.416 0.193117
-0.414 0.201606
-0.412 0.210384
-0.41 0.219456
-0.408 0.228829
-0.406 0.238506
-0.404 0.248493
-0.402 0.258794
-0.4 0.269415
-0.398 0.28036
-0.396 0.291632
-0.394 0.303237
-0.392 0.315177
-0.39 0.327456
-0.388 0.340078
-0.386 0.353045
-0.384 0.366359
-0.382 0.380024
-0.38 0.394041
-0.378 0.408411
-0.376 0.423136
-0.374 0.438217
-0.372 0.453654
-0.37 0.469447
-0.368 0.485595
-0.366 0.502098
-0.364 0.518954
-0.362 0.536161
-0.36 0.553717
-0.358 0.57162
-0.356 0.589866
-0.354 0.60845
-0.352 0.627369
-0.35 0.646618
-0.348 0.66619
-0.346 0.686081
-0.344 0.706282
-0.342 0.726788
-0.34 0.747591
-0.338 0.768681
-0.336 0.79005
-0.334 0.811688
-0.332 0.833585
-0.33 0.855731
-0.328 0.878114
-0.326 0.900722
-0.324 0.923542
-0.322 0.946562
-0.32 0.969768
-0.318 0.993146
-0.316 1.01668
-0.314 1.04036
-0.312 1.06416
-0.31 1.08807
-0.308 1.11207
-0.306 1.13615
-0.304 1.16028
-0.302 1.18446
-0.3 1.20865
-0.298 1.23285
-0.296 1.25702
-0.294 1.28116
-0.292 1.30524
-0.29 1.32924
-0.288 1.35314
-0.286 1.37692
-0.284 1.40056
-0.282 1.42403
-0.28 1.44732
-0.278 1.4704
-0.276 1.49325
-0.274 1.51585
-0.272 1.53818
-0.27 1.56021
-0.268 1.58192
-0.266 1.6033
-0.264 1.62431
-0.262 1.64495
-0.26 1.66517
-0.258 1.68498
-0.256 1.70433
-0.254 1.72323
-0.252 1.74163
-0.25 1.75953
-0.248 1.7769
-0.246 1.79372
-0.244 1.80998
-0.242 1.82566
-0.24 1.84074
-0.238 1.8552
-0.236 1.86903
-0.234 1.88221
-0.232 1.89472
-0.23 1.90656
-0.228 1.9177
-0.226 1.92814
-0.224 1.93787
-0.222 1.94686
-0.22 1.95512
-0.218 1.96263
-0.216 1.96938
-0.214 1.97536
-0.212 1.98058
-0.21 1.98501
-0.208 1.98866
-0.206 1.99153
-0.204 1.99361
-0.202 1.99489
-0.2 1.99538
-0.198 1.99508
-0.196 1.99398
-0.194 1.9921
-0.192 1.98942
-0.19 1.98596
-0.188 1.98172
-0.186 1.9767
-0.184 1.97091
-0.182 1.96437
-0.18 1.95707
-0.178 1.94903
-0.176 1.94025
-0.174 1.93075
-0.172 1.92055
-0.17 1.90964
-0.168 1.89805
-0.166 1.88579
-0.164 1.87288
-0.162 1.85933
-0.16 1.84516
-0.158 1.83038
-0.156 1.81501
-0.154 1.79908
-0.152 1.7826
-0.15 1.76558
-0.148 1.74806
-0.146 1.73005
-0.144 1.71157
-0.142 1.69265
-0.14 1.6733
-0.138 1.65356
-0.136 1.63343
-0.134 1.61294
-0.132 1.59213
-0.13 1.571
-0.128 1.54959
-0.126 1.52792
-0.124 1.50601
-0.122 1.48389
-0.12 1.46157
-0.118 1.4391
-0.116 1.41648
-0.114 1.39374
-0.112 1.37091
-0.11 1.34801
-0.108 1.32506
-0.106 1.30209
-0.104 1.27913
-0.102 1.25618
-0.1 1.23329
-0.098 1.21046
-0.096 1.18773
-0.094 1.16511
-0.092 1.14263
-0.09 1.12031
-0.088 1.09816
-0.086 1.07622
-0.084 1.05449
-0.082 1.03301
-0.08 1.01178
-0.078 0.990837
-0.076 0.970188
-0.074 0.949854
-0.072 0.929853
-0.07 0.910203
-0.068 0.89092
-0.066 0.87202
-0.064 0.85352
-0.062 0.835434
-0.06 0.817777
-0.058 0.800565
-0.056 0.78381
-0.054 0.767526
-0.052 0.751725
-0.05 0.736421
-0.048 0.721624
-0.046 0.707346
-0.044 0.693599
-0.042 0.680391
-0.04 0.667734
-0.038 0.655636
-0.036 0.644106
-0.034 0.633152
-0.032 0.622784
-0.03 0.613007
-0.028 0.603828
-0.026 0.595255
-0.024 0.587294
-0.022 0.579949
-0.02 0.573225
-0.018 0.567129
-0.016 0.561663
-0.014 0.556831
-0.012 0.552637
-0.01 0.549083
-0.008 0.546172
-0.006 0.543906
-0.004 0.542287
-0.002 0.541315
0 0.54099
0.002 0.541315
0.004 0.542287
0.006 0.543906
0.008 0.546172
0.01 0.549083
0.012 0.552637
0.014 0.556831
0.016 0.561663
0.018 0.567129
0.02 0.573225
0.022 0.579949
0.024 0.587294
0.026 0.595255
0.028 0.603828
0.03 0.613007
0.032 0.622784
0.034 0.633152
0.036 0.644106
0.038 0.655636
0.04 0.667734
0.042 0.680391
0.044 0.693599
0.046 0.707346
0.048 0.721624
0.05 0.736421
0.052 0.751725
0.054 0.767526
0.056 0.78381
0.058 0.800565
0.06 0.817777
0.062 0.835434
0.064 0.85352
0.066 0.87202
0.068 0.89092
0.07 0.910203
0.072 0.929853
0.074 0.949854
0.076 0.970188
0.078 0.990837
0.08 1.01178
0.082 1.03301
0.084 1.05449
0.086 1.07622
0.088 1.09816
0.09 1.12031
0.092 1.14263
0.094 1.16511
0.096 1.18773
0.098 1.21046
0.1 1.23329
0.102 1.25618
0.104 1.27913
0.106 1.30209
0.108 1.32506
0.11 1.34801
0.112 1.37091
0.114 1.39374
0.116 1.41648
0.118 1.4391
0.12 1.46157
0.122 1.48389
0.124 1.50601
0.126 1.52792
0.128 1.54959
0.13 1.571
0.132 1.59213
0.134 1.61294
0.136 1.63343
0.138 1.65356
0.14 1.6733
0.142 1.69265
0.144 1.71157
0.146 1.73005
0.148 1.74806
0.15 1.76558
0.152 1.7826
0.154 1.79908
0.156 1.81501
0.158 1.83038
0.16 1.84516
0.162 1.85933
0.164 1.87288
0.166 1.88579
0.168 1.89805
0.17 1.90964
0.172 1.92055
0.174 1.93075
0.176 1.94025
0.178 1.94903
0.18 1.95707
0.182 1.96437
0.184 1.97091
0.186 1.9767
0.188 1.98172
0.19 1.98596
0.192 1.98942
0.194 1.9921
0.196 1.99398
0.198 1.99508
0.2 1.99538
0.202 1.99489
0.204 1.99361
0.206 1.99153
0.208 1.98866
0.21 1.98501
0.212 1.98058
0.214 1.97536
0.216 1.96938
0.218 1.96263
0.22 1.95512
0.222 1.94686
0.224 1.93787
0.226 1.92814
0.228 1.9177
0.23 1.90656
0.232 1.89472
0.234 1.88221
0.236 1.86903
0.238 1.8552
0.24 1.84074
0.242 1.82566
0.244 1.80998
0.246 1.79372
0.248 1.7769
0.25 1.75953
0.252 1.74163
0.254 1.72323
0.256 1.70433
0.258 1.68498
0.26 1.66517
0.262 1.64495
0.264 1.62431
0.266 1.6033
0.268 1.58192
0.27 1.56021
0.272 1.53818
0.274 1.51585
0.276 1.49325
0.278 1.4704
0.28 1.44732
0.282 1.42403
0.284 1.40056
0.286 1.37692
0.288 1.35314
0.29 1.32924
0.292 1.30524
0.294 1.28116
0.296 1.25702
0.298 1.23285
0.3 1.20865
0.302 1.18446
0.304 1.16028
0.306 1.13615
0.308 1.11207
0.31 1.08807
0.312 1.06416
0.314 1.04036
0.316 1.01668
0.318 0.993146
0.32 0.969768
0.322 0.946562
0.324 0.923542
0.326 0.900722
0.328 0.878114
0.33 0.855731
0.332 0.833585
0.334 0.811688
0.336 0.79005
0.338 0.768681
0.34 0.747591
0.342 0.726788
0.344 0.706282
0.346 0.686081
0.348 0.66619
0.35 0.646618
0.352 0.627369
0.354 0.60845
0.356 0.589866
0.358 0.57162
0.36 0.553717
0.362 0.536161
0.364 0.518954
0.366 0.502098
0.368 0.485595
0.37 0.469447
0.372 0.453654
0.374 0.438217
0.376 0.423136
0.378 0.408411
0.38 0.394041
0.382 0.380024
0.384 0.366359
0.386 0.353045
0.388 0.340078
0.39 0.327456
0.392 0.315177
0.394 0.303237
0.396 0.291632
0.398 0.28036
0.4 0.269415
0.402 0.258794
0.404 0.248493
0.406 0.238506
0.408 0.228829
0.41 0.219456
0.412 0.210384
0.414 0.201606
0.416 0.193117
0.418 0.184911
0.42 0.176983
0.422 0.169327
0.424 0.161938
0.426 0.154809
0.428 0.147935
0.43 0.14131
0.432 0.134927
0.434 0.128781
0.436 0.122866
0.438 0.117176
0.44 0.111704
0.442 0.106446
0.444 0.101394
0.446 0.0965435
0.448 0.0918883
0.45 0.0874226
0.452 0.0831407
0.454 0.0790368
0.456 0.0751055
0.458 0.0713412
0.46 0.0677384
0.462 0.0642919
0.464 0.0609963
0.466 0.0578466
0.468 0.0548375
0.47 0.0519641
0.472 0.0492217
0.474 0.0466053
0.476 0.0441103
0.478 0.0417322
0.48 0.0394666
0.482 0.037309
0.484 0.0352552
0.486 0.0333012
0.488 0.0314429
0.49 0.0296765
0.492 0.027998
0.494 0.026404
0.496 0.0248907
0.498 0.0234548
0.5 0.0220929
0.502 0.0208017
0.504 0.0195782
0.506 0.0184192
0.508 0.017322
0.51 0.0162835
0.512 0.0153013
0.514 0.0143725
0.516 0.0134947
0.518 0.0126654
0.52 0.0118824
0.522 0.0111433
0.524 0.010446
0.526 0.00978837
0.528 0.00916852
0.53 0.00858448
0.532 0.00803443
0.534 0.00751661
0.536 0.00702936
0.538 0.00657106
0.54 0.00614019
0.542 0.00573528
0.544 0.00535492
0.546 0.00499779
0.548 0.00466261
0.55 0.00434818
0.552 0.00405332
0.554 0.00377695
0.556 0.00351802
0.558 0.00327552
0.56 0.00304852
0.562 0.00283612
0.564 0.00263746
0.566 0.00245174
0.568 0.00227818
0.57 0.00211606
0.572 0.0019647
0.574 0.00182343
0.576 0.00169164
0.578 0.00156875
0.58 0.0014542
0.582 0.00134748
0.584 0.0012481
0.586 0.00115558
0.588 0.00106949
0.59 0.000989416
0.592 0.000914974
0.594 0.000845794
0.596 0.000781532
0.598 0.000721864
0.6 0.000666484
0.602 0.000615107
0.604 0.000567464
0.606 0.000523301
0.608 0.000482383
0.61 0.000444486
0.612 0.000409402
0.614 0.000376937
0.616 0.000346908
0.618 0.000319143
0.62 0.000293483
0.622 0.000269778
0.624 0.000247889
0.626 0.000227684
0.628 0.000209043
0.63 0.000191851
0.632 0.000176003
0.634 0.000161399
0.636 0.000147948
0.638 0.000135564
0.64 0.000124166
0.642 0.000113682
0.644 0.000104041
0.646 9.51795e-05
0.648 8.7038e-05
0.65 7.95611e-05
0.652 7.26974e-05
0.654 6.63993e-05
0.656 6.06226e-05
0.658 5.53262e-05
0.66 5.04725e-05
0.662 4.60261e-05
0.664 4.19546e-05
0.666 3.82281e-05
0.668 3.48185e-05
0.67 3.17004e-05
0.672 2.885e-05
0.674 2.62454e-05
0.676 2.38664e-05
0.678 2.16944e-05
0.68 1.97121e-05
0.682 1.79038e-05
0.684 1.62549e-05
0.686 1.4752e-05
0.688 1.33826e-05
0.69 1.21355e-05
0.692 1.10002e-05
0.694 9.96719e-06
0.696 9.02753e-06
0.698 8.1732e-06
0.7 7.39675e-06
0.702 6.69139e-06
0.704 6.05087e-06
0.706 5.46948e-06
0.708 4.94197e-06
0.71 4.46355e-06
0.712 4.02984e-06
0.714 3.63681e-06
0.716 3.2808e-06
0.718 2.95846e-06
0.72 2.66672e-06
0.722 2.40279e-06
0.724 2.16411e-06
0.726 1.94837e-06
0.728 1.75343e-06
0.73 1.57736e-06
0.732 1.41841e-06
0.734 1.27496e-06
0.736 1.14556e-06
0.738 1.02889e-06
0.74 9.23725e-07
0.742 8.2898e-07
0.744 7.43655e-07
0.746 6.66845e-07
0.748 5.9773e-07
0.75 5.35564e-07
0.752 4.79671e-07
0.754 4.2944e-07
0.756 3.84315e-07
0.758 3.43795e-07
0.76 3.07423e-07
0.762 2.7479e-07
0.764 2.45523e-07
0.766 2.19285e-07
0.768 1.95772e-07
0.77 1.74711e-07
0.772 1.55853e-07
0.774 1.38975e-07
0.776 1.23876e-07
0.778 1.10372e-07
0.78 9.83016e-08
0.782 8.7516e-08
0.784 7.78826e-08
0.786 6.9282e-08
0.788 6.16064e-08
0.79 5.47593e-08
0.792 4.86538e-08
0.794 4.32117e-08
0.796 3.8363e-08
0.798 3.40447e-08
0.8 3.02004e-08
0.802 2.67795e-08
0.804 2.37366e-08
0.806 2.10311e-08
0.808 1.86265e-08
0.81 1.64902e-08
0.812 1.45931e-08
0.814 1.29091e-08
0.816 1.14148e-08
0.818 1.00895e-08
0.82 8.91446e-09
0.822 7.87315e-09
0.824 6.95068e-09
0.826 6.13384e-09
0.828 5.41083e-09
0.83 4.77114e-09
0.832 4.2054e-09
0.834 3.70525e-09
0.836 3.26328e-09
0.838 2.87288e-09
0.84 2.52817e-09
0.842 2.22394e-09
0.844 1.95553e-09
0.846 1.71884e-09
0.848 1.51017e-09
0.85 1.32632e-09
0.852 1.16438e-09
0.854 1.02181e-09
0.856 8.96342e-10
0.858 7.85951e-10
0.86 6.8889e-10
0.862 6.0357e-10
0.864 5.28605e-10
0.866 4.62769e-10
0.868 4.04972e-10
0.87 3.54247e-10
0.872 3.09752e-10
0.874 2.70742e-10
0.876 2.36542e-10
0.878 2.06594e-10
0.88 1.80345e-10
0.882 1.57387e-10
0.884 1.37293e-10
0.886 1.19706e-10
0.888 1.0434e-10
0.89 9.0906e-11
0.892 7.9175e-11
0.894 6.89233e-11
0.896 5.99807e-11
0.898 5.21761e-11
0.9 4.5363e-11
0.902 3.94305e-11
0.904 3.42628e-11
0.906 2.9755e-11
0.908 2.58315e-11
0.91 2.24173e-11
0.912 1.94462e-11
0.914 1.68624e-11
0.916 1.46082e-11
0.918 1.26654e-11
0.92 1.09619e-11
0.922 9.49563e-12
0.924 8.21657e-12
0.926 7.11392e-12
0.928 6.15055e-12
0.93 5.31088e-12
0.932 4.59401e-12
0.934 3.96073e-12
0.936 3.42715e-12
0.938 2.95089e-12
0.94 2.55117e-12
0.942 2.19574e-12
0.944 1.89698e-12
0.946 1.63041e-12
0.948 1.41267e-12
0.95 1.21105e-12
0.952 1.04396e-12
0.954 8.93893e-13
0.956 7.71692e-13
0.958 6.65746e-13
0.96 5.71472e-13
0.962 4.9427e-13
0.964 4.21448e-13
0.966 3.64481e-13
0.968 3.12972e-13
0.97 2.72103e-13
0.972 2.31628e-13
0.974 2.01062e-13
0.976 1.73065e-13
0.978 1.54894e-13
0.98 1.26216e-13
0.982 1.13827e-13
0.984 9.30518e-14
0.986 8.66456e-14
0.988 7.602e-14
0.99 7.60618e-14
0.992 6.25679e-14
0.994 6.44964e-14
0.996 5.46968e-14
0.998 5.16587e-14
