-1 0.324934
-0.99 0.325338
-0.98 0.325141
-0.97 0.325749
-0.96 0.325767
-0.95 0.326552
-0.94 0.326829
-0.93 0.327714
-0.92 0.328342
-0.91 0.329208
-0.9 0.330286
-0.89 0.331063
-0.88 0.332554
-0.87 0.333395
-0.86 0.334977
-0.85 0.336284
-0.84 0.337561
-0.83 0.339478
-0.82 0.340688
-0.81 0.342528
-0.8 0.344467
-0.79 0.345806
-0.78 0.347994
-0.77 0.350023
-0.76 0.351458
-0.75 0.353769
-0.74 0.356131
-0.73 0.357596
-0.72 0.359578
-0.71 0.362441
-0.7 0.364607
-0.69 0.36579
-0.68 0.367657
-0.67 0.371492
-0.66 0.377045
-0.65 0.383396
-0.64 0.389907
-0.63 0.396376
-0.62 0.402798
-0.61 0.40919
-0.6 0.415558
-0.59 0.421899
-0.58 0.428209
-0.57 0.434483
-0.56 0.440718
-0.55 0.446911
-0.54 0.453059
-0.53 0.459157
-0.52 0.465203
-0.51 0.471193
-0.5 0.477124
-0.49 0.482992
-0.48 0.488794
-0.47 0.494527
-0.46 0.500188
-0.45 0.505774
-0.44 0.511281
-0.43 0.516707
-0.42 0.522049
-0.41 0.527304
-0.4 0.532468
-0.39 0.53754
-0.38 0.542517
-0.37 0.547395
-0.36 0.552173
-0.35 0.556848
-0.34 0.561418
-0.33 0.565879
-0.32 0.570231
-0.31 0.574471
-0.3 0.578596
-0.29 0.582605
-0.28 0.586496
-0.27 0.590266
-0.26 0.593915
-0.25 0.59744
-0.24 0.600839
-0.23 0.604112
-0.22 0.607256
-0.21 0.61027
-0.2 0.613153
-0.19 0.615903
-0.18 0.61852
-0.17 0.621001
-0.16 0.623347
-0.15 0.625555
-0.14 0.627625
-0.13 0.629556
-0.12 0.631348
-0.11 0.632999
-0.1 0.634509
-0.09 0.635876
-0.08 0.637102
-0.07 0.638184
-0.06 0.639123
-0.05 0.639918
-0.04 0.640569
-0.03 0.641076
-0.02 0.641438
-0.01 0.641655
0 0.641728
0.01 0.641655
0.02 0.641438
0.03 0.641076
0.04 0.640569
0.05 0.639918
0.06 0.639123
0.07 0.638184
0.08 0.637102
0.09 0.635876
0.1 0.634509
0.11 0.632999
0.12 0.631348
0.13 0.629556
0.14 0.627625
0.15 0.625555
0.16 0.623347
0.17 0.621001
0.18 0.61852
0.19 0.615903
0.2 0.613153
0.21 0.61027
0.22 0.607256
0.23 0.604112
0.24 0.600839
0.25 0.59744
0.26 0.593915
0.27 0.590266
0.28 0.586496
0.29 0.582605
0.3 0.578596
0.31 0.574471
0.32 0.570231
0.33 0.565879
0.34 0.561418
0.35 0.556848
0.36 0.552173
0.37 0.547395
0.38 0.542517
0.39 0.53754
0.4 0.532468
0.41 0.527304
0.42 0.522049
0.43 0.516707
0.44 0.511281
0.45 0.505774
0.46 0.500188
0.47 0.494527
0.48 0.488794
0.49 0.482992
0.5 0.477124
0.51 0.471193
0.52 0.465203
0.53 0.459157
0.54 0.453059
0.55 0.446911
0.56 0.440718
0.57 0.434483
0.58 0.428209
0.59 0.421899
0.6 0.415558
0.61 0.40919
0.62 0.402798
0.63 0.396376
0.64 0.389907
0.65 0.383396
0.66 0.377045
0.67 0.371492
0.68 0.367657
0.69 0.36579
0.7 0.364607
0.71 0.362441
0.72 0.359578
0.73 0.357596
0.74 0.356131
0.75 0.353769
0.76 0.351458
0.77 0.350023
0.78 0.347994
0.79 0.345806
0.8 0.344467
0.81 0.342528
0.82 0.340688
0.83 0.339478
0.84 0.337561
0.85 0.336284
0.86 0.334977
0.87 0.333395
0.88 0.332554
0.89 0.331063
0.9 0.330286
0.91 0.329208
0.92 0.328342
0.93 0.327714
0.94 0.326829
0.95 0.326552
0.96 0.325767
0.97 0.325749
0.98 0.325141
0.99 0.325338
