-1 0.760815
-0.99 0.760893
-0.98 0.760263
-0.97 0.759793
-0.96 0.758612
-0.95 0.757597
-0.94 0.75587
-0.93 0.754311
-0.92 0.752052
-0.91 0.749945
-0.9 0.74718
-0.89 0.744514
-0.88 0.741279
-0.87 0.738035
-0.86 0.734376
-0.85 0.730539
-0.84 0.726496
-0.83 0.722065
-0.82 0.717656
-0.81 0.712668
-0.8 0.707873
-0.79 0.70241
-0.78 0.697163
-0.77 0.691351
-0.76 0.685568
-0.75 0.67952
-0.74 0.673166
-0.73 0.666915
-0.72 0.660073
-0.71 0.653517
-0.7 0.646393
-0.69 0.63936
-0.68 0.632148
-0.67 0.624581
-0.66 0.617273
-0.65 0.609368
-0.64 0.601724
-0.63 0.593798
-0.62 0.58564
-0.61 0.577753
-0.6 0.569296
-0.59 0.561123
-0.58 0.552778
-0.57 0.544118
-0.56 0.535854
-0.55 0.527093
-0.54 0.518443
-0.53 0.509968
-0.52 0.50098
-0.51 0.492386
-0.5 0.483689
-0.49 0.47464
-0.48 0.466088
-0.47 0.457249
-0.46 0.448229
-0.45 0.439724
-0.44 0.430851
-0.43 0.421892
-0.42 0.413467
-0.41 0.404674
-0.4 0.395779
-0.39 0.38747
-0.38 0.378881
-0.37 0.370055
-0.36 0.361853
-0.35 0.353607
-0.34 0.344914
-0.33 0.336721
-0.32 0.328902
-0.31 0.32057
-0.3 0.31227
-0.29 0.304698
-0.28 0.29708
-0.27 0.288915
-0.26 0.281092
-0.25 0.274031
-0.24 0.266821
-0.23 0.258987
-0.22 0.251389
-0.21 0.244729
-0.2 0.238387
-0.19 0.231361
-0.18 0.223694
-0.17 0.216487
-0.16 0.210801
-0.15 0.206877
-0.14 0.204258
-0.13 0.202327
-0.12 0.200672
-0.11 0.199135
-0.1 0.197697
-0.09 0.196375
-0.08 0.195184
-0.07 0.19413
-0.06 0.193215
-0.05 0.192439
-0.04 0.191802
-0.03 0.191306
-0.02 0.190952
-0.01 0.190739
0 0.190668
0.01 0.190739
0.02 0.190952
0.03 0.191306
0.04 0.191802
0.05 0.192439
0.06 0.193215
0.07 0.19413
0.08 0.195184
0.09 0.196375
0.1 0.197697
0.11 0.199135
0.12 0.200672
0.13 0.202327
0.14 0.204258
0.15 0.206877
0.16 0.210801
0.17 0.216487
0.18 0.223694
0.19 0.231361
0.2 0.238387
0.21 0.244729
0.22 0.251389
0.23 0.258987
0.24 0.266821
0.25 0.274031
0.26 0.281092
0.27 0.288915
0.28 0.29708
0.29 0.304698
0.3 0.31227
0.31 0.32057
0.32 0.328902
0.33 0.336721
0.34 0.344914
0.35 0.353607
0.36 0.361853
0.37 0.370055
0.38 0.378881
0.39 0.38747
0.4 0.395779
0.41 0.404674
0.42 0.413467
0.43 0.421892
0.44 0.430851
0.45 0.439724
0.46 0.448229
0.47 0.457249
0.48 0.466088
0.49 0.47464
0.5 0.483689
0.51 0.492386
0.52 0.50098
0.53 0.509968
0.54 0.518443
0.55 0.527093
0.56 0.535854
0.57 0.544118
0.58 0.552778
0.59 0.561123
0.6 0.569296
0.61 0.577753
0.62 0.58564
0.63 0.593798
0.64 0.601724
0.65 0.609368
0.66 0.617273
0.67 0.624581
0.68 0.632148
0.69 0.63936
0.7 0.646393
0.71 0.653517
0.72 0.660073
0.73 0.666915
0.74 0.673166
0.75 0.67952
0.76 0.685568
0.77 0.691351
0.78 0.697163
0.79 0.70241
0.8 0.707873
0.81 0.712668
0.82 0.717656
0.83 0.722065
0.84 0.726496
0.85 0.730539
0.86 0.734376
0.87 0.738035
0.88 0.741279
0.89 0.744514
0.9 0.74718
0.91 0.749945
0.92 0.752052
0.93 0.754311
0.94 0.75587
0.95 0.757597
0.96 0.758612
0.97 0.759793
0.98 0.760263
0.99 0.760893
