-1 0.412973
-0.99 0.412694
-0.98 0.413075
-0.97 0.412909
-0.96 0.413378
-0.95 0.413341
-0.94 0.413866
-0.93 0.413998
-0.92 0.414517
-0.91 0.41488
-0.9 0.415317
-0.89 0.415962
-0.88 0.416283
-0.87 0.417176
-0.86 0.417471
-0.85 0.418418
-0.84 0.418929
-0.83 0.419649
-0.82 0.42057
-0.81 0.421009
-0.8 0.42213
-0.79 0.422705
-0.78 0.423478
-0.77 0.424564
-0.76 0.424996
-0.75 0.426045
-0.74 0.426941
-0.73 0.427365
-0.72 0.428507
-0.71 0.429277
-0.7 0.429632
-0.69 0.430735
-0.68 0.431529
-0.67 0.431688
-0.66 0.432538
-0.65 0.433562
-0.64 0.433644
-0.63 0.433754
-0.62 0.434785
-0.61 0.435633
-0.6 0.435303
-0.59 0.434714
-0.58 0.435455
-0.57 0.438039
-0.56 0.441863
-0.55 0.446126
-0.54 0.450388
-0.53 0.454535
-0.52 0.458575
-0.51 0.462527
-0.5 0.466396
-0.49 0.47018
-0.48 0.47388
-0.47 0.477493
-0.46 0.48102
-0.45 0.484459
-0.44 0.48781
-0.43 0.491073
-0.42 0.494247
-0.41 0.497333
-0.4 0.500331
-0.39 0.50324
-0.38 0.506061
-0.37 0.508794
-0.36 0.511439
-0.35 0.513998
-0.34 0.516469
-0.33 0.518854
-0.32 0.521154
-0.31 0.523369
-0.3 0.525501
-0.29 0.527549
-0.28 0.529514
-0.27 0.531399
-0.26 0.533203
-0.25 0.534928
-0.24 0.536574
-0.23 0.538143
-0.22 0.539635
-0.21 0.541052
-0.2 0.542395
-0.19 0.543664
-0.18 0.544861
-0.17 0.545987
-0.16 0.547043
-0.15 0.548029
-0.14 0.548947
-0.13 0.549797
-0.12 0.550581
-0.11 0.551299
-0.1 0.551952
-0.09 0.55254
-0.08 0.553065
-0.07 0.553526
-0.06 0.553925
-0.05 0.554262
-0.04 0.554537
-0.03 0.55475
-0.02 0.554903
-0.01 0.554994
0 0.555024
0.01 0.554994
0.02 0.554903
0.03 0.55475
0.04 0.554537
0.05 0.554262
0.06 0.553925
0.07 0.553526
0.08 0.553065
0.09 0.55254
0.1 0.551952
0.11 0.551299
0.12 0.550581
0.13 0.549797
0.14 0.548947
0.15 0.548029
0.16 0.547043
0.17 0.545987
0.18 0.544861
0.19 0.543664
0.2 0.542395
0.21 0.541052
0.22 0.539635
0.23 0.538143
0.24 0.536574
0.25 0.534928
0.26 0.533203
0.27 0.531399
0.28 0.529514
0.29 0.527549
0.3 0.525501
0.31 0.523369
0.32 0.521154
0.33 0.518854
0.34 0.516469
0.35 0.513998
0.36 0.511439
0.37 0.508794
0.38 0.506061
0.39 0.50324
0.4 0.500331
0.41 0.497333
0.42 0.494247
0.43 0.491073
0.44 0.48781
0.45 0.484459
0.46 0.48102
0.47 0.477493
0.48 0.47388
0.49 0.47018
0.5 0.466396
0.51 0.462527
0.52 0.458575
0.53 0.454535
0.54 0.450388
0.55 0.446126
0.56 0.441863
0.57 0.438039
0.58 0.435455
0.59 0.434714
0.6 0.435303
0.61 0.435633
0.62 0.434785
0.63 0.433754
0.64 0.433644
0.65 0.433562
0.66 0.432538
0.67 0.431688
0.68 0.431529
0.69 0.430735
0.7 0.429632
0.71 0.429277
0.72 0.428507
0.73 0.427365
0.74 0.426941
0.75 0.426045
0.76 0.424996
0.77 0.424564
0.78 0.423478
0.79 0.422705
0.8 0.42213
0.81 0.421009
0.82 0.42057
0.83 0.419649
0.84 0.418929
0.85 0.418418
0.86 0.417471
0.87 0.417176
0.88 0.416283
0.89 0.415962
0.9 0.415317
0.91 0.41488
0.92 0.414517
0.93 0.413998
0.94 0.413866
0.95 0.413341
0.96 0.413378
0.97 0.412909
0.98 0.413075
0.99 0.412694
