-1 0.789776
-0.99 0.78983
-0.98 0.789158
-0.97 0.788592
-0.96 0.787306
-0.95 0.786121
-0.94 0.78423
-0.93 0.782426
-0.92 0.779949
-0.91 0.777521
-0.9 0.774484
-0.89 0.771427
-0.88 0.767863
-0.87 0.764169
-0.86 0.760118
-0.85 0.755785
-0.84 0.75128
-0.83 0.746318
-0.82 0.741377
-0.81 0.735828
-0.8 0.730437
-0.79 0.724379
-0.78 0.718495
-0.77 0.712032
-0.76 0.705597
-0.75 0.698837
-0.74 0.691822
-0.73 0.684814
-0.72 0.677276
-0.71 0.669973
-0.7 0.662067
-0.69 0.654345
-0.68 0.646263
-0.67 0.638026
-0.66 0.629859
-0.65 0.621181
-0.64 0.612819
-0.63 0.603955
-0.62 0.595187
-0.61 0.586362
-0.6 0.577157
-0.59 0.568301
-0.58 0.55895
-0.57 0.549767
-0.56 0.540578
-0.55 0.53101
-0.54 0.521857
-0.53 0.512301
-0.52 0.502805
-0.51 0.493539
-0.5 0.483807
-0.49 0.47447
-0.48 0.46504
-0.47 0.455344
-0.46 0.446141
-0.45 0.436617
-0.44 0.427085
-0.43 0.417998
-0.42 0.408493
-0.41 0.399178
-0.4 0.390233
-0.39 0.380853
-0.38 0.371767
-0.37 0.363027
-0.36 0.353854
-0.35 0.344991
-0.34 0.336531
-0.33 0.327644
-0.32 0.318982
-0.31 0.310853
-0.3 0.302363
-0.29 0.293877
-0.28 0.286057
-0.27 0.278112
-0.26 0.269851
-0.25 0.262191
-0.24 0.254879
-0.23 0.247102
-0.22 0.239429
-0.21 0.23251
-0.2 0.225608
-0.19 0.218202
-0.18 0.211106
-0.17 0.204817
-0.16 0.198525
-0.15 0.191636
-0.14 0.184851
-0.13 0.178983
-0.12 0.173645
-0.11 0.167811
-0.1 0.16125
-0.09 0.154857
-0.08 0.149764
-0.07 0.14644
-0.06 0.144589
-0.05 0.143611
-0.04 0.143026
-0.03 0.142601
-0.02 0.142283
-0.01 0.142081
0 0.142011
0.01 0.142081
0.02 0.142283
0.03 0.142601
0.04 0.143026
0.05 0.143611
0.06 0.144589
0.07 0.14644
0.08 0.149764
0.09 0.154857
0.1 0.16125
0.11 0.167811
0.12 0.173645
0.13 0.178983
0.14 0.184851
0.15 0.191636
0.16 0.198525
0.17 0.204817
0.18 0.211106
0.19 0.218202
0.2 0.225608
0.21 0.23251
0.22 0.239429
0.23 0.247102
0.24 0.254879
0.25 0.262191
0.26 0.269851
0.27 0.278112
0.28 0.286057
0.29 0.293877
0.3 0.302363
0.31 0.310853
0.32 0.318982
0.33 0.327644
0.34 0.336531
0.35 0.344991
0.36 0.353854
0.37 0.363027
0.38 0.371767
0.39 0.380853
0.4 0.390233
0.41 0.399178
0.42 0.408493
0.43 0.417998
0.44 0.427085
0.45 0.436617
0.46 0.446141
0.47 0.455344
0.48 0.46504
0.49 0.47447
0.5 0.483807
0.51 0.493539
0.52 0.502805
0.53 0.512301
0.54 0.521857
0.55 0.53101
0.56 0.540578
0.57 0.549767
0.58 0.55895
0.59 0.568301
0.6 0.577157
0.61 0.586362
0.62 0.595187
0.63 0.603955
0.64 0.612819
0.65 0.621181
0.66 0.629859
0.67 0.638026
0.68 0.646263
0.69 0.654345
0.7 0.662067
0.71 0.669973
0.72 0.677276
0.73 0.684814
0.74 0.691822
0.75 0.698837
0.76 0.705597
0.77 0.712032
0.78 0.718495
0.79 0.724379
0.8 0.730437
0.81 0.735828
0.82 0.741377
0.83 0.746318
0.84 0.75128
0.85 0.755785
0.86 0.760118
0.87 0.764169
0.88 0.767863
0.89 0.771427
0.9 0.774484
0.91 0.777521
0.92 0.779949
0.93 0.782426
0.94 0.78423
0.95 0.786121
0.96 0.787306
0.97 0.788592
0.98 0.789158
0.99 0.78983
