-1 0.377129
-0.99 0.377382
-0.98 0.377288
-0.97 0.377664
-0.96 0.377766
-0.95 0.378218
-0.94 0.378564
-0.93 0.379033
-0.92 0.379673
-0.91 0.380108
-0.9 0.381053
-0.89 0.381477
-0.88 0.382626
-0.87 0.383194
-0.86 0.384307
-0.85 0.385264
-0.84 0.386122
-0.83 0.387521
-0.82 0.388277
-0.81 0.389692
-0.8 0.390881
-0.79 0.391851
-0.78 0.393512
-0.77 0.394519
-0.76 0.395768
-0.75 0.397476
-0.74 0.398423
-0.73 0.39978
-0.72 0.401554
-0.71 0.402505
-0.7 0.403697
-0.69 0.40559
-0.68 0.406767
-0.67 0.407481
-0.66 0.409094
-0.65 0.411021
-0.64 0.411876
-0.63 0.412097
-0.62 0.413378
-0.61 0.416575
-0.6 0.421227
-0.59 0.426474
-0.58 0.431787
-0.57 0.437009
-0.56 0.44214
-0.55 0.447201
-0.54 0.452196
-0.53 0.457122
-0.52 0.461978
-0.51 0.466762
-0.5 0.47147
-0.49 0.476101
-0.48 0.480654
-0.47 0.485127
-0.46 0.489517
-0.45 0.493824
-0.44 0.498046
-0.43 0.502182
-0.42 0.50623
-0.41 0.510188
-0.4 0.514057
-0.39 0.517835
-0.38 0.521521
-0.37 0.525114
-0.36 0.528613
-0.35 0.532018
-0.34 0.535328
-0.33 0.538543
-0.32 0.541662
-0.31 0.544684
-0.3 0.54761
-0.29 0.550439
-0.28 0.553171
-0.27 0.555805
-0.26 0.558342
-0.25 0.560782
-0.24 0.563124
-0.23 0.565368
-0.22 0.567515
-0.21 0.569565
-0.2 0.571518
-0.19 0.573373
-0.18 0.575132
-0.17 0.576794
-0.16 0.578359
-0.15 0.579829
-0.14 0.581202
-0.13 0.582479
-0.12 0.58366
-0.11 0.584746
-0.1 0.585737
-0.09 0.586633
-0.08 0.587434
-0.07 0.58814
-0.06 0.588752
-0.05 0.58927
-0.04 0.589693
-0.03 0.590022
-0.02 0.590257
-0.01 0.590398
0 0.590445
0.01 0.590398
0.02 0.590257
0.03 0.590022
0.04 0.589693
0.05 0.58927
0.06 0.588752
0.07 0.58814
0.08 0.587434
0.09 0.586633
0.1 0.585737
0.11 0.584746
0.12 0.58366
0.13 0.582479
0.14 0.581202
0.15 0.579829
0.16 0.578359
0.17 0.576794
0.18 0.575132
0.19 0.573373
0.2 0.571518
0.21 0.569565
0.22 0.567515
0.23 0.565368
0.24 0.563124
0.25 0.560782
0.26 0.558342
0.27 0.555805
0.28 0.553171
0.29 0.550439
0.3 0.54761
0.31 0.544684
0.32 0.541662
0.33 0.538543
0.34 0.535328
0.35 0.532018
0.36 0.528613
0.37 0.525114
0.38 0.521521
0.39 0.517835
0.4 0.514057
0.41 0.510188
0.42 0.50623
0.43 0.502182
0.44 0.498046
0.45 0.493824
0.46 0.489517
0.47 0.485127
0.48 0.480654
0.49 0.476101
0.5 0.47147
0.51 0.466762
0.52 0.461978
0.53 0.457122
0.54 0.452196
0.55 0.447201
0.56 0.44214
0.57 0.437009
0.58 0.431787
0.59 0.426474
0.6 0.421227
0.61 0.416575
0.62 0.413378
0.63 0.412097
0.64 0.411876
0.65 0.411021
0.66 0.409094
0.67 0.407481
0.68 0.406767
0.69 0.40559
0.7 0.403697
0.71 0.402505
0.72 0.401554
0.73 0.39978
0.74 0.398423
0.75 0.397476
0.76 0.395768
0.77 0.394519
0.78 0.393512
0.79 0.391851
0.8 0.390881
0.81 0.389692
0.82 0.388277
0.83 0.387521
0.84 0.386122
0.85 0.385264
0.86 0.384307
0.87 0.383194
0.88 0.382626
0.89 0.381477
0.9 0.381053
0.91 0.380108
0.92 0.379673
0.93 0.379033
0.94 0.378564
0.95 0.378218
0.96 0.377766
0.97 0.377664
0.98 0.377288
0.99 0.377382
