-1 6.14842e-07
-0.998 6.1858e-07
-0.996 6.29833e-07
-0.994 6.48719e-07
-0.992 6.75438e-07
-0.99 7.10269e-07
-0.988 7.53577e-07
-0.986 8.05814e-07
-0.984 8.67524e-07
-0.982 9.39345e-07
-0.98 1.02202e-06
-0.978 1.1164e-06
-0.976 1.22344e-06
-0.974 1.34423e-06
-0.972 1.48e-06
-0.97 1.63211e-06
-0.968 1.80207e-06
-0.966 1.99157e-06
-0.964 2.20246e-06
-0.962 2.43682e-06
-0.96 2.69691e-06
-0.958 2.98522e-06
-0.956 3.30452e-06
-0.954 3.65782e-06
-0.952 4.04844e-06
-0.95 4.48002e-06
-0.948 4.95654e-06
-0.946 5.48236e-06
-0.944 6.06226e-06
-0.942 6.70145e-06
-0.94 7.40563e-06
-0.938 8.18104e-06
-0.936 9.03445e-06
-0.934 9.97328e-06
-0.932 1.10056e-05
-0.93 1.21403e-05
-0.928 1.33868e-05
-0.926 1.47556e-05
-0.924 1.62581e-05
-0.922 1.79066e-05
-0.92 1.97146e-05
-0.918 2.16965e-05
-0.916 2.38683e-05
-0.914 2.62471e-05
-0.912 2.88515e-05
-0.91 3.17017e-05
-0.908 3.48196e-05
-0.906 3.8229e-05
-0.904 4.19554e-05
-0.902 4.60268e-05
-0.9 5.0473e-05
-0.898 5.53267e-05
-0.896 6.06229e-05
-0.894 6.63996e-05
-0.892 7.26977e-05
-0.89 7.95613e-05
-0.888 8.70381e-05
-0.886 9.51796e-05
-0.884 0.000104041
-0.882 0.000113682
-0.88 0.000124166
-0.878 0.000135564
-0.876 0.000147948
-0.874 0.000161399
-0.872 0.000176003
-0.87 0.000191851
-0.868 0.000209043
-0.866 0.000227684
-0.864 0.000247888
-0.862 0.000269778
-0.86 0.000293483
-0.858 0.000319143
-0.856 0.000346907
-0.854 0.000376937
-0.852 0.000409402
-0.85 0.000444485
-0.848 0.000482382
-0.846 0.000523301
-0.844 0.000567463
-0.842 0.000615107
-0.84 0.000666484
-0.838 0.000721863
-0.836 0.000781531
-0.834 0.000845793
-0.832 0.000914973
-0.83 0.000989416
-0.828 0.00106949
-0.826 0.00115558
-0.824 0.0012481
-0.822 0.00134748
-0.82 0.0014542
-0.818 0.00156875
-0.816 0.00169164
-0.814 0.00182343
-0.812 0.0019647
-0.81 0.00211606
-0.808 0.00227818
-0.806 0.00245174
-0.804 0.00263746
-0.802 0.00283612
-0.8 0.00304852
-0.798 0.00327552
-0.796 0.00351801
-0.794 0.00377695
-0.792 0.00405332
-0.79 0.00434818
-0.788 0.00466261
-0.786 0.00499779
-0.784 0.00535492
-0.782 0.00573528
-0.78 0.00614019
-0.778 0.00657106
-0.776 0.00702936
-0.774 0.00751661
-0.772 0.00803442
-0.77 0.00858447
-0.768 0.00916851
-0.766 0.00978837
-0.764 0.010446
-0.762 0.0111433
-0.76 0.0118824
-0.758 0.0126654
-0.756 0.0134947
-0.754 0.0143725
-0.752 0.0153013
-0.75 0.0162835
-0.748 0.017322
-0.746 0.0184192
-0.744 0.0195782
-0.742 0.0208017
-0.74 0.0220929
-0.738 0.0234548
-0.736 0.0248907
-0.734 0.026404
-0.732 0.027998
-0.73 0.0296765
-0.728 0.0314429
-0.726 0.0333012
-0.724 0.0352552
-0.722 0.037309
-0.72 0.0394666
-0.718 0.0417322
-0.716 0.0441103
-0.714 0.0466053
-0.712 0.0492217
-0.71 0.0519641
-0.708 0.0548375
-0.706 0.0578466
-0.704 0.0609963
-0.702 0.0642919
-0.7 0.0677384
-0.698 0.0713412
-0.696 0.0751055
-0.694 0.0790368
-0.692 0.0831407
-0.69 0.0874226
-0.688 0.0918883
-0.686 0.0965435
-0.684 0.101394
-0.682 0.106446
-0.68 0.111704
-0.678 0.117176
-0.676 0.122866
-0.674 0.128781
-0.672 0.134927
-0.67 0.14131
-0.668 0.147935
-0.666 0.154809
-0.664 0.161938
-0.662 0.169327
-0.66 0.176983
-0.658 0.184911
-0.656 0.193117
-0.654 0.201606
-0.652 0.210384
-0.65 0.219456
-0.648 0.228829
-0.646 0.238506
-0.644 0.248493
-0.642 0.258794
-0.64 0.269415
-0.638 0.28036
-0.636 0.291632
-0.634 0.303237
-0.632 0.315177
-0.63 0.327456
-0.628 0.340078
-0.626 0.353044
-0.624 0.366359
-0.622 0.380024
-0.62 0.394041
-0.618 0.408411
-0.616 0.423136
-0.614 0.438217
-0.612 0.453654
-0.61 0.469446
-0.608 0.485595
-0.606 0.502097
-0.604 0.518953
-0.602 0.536161
-0.6 0.553717
-0.598 0.57162
-0.596 0.589865
-0.594 0.60845
-0.592 0.627369
-0.59 0.646617
-0.588 0.666189
-0.586 0.68608
-0.584 0.706282
-0.582 0.726787
-0.58 0.74759
-0.578 0.76868
-0.576 0.790048
-0.574 0.811686
-0.572 0.833584
-0.57 0.855729
-0.568 0.878112
-0.566 0.90072
-0.564 0.92354
-0.562 0.94656
-0.56 0.969765
-0.558 0.993143
-0.556 1.01668
-0.554 1.04035
-0.552 1.06415
-0.55 1.08806
-0.548 1.11207
-0.546 1.13614
-0.544 1.16028
-0.542 1.18445
-0.54 1.20864
-0.538 1.23284
-0.536 1.25701
-0.534 1.28115
-0.532 1.30523
-0.53 1.32923
-0.528 1.35313
-0.526 1.37691
-0.524 1.40054
-0.522 1.42401
-0.52 1.4473
-0.518 1.47038
-0.516 1.49323
-0.514 1.51582
-0.512 1.53815
-0.51 1.56018
-0.508 1.58189
-0.506 1.60326
-0.504 1.62427
-0.502 1.6449
-0.5 1.66512
-0.498 1.68492
-0.496 1.70427
-0.494 1.72316
-0.492 1.74156
-0.49 1.75945
-0.488 1.77681
-0.486 1.79363
-0.484 1.80988
-0.482 1.82555
-0.48 1.84061
-0.478 1.85506
-0.476 1.86888
-0.474 1.88204
-0.472 1.89455
-0.47 1.90637
-0.468 1.91749
-0.466 1.92791
-0.464 1.93762
-0.462 1.94659
-0.46 1.95482
-0.458 1.9623
-0.456 1.96903
-0.454 1.97498
-0.452 1.98016
-0.45 1.98456
-0.448 1.98818
-0.446 1.991
-0.444 1.99304
-0.442 1.99427
-0.44 1.99471
-0.438 1.99435
-0.436 1.99319
-0.434 1.99124
-0.432 1.9885
-0.43 1.98496
-0.428 1.98064
-0.426 1.97553
-0.424 1.96966
-0.422 1.96301
-0.42 1.9556
-0.418 1.94745
-0.416 1.93855
-0.414 1.92892
-0.412 1.91857
-0.41 1.90751
-0.408 1.89576
-0.406 1.88332
-0.404 1.87023
-0.402 1.85647
-0.4 1.84209
-0.398 1.82708
-0.396 1.81147
-0.394 1.79528
-0.392 1.77852
-0.39 1.76121
-0.388 1.74337
-0.386 1.72502
-0.384 1.70618
-0.382 1.68688
-0.38 1.66712
-0.378 1.64694
-0.376 1.62635
-0.374 1.60538
-0.372 1.58404
-0.37 1.56236
-0.368 1.54036
-0.366 1.51807
-0.364 1.4955
-0.362 1.47267
-0.36 1.44962
-0.358 1.42635
-0.356 1.4029
-0.354 1.37928
-0.352 1.35551
-0.35 1.33162
-0.348 1.30763
-0.346 1.28356
-0.344 1.25943
-0.342 1.23526
-0.34 1.21106
-0.338 1.18687
-0.336 1.16269
-0.334 1.13855
-0.332 1.11447
-0.33 1.09046
-0.328 1.06654
-0.326 1.04273
-0.324 1.01904
-0.322 0.995489
-0.32 0.972096
-0.318 0.948872
-0.316 0.925833
-0.314 0.902992
-0.312 0.880363
-0.31 0.857957
-0.308 0.835787
-0.306 0.813865
-0.304 0.7922
-0.302 0.770804
-0.3 0.749686
-0.298 0.728855
-0.296 0.708319
-0.294 0.688086
-0.292 0.668164
-0.29 0.64856
-0.288 0.629279
-0.286 0.610327
-0.284 0.591709
-0.282 0.573429
-0.28 0.555492
-0.278 0.537901
-0.276 0.520658
-0.274 0.503767
-0.272 0.487229
-0.27 0.471045
-0.268 0.455217
-0.266 0.439745
-0.264 0.424628
-0.262 0.409868
-0.26 0.395462
-0.258 0.38141
-0.256 0.36771
-0.254 0.35436
-0.252 0.341359
-0.25 0.328703
-0.248 0.31639
-0.246 0.304416
-0.244 0.292778
-0.242 0.281472
-0.24 0.270495
-0.238 0.259842
-0.236 0.249509
-0.234 0.239491
-0.232 0.229783
-0.23 0.22038
-0.228 0.211278
-0.226 0.202471
-0.224 0.193953
-0.222 0.185719
-0.22 0.177764
-0.218 0.170081
-0.216 0.162665
-0.214 0.155511
-0.212 0.148611
-0.21 0.141961
-0.208 0.135555
-0.206 0.129385
-0.204 0.123447
-0.202 0.117735
-0.2 0.112242
-0.198 0.106962
-0.196 0.10189
-0.194 0.0970197
-0.192 0.0923453
-0.19 0.0878609
-0.188 0.0835608
-0.186 0.0794394
-0.184 0.0754911
-0.182 0.0717103
-0.18 0.0680916
-0.178 0.0646297
-0.176 0.0613193
-0.174 0.0581552
-0.172 0.0551322
-0.17 0.0522455
-0.168 0.0494902
-0.166 0.0468614
-0.164 0.0443545
-0.162 0.041965
-0.16 0.0396882
-0.158 0.03752
-0.156 0.0354561
-0.154 0.0334923
-0.152 0.0316246
-0.15 0.0298491
-0.148 0.0281621
-0.146 0.0265597
-0.144 0.0250386
-0.142 0.0235951
-0.14 0.0222259
-0.138 0.0209278
-0.136 0.0196977
-0.134 0.0185324
-0.132 0.0174291
-0.13 0.016385
-0.128 0.0153972
-0.126 0.0144632
-0.124 0.0135805
-0.122 0.0127465
-0.12 0.0119589
-0.118 0.0112156
-0.116 0.0105142
-0.114 0.00985282
-0.112 0.00922932
-0.11 0.00864184
-0.108 0.00808854
-0.106 0.00756765
-0.104 0.00707749
-0.102 0.00661645
-0.1 0.006183
-0.098 0.00577566
-0.096 0.00539303
-0.094 0.00503377
-0.092 0.00469659
-0.09 0.0043803
-0.088 0.00408371
-0.086 0.00380574
-0.084 0.00354532
-0.082 0.00330147
-0.08 0.00307323
-0.078 0.0028597
-0.076 0.00266003
-0.074 0.00247341
-0.072 0.00229907
-0.07 0.00213628
-0.068 0.00198435
-0.066 0.00184263
-0.064 0.00171051
-0.062 0.0015874
-0.06 0.00147276
-0.058 0.00136606
-0.056 0.00126682
-0.054 0.00117459
-0.052 0.00108892
-0.05 0.00100941
-0.048 0.000935678
-0.046 0.00086737
-0.044 0.000804149
-0.042 0.0007457
-0.04 0.00069173
-0.038 0.000641966
-0.036 0.000596153
-0.034 0.000554054
-0.032 0.00051545
-0.03 0.000480137
-0.028 0.000447928
-0.026 0.000418649
-0.024 0.000392144
-0.022 0.000368268
-0.02 0.00034689
-0.018 0.000327893
-0.016 0.000311171
-0.014 0.000296631
-0.012 0.000284191
-0.01 0.000273782
-0.008 0.000265345
-0.006 0.000258832
-0.004 0.000254206
-0.002 0.000251441
0 0.000250521
0.002 0.000251441
0.004 0.000254206
0.006 0.000258832
0.008 0.000265345
0.01 0.000273782
0.012 0.000284191
0.014 0.000296631
0.016 0.000311171
0.018 0.000327893
0.02 0.00034689
0.022 0.000368268
0.024 0.000392144
0.026 0.000418649
0.028 0.000447928
0.03 0.000480137
0.032 0.00051545
0.034 0.000554054
0.036 0.000596153
0.038 0.000641966
0.04 0.00069173
0.042 0.0007457
0.044 0.000804149
0.046 0.00086737
0.048 0.000935678
0.05 0.00100941
0.052 0.00108892
0.054 0.00117459
0.056 0.00126682
0.058 0.00136606
0.06 0.00147276
0.062 0.0015874
0.064 0.00171051
0.066 0.00184263
0.068 0.00198435
0.07 0.00213628
0.072 0.00229907
0.074 0.00247341
0.076 0.00266003
0.078 0.0028597
0.08 0.00307323
0.082 0.00330147
0.084 0.00354532
0.086 0.00380574
0.088 0.00408371
0.09 0.0043803
0.092 0.00469659
0.094 0.00503377
0.096 0.00539303
0.098 0.00577566
0.1 0.006183
0.102 0.00661645
0.104 0.00707749
0.106 0.00756765
0.108 0.00808854
0.11 0.00864184
0.112 0.00922932
0.114 0.00985282
0.116 0.0105142
0.118 0.0112156
0.12 0.0119589
0.122 0.0127465
0.124 0.0135805
0.126 0.0144632
0.128 0.0153972
0.13 0.016385
0.132 0.0174291
0.134 0.0185324
0.136 0.0196977
0.138 0.0209278
0.14 0.0222259
0.142 0.0235951
0.144 0.0250386
0.146 0.0265597
0.148 0.0281621
0.15 0.0298491
0.152 0.0316246
0.154 0.0334923
0.156 0.0354561
0.158 0.03752
0.16 0.0396882
0.162 0.041965
0.164 0.0443545
0.166 0.0468614
0.168 0.0494902
0.17 0.0522455
0.172 0.0551322
0.174 0.0581552
0.176 0.0613193
0.178 0.0646297
0.18 0.0680916
0.182 0.0717103
0.184 0.0754911
0.186 0.0794394
0.188 0.0835608
0.19 0.0878609
0.192 0.0923453
0.194 0.0970197
0.196 0.10189
0.198 0.106962
0.2 0.112242
0.202 0.117735
0.204 0.123447
0.206 0.129385
0.208 0.135555
0.21 0.141961
0.212 0.148611
0.214 0.155511
0.216 0.162665
0.218 0.170081
0.22 0.177764
0.222 0.185719
0.224 0.193953
0.226 0.202471
0.228 0.211278
0.23 0.22038
0.232 0.229783
0.234 0.239491
0.236 0.249509
0.238 0.259842
0.24 0.270495
0.242 0.281472
0.244 0.292778
0.246 0.304416
0.248 0.31639
0.25 0.328703
0.252 0.341359
0.254 0.35436
0.256 0.36771
0.258 0.38141
0.26 0.395462
0.262 0.409868
0.264 0.424628
0.266 0.439745
0.268 0.455217
0.27 0.471045
0.272 0.487229
0.274 0.503767
0.276 0.520658
0.278 0.537901
0.28 0.555492
0.282 0.573429
0.284 0.591709
0.286 0.610327
0.288 0.629279
0.29 0.64856
0.292 0.668164
0.294 0.688086
0.296 0.708319
0.298 0.728855
0.3 0.749686
0.302 0.770804
0.304 0.7922
0.306 0.813865
0.308 0.835787
0.31 0.857957
0.312 0.880363
0.314 0.902992
0.316 0.925833
0.318 0.948872
0.32 0.972096
0.322 0.995489
0.324 1.01904
0.326 1.04273
0.328 1.06654
0.33 1.09046
0.332 1.11447
0.334 1.13855
0.336 1.16269
0.338 1.18687
0.34 1.21106
0.342 1.23526
0.344 1.25943
0.346 1.28356
0.348 1.30763
0.35 1.33162
0.352 1.35551
0.354 1.37928
0.356 1.4029
0.358 1.42635
0.36 1.44962
0.362 1.47267
0.364 1.4955
0.366 1.51807
0.368 1.54036
0.37 1.56236
0.372 1.58404
0.374 1.60538
0.376 1.62635
0.378 1.64694
0.38 1.66712
0.382 1.68688
0.384 1.70618
0.386 1.72502
0.388 1.74337
0.39 1.76121
0.392 1.77852
0.394 1.79528
0.396 1.81147
0.398 1.82708
0.4 1.84209
0.402 1.85647
0.404 1.87023
0.406 1.88332
0.408 1.89576
0.41 1.90751
0.412 1.91857
0.414 1.92892
0.416 1.93855
0.418 1.94745
0.42 1.9556
0.422 1.96301
0.424 1.96966
0.426 1.97553
0.428 1.98064
0.43 1.98496
0.432 1.9885
0.434 1.99124
0.436 1.99319
0.438 1.99435
0.44 1.99471
0.442 1.99427
0.444 1.99304
0.446 1.991
0.448 1.98818
0.45 1.98456
0.452 1.98016
0.454 1.97498
0.456 1.96903
0.458 1.9623
0.46 1.95482
0.462 1.94659
0.464 1.93762
0.466 1.92791
0.468 1.91749
0.47 1.90637
0.472 1.89455
0.474 1.88204
0.476 1.86888
0.478 1.85506
0.48 1.84061
0.482 1.82555
0.484 1.80988
0.486 1.79363
0.488 1.77681
0.49 1.75945
0.492 1.74156
0.494 1.72316
0.496 1.70427
0.498 1.68492
0.5 1.66512
0.502 1.6449
0.504 1.62427
0.506 1.60326
0.508 1.58189
0.51 1.56018
0.512 1.53815
0.514 1.51582
0.516 1.49323
0.518 1.47038
0.52 1.4473
0.522 1.42401
0.524 1.40054
0.526 1.37691
0.528 1.35313
0.53 1.32923
0.532 1.30523
0.534 1.28115
0.536 1.25701
0.538 1.23284
0.54 1.20864
0.542 1.18445
0.544 1.16028
0.546 1.13614
0.548 1.11207
0.55 1.08806
0.552 1.06415
0.554 1.04035
0.556 1.01668
0.558 0.993143
0.56 0.969765
0.562 0.94656
0.564 0.92354
0.566 0.90072
0.568 0.878112
0.57 0.855729
0.572 0.833584
0.574 0.811686
0.576 0.790048
0.578 0.76868
0.58 0.74759
0.582 0.726787
0.584 0.706282
0.586 0.68608
0.588 0.666189
0.59 0.646617
0.592 0.627369
0.594 0.60845
0.596 0.589865
0.598 0.57162
0.6 0.553717
0.602 0.536161
0.604 0.518953
0.606 0.502097
0.608 0.485595
0.61 0.469446
0.612 0.453654
0.614 0.438217
0.616 0.423136
0.618 0.408411
0.62 0.394041
0.622 0.380024
0.624 0.366359
0.626 0.353044
0.628 0.340078
0.63 0.327456
0.632 0.315177
0.634 0.303237
0.636 0.291632
0.638 0.28036
0.64 0.269415
0.642 0.258794
0.644 0.248493
0.646 0.238506
0.648 0.228829
0.65 0.219456
0.652 0.210384
0.654 0.201606
0.656 0.193117
0.658 0.184911
0.66 0.176983
0.662 0.169327
0.664 0.161938
0.666 0.154809
0.668 0.147935
0.67 0.14131
0.672 0.134927
0.674 0.128781
0.676 0.122866
0.678 0.117176
0.68 0.111704
0.682 0.106446
0.684 0.101394
0.686 0.0965435
0.688 0.0918883
0.69 0.0874226
0.692 0.0831407
0.694 0.0790368
0.696 0.0751055
0.698 0.0713412
0.7 0.0677384
0.702 0.0642919
0.704 0.0609963
0.706 0.0578466
0.708 0.0548375
0.71 0.0519641
0.712 0.0492217
0.714 0.0466053
0.716 0.0441103
0.718 0.0417322
0.72 0.0394666
0.722 0.037309
0.724 0.0352552
0.726 0.0333012
0.728 0.0314429
0.73 0.0296765
0.732 0.027998
0.734 0.026404
0.736 0.0248907
0.738 0.0234548
0.74 0.0220929
0.742 0.0208017
0.744 0.0195782
0.746 0.0184192
0.748 0.017322
0.75 0.0162835
0.752 0.0153013
0.754 0.0143725
0.756 0.0134947
0.758 0.0126654
0.76 0.0118824
0.762 0.0111433
0.764 0.010446
0.766 0.00978837
0.768 0.00916851
0.77 0.00858447
0.772 0.00803442
0.774 0.00751661
0.776 0.00702936
0.778 0.00657106
0.78 0.00614019
0.782 0.00573528
0.784 0.00535492
0.786 0.00499779
0.788 0.00466261
0.79 0.00434818
0.792 0.00405332
0.794 0.00377695
0.796 0.00351801
0.798 0.00327552
0.8 0.00304852
0.802 0.00283612
0.804 0.00263746
0.806 0.00245174
0.808 0.00227818
0.81 0.00211606
0.812 0.0019647
0.814 0.00182343
0.816 0.00169164
0.818 0.00156875
0.82 0.0014542
0.822 0.00134748
0.824 0.0012481
0.826 0.00115558
0.828 0.00106949
0.83 0.000989416
0.832 0.000914973
0.834 0.000845793
0.836 0.000781531
0.838 0.000721863
0.84 0.000666484
0.842 0.000615107
0.844 0.000567463
0.846 0.000523301
0.848 0.000482382
0.85 0.000444485
0.852 0.000409402
0.854 0.000376937
0.856 0.000346907
0.858 0.000319143
0.86 0.000293483
0.862 0.000269778
0.864 0.000247888
0.866 0.000227684
0.868 0.000209043
0.87 0.000191851
0.872 0.000176003
0.874 0.000161399
0.876 0.000147948
0.878 0.000135564
0.88 0.000124166
0.882 0.000113682
0.884 0.000104041
0.886 9.51796e-05
0.888 8.70381e-05
0.89 7.95613e-05
0.892 7.26977e-05
0.894 6.63996e-05
0.896 6.06229e-05
0.898 5.53267e-05
0.9 5.0473e-05
0.902 4.60268e-05
0.904 4.19554e-05
0.906 3.8229e-05
0.908 3.48196e-05
0.91 3.17017e-05
0.912 2.88515e-05
0.914 2.62471e-05
0.916 2.38683e-05
0.918 2.16965e-05
0.92 1.97146e-05
0.922 1.79066e-05
0.924 1.62581e-05
0.926 1.47556e-05
0.928 1.33868e-05
0.93 1.21403e-05
0.932 1.10056e-05
0.934 9.97328e-06
0.936 9.03445e-06
0.938 8.18104e-06
0.94 7.40563e-06
0.942 6.70145e-06
0.944 6.06226e-06
0.946 5.48236e-06
0.948 4.95654e-06
0.95 4.48002e-06
0.952 4.04844e-06
0.954 3.65782e-06
0.956 3.30452e-06
0.958 2.98522e-06
0.96 2.69691e-06
0.962 2.43682e-06
0.964 2.20246e-06
0.966 1.99157e-06
0.968 1.80207e-06
0.97 1.63211e-06
0.972 1.48e-06
0.974 1.34423e-06
0.976 1.22344e-06
0.978 1.1164e-06
0.98 1.02202e-06
0.982 9.39345e-07
0.984 8.67524e-07
0.986 8.05814e-07
0.988 7.53577e-07
0.99 7.10269e-07
0.992 6.75438e-07
0.994 6.48719e-07
0.996 6.29833e-07
0.998 6.1858e-07
