-1 0.753156
-0.99 0.752859
-0.98 0.752625
-0.97 0.75179
-0.96 0.751037
-0.95 0.749656
-0.94 0.748395
-0.93 0.74647
-0.92 0.744706
-0.91 0.742249
-0.9 0.739982
-0.89 0.737017
-0.88 0.734234
-0.87 0.730803
-0.86 0.727481
-0.85 0.723637
-0.84 0.719747
-0.83 0.715547
-0.82 0.711072
-0.81 0.70655
-0.8 0.701514
-0.79 0.696655
-0.78 0.691142
-0.77 0.685872
-0.76 0.680019
-0.75 0.674236
-0.74 0.668178
-0.73 0.661829
-0.72 0.655601
-0.71 0.64878
-0.7 0.642258
-0.69 0.635195
-0.68 0.628187
-0.67 0.621078
-0.66 0.613548
-0.65 0.606334
-0.64 0.598539
-0.63 0.590932
-0.62 0.58319
-0.61 0.575074
-0.6 0.567325
-0.59 0.559041
-0.58 0.550891
-0.57 0.542801
-0.56 0.53422
-0.55 0.526059
-0.54 0.517591
-0.53 0.508936
-0.52 0.500695
-0.51 0.491954
-0.5 0.483327
-0.49 0.47498
-0.48 0.466101
-0.47 0.457527
-0.46 0.44912
-0.45 0.440203
-0.44 0.431682
-0.43 0.423305
-0.42 0.414423
-0.41 0.40594
-0.4 0.397697
-0.39 0.388927
-0.38 0.380448
-0.37 0.372413
-0.36 0.363892
-0.35 0.355372
-0.34 0.347511
-0.33 0.339451
-0.32 0.330968
-0.31 0.323042
-0.3 0.315545
-0.29 0.307527
-0.28 0.299349
-0.27 0.291928
-0.26 0.284832
-0.25 0.277131
-0.24 0.269182
-0.23 0.262004
-0.22 0.255543
-0.21 0.248744
-0.2 0.241106
-0.19 0.233402
-0.18 0.226858
-0.17 0.222087
-0.16 0.218853
-0.15 0.216536
-0.14 0.214618
-0.13 0.212852
-0.12 0.211177
-0.11 0.209606
-0.1 0.208159
-0.09 0.206842
-0.08 0.205661
-0.07 0.204615
-0.06 0.203705
-0.05 0.202934
-0.04 0.202301
-0.03 0.201808
-0.02 0.201455
-0.01 0.201243
0 0.201173
0.01 0.201243
0.02 0.201455
0.03 0.201808
0.04 0.202301
0.05 0.202934
0.06 0.203705
0.07 0.204615
0.08 0.205661
0.09 0.206842
0.1 0.208159
0.11 0.209606
0.12 0.211177
0.13 0.212852
0.14 0.214618
0.15 0.216536
0.16 0.218853
0.17 0.222087
0.18 0.226858
0.19 0.233402
0.2 0.241106
0.21 0.248744
0.22 0.255543
0.23 0.262004
0.24 0.269182
0.25 0.277131
0.26 0.284832
0.27 0.291928
0.28 0.299349
0.29 0.307527
0.3 0.315545
0.31 0.323042
0.32 0.330968
0.33 0.339451
0.34 0.347511
0.35 0.355372
0.36 0.363892
0.37 0.372413
0.38 0.380448
0.39 0.388927
0.4 0.397697
0.41 0.40594
0.42 0.414423
0.43 0.423305
0.44 0.431682
0.45 0.440203
0.46 0.44912
0.47 0.457527
0.48 0.466101
0.49 0.47498
0.5 0.483327
0.51 0.491954
0.52 0.500695
0.53 0.508936
0.54 0.517591
0.55 0.526059
0.56 0.53422
0.57 0.542801
0.58 0.550891
0.59 0.559041
0.6 0.567325
0.61 0.575074
0.62 0.58319
0.63 0.590932
0.64 0.598539
0.65 0.606334
0.66 0.613548
0.67 0.621078
0.68 0.628187
0.69 0.635195
0.7 0.642258
0.71 0.64878
0.72 0.655601
0.73 0.661829
0.74 0.668178
0.75 0.674236
0.76 0.680019
0.77 0.685872
0.78 0.691142
0.79 0.696655
0.8 0.701514
0.81 0.70655
0.82 0.711072
0.83 0.715547
0.84 0.719747
0.85 0.723637
0.86 0.727481
0.87 0.730803
0.88 0.734234
0.89 0.737017
0.9 0.739982
0.91 0.742249
0.92 0.744706
0.93 0.74647
0.94 0.748395
0.95 0.749656
0.96 0.751037
0.97 0.75179
0.98 0.752625
0.99 0.752859
