-1 0.125956
-0.99 0.125685
-0.98 0.12658
-0.97 0.125704
-0.96 0.127643
-0.95 0.132196
-0.94 0.137321
-0.93 0.142539
-0.92 0.147878
-0.91 0.153356
-0.9 0.158975
-0.89 0.164734
-0.88 0.170633
-0.87 0.176674
-0.86 0.182855
-0.85 0.189178
-0.84 0.195641
-0.83 0.202245
-0.82 0.208989
-0.81 0.215872
-0.8 0.222892
-0.79 0.23005
-0.78 0.237343
-0.77 0.24477
-0.76 0.252329
-0.75 0.260018
-0.74 0.267835
-0.73 0.275777
-0.72 0.283842
-0.71 0.292026
-0.7 0.300327
-0.69 0.308741
-0.68 0.317265
-0.67 0.325895
-0.66 0.334626
-0.65 0.343454
-0.64 0.352376
-0.63 0.361385
-0.62 0.370477
-0.61 0.379647
-0.6 0.38889
-0.59 0.398199
-0.58 0.407569
-0.57 0.416993
-0.56 0.426466
-0.55 0.435981
-0.54 0.445531
-0.53 0.455109
-0.52 0.464708
-0.51 0.474321
-0.5 0.48394
-0.49 0.493558
-0.48 0.503167
-0.47 0.51276
-0.46 0.522327
-0.45 0.531862
-0.44 0.541355
-0.43 0.550799
-0.42 0.560185
-0.41 0.569504
-0.4 0.578748
-0.39 0.587909
-0.38 0.596977
-0.37 0.605944
-0.36 0.614801
-0.35 0.623539
-0.34 0.632151
-0.33 0.640626
-0.32 0.648958
-0.31 0.657136
-0.3 0.665153
-0.29 0.673
-0.28 0.680669
-0.27 0.688151
-0.26 0.69544
-0.25 0.702526
-0.24 0.709402
-0.23 0.716061
-0.22 0.722495
-0.21 0.728697
-0.2 0.734661
-0.19 0.740378
-0.18 0.745844
-0.17 0.751051
-0.16 0.755994
-0.15 0.760667
-0.14 0.765065
-0.13 0.769182
-0.12 0.773014
-0.11 0.776556
-0.1 0.779805
-0.09 0.782756
-0.08 0.785405
-0.07 0.787751
-0.06 0.789789
-0.05 0.791518
-0.04 0.792935
-0.03 0.794039
-0.02 0.794829
-0.01 0.795303
0 0.795461
0.01 0.795303
0.02 0.794829
0.03 0.794039
0.04 0.792935
0.05 0.791518
0.06 0.789789
0.07 0.787751
0.08 0.785405
0.09 0.782756
0.1 0.779805
0.11 0.776556
0.12 0.773014
0.13 0.769182
0.14 0.765065
0.15 0.760667
0.16 0.755994
0.17 0.751051
0.18 0.745844
0.19 0.740378
0.2 0.734661
0.21 0.728697
0.22 0.722495
0.23 0.716061
0.24 0.709402
0.25 0.702526
0.26 0.69544
0.27 0.688151
0.28 0.680669
0.29 0.673
0.3 0.665153
0.31 0.657136
0.32 0.648958
0.33 0.640626
0.34 0.632151
0.35 0.623539
0.36 0.614801
0.37 0.605944
0.38 0.596977
0.39 0.587909
0.4 0.578748
0.41 0.569504
0.42 0.560185
0.43 0.550799
0.44 0.541355
0.45 0.531862
0.46 0.522327
0.47 0.51276
0.48 0.503167
0.49 0.493558
0.5 0.48394
0.51 0.474321
0.52 0.464708
0.53 0.455109
0.54 0.445531
0.55 0.435981
0.56 0.426466
0.57 0.416993
0.58 0.407569
0.59 0.398199
0.6 0.38889
0.61 0.379647
0.62 0.370477
0.63 0.361385
0.64 0.352376
0.65 0.343454
0.66 0.334626
0.67 0.325895
0.68 0.317265
0.69 0.308741
0.7 0.300327
0.71 0.292026
0.72 0.283842
0.73 0.275777
0.74 0.267835
0.75 0.260018
0.76 0.252329
0.77 0.24477
0.78 0.237343
0.79 0.23005
0.8 0.222892
0.81 0.215872
0.82 0.208989
0.83 0.202245
0.84 0.195641
0.85 0.189178
0.86 0.182855
0.87 0.176674
0.88 0.170633
0.89 0.164734
0.9 0.158975
0.91 0.153356
0.92 0.147878
0.93 0.142539
0.94 0.137321
0.95 0.132196
0.96 0.127643
0.97 0.125704
0.98 0.12658
0.99 0.125685
