-1 0.373387
-0.99 0.373752
-0.98 0.373541
-0.97 0.374061
-0.96 0.374005
-0.95 0.374666
-0.94 0.37479
-0.93 0.37554
-0.92 0.375907
-0.91 0.376653
-0.9 0.377352
-0.89 0.378003
-0.88 0.379073
-0.87 0.379643
-0.86 0.380946
-0.85 0.381667
-0.84 0.382863
-0.83 0.384055
-0.82 0.38493
-0.81 0.38651
-0.8 0.387454
-0.79 0.38877
-0.78 0.39034
-0.77 0.39126
-0.76 0.39288
-0.75 0.394381
-0.74 0.395335
-0.73 0.39707
-0.72 0.398631
-0.71 0.399527
-0.7 0.401153
-0.69 0.402985
-0.68 0.403881
-0.67 0.404922
-0.66 0.406921
-0.65 0.408605
-0.64 0.409121
-0.63 0.409654
-0.62 0.411769
-0.61 0.415742
-0.6 0.420821
-0.59 0.42623
-0.58 0.431611
-0.57 0.436897
-0.56 0.442103
-0.55 0.447244
-0.54 0.452322
-0.53 0.457332
-0.52 0.462273
-0.51 0.467142
-0.5 0.471938
-0.49 0.476657
-0.48 0.481298
-0.47 0.48586
-0.46 0.490341
-0.45 0.494738
-0.44 0.499051
-0.43 0.503277
-0.42 0.507416
-0.41 0.511466
-0.4 0.515426
-0.39 0.519295
-0.38 0.523071
-0.37 0.526755
-0.36 0.530343
-0.35 0.533837
-0.34 0.537236
-0.33 0.540538
-0.32 0.543743
-0.31 0.54685
-0.3 0.54986
-0.29 0.552771
-0.28 0.555583
-0.27 0.558297
-0.26 0.560911
-0.25 0.563426
-0.24 0.565842
-0.23 0.568158
-0.22 0.570374
-0.21 0.572491
-0.2 0.574508
-0.19 0.576426
-0.18 0.578244
-0.17 0.579962
-0.16 0.581582
-0.15 0.583102
-0.14 0.584524
-0.13 0.585846
-0.12 0.58707
-0.11 0.588195
-0.1 0.589222
-0.09 0.59015
-0.08 0.59098
-0.07 0.591713
-0.06 0.592347
-0.05 0.592884
-0.04 0.593323
-0.03 0.593664
-0.02 0.593908
-0.01 0.594054
0 0.594103
0.01 0.594054
0.02 0.593908
0.03 0.593664
0.04 0.593323
0.05 0.592884
0.06 0.592347
0.07 0.591713
0.08 0.59098
0.09 0.59015
0.1 0.589222
0.11 0.588195
0.12 0.58707
0.13 0.585846
0.14 0.584524
0.15 0.583102
0.16 0.581582
0.17 0.579962
0.18 0.578244
0.19 0.576426
0.2 0.574508
0.21 0.572491
0.22 0.570374
0.23 0.568158
0.24 0.565842
0.25 0.563426
0.26 0.560911
0.27 0.558297
0.28 0.555583
0.29 0.552771
0.3 0.54986
0.31 0.54685
0.32 0.543743
0.33 0.540538
0.34 0.537236
0.35 0.533837
0.36 0.530343
0.37 0.526755
0.38 0.523071
0.39 0.519295
0.4 0.515426
0.41 0.511466
0.42 0.507416
0.43 0.503277
0.44 0.499051
0.45 0.494738
0.46 0.490341
0.47 0.48586
0.48 0.481298
0.49 0.476657
0.5 0.471938
0.51 0.467142
0.52 0.462273
0.53 0.457332
0.54 0.452322
0.55 0.447244
0.56 0.442103
0.57 0.436897
0.58 0.431611
0.59 0.42623
0.6 0.420821
0.61 0.415742
0.62 0.411769
0.63 0.409654
0.64 0.409121
0.65 0.408605
0.66 0.406921
0.67 0.404922
0.68 0.403881
0.69 0.402985
0.7 0.401153
0.71 0.399527
0.72 0.398631
0.73 0.39707
0.74 0.395335
0.75 0.394381
0.76 0.39288
0.77 0.39126
0.78 0.39034
0.79 0.38877
0.8 0.387454
0.81 0.38651
0.82 0.38493
0.83 0.384055
0.84 0.382863
0.85 0.381667
0.86 0.380946
0.87 0.379643
0.88 0.379073
0.89 0.378003
0.9 0.377352
0.91 0.376653
0.92 0.375907
0.93 0.37554
0.94 0.37479
0.95 0.374666
0.96 0.374005
0.97 0.374061
0.98 0.373541
0.99 0.373752
