-1 0.732854
-0.99 0.732945
-0.98 0.732369
-0.97 0.731969
-0.96 0.730916
-0.95 0.73002
-0.94 0.728502
-0.93 0.727101
-0.92 0.725142
-0.91 0.723222
-0.9 0.720849
-0.89 0.718394
-0.88 0.715642
-0.87 0.712639
-0.86 0.709535
-0.85 0.705987
-0.84 0.702539
-0.83 0.698481
-0.82 0.694659
-0.81 0.69017
-0.8 0.685906
-0.79 0.681099
-0.78 0.67631
-0.77 0.671288
-0.76 0.665939
-0.75 0.660722
-0.74 0.654897
-0.73 0.649373
-0.72 0.643274
-0.71 0.637265
-0.7 0.631081
-0.69 0.624524
-0.68 0.618237
-0.67 0.611331
-0.66 0.604685
-0.65 0.597754
-0.64 0.590561
-0.63 0.58365
-0.62 0.57614
-0.61 0.568896
-0.6 0.561491
-0.59 0.553715
-0.58 0.546345
-0.57 0.538468
-0.56 0.530631
-0.55 0.523016
-0.54 0.514831
-0.53 0.506982
-0.52 0.499104
-0.51 0.490759
-0.5 0.482886
-0.49 0.474818
-0.48 0.466394
-0.47 0.458494
-0.46 0.450344
-0.45 0.441872
-0.44 0.433957
-0.43 0.425851
-0.42 0.417349
-0.41 0.409405
-0.4 0.401476
-0.39 0.393012
-0.38 0.384962
-0.37 0.377294
-0.36 0.369073
-0.35 0.360823
-0.34 0.353273
-0.33 0.345622
-0.32 0.337385
-0.31 0.329501
-0.3 0.322326
-0.29 0.314891
-0.28 0.306816
-0.27 0.299056
-0.26 0.292209
-0.25 0.285508
-0.24 0.278003
-0.23 0.269942
-0.22 0.262533
-0.21 0.256751
-0.2 0.252677
-0.19 0.249763
-0.18 0.247405
-0.17 0.245246
-0.16 0.243171
-0.15 0.241177
-0.14 0.239286
-0.13 0.237511
-0.12 0.235857
-0.11 0.234326
-0.1 0.232921
-0.09 0.231644
-0.08 0.230495
-0.07 0.229477
-0.06 0.228592
-0.05 0.227841
-0.04 0.227225
-0.03 0.226745
-0.02 0.226401
-0.01 0.226195
0 0.226126
0.01 0.226195
0.02 0.226401
0.03 0.226745
0.04 0.227225
0.05 0.227841
0.06 0.228592
0.07 0.229477
0.08 0.230495
0.09 0.231644
0.1 0.232921
0.11 0.234326
0.12 0.235857
0.13 0.237511
0.14 0.239286
0.15 0.241177
0.16 0.243171
0.17 0.245246
0.18 0.247405
0.19 0.249763
0.2 0.252677
0.21 0.256751
0.22 0.262533
0.23 0.269942
0.24 0.278003
0.25 0.285508
0.26 0.292209
0.27 0.299056
0.28 0.306816
0.29 0.314891
0.3 0.322326
0.31 0.329501
0.32 0.337385
0.33 0.345622
0.34 0.353273
0.35 0.360823
0.36 0.369073
0.37 0.377294
0.38 0.384962
0.39 0.393012
0.4 0.401476
0.41 0.409405
0.42 0.417349
0.43 0.425851
0.44 0.433957
0.45 0.441872
0.46 0.450344
0.47 0.458494
0.48 0.466394
0.49 0.474818
0.5 0.482886
0.51 0.490759
0.52 0.499104
0.53 0.506982
0.54 0.514831
0.55 0.523016
0.56 0.530631
0.57 0.538468
0.58 0.546345
0.59 0.553715
0.6 0.561491
0.61 0.568896
0.62 0.57614
0.63 0.58365
0.64 0.590561
0.65 0.597754
0.66 0.604685
0.67 0.611331
0.68 0.618237
0.69 0.624524
0.7 0.631081
0.71 0.637265
0.72 0.643274
0.73 0.649373
0.74 0.654897
0.75 0.660722
0.76 0.665939
0.77 0.671288
0.78 0.67631
0.79 0.681099
0.8 0.685906
0.81 0.69017
0.82 0.694659
0.83 0.698481
0.84 0.702539
0.85 0.705987
0.86 0.709535
0.87 0.712639
0.88 0.715642
0.89 0.718394
0.9 0.720849
0.91 0.723222
0.92 0.725142
0.93 0.727101
0.94 0.728502
0.95 0.73002
0.96 0.730916
0.97 0.731969
0.98 0.732369
0.99 0.732945
