-1 0.395742
-0.99 0.395992
-0.98 0.395862
-0.97 0.396261
-0.96 0.396221
-0.95 0.396788
-0.94 0.396826
-0.93 0.39755
-0.92 0.397691
-0.91 0.398508
-0.9 0.398836
-0.89 0.399622
-0.88 0.400257
-0.87 0.400887
-0.86 0.401887
-0.85 0.402379
-0.84 0.403574
-0.83 0.404208
-0.82 0.405214
-0.81 0.406315
-0.8 0.406973
-0.79 0.408342
-0.78 0.409162
-0.77 0.410117
-0.76 0.41152
-0.75 0.412205
-0.74 0.413375
-0.73 0.414727
-0.72 0.415349
-0.71 0.416543
-0.7 0.417932
-0.69 0.418495
-0.68 0.419443
-0.67 0.420965
-0.66 0.421682
-0.65 0.422033
-0.64 0.423291
-0.63 0.424765
-0.62 0.425137
-0.61 0.42491
-0.6 0.425745
-0.59 0.428462
-0.58 0.432606
-0.57 0.437336
-0.56 0.442125
-0.55 0.446812
-0.54 0.451397
-0.53 0.4559
-0.52 0.460326
-0.51 0.464675
-0.5 0.468945
-0.49 0.473133
-0.48 0.477239
-0.47 0.481262
-0.46 0.485199
-0.45 0.489051
-0.44 0.492816
-0.43 0.496494
-0.42 0.500083
-0.41 0.503584
-0.4 0.506995
-0.39 0.510316
-0.38 0.513547
-0.37 0.516688
-0.36 0.519738
-0.35 0.522697
-0.34 0.525566
-0.33 0.528344
-0.32 0.531031
-0.31 0.533629
-0.3 0.536136
-0.29 0.538553
-0.28 0.540881
-0.27 0.54312
-0.26 0.54527
-0.25 0.547332
-0.24 0.549307
-0.23 0.551195
-0.22 0.552997
-0.21 0.554712
-0.2 0.556343
-0.19 0.557889
-0.18 0.559351
-0.17 0.560729
-0.16 0.562026
-0.15 0.563239
-0.14 0.564372
-0.13 0.565424
-0.12 0.566395
-0.11 0.567286
-0.1 0.568098
-0.09 0.568831
-0.08 0.569486
-0.07 0.570063
-0.06 0.570562
-0.05 0.570984
-0.04 0.571329
-0.03 0.571597
-0.02 0.571788
-0.01 0.571903
0 0.571941
0.01 0.571903
0.02 0.571788
0.03 0.571597
0.04 0.571329
0.05 0.570984
0.06 0.570562
0.07 0.570063
0.08 0.569486
0.09 0.568831
0.1 0.568098
0.11 0.567286
0.12 0.566395
0.13 0.565424
0.14 0.564372
0.15 0.563239
0.16 0.562026
0.17 0.560729
0.18 0.559351
0.19 0.557889
0.2 0.556343
0.21 0.554712
0.22 0.552997
0.23 0.551195
0.24 0.549307
0.25 0.547332
0.26 0.54527
0.27 0.54312
0.28 0.540881
0.29 0.538553
0.3 0.536136
0.31 0.533629
0.32 0.531031
0.33 0.528344
0.34 0.525566
0.35 0.522697
0.36 0.519738
0.37 0.516688
0.38 0.513547
0.39 0.510316
0.4 0.506995
0.41 0.503584
0.42 0.500083
0.43 0.496494
0.44 0.492816
0.45 0.489051
0.46 0.485199
0.47 0.481262
0.48 0.477239
0.49 0.473133
0.5 0.468945
0.51 0.464675
0.52 0.460326
0.53 0.4559
0.54 0.451397
0.55 0.446812
0.56 0.442125
0.57 0.437336
0.58 0.432606
0.59 0.428462
0.6 0.425745
0.61 0.42491
0.62 0.425137
0.63 0.424765
0.64 0.423291
0.65 0.422033
0.66 0.421682
0.67 0.420965
0.68 0.419443
0.69 0.418495
0.7 0.417932
0.71 0.416543
0.72 0.415349
0.73 0.414727
0.74 0.413375
0.75 0.412205
0.76 0.41152
0.77 0.410117
0.78 0.409162
0.79 0.408342
0.8 0.406973
0.81 0.406315
0.82 0.405214
0.83 0.404208
0.84 0.403574
0.85 0.402379
0.86 0.401887
0.87 0.400887
0.88 0.400257
0.89 0.399622
0.9 0.398836
0.91 0.398508
0.92 0.397691
0.93 0.39755
0.94 0.396826
0.95 0.396788
0.96 0.396221
0.97 0.396261
0.98 0.395862
0.99 0.395992
