-1 0.510043
-0.99 0.510042
-0.98 0.510007
-0.97 0.509941
-0.96 0.509899
-0.95 0.509738
-0.94 0.509715
-0.93 0.50943
-0.92 0.509443
-0.91 0.509023
-0.9 0.509061
-0.89 0.50853
-0.88 0.508536
-0.87 0.507968
-0.86 0.50783
-0.85 0.507344
-0.84 0.506933
-0.83 0.506613
-0.82 0.505897
-0.81 0.505669
-0.8 0.504815
-0.79 0.504404
-0.78 0.503706
-0.77 0.502861
-0.76 0.502387
-0.75 0.501266
-0.74 0.50061
-0.73 0.499703
-0.72 0.498489
-0.71 0.49779
-0.7 0.496455
-0.69 0.49525
-0.68 0.494318
-0.67 0.492671
-0.66 0.491394
-0.65 0.490203
-0.64 0.488295
-0.63 0.486818
-0.62 0.485439
-0.61 0.483283
-0.6 0.481439
-0.59 0.479954
-0.58 0.477671
-0.57 0.475242
-0.56 0.473517
-0.55 0.471472
-0.54 0.468543
-0.53 0.465889
-0.52 0.464015
-0.51 0.46177
-0.5 0.458372
-0.49 0.454726
-0.48 0.452292
-0.47 0.451605
-0.46 0.452177
-0.45 0.453257
-0.44 0.454377
-0.43 0.455385
-0.42 0.45628
-0.41 0.457085
-0.4 0.457812
-0.39 0.458465
-0.38 0.459046
-0.37 0.459558
-0.36 0.460004
-0.35 0.460387
-0.34 0.46071
-0.33 0.460977
-0.32 0.461189
-0.31 0.461352
-0.3 0.461467
-0.29 0.461539
-0.28 0.46157
-0.27 0.461564
-0.26 0.461524
-0.25 0.461454
-0.24 0.461356
-0.23 0.461234
-0.22 0.461091
-0.21 0.46093
-0.2 0.460754
-0.19 0.460566
-0.18 0.46037
-0.17 0.460166
-0.16 0.459959
-0.15 0.459751
-0.14 0.459545
-0.13 0.459342
-0.12 0.459144
-0.11 0.458955
-0.1 0.458776
-0.09 0.458608
-0.08 0.458453
-0.07 0.458314
-0.06 0.45819
-0.05 0.458083
-0.04 0.457994
-0.03 0.457924
-0.02 0.457874
-0.01 0.457844
0 0.457834
0.01 0.457844
0.02 0.457874
0.03 0.457924
0.04 0.457994
0.05 0.458083
0.06 0.45819
0.07 0.458314
0.08 0.458453
0.09 0.458608
0.1 0.458776
0.11 0.458955
0.12 0.459144
0.13 0.459342
0.14 0.459545
0.15 0.459751
0.16 0.459959
0.17 0.460166
0.18 0.46037
0.19 0.460566
0.2 0.460754
0.21 0.46093
0.22 0.461091
0.23 0.461234
0.24 0.461356
0.25 0.461454
0.26 0.461524
0.27 0.461564
0.28 0.46157
0.29 0.461539
0.3 0.461467
0.31 0.461352
0.32 0.461189
0.33 0.460977
0.34 0.46071
0.35 0.460387
0.36 0.460004
0.37 0.459558
0.38 0.459046
0.39 0.458465
0.4 0.457812
0.41 0.457085
0.42 0.45628
0.43 0.455385
0.44 0.454377
0.45 0.453257
0.46 0.452177
0.47 0.451605
0.48 0.452292
0.49 0.454726
0.5 0.458372
0.51 0.46177
0.52 0.464015
0.53 0.465889
0.54 0.468543
0.55 0.471472
0.56 0.473517
0.57 0.475242
0.58 0.477671
0.59 0.479954
0.6 0.481439
0.61 0.483283
0.62 0.485439
0.63 0.486818
0.64 0.488295
0.65 0.490203
0.66 0.491394
0.67 0.492671
0.68 0.494318
0.69 0.49525
0.7 0.496455
0.71 0.49779
0.72 0.498489
0.73 0.499703
0.74 0.50061
0.75 0.501266
0.76 0.502387
0.77 0.502861
0.78 0.503706
0.79 0.504404
0.8 0.504815
0.81 0.505669
0.82 0.505897
0.83 0.506613
0.84 0.506933
0.85 0.507344
0.86 0.50783
0.87 0.507968
0.88 0.508536
0.89 0.50853
0.9 0.509061
0.91 0.509023
0.92 0.509443
0.93 0.50943
0.94 0.509715
0.95 0.509738
0.96 0.509899
0.97 0.509941
0.98 0.510007
0.99 0.510042
