-1 0.135477
-0.998 0.135633
-0.996 0.136102
-0.994 0.136883
-0.992 0.137978
-0.99 0.139387
-0.988 0.14111
-0.986 0.143149
-0.984 0.145504
-0.982 0.148178
-0.98 0.151171
-0.978 0.154485
-0.976 0.158121
-0.974 0.162082
-0.972 0.16637
-0.97 0.170986
-0.968 0.175933
-0.966 0.181213
-0.964 0.186829
-0.962 0.192782
-0.96 0.199076
-0.958 0.205713
-0.956 0.212695
-0.954 0.220025
-0.952 0.227706
-0.95 0.23574
-0.948 0.24413
-0.946 0.252878
-0.944 0.261987
-0.942 0.27146
-0.94 0.281298
-0.938 0.291503
-0.936 0.302078
-0.934 0.313025
-0.932 0.324345
-0.93 0.336041
-0.928 0.348112
-0.926 0.360561
-0.924 0.373388
-0.922 0.386595
-0.92 0.400181
-0.918 0.414146
-0.916 0.428491
-0.914 0.443215
-0.912 0.458316
-0.91 0.473795
-0.908 0.489648
-0.906 0.505874
-0.904 0.522471
-0.902 0.539436
-0.9 0.556766
-0.898 0.574456
-0.896 0.592503
-0.894 0.610901
-0.892 0.629647
-0.89 0.648733
-0.888 0.668154
-0.886 0.687903
-0.884 0.707973
-0.882 0.728356
-0.88 0.749044
-0.878 0.770027
-0.876 0.791296
-0.874 0.812842
-0.872 0.834653
-0.87 0.856719
-0.868 0.879027
-0.866 0.901566
-0.864 0.924322
-0.862 0.947282
-0.86 0.970432
-0.858 0.993758
-0.856 1.01724
-0.854 1.04088
-0.852 1.06464
-0.85 1.08851
-0.848 1.11247
-0.846 1.13652
-0.844 1.16062
-0.842 1.18477
-0.84 1.20894
-0.838 1.23311
-0.836 1.25726
-0.834 1.28138
-0.832 1.30544
-0.83 1.32942
-0.828 1.3533
-0.826 1.37707
-0.824 1.40069
-0.822 1.42415
-0.82 1.44742
-0.818 1.47049
-0.816 1.49333
-0.814 1.51592
-0.812 1.53823
-0.81 1.56026
-0.808 1.58196
-0.806 1.60333
-0.804 1.62433
-0.802 1.64495
-0.8 1.66517
-0.798 1.68497
-0.796 1.70432
-0.794 1.7232
-0.792 1.74159
-0.79 1.75948
-0.788 1.77684
-0.786 1.79365
-0.784 1.8099
-0.782 1.82557
-0.78 1.84063
-0.778 1.85508
-0.776 1.8689
-0.774 1.88206
-0.772 1.89456
-0.77 1.90638
-0.768 1.9175
-0.766 1.92792
-0.764 1.93763
-0.762 1.9466
-0.76 1.95483
-0.758 1.96231
-0.756 1.96903
-0.754 1.97499
-0.752 1.98017
-0.75 1.98457
-0.748 1.98818
-0.746 1.99101
-0.744 1.99304
-0.742 1.99427
-0.74 1.99471
-0.738 1.99435
-0.736 1.9932
-0.734 1.99124
-0.732 1.9885
-0.73 1.98496
-0.728 1.98064
-0.726 1.97554
-0.724 1.96966
-0.722 1.96301
-0.72 1.9556
-0.718 1.94745
-0.716 1.93855
-0.714 1.92892
-0.712 1.91857
-0.71 1.90751
-0.708 1.89576
-0.706 1.88333
-0.704 1.87023
-0.702 1.85647
-0.7 1.84209
-0.698 1.82708
-0.696 1.81147
-0.694 1.79528
-0.692 1.77852
-0.69 1.76121
-0.688 1.74337
-0.686 1.72502
-0.684 1.70618
-0.682 1.68688
-0.68 1.66712
-0.678 1.64694
-0.676 1.62635
-0.674 1.60538
-0.672 1.58404
-0.67 1.56236
-0.668 1.54036
-0.666 1.51807
-0.664 1.4955
-0.662 1.47267
-0.66 1.44962
-0.658 1.42635
-0.656 1.4029
-0.654 1.37928
-0.652 1.35551
-0.65 1.33162
-0.648 1.30763
-0.646 1.28356
-0.644 1.25943
-0.642 1.23526
-0.64 1.21106
-0.638 1.18687
-0.636 1.16269
-0.634 1.13855
-0.632 1.11447
-0.63 1.09046
-0.628 1.06654
-0.626 1.04273
-0.624 1.01904
-0.622 0.995489
-0.62 0.972096
-0.618 0.948872
-0.616 0.925833
-0.614 0.902992
-0.612 0.880363
-0.61 0.857957
-0.608 0.835787
-0.606 0.813865
-0.604 0.7922
-0.602 0.770804
-0.6 0.749686
-0.598 0.728855
-0.596 0.708319
-0.594 0.688086
-0.592 0.668164
-0.59 0.64856
-0.588 0.629279
-0.586 0.610327
-0.584 0.591709
-0.582 0.573429
-0.58 0.555492
-0.578 0.537901
-0.576 0.520658
-0.574 0.503767
-0.572 0.487229
-0.57 0.471045
-0.568 0.455217
-0.566 0.439745
-0.564 0.424628
-0.562 0.409868
-0.56 0.395462
-0.558 0.38141
-0.556 0.36771
-0.554 0.35436
-0.552 0.341359
-0.55 0.328703
-0.548 0.31639
-0.546 0.304416
-0.544 0.292778
-0.542 0.281472
-0.54 0.270495
-0.538 0.259842
-0.536 0.249509
-0.534 0.239491
-0.532 0.229783
-0.53 0.22038
-0.528 0.211278
-0.526 0.202471
-0.524 0.193953
-0.522 0.185719
-0.52 0.177764
-0.518 0.170081
-0.516 0.162665
-0.514 0.155511
-0.512 0.148611
-0.51 0.141961
-0.508 0.135555
-0.506 0.129385
-0.504 0.123447
-0.502 0.117735
-0.5 0.112242
-0.498 0.106962
-0.496 0.10189
-0.494 0.0970197
-0.492 0.0923453
-0.49 0.0878609
-0.488 0.0835608
-0.486 0.0794394
-0.484 0.0754911
-0.482 0.0717103
-0.48 0.0680916
-0.478 0.0646297
-0.476 0.0613193
-0.474 0.0581551
-0.472 0.0551322
-0.47 0.0522455
-0.468 0.0494902
-0.466 0.0468614
-0.464 0.0443545
-0.462 0.0419649
-0.46 0.0396882
-0.458 0.03752
-0.456 0.0354561
-0.454 0.0334923
-0.452 0.0316246
-0.45 0.0298491
-0.448 0.028162
-0.446 0.0265597
-0.444 0.0250385
-0.442 0.023595
-0.44 0.0222258
-0.438 0.0209277
-0.436 0.0196975
-0.434 0.0185323
-0.432 0.017429
-0.43 0.0163848
-0.428 0.015397
-0.426 0.014463
-0.424 0.0135802
-0.422 0.0127462
-0.42 0.0119586
-0.418 0.0112152
-0.416 0.0105138
-0.414 0.00985238
-0.412 0.00922884
-0.41 0.0086413
-0.408 0.00808793
-0.406 0.00756697
-0.404 0.00707674
-0.402 0.00661562
-0.4 0.00618207
-0.398 0.00577462
-0.396 0.00539187
-0.394 0.00503248
-0.392 0.00469516
-0.39 0.0043787
-0.388 0.00408194
-0.386 0.00380377
-0.384 0.00354314
-0.382 0.00329904
-0.38 0.00307054
-0.378 0.00285671
-0.376 0.00265672
-0.374 0.00246974
-0.372 0.002295
-0.37 0.00213177
-0.368 0.00197936
-0.366 0.00183711
-0.364 0.0017044
-0.362 0.00158064
-0.36 0.00146529
-0.358 0.00135781
-0.356 0.00125771
-0.354 0.00116452
-0.352 0.00107781
-0.35 0.000997154
-0.348 0.000922166
-0.346 0.000852476
-0.344 0.000787737
-0.342 0.000727624
-0.34 0.000671829
-0.338 0.000620065
-0.336 0.00057206
-0.334 0.000527561
-0.332 0.000486328
-0.33 0.000448139
-0.328 0.000412784
-0.326 0.000380065
-0.324 0.0003498
-0.322 0.000321817
-0.32 0.000295954
-0.318 0.00027206
-0.316 0.000249995
-0.314 0.000229628
-0.312 0.000210836
-0.31 0.000193505
-0.308 0.000177527
-0.306 0.000162803
-0.304 0.000149241
-0.302 0.000136754
-0.3 0.000125261
-0.298 0.000114688
-0.296 0.000104966
-0.294 9.60298e-05
-0.292 8.78191e-05
-0.29 8.02782e-05
-0.288 7.33555e-05
-0.286 6.7003e-05
-0.284 6.11761e-05
-0.282 5.58337e-05
-0.28 5.09374e-05
-0.278 4.64518e-05
-0.276 4.23444e-05
-0.274 3.85847e-05
-0.272 3.51447e-05
-0.27 3.19987e-05
-0.268 2.91226e-05
-0.266 2.64944e-05
-0.264 2.40938e-05
-0.262 2.19019e-05
-0.26 1.99014e-05
-0.258 1.80765e-05
-0.256 1.64123e-05
-0.254 1.48954e-05
-0.252 1.35132e-05
-0.25 1.22545e-05
-0.248 1.11085e-05
-0.246 1.00657e-05
-0.244 9.11707e-06
-0.242 8.25458e-06
-0.24 7.47069e-06
-0.238 6.75854e-06
-0.236 6.11183e-06
-0.234 5.52479e-06
-0.232 4.99214e-06
-0.23 4.50904e-06
-0.228 4.07106e-06
-0.226 3.67416e-06
-0.224 3.31462e-06
-0.222 2.98907e-06
-0.22 2.69442e-06
-0.218 2.42784e-06
-0.216 2.18676e-06
-0.214 1.96883e-06
-0.212 1.77191e-06
-0.21 1.59405e-06
-0.208 1.43347e-06
-0.206 1.28855e-06
-0.204 1.15782e-06
-0.202 1.03993e-06
-0.2 9.33677e-07
-0.198 8.37942e-07
-0.196 7.51723e-07
-0.194 6.74106e-07
-0.192 6.04261e-07
-0.19 5.41437e-07
-0.188 4.8495e-07
-0.186 4.34182e-07
-0.184 3.88574e-07
-0.182 3.47617e-07
-0.18 3.10854e-07
-0.178 2.77867e-07
-0.176 2.48281e-07
-0.174 2.21756e-07
-0.172 1.97986e-07
-0.17 1.76694e-07
-0.168 1.57628e-07
-0.166 1.40563e-07
-0.164 1.25295e-07
-0.162 1.11642e-07
-0.16 9.94358e-08
-0.158 8.85291e-08
-0.156 7.87872e-08
-0.154 7.00892e-08
-0.152 6.23266e-08
-0.15 5.54015e-08
-0.148 4.92262e-08
-0.146 4.37217e-08
-0.144 3.88172e-08
-0.142 3.44491e-08
-0.14 3.05603e-08
-0.138 2.70996e-08
-0.136 2.40212e-08
-0.134 2.1284e-08
-0.132 1.88512e-08
-0.13 1.66897e-08
-0.128 1.47702e-08
-0.126 1.30662e-08
-0.124 1.15542e-08
-0.122 1.02131e-08
-0.12 9.024e-09
-0.118 7.97018e-09
-0.116 7.0366e-09
-0.114 6.20989e-09
-0.112 5.47812e-09
-0.11 4.83065e-09
-0.108 4.258e-09
-0.106 3.75174e-09
-0.104 3.30434e-09
-0.102 2.90913e-09
-0.1 2.56017e-09
-0.098 2.25217e-09
-0.096 1.98042e-09
-0.094 1.74077e-09
-0.092 1.52951e-09
-0.09 1.34335e-09
-0.088 1.17937e-09
-0.086 1.035e-09
-0.084 9.07943e-10
-0.082 7.96159e-10
-0.08 6.97862e-10
-0.078 6.11454e-10
-0.076 5.35532e-10
-0.074 4.68852e-10
-0.072 4.10309e-10
-0.07 3.5893e-10
-0.068 3.13869e-10
-0.066 2.74346e-10
-0.064 2.39713e-10
-0.062 2.09364e-10
-0.06 1.82792e-10
-0.058 1.59526e-10
-0.056 1.39169e-10
-0.054 1.21365e-10
-0.052 1.05801e-10
-0.05 9.21939e-11
-0.048 8.03133e-11
-0.046 6.99384e-11
-0.044 6.08903e-11
-0.042 5.29918e-11
-0.04 4.61121e-11
-0.038 4.01168e-11
-0.036 3.48967e-11
-0.034 3.03619e-11
-0.032 2.64155e-11
-0.03 2.29945e-11
-0.028 2.00277e-11
-0.026 1.74609e-11
-0.024 1.524e-11
-0.022 1.3333e-11
-0.02 1.16998e-11
-0.018 1.02976e-11
-0.016 9.10936e-12
-0.014 8.11491e-12
-0.012 7.2832e-12
-0.01 6.61215e-12
-0.008 6.08037e-12
-0.006 5.67218e-12
-0.004 5.38891e-12
-0.002 5.22312e-12
0 5.16387e-12
0.002 5.22394e-12
0.004 5.38629e-12
0.006 5.67465e-12
0.008 6.07573e-12
0.01 6.6125e-12
0.012 7.28425e-12
0.014 8.11479e-12
0.016 9.11161e-12
0.018 1.02964e-11
0.02 1.16943e-11
0.022 1.33366e-11
0.024 1.52399e-11
0.026 1.74573e-11
0.028 2.00259e-11
0.03 2.29942e-11
0.032 2.64129e-11
0.034 3.03635e-11
0.036 3.49001e-11
0.038 4.01185e-11
0.04 4.61133e-11
0.042 5.29917e-11
0.044 6.08867e-11
0.046 6.99367e-11
0.048 8.03098e-11
0.05 9.21915e-11
0.052 1.05799e-10
0.054 1.21363e-10
0.056 1.39169e-10
0.058 1.59523e-10
0.06 1.8279e-10
0.062 2.09363e-10
0.064 2.39711e-10
0.066 2.7435e-10
0.068 3.13863e-10
0.07 3.58933e-10
0.072 4.10308e-10
0.074 4.68848e-10
0.076 5.35534e-10
0.078 6.11453e-10
0.08 6.97861e-10
0.082 7.96159e-10
0.084 9.0794e-10
0.086 1.035e-09
0.088 1.17937e-09
0.09 1.34335e-09
0.092 1.52951e-09
0.094 1.74077e-09
0.096 1.98042e-09
0.098 2.25216e-09
0.1 2.56017e-09
0.102 2.90913e-09
0.104 3.30434e-09
0.106 3.75173e-09
0.108 4.258e-09
0.11 4.83065e-09
0.112 5.47812e-09
0.114 6.20989e-09
0.116 7.0366e-09
0.118 7.97017e-09
0.12 9.024e-09
0.122 1.02131e-08
0.124 1.15542e-08
0.126 1.30662e-08
0.128 1.47702e-08
0.13 1.66897e-08
0.132 1.88512e-08
0.134 2.1284e-08
0.136 2.40212e-08
0.138 2.70996e-08
0.14 3.05603e-08
0.142 3.44491e-08
0.144 3.88172e-08
0.146 4.37217e-08
0.148 4.92262e-08
0.15 5.54015e-08
0.152 6.23266e-08
0.154 7.00892e-08
0.156 7.87872e-08
0.158 8.85291e-08
0.16 9.94358e-08
0.162 1.11642e-07
0.164 1.25295e-07
0.166 1.40563e-07
0.168 1.57628e-07
0.17 1.76694e-07
0.172 1.97986e-07
0.174 2.21756e-07
0.176 2.48281e-07
0.178 2.77867e-07
0.18 3.10854e-07
0.182 3.47617e-07
0.184 3.88574e-07
0.186 4.34182e-07
0.188 4.8495e-07
0.19 5.41437e-07
0.192 6.04261e-07
0.194 6.74106e-07
0.196 7.51723e-07
0.198 8.37942e-07
0.2 9.33677e-07
0.202 1.03993e-06
0.204 1.15782e-06
0.206 1.28855e-06
0.208 1.43347e-06
0.21 1.59405e-06
0.212 1.77191e-06
0.214 1.96883e-06
0.216 2.18676e-06
0.218 2.42784e-06
0.22 2.69442e-06
0.222 2.98907e-06
0.224 3.31462e-06
0.226 3.67416e-06
0.228 4.07106e-06
0.23 4.50904e-06
0.232 4.99214e-06
0.234 5.52479e-06
0.236 6.11183e-06
0.238 6.75854e-06
0.24 7.47069e-06
0.242 8.25458e-06
0.244 9.11707e-06
0.246 1.00657e-05
0.248 1.11085e-05
0.25 1.22545e-05
0.252 1.35132e-05
0.254 1.48954e-05
0.256 1.64123e-05
0.258 1.80765e-05
0.26 1.99014e-05
0.262 2.19019e-05
0.264 2.40938e-05
0.266 2.64944e-05
0.268 2.91226e-05
0.27 3.19987e-05
0.272 3.51447e-05
0.274 3.85847e-05
0.276 4.23444e-05
0.278 4.64518e-05
0.28 5.09374e-05
0.282 5.58337e-05
0.284 6.11761e-05
0.286 6.7003e-05
0.288 7.33555e-05
0.29 8.02782e-05
0.292 8.78191e-05
0.294 9.60298e-05
0.296 0.000104966
0.298 0.000114688
0.3 0.000125261
0.302 0.000136754
0.304 0.000149241
0.306 0.000162803
0.308 0.000177527
0.31 0.000193505
0.312 0.000210836
0.314 0.000229628
0.316 0.000249995
0.318 0.00027206
0.32 0.000295954
0.322 0.000321817
0.324 0.0003498
0.326 0.000380065
0.328 0.000412784
0.33 0.000448139
0.332 0.000486328
0.334 0.000527561
0.336 0.00057206
0.338 0.000620065
0.34 0.000671829
0.342 0.000727624
0.344 0.000787737
0.346 0.000852476
0.348 0.000922166
0.35 0.000997154
0.352 0.00107781
0.354 0.00116452
0.356 0.00125771
0.358 0.00135781
0.36 0.00146529
0.362 0.00158064
0.364 0.0017044
0.366 0.00183711
0.368 0.00197936
0.37 0.00213177
0.372 0.002295
0.374 0.00246974
0.376 0.00265672
0.378 0.00285671
0.38 0.00307054
0.382 0.00329904
0.384 0.00354314
0.386 0.00380377
0.388 0.00408194
0.39 0.0043787
0.392 0.00469516
0.394 0.00503248
0.396 0.00539187
0.398 0.00577462
0.4 0.00618207
0.402 0.00661562
0.404 0.00707674
0.406 0.00756697
0.408 0.00808793
0.41 0.0086413
0.412 0.00922884
0.414 0.00985238
0.416 0.0105138
0.418 0.0112152
0.42 0.0119586
0.422 0.0127462
0.424 0.0135802
0.426 0.014463
0.428 0.015397
0.43 0.0163848
0.432 0.017429
0.434 0.0185323
0.436 0.0196975
0.438 0.0209277
0.44 0.0222258
0.442 0.023595
0.444 0.0250385
0.446 0.0265597
0.448 0.028162
0.45 0.0298491
0.452 0.0316246
0.454 0.0334923
0.456 0.0354561
0.458 0.03752
0.46 0.0396882
0.462 0.0419649
0.464 0.0443545
0.466 0.0468614
0.468 0.0494902
0.47 0.0522455
0.472 0.0551322
0.474 0.0581551
0.476 0.0613193
0.478 0.0646297
0.48 0.0680916
0.482 0.0717103
0.484 0.0754911
0.486 0.0794394
0.488 0.0835608
0.49 0.0878609
0.492 0.0923453
0.494 0.0970197
0.496 0.10189
0.498 0.106962
0.5 0.112242
0.502 0.117735
0.504 0.123447
0.506 0.129385
0.508 0.135555
0.51 0.141961
0.512 0.148611
0.514 0.155511
0.516 0.162665
0.518 0.170081
0.52 0.177764
0.522 0.185719
0.524 0.193953
0.526 0.202471
0.528 0.211278
0.53 0.22038
0.532 0.229783
0.534 0.239491
0.536 0.249509
0.538 0.259842
0.54 0.270495
0.542 0.281472
0.544 0.292778
0.546 0.304416
0.548 0.31639
0.55 0.328703
0.552 0.341359
0.554 0.35436
0.556 0.36771
0.558 0.38141
0.56 0.395462
0.562 0.409868
0.564 0.424628
0.566 0.439745
0.568 0.455217
0.57 0.471045
0.572 0.487229
0.574 0.503767
0.576 0.520658
0.578 0.537901
0.58 0.555492
0.582 0.573429
0.584 0.591709
0.586 0.610327
0.588 0.629279
0.59 0.64856
0.592 0.668164
0.594 0.688086
0.596 0.708319
0.598 0.728855
0.6 0.749686
0.602 0.770804
0.604 0.7922
0.606 0.813865
0.608 0.835787
0.61 0.857957
0.612 0.880363
0.614 0.902992
0.616 0.925833
0.618 0.948872
0.62 0.972096
0.622 0.995489
0.624 1.01904
0.626 1.04273
0.628 1.06654
0.63 1.09046
0.632 1.11447
0.634 1.13855
0.636 1.16269
0.638 1.18687
0.64 1.21106
0.642 1.23526
0.644 1.25943
0.646 1.28356
0.648 1.30763
0.65 1.33162
0.652 1.35551
0.654 1.37928
0.656 1.4029
0.658 1.42635
0.66 1.44962
0.662 1.47267
0.664 1.4955
0.666 1.51807
0.668 1.54036
0.67 1.56236
0.672 1.58404
0.674 1.60538
0.676 1.62635
0.678 1.64694
0.68 1.66712
0.682 1.68688
0.684 1.70618
0.686 1.72502
0.688 1.74337
0.69 1.76121
0.692 1.77852
0.694 1.79528
0.696 1.81147
0.698 1.82708
0.7 1.84209
0.702 1.85647
0.704 1.87023
0.706 1.88333
0.708 1.89576
0.71 1.90751
0.712 1.91857
0.714 1.92892
0.716 1.93855
0.718 1.94745
0.72 1.9556
0.722 1.96301
0.724 1.96966
0.726 1.97554
0.728 1.98064
0.73 1.98496
0.732 1.9885
0.734 1.99124
0.736 1.9932
0.738 1.99435
0.74 1.99471
0.742 1.99427
0.744 1.99304
0.746 1.99101
0.748 1.98818
0.75 1.98457
0.752 1.98017
0.754 1.97499
0.756 1.96903
0.758 1.96231
0.76 1.95483
0.762 1.9466
0.764 1.93763
0.766 1.92792
0.768 1.9175
0.77 1.90638
0.772 1.89456
0.774 1.88206
0.776 1.8689
0.778 1.85508
0.78 1.84063
0.782 1.82557
0.784 1.8099
0.786 1.79365
0.788 1.77684
0.79 1.75948
0.792 1.74159
0.794 1.7232
0.796 1.70432
0.798 1.68497
0.8 1.66517
0.802 1.64495
0.804 1.62433
0.806 1.60333
0.808 1.58196
0.81 1.56026
0.812 1.53823
0.814 1.51592
0.816 1.49333
0.818 1.47049
0.82 1.44742
0.822 1.42415
0.824 1.40069
0.826 1.37707
0.828 1.3533
0.83 1.32942
0.832 1.30544
0.834 1.28138
0.836 1.25726
0.838 1.23311
0.84 1.20894
0.842 1.18477
0.844 1.16062
0.846 1.13652
0.848 1.11247
0.85 1.08851
0.852 1.06464
0.854 1.04088
0.856 1.01724
0.858 0.993758
0.86 0.970432
0.862 0.947282
0.864 0.924322
0.866 0.901566
0.868 0.879027
0.87 0.856719
0.872 0.834653
0.874 0.812842
0.876 0.791296
0.878 0.770027
0.88 0.749044
0.882 0.728356
0.884 0.707973
0.886 0.687903
0.888 0.668154
0.89 0.648733
0.892 0.629647
0.894 0.610901
0.896 0.592503
0.898 0.574456
0.9 0.556766
0.902 0.539436
0.904 0.522471
0.906 0.505874
0.908 0.489648
0.91 0.473795
0.912 0.458316
0.914 0.443215
0.916 0.428491
0.918 0.414146
0.92 0.400181
0.922 0.386595
0.924 0.373388
0.926 0.360561
0.928 0.348112
0.93 0.336041
0.932 0.324345
0.934 0.313025
0.936 0.302078
0.938 0.291503
0.94 0.281298
0.942 0.27146
0.944 0.261987
0.946 0.252878
0.948 0.24413
0.95 0.23574
0.952 0.227706
0.954 0.220025
0.956 0.212695
0.958 0.205713
0.96 0.199076
0.962 0.192782
0.964 0.186829
0.966 0.181213
0.968 0.175933
0.97 0.170986
0.972 0.16637
0.974 0.162082
0.976 0.158121
0.978 0.154485
0.98 0.151171
0.982 0.148178
0.984 0.145504
0.986 0.143149
0.988 0.14111
0.99 0.139387
0.992 0.137978
0.994 0.136883
0.996 0.136102
0.998 0.135633
