-1 0.0444516
-0.998 0.0445227
-0.996 0.044736
-0.994 0.045092
-0.992 0.045591
-0.99 0.0462339
-0.988 0.0470216
-0.986 0.0479553
-0.984 0.0490363
-0.982 0.0502662
-0.98 0.0516468
-0.978 0.0531802
-0.976 0.0548684
-0.974 0.0567138
-0.972 0.058719
-0.97 0.0608868
-0.968 0.0632202
-0.966 0.0657221
-0.964 0.068396
-0.962 0.0712453
-0.96 0.0742737
-0.958 0.0774849
-0.956 0.0808829
-0.954 0.0844719
-0.952 0.0882559
-0.95 0.0922396
-0.948 0.0964272
-0.946 0.100823
-0.944 0.105433
-0.942 0.110261
-0.94 0.115312
-0.938 0.120591
-0.936 0.126104
-0.934 0.131855
-0.932 0.13785
-0.93 0.144093
-0.928 0.150591
-0.926 0.157348
-0.924 0.16437
-0.922 0.171662
-0.92 0.179229
-0.918 0.187077
-0.916 0.19521
-0.914 0.203635
-0.912 0.212356
-0.91 0.221377
-0.908 0.230705
-0.906 0.240343
-0.904 0.250297
-0.902 0.26057
-0.9 0.271167
-0.898 0.282092
-0.896 0.29335
-0.894 0.304943
-0.892 0.316876
-0.89 0.329151
-0.888 0.341772
-0.886 0.35474
-0.884 0.36806
-0.882 0.381732
-0.88 0.395758
-0.878 0.41014
-0.876 0.424878
-0.874 0.439974
-0.872 0.455428
-0.87 0.471239
-0.868 0.487407
-0.866 0.50393
-0.864 0.520808
-0.862 0.538038
-0.86 0.555617
-0.858 0.573544
-0.856 0.591814
-0.854 0.610423
-0.852 0.629366
-0.85 0.64864
-0.848 0.668238
-0.846 0.688153
-0.844 0.70838
-0.842 0.72891
-0.84 0.749737
-0.838 0.77085
-0.836 0.792243
-0.834 0.813903
-0.832 0.835822
-0.83 0.857989
-0.828 0.880392
-0.826 0.903019
-0.824 0.925857
-0.822 0.948894
-0.82 0.972115
-0.818 0.995507
-0.816 1.01905
-0.814 1.04274
-0.812 1.06655
-0.81 1.09047
-0.808 1.11448
-0.806 1.13856
-0.804 1.1627
-0.802 1.18688
-0.8 1.21107
-0.798 1.23526
-0.796 1.25944
-0.794 1.28357
-0.792 1.30764
-0.79 1.33163
-0.788 1.35552
-0.786 1.37928
-0.784 1.4029
-0.782 1.42635
-0.78 1.44962
-0.778 1.47268
-0.776 1.4955
-0.774 1.51807
-0.772 1.54037
-0.77 1.56236
-0.768 1.58404
-0.766 1.60538
-0.764 1.62635
-0.762 1.64694
-0.76 1.66712
-0.758 1.68688
-0.756 1.70618
-0.754 1.72502
-0.752 1.74337
-0.75 1.76121
-0.748 1.77852
-0.746 1.79528
-0.744 1.81147
-0.742 1.82708
-0.74 1.84209
-0.738 1.85647
-0.736 1.87023
-0.734 1.88333
-0.732 1.89576
-0.73 1.90751
-0.728 1.91857
-0.726 1.92892
-0.724 1.93855
-0.722 1.94745
-0.72 1.9556
-0.718 1.96301
-0.716 1.96966
-0.714 1.97553
-0.712 1.98064
-0.71 1.98496
-0.708 1.9885
-0.706 1.99124
-0.704 1.9932
-0.702 1.99435
-0.7 1.99471
-0.698 1.99427
-0.696 1.99304
-0.694 1.991
-0.692 1.98818
-0.69 1.98456
-0.688 1.98016
-0.686 1.97498
-0.684 1.96903
-0.682 1.9623
-0.68 1.95482
-0.678 1.94659
-0.676 1.93762
-0.674 1.92791
-0.672 1.91749
-0.67 1.90637
-0.668 1.89455
-0.666 1.88204
-0.664 1.86888
-0.662 1.85506
-0.66 1.84061
-0.658 1.82555
-0.656 1.80988
-0.654 1.79363
-0.652 1.77681
-0.65 1.75945
-0.648 1.74156
-0.646 1.72316
-0.644 1.70427
-0.642 1.68492
-0.64 1.66512
-0.638 1.6449
-0.636 1.62427
-0.634 1.60326
-0.632 1.58189
-0.63 1.56018
-0.628 1.53815
-0.626 1.51582
-0.624 1.49323
-0.622 1.47038
-0.62 1.4473
-0.618 1.42401
-0.616 1.40054
-0.614 1.37691
-0.612 1.35313
-0.61 1.32923
-0.608 1.30523
-0.606 1.28115
-0.604 1.25701
-0.602 1.23284
-0.6 1.20864
-0.598 1.18445
-0.596 1.16028
-0.594 1.13614
-0.592 1.11207
-0.59 1.08806
-0.588 1.06415
-0.586 1.04035
-0.584 1.01668
-0.582 0.993143
-0.58 0.969765
-0.578 0.94656
-0.576 0.92354
-0.574 0.90072
-0.572 0.878112
-0.57 0.855729
-0.568 0.833584
-0.566 0.811686
-0.564 0.790048
-0.562 0.76868
-0.56 0.74759
-0.558 0.726788
-0.556 0.706282
-0.554 0.68608
-0.552 0.666189
-0.55 0.646617
-0.548 0.627369
-0.546 0.60845
-0.544 0.589865
-0.542 0.57162
-0.54 0.553717
-0.538 0.536161
-0.536 0.518953
-0.534 0.502097
-0.532 0.485595
-0.53 0.469446
-0.528 0.453654
-0.526 0.438217
-0.524 0.423136
-0.522 0.408411
-0.52 0.394041
-0.518 0.380024
-0.516 0.366359
-0.514 0.353044
-0.512 0.340078
-0.51 0.327456
-0.508 0.315177
-0.506 0.303237
-0.504 0.291632
-0.502 0.28036
-0.5 0.269415
-0.498 0.258794
-0.496 0.248493
-0.494 0.238506
-0.492 0.228829
-0.49 0.219456
-0.488 0.210384
-0.486 0.201606
-0.484 0.193117
-0.482 0.184911
-0.48 0.176983
-0.478 0.169327
-0.476 0.161938
-0.474 0.154809
-0.472 0.147935
-0.47 0.14131
-0.468 0.134927
-0.466 0.128781
-0.464 0.122866
-0.462 0.117176
-0.46 0.111704
-0.458 0.106446
-0.456 0.101394
-0.454 0.0965435
-0.452 0.0918883
-0.45 0.0874226
-0.448 0.0831407
-0.446 0.0790368
-0.444 0.0751055
-0.442 0.0713412
-0.44 0.0677385
-0.438 0.0642919
-0.436 0.0609964
-0.434 0.0578466
-0.432 0.0548375
-0.43 0.0519642
-0.428 0.0492217
-0.426 0.0466053
-0.424 0.0441103
-0.422 0.0417322
-0.42 0.0394666
-0.418 0.037309
-0.416 0.0352552
-0.414 0.0333012
-0.412 0.0314429
-0.41 0.0296765
-0.408 0.027998
-0.406 0.026404
-0.404 0.0248907
-0.402 0.0234548
-0.4 0.0220929
-0.398 0.0208017
-0.396 0.0195782
-0.394 0.0184192
-0.392 0.0173219
-0.39 0.0162835
-0.388 0.0153012
-0.386 0.0143725
-0.384 0.0134947
-0.382 0.0126654
-0.38 0.0118824
-0.378 0.0111433
-0.376 0.010446
-0.374 0.00978837
-0.372 0.00916851
-0.37 0.00858447
-0.368 0.00803442
-0.366 0.00751661
-0.364 0.00702935
-0.362 0.00657106
-0.36 0.00614018
-0.358 0.00573527
-0.356 0.00535492
-0.354 0.00499779
-0.352 0.00466261
-0.35 0.00434817
-0.348 0.00405332
-0.346 0.00377694
-0.344 0.00351801
-0.342 0.00327552
-0.34 0.00304852
-0.338 0.00283612
-0.336 0.00263746
-0.334 0.00245173
-0.332 0.00227818
-0.33 0.00211606
-0.328 0.00196469
-0.326 0.00182342
-0.324 0.00169164
-0.322 0.00156875
-0.32 0.0014542
-0.318 0.00134748
-0.316 0.00124809
-0.314 0.00115557
-0.312 0.00106948
-0.31 0.000989413
-0.308 0.00091497
-0.306 0.000845791
-0.304 0.000781529
-0.302 0.000721861
-0.3 0.000666481
-0.298 0.000615105
-0.296 0.000567461
-0.294 0.000523299
-0.292 0.00048238
-0.29 0.000444483
-0.288 0.0004094
-0.286 0.000376935
-0.284 0.000346906
-0.282 0.000319141
-0.28 0.000293481
-0.278 0.000269776
-0.276 0.000247887
-0.274 0.000227683
-0.272 0.000209042
-0.27 0.00019185
-0.268 0.000176002
-0.266 0.000161398
-0.264 0.000147947
-0.262 0.000135563
-0.26 0.000124165
-0.258 0.000113681
-0.256 0.00010404
-0.254 9.51786e-05
-0.252 8.70372e-05
-0.25 7.95603e-05
-0.248 7.26967e-05
-0.246 6.63986e-05
-0.244 6.06219e-05
-0.242 5.53256e-05
-0.24 5.04719e-05
-0.238 4.60256e-05
-0.236 4.19541e-05
-0.234 3.82276e-05
-0.232 3.48181e-05
-0.23 3.17e-05
-0.228 2.88497e-05
-0.226 2.62451e-05
-0.224 2.38661e-05
-0.222 2.16941e-05
-0.22 1.97118e-05
-0.218 1.79036e-05
-0.216 1.62547e-05
-0.214 1.47517e-05
-0.212 1.33824e-05
-0.21 1.21353e-05
-0.208 1.10001e-05
-0.206 9.96701e-06
-0.204 9.02737e-06
-0.202 8.17304e-06
-0.2 7.39661e-06
-0.198 6.69126e-06
-0.196 6.05075e-06
-0.194 5.46936e-06
-0.192 4.94187e-06
-0.19 4.46346e-06
-0.188 4.02975e-06
-0.186 3.63673e-06
-0.184 3.28072e-06
-0.182 2.95839e-06
-0.18 2.66665e-06
-0.178 2.40273e-06
-0.176 2.16406e-06
-0.174 1.94832e-06
-0.172 1.75338e-06
-0.17 1.57732e-06
-0.168 1.41837e-06
-0.166 1.27493e-06
-0.164 1.14553e-06
-0.162 1.02886e-06
-0.16 9.23697e-07
-0.158 8.28954e-07
-0.156 7.43631e-07
-0.154 6.66823e-07
-0.152 5.9771e-07
-0.15 5.35546e-07
-0.148 4.79655e-07
-0.146 4.29425e-07
-0.144 3.84302e-07
-0.142 3.43782e-07
-0.14 3.07412e-07
-0.138 2.7478e-07
-0.136 2.45513e-07
-0.134 2.19276e-07
-0.132 1.95764e-07
-0.13 1.74704e-07
-0.128 1.55847e-07
-0.126 1.38969e-07
-0.124 1.2387e-07
-0.122 1.10367e-07
-0.12 9.82971e-08
-0.118 8.75119e-08
-0.116 7.78789e-08
-0.114 6.92786e-08
-0.112 6.16034e-08
-0.11 5.47566e-08
-0.108 4.86513e-08
-0.106 4.32094e-08
-0.104 3.83609e-08
-0.102 3.40429e-08
-0.1 3.01988e-08
-0.098 2.6778e-08
-0.096 2.37353e-08
-0.094 2.10299e-08
-0.092 1.86254e-08
-0.09 1.64892e-08
-0.088 1.45922e-08
-0.086 1.29083e-08
-0.084 1.14141e-08
-0.082 1.00889e-08
-0.08 8.91398e-09
-0.078 7.87274e-09
-0.076 6.95036e-09
-0.074 6.1336e-09
-0.072 5.41067e-09
-0.07 4.77105e-09
-0.068 4.20538e-09
-0.066 3.70532e-09
-0.064 3.26344e-09
-0.062 2.87314e-09
-0.06 2.52854e-09
-0.058 2.22441e-09
-0.056 1.95614e-09
-0.054 1.71958e-09
-0.052 1.51108e-09
-0.05 1.32741e-09
-0.048 1.16568e-09
-0.046 1.02334e-09
-0.044 8.98144e-10
-0.042 7.88074e-10
-0.04 6.91368e-10
-0.038 6.06462e-10
-0.036 5.31976e-10
-0.034 4.66679e-10
-0.032 4.09516e-10
-0.03 3.59516e-10
-0.028 3.15861e-10
-0.026 2.77813e-10
-0.024 2.44731e-10
-0.022 2.16057e-10
-0.02 1.91287e-10
-0.018 1.70024e-10
-0.016 1.51878e-10
-0.014 1.3655e-10
-0.012 1.23763e-10
-0.01 1.13302e-10
-0.008 1.04987e-10
-0.006 9.86625e-11
-0.004 9.42202e-11
-0.002 9.15876e-11
0 9.07161e-11
0.002 9.1591e-11
0.004 9.42217e-11
0.006 9.86601e-11
0.008 1.04986e-10
0.01 1.13303e-10
0.012 1.23765e-10
0.014 1.36552e-10
0.016 1.51877e-10
0.018 1.70027e-10
0.02 1.91289e-10
0.022 2.16054e-10
0.024 2.44729e-10
0.026 2.77816e-10
0.028 3.15862e-10
0.03 3.5952e-10
0.032 4.09512e-10
0.034 4.66681e-10
0.036 5.31971e-10
0.038 6.06462e-10
0.04 6.91364e-10
0.042 7.88071e-10
0.044 8.98143e-10
0.046 1.02335e-09
0.048 1.16568e-09
0.05 1.32742e-09
0.052 1.51108e-09
0.054 1.71958e-09
0.056 1.95614e-09
0.058 2.22441e-09
0.06 2.52853e-09
0.062 2.87314e-09
0.064 3.26344e-09
0.066 3.70532e-09
0.068 4.20538e-09
0.07 4.77105e-09
0.072 5.41067e-09
0.074 6.13359e-09
0.076 6.95036e-09
0.078 7.87274e-09
0.08 8.91398e-09
0.082 1.00889e-08
0.084 1.14142e-08
0.086 1.29083e-08
0.088 1.45922e-08
0.09 1.64892e-08
0.092 1.86254e-08
0.094 2.10299e-08
0.096 2.37353e-08
0.098 2.6778e-08
0.1 3.01988e-08
0.102 3.40429e-08
0.104 3.83609e-08
0.106 4.32094e-08
0.108 4.86513e-08
0.11 5.47566e-08
0.112 6.16034e-08
0.114 6.92786e-08
0.116 7.78789e-08
0.118 8.75119e-08
0.12 9.82971e-08
0.122 1.10367e-07
0.124 1.2387e-07
0.126 1.38969e-07
0.128 1.55847e-07
0.13 1.74704e-07
0.132 1.95764e-07
0.134 2.19276e-07
0.136 2.45513e-07
0.138 2.7478e-07
0.14 3.07412e-07
0.142 3.43782e-07
0.144 3.84302e-07
0.146 4.29425e-07
0.148 4.79655e-07
0.15 5.35546e-07
0.152 5.9771e-07
0.154 6.66823e-07
0.156 7.43631e-07
0.158 8.28954e-07
0.16 9.23697e-07
0.162 1.02886e-06
0.164 1.14553e-06
0.166 1.27493e-06
0.168 1.41837e-06
0.17 1.57732e-06
0.172 1.75338e-06
0.174 1.94832e-06
0.176 2.16406e-06
0.178 2.40273e-06
0.18 2.66665e-06
0.182 2.95839e-06
0.184 3.28072e-06
0.186 3.63673e-06
0.188 4.02975e-06
0.19 4.46346e-06
0.192 4.94187e-06
0.194 5.46936e-06
0.196 6.05075e-06
0.198 6.69126e-06
0.2 7.39661e-06
0.202 8.17304e-06
0.204 9.02737e-06
0.206 9.96701e-06
0.208 1.10001e-05
0.21 1.21353e-05
0.212 1.33824e-05
0.214 1.47517e-05
0.216 1.62547e-05
0.218 1.79036e-05
0.22 1.97118e-05
0.222 2.16941e-05
0.224 2.38661e-05
0.226 2.62451e-05
0.228 2.88497e-05
0.23 3.17e-05
0.232 3.48181e-05
0.234 3.82276e-05
0.236 4.19541e-05
0.238 4.60256e-05
0.24 5.04719e-05
0.242 5.53256e-05
0.244 6.06219e-05
0.246 6.63986e-05
0.248 7.26967e-05
0.25 7.95603e-05
0.252 8.70372e-05
0.254 9.51786e-05
0.256 0.00010404
0.258 0.000113681
0.26 0.000124165
0.262 0.000135563
0.264 0.000147947
0.266 0.000161398
0.268 0.000176002
0.27 0.00019185
0.272 0.000209042
0.274 0.000227683
0.276 0.000247887
0.278 0.000269776
0.28 0.000293481
0.282 0.000319141
0.284 0.000346906
0.286 0.000376935
0.288 0.0004094
0.29 0.000444483
0.292 0.00048238
0.294 0.000523299
0.296 0.000567461
0.298 0.000615105
0.3 0.000666481
0.302 0.000721861
0.304 0.000781529
0.306 0.000845791
0.308 0.00091497
0.31 0.000989413
0.312 0.00106948
0.314 0.00115557
0.316 0.00124809
0.318 0.00134748
0.32 0.0014542
0.322 0.00156875
0.324 0.00169164
0.326 0.00182342
0.328 0.00196469
0.33 0.00211606
0.332 0.00227818
0.334 0.00245173
0.336 0.00263746
0.338 0.00283612
0.34 0.00304852
0.342 0.00327552
0.344 0.00351801
0.346 0.00377694
0.348 0.00405332
0.35 0.00434817
0.352 0.00466261
0.354 0.00499779
0.356 0.00535492
0.358 0.00573527
0.36 0.00614018
0.362 0.00657106
0.364 0.00702935
0.366 0.00751661
0.368 0.00803442
0.37 0.00858447
0.372 0.00916851
0.374 0.00978837
0.376 0.010446
0.378 0.0111433
0.38 0.0118824
0.382 0.0126654
0.384 0.0134947
0.386 0.0143725
0.388 0.0153012
0.39 0.0162835
0.392 0.0173219
0.394 0.0184192
0.396 0.0195782
0.398 0.0208017
0.4 0.0220929
0.402 0.0234548
0.404 0.0248907
0.406 0.026404
0.408 0.027998
0.41 0.0296765
0.412 0.0314429
0.414 0.0333012
0.416 0.0352552
0.418 0.037309
0.42 0.0394666
0.422 0.0417322
0.424 0.0441103
0.426 0.0466053
0.428 0.0492217
0.43 0.0519642
0.432 0.0548375
0.434 0.0578466
0.436 0.0609964
0.438 0.0642919
0.44 0.0677385
0.442 0.0713412
0.444 0.0751055
0.446 0.0790368
0.448 0.0831407
0.45 0.0874226
0.452 0.0918883
0.454 0.0965435
0.456 0.101394
0.458 0.106446
0.46 0.111704
0.462 0.117176
0.464 0.122866
0.466 0.128781
0.468 0.134927
0.47 0.14131
0.472 0.147935
0.474 0.154809
0.476 0.161938
0.478 0.169327
0.48 0.176983
0.482 0.184911
0.484 0.193117
0.486 0.201606
0.488 0.210384
0.49 0.219456
0.492 0.228829
0.494 0.238506
0.496 0.248493
0.498 0.258794
0.5 0.269415
0.502 0.28036
0.504 0.291632
0.506 0.303237
0.508 0.315177
0.51 0.327456
0.512 0.340078
0.514 0.353044
0.516 0.366359
0.518 0.380024
0.52 0.394041
0.522 0.408411
0.524 0.423136
0.526 0.438217
0.528 0.453654
0.53 0.469446
0.532 0.485595
0.534 0.502097
0.536 0.518953
0.538 0.536161
0.54 0.553717
0.542 0.57162
0.544 0.589865
0.546 0.60845
0.548 0.627369
0.55 0.646617
0.552 0.666189
0.554 0.68608
0.556 0.706282
0.558 0.726788
0.56 0.74759
0.562 0.76868
0.564 0.790048
0.566 0.811686
0.568 0.833584
0.57 0.855729
0.572 0.878112
0.574 0.90072
0.576 0.92354
0.578 0.94656
0.58 0.969765
0.582 0.993143
0.584 1.01668
0.586 1.04035
0.588 1.06415
0.59 1.08806
0.592 1.11207
0.594 1.13614
0.596 1.16028
0.598 1.18445
0.6 1.20864
0.602 1.23284
0.604 1.25701
0.606 1.28115
0.608 1.30523
0.61 1.32923
0.612 1.35313
0.614 1.37691
0.616 1.40054
0.618 1.42401
0.62 1.4473
0.622 1.47038
0.624 1.49323
0.626 1.51582
0.628 1.53815
0.63 1.56018
0.632 1.58189
0.634 1.60326
0.636 1.62427
0.638 1.6449
0.64 1.66512
0.642 1.68492
0.644 1.70427
0.646 1.72316
0.648 1.74156
0.65 1.75945
0.652 1.77681
0.654 1.79363
0.656 1.80988
0.658 1.82555
0.66 1.84061
0.662 1.85506
0.664 1.86888
0.666 1.88204
0.668 1.89455
0.67 1.90637
0.672 1.91749
0.674 1.92791
0.676 1.93762
0.678 1.94659
0.68 1.95482
0.682 1.9623
0.684 1.96903
0.686 1.97498
0.688 1.98016
0.69 1.98456
0.692 1.98818
0.694 1.991
0.696 1.99304
0.698 1.99427
0.7 1.99471
0.702 1.99435
0.704 1.9932
0.706 1.99124
0.708 1.9885
0.71 1.98496
0.712 1.98064
0.714 1.97553
0.716 1.96966
0.718 1.96301
0.72 1.9556
0.722 1.94745
0.724 1.93855
0.726 1.92892
0.728 1.91857
0.73 1.90751
0.732 1.89576
0.734 1.88333
0.736 1.87023
0.738 1.85647
0.74 1.84209
0.742 1.82708
0.744 1.81147
0.746 1.79528
0.748 1.77852
0.75 1.76121
0.752 1.74337
0.754 1.72502
0.756 1.70618
0.758 1.68688
0.76 1.66712
0.762 1.64694
0.764 1.62635
0.766 1.60538
0.768 1.58404
0.77 1.56236
0.772 1.54037
0.774 1.51807
0.776 1.4955
0.778 1.47268
0.78 1.44962
0.782 1.42635
0.784 1.4029
0.786 1.37928
0.788 1.35552
0.79 1.33163
0.792 1.30764
0.794 1.28357
0.796 1.25944
0.798 1.23526
0.8 1.21107
0.802 1.18688
0.804 1.1627
0.806 1.13856
0.808 1.11448
0.81 1.09047
0.812 1.06655
0.814 1.04274
0.816 1.01905
0.818 0.995507
0.82 0.972115
0.822 0.948894
0.824 0.925857
0.826 0.903019
0.828 0.880392
0.83 0.857989
0.832 0.835822
0.834 0.813903
0.836 0.792243
0.838 0.77085
0.84 0.749737
0.842 0.72891
0.844 0.70838
0.846 0.688153
0.848 0.668238
0.85 0.64864
0.852 0.629366
0.854 0.610423
0.856 0.591814
0.858 0.573544
0.86 0.555617
0.862 0.538038
0.864 0.520808
0.866 0.50393
0.868 0.487407
0.87 0.471239
0.872 0.455428
0.874 0.439974
0.876 0.424878
0.878 0.41014
0.88 0.395758
0.882 0.381732
0.884 0.36806
0.886 0.35474
0.888 0.341772
0.89 0.329151
0.892 0.316876
0.894 0.304943
0.896 0.29335
0.898 0.282092
0.9 0.271167
0.902 0.26057
0.904 0.250297
0.906 0.240343
0.908 0.230705
0.91 0.221377
0.912 0.212356
0.914 0.203635
0.916 0.19521
0.918 0.187077
0.92 0.179229
0.922 0.171662
0.924 0.16437
0.926 0.157348
0.928 0.150591
0.93 0.144093
0.932 0.13785
0.934 0.131855
0.936 0.126104
0.938 0.120591
0.94 0.115312
0.942 0.110261
0.944 0.105433
0.946 0.100823
0.948 0.0964272
0.95 0.0922396
0.952 0.0882559
0.954 0.0844719
0.956 0.0808829
0.958 0.0774849
0.96 0.0742737
0.962 0.0712453
0.964 0.068396
0.966 0.0657221
0.968 0.0632202
0.97 0.0608868
0.972 0.058719
0.974 0.0567138
0.976 0.0548684
0.978 0.0531802
0.98 0.0516468
0.982 0.0502662
0.984 0.0490363
0.986 0.0479553
0.988 0.0470216
0.99 0.0462339
0.992 0.045591
0.994 0.045092
0.996 0.044736
0.998 0.0445227
