-1 6.14933e-17
-0.998 6.24355e-17
-0.996 6.52893e-17
-0.994 7.01376e-17
-0.992 7.71209e-17
-0.99 8.6441e-17
-0.988 9.83672e-17
-0.986 1.13243e-16
-0.984 1.31495e-16
-0.982 1.53645e-16
-0.98 1.80326e-16
-0.978 2.12295e-16
-0.976 2.50457e-16
-0.974 2.95887e-16
-0.972 3.49858e-16
-0.97 4.13878e-16
-0.968 4.89727e-16
-0.966 5.79501e-16
-0.964 6.85674e-16
-0.962 8.11154e-16
-0.96 9.59362e-16
-0.958 1.13432e-15
-0.956 1.34075e-15
-0.954 1.58421e-15
-0.952 1.87119e-15
-0.95 2.20933e-15
-0.948 2.60759e-15
-0.946 3.07644e-15
-0.944 3.62819e-15
-0.942 4.2772e-15
-0.94 5.04031e-15
-0.938 5.93721e-15
-0.936 6.99094e-15
-0.934 8.2284e-15
-0.932 9.68104e-15
-0.93 1.13856e-14
-0.928 1.33849e-14
-0.926 1.5729e-14
-0.924 1.84763e-14
-0.922 2.16947e-14
-0.92 2.54635e-14
-0.918 2.98751e-14
-0.916 3.50371e-14
-0.914 4.10745e-14
-0.912 4.8133e-14
-0.91 5.63819e-14
-0.908 6.6018e-14
-0.906 7.72702e-14
-0.904 9.0404e-14
-0.902 1.05728e-13
-0.9 1.236e-13
-0.898 1.44435e-13
-0.896 1.68715e-13
-0.894 1.96997e-13
-0.892 2.29929e-13
-0.89 2.68259e-13
-0.888 3.12852e-13
-0.886 3.64713e-13
-0.884 4.25001e-13
-0.882 4.95057e-13
-0.88 5.76429e-13
-0.878 6.70909e-13
-0.876 7.80561e-13
-0.874 9.07772e-13
-0.872 1.05529e-12
-0.87 1.2263e-12
-0.868 1.42444e-12
-0.866 1.65394e-12
-0.864 1.91964e-12
-0.862 2.22714e-12
-0.86 2.58287e-12
-0.858 2.99421e-12
-0.856 3.46968e-12
-0.854 4.01903e-12
-0.852 4.65351e-12
-0.85 5.38599e-12
-0.848 6.23128e-12
-0.846 7.20635e-12
-0.844 8.33066e-12
-0.842 9.62653e-12
-0.84 1.11195e-11
-0.838 1.28389e-11
-0.836 1.48183e-11
-0.834 1.7096e-11
-0.832 1.97159e-11
-0.83 2.27282e-11
-0.828 2.61902e-11
-0.826 3.01675e-11
-0.824 3.47349e-11
-0.822 3.99778e-11
-0.82 4.59938e-11
-0.818 5.28938e-11
-0.816 6.08046e-11
-0.814 6.98707e-11
-0.812 8.02564e-11
-0.81 9.2149e-11
-0.808 1.05762e-10
-0.806 1.21336e-10
-0.804 1.39149e-10
-0.802 1.59513e-10
-0.8 1.82784e-10
-0.798 2.09367e-10
-0.796 2.39719e-10
-0.794 2.74362e-10
-0.792 3.13886e-10
-0.79 3.58959e-10
-0.788 4.10341e-10
-0.786 4.6889e-10
-0.784 5.35579e-10
-0.782 6.11509e-10
-0.78 6.97924e-10
-0.778 7.96231e-10
-0.776 9.08023e-10
-0.774 1.0351e-09
-0.772 1.17948e-09
-0.77 1.34347e-09
-0.768 1.52964e-09
-0.766 1.74092e-09
-0.764 1.98059e-09
-0.762 2.25235e-09
-0.76 2.56038e-09
-0.758 2.90937e-09
-0.756 3.3046e-09
-0.754 3.75203e-09
-0.752 4.25833e-09
-0.75 4.83102e-09
-0.748 5.47853e-09
-0.746 6.21035e-09
-0.744 7.03711e-09
-0.742 7.97074e-09
-0.74 9.02463e-09
-0.738 1.02138e-08
-0.736 1.1555e-08
-0.734 1.30671e-08
-0.732 1.47712e-08
-0.73 1.66908e-08
-0.728 1.88524e-08
-0.726 2.12853e-08
-0.724 2.40227e-08
-0.722 2.71012e-08
-0.72 3.0562e-08
-0.718 3.4451e-08
-0.716 3.88194e-08
-0.714 4.37241e-08
-0.712 4.92288e-08
-0.71 5.54044e-08
-0.708 6.23298e-08
-0.706 7.00928e-08
-0.704 7.87911e-08
-0.702 8.85334e-08
-0.7 9.94405e-08
-0.698 1.11647e-07
-0.696 1.25301e-07
-0.694 1.40569e-07
-0.692 1.57635e-07
-0.69 1.76701e-07
-0.688 1.97995e-07
-0.686 2.21765e-07
-0.684 2.48291e-07
-0.682 2.77878e-07
-0.68 3.10866e-07
-0.678 3.47631e-07
-0.676 3.88588e-07
-0.674 4.34198e-07
-0.672 4.84967e-07
-0.67 5.41456e-07
-0.668 6.04282e-07
-0.666 6.74129e-07
-0.664 7.51748e-07
-0.662 8.37969e-07
-0.66 9.33706e-07
-0.658 1.03996e-06
-0.656 1.15785e-06
-0.654 1.28859e-06
-0.652 1.43351e-06
-0.65 1.5941e-06
-0.648 1.77196e-06
-0.646 1.96888e-06
-0.644 2.18682e-06
-0.642 2.4279e-06
-0.64 2.69448e-06
-0.638 2.98914e-06
-0.636 3.3147e-06
-0.634 3.67424e-06
-0.632 4.07116e-06
-0.63 4.50914e-06
-0.628 4.99225e-06
-0.626 5.52491e-06
-0.624 6.11196e-06
-0.622 6.75868e-06
-0.62 7.47084e-06
-0.618 8.25474e-06
-0.616 9.11725e-06
-0.614 1.00658e-05
-0.612 1.11087e-05
-0.61 1.22547e-05
-0.608 1.35135e-05
-0.606 1.48956e-05
-0.604 1.64126e-05
-0.602 1.80768e-05
-0.6 1.99018e-05
-0.598 2.19022e-05
-0.596 2.40941e-05
-0.594 2.64948e-05
-0.592 2.9123e-05
-0.59 3.19991e-05
-0.588 3.51452e-05
-0.586 3.85852e-05
-0.584 4.23449e-05
-0.582 4.64524e-05
-0.58 5.0938e-05
-0.578 5.58343e-05
-0.576 6.11769e-05
-0.574 6.70038e-05
-0.572 7.33564e-05
-0.57 8.02791e-05
-0.568 8.782e-05
-0.566 9.60309e-05
-0.564 0.000104967
-0.562 0.00011469
-0.56 0.000125262
-0.558 0.000136755
-0.556 0.000149242
-0.554 0.000162805
-0.552 0.000177528
-0.55 0.000193506
-0.548 0.000210838
-0.546 0.00022963
-0.544 0.000249997
-0.542 0.000272062
-0.54 0.000295956
-0.538 0.00032182
-0.536 0.000349803
-0.534 0.000380069
-0.532 0.000412787
-0.53 0.000448143
-0.528 0.000486332
-0.526 0.000527565
-0.524 0.000572065
-0.522 0.00062007
-0.52 0.000671835
-0.518 0.00072763
-0.516 0.000787744
-0.514 0.000852483
-0.512 0.000922174
-0.51 0.000997163
-0.508 0.00107782
-0.506 0.00116453
-0.504 0.00125772
-0.502 0.00135782
-0.5 0.0014653
-0.498 0.00158066
-0.496 0.00170441
-0.494 0.00183712
-0.492 0.00197938
-0.49 0.00213179
-0.488 0.00229502
-0.486 0.00246976
-0.484 0.00265675
-0.482 0.00285675
-0.48 0.00307057
-0.478 0.00329908
-0.476 0.00354318
-0.474 0.00380382
-0.472 0.004082
-0.47 0.00437876
-0.468 0.00469523
-0.466 0.00503255
-0.464 0.00539196
-0.462 0.00577472
-0.46 0.00618217
-0.458 0.00661573
-0.456 0.00707687
-0.454 0.00756712
-0.452 0.0080881
-0.45 0.00864148
-0.448 0.00922904
-0.446 0.00985261
-0.444 0.0105141
-0.442 0.0112155
-0.44 0.0119589
-0.438 0.0127466
-0.436 0.0135806
-0.434 0.0144634
-0.432 0.0153975
-0.43 0.0163853
-0.428 0.0174296
-0.426 0.0185329
-0.424 0.0196983
-0.422 0.0209285
-0.42 0.0222267
-0.418 0.023596
-0.416 0.0250396
-0.414 0.026561
-0.412 0.0281634
-0.41 0.0298507
-0.408 0.0316263
-0.406 0.0334942
-0.404 0.0354582
-0.402 0.0375224
-0.4 0.0396909
-0.398 0.0419679
-0.396 0.0443578
-0.394 0.046865
-0.392 0.0494942
-0.39 0.05225
-0.388 0.0551372
-0.386 0.0581606
-0.384 0.0613253
-0.382 0.0646364
-0.38 0.068099
-0.378 0.0717185
-0.376 0.0755001
-0.374 0.0794493
-0.372 0.0835718
-0.37 0.087873
-0.368 0.0923586
-0.366 0.0970345
-0.364 0.101906
-0.362 0.10698
-0.36 0.112261
-0.358 0.117756
-0.356 0.123471
-0.354 0.129411
-0.352 0.135583
-0.35 0.141993
-0.348 0.148646
-0.346 0.155549
-0.344 0.162707
-0.342 0.170127
-0.34 0.177814
-0.338 0.185774
-0.336 0.194013
-0.334 0.202537
-0.332 0.211351
-0.33 0.22046
-0.328 0.22987
-0.326 0.239586
-0.324 0.249613
-0.322 0.259956
-0.32 0.270619
-0.318 0.281608
-0.316 0.292926
-0.314 0.304577
-0.312 0.316566
-0.31 0.328895
-0.308 0.341568
-0.306 0.354588
-0.304 0.367958
-0.302 0.381679
-0.3 0.395755
-0.298 0.410187
-0.296 0.424975
-0.294 0.440122
-0.292 0.455626
-0.29 0.47149
-0.288 0.487711
-0.286 0.50429
-0.284 0.521226
-0.282 0.538516
-0.28 0.556158
-0.278 0.574151
-0.276 0.59249
-0.274 0.611172
-0.272 0.630194
-0.27 0.649549
-0.268 0.669234
-0.266 0.689242
-0.264 0.709567
-0.262 0.730202
-0.26 0.75114
-0.258 0.772373
-0.256 0.793892
-0.254 0.815688
-0.252 0.837752
-0.25 0.860073
-0.248 0.882641
-0.246 0.905444
-0.244 0.928471
-0.242 0.951708
-0.24 0.975144
-0.238 0.998765
-0.236 1.02256
-0.234 1.0465
-0.232 1.07059
-0.23 1.09481
-0.228 1.11913
-0.226 1.14355
-0.224 1.16805
-0.222 1.1926
-0.22 1.2172
-0.218 1.24183
-0.216 1.26646
-0.214 1.29108
-0.212 1.31567
-0.21 1.34021
-0.208 1.36468
-0.206 1.38906
-0.204 1.41334
-0.202 1.43749
-0.2 1.4615
-0.198 1.48534
-0.196 1.50899
-0.194 1.53244
-0.192 1.55567
-0.19 1.57865
-0.188 1.60136
-0.186 1.6238
-0.184 1.64593
-0.182 1.66774
-0.18 1.68921
-0.178 1.71033
-0.176 1.73107
-0.174 1.75142
-0.172 1.77137
-0.17 1.79088
-0.168 1.80996
-0.166 1.82858
-0.164 1.84673
-0.162 1.86439
-0.16 1.88155
-0.158 1.89821
-0.156 1.91434
-0.154 1.92993
-0.152 1.94498
-0.15 1.95947
-0.148 1.97341
-0.146 1.98676
-0.144 1.99954
-0.142 2.01174
-0.14 2.02334
-0.138 2.03435
-0.136 2.04476
-0.134 2.05457
-0.132 2.06378
-0.13 2.07238
-0.128 2.08038
-0.126 2.08779
-0.124 2.09459
-0.122 2.1008
-0.12 2.10641
-0.118 2.11145
-0.116 2.1159
-0.114 2.11978
-0.112 2.12311
-0.11 2.12587
-0.108 2.1281
-0.106 2.12979
-0.104 2.13096
-0.102 2.13163
-0.1 2.1318
-0.098 2.1315
-0.096 2.13073
-0.094 2.12952
-0.092 2.12788
-0.09 2.12582
-0.088 2.12337
-0.086 2.12055
-0.084 2.11737
-0.082 2.11386
-0.08 2.11003
-0.078 2.10591
-0.076 2.10151
-0.074 2.09686
-0.072 2.09199
-0.07 2.0869
-0.068 2.08163
-0.066 2.0762
-0.064 2.07063
-0.062 2.06495
-0.06 2.05916
-0.058 2.05331
-0.056 2.04741
-0.054 2.04148
-0.052 2.03554
-0.05 2.02962
-0.048 2.02374
-0.046 2.01792
-0.044 2.01218
-0.042 2.00654
-0.04 2.00102
-0.038 1.99563
-0.036 1.99041
-0.034 1.98536
-0.032 1.9805
-0.03 1.97585
-0.028 1.97142
-0.026 1.96723
-0.024 1.9633
-0.022 1.95963
-0.02 1.95623
-0.018 1.95313
-0.016 1.95033
-0.014 1.94783
-0.012 1.94565
-0.01 1.94379
-0.008 1.94226
-0.006 1.94107
-0.004 1.94022
-0.002 1.9397
0 1.93953
0.002 1.9397
0.004 1.94022
0.006 1.94107
0.008 1.94226
0.01 1.94379
0.012 1.94565
0.014 1.94783
0.016 1.95033
0.018 1.95313
0.02 1.95623
0.022 1.95963
0.024 1.9633
0.026 1.96723
0.028 1.97142
0.03 1.97585
0.032 1.9805
0.034 1.98536
0.036 1.99041
0.038 1.99563
0.04 2.00102
0.042 2.00654
0.044 2.01218
0.046 2.01792
0.048 2.02374
0.05 2.02962
0.052 2.03554
0.054 2.04148
0.056 2.04741
0.058 2.05331
0.06 2.05916
0.062 2.06495
0.064 2.07063
0.066 2.0762
0.068 2.08163
0.07 2.0869
0.072 2.09199
0.074 2.09686
0.076 2.10151
0.078 2.10591
0.08 2.11003
0.082 2.11386
0.084 2.11737
0.086 2.12055
0.088 2.12337
0.09 2.12582
0.092 2.12788
0.094 2.12952
0.096 2.13073
0.098 2.1315
0.1 2.1318
0.102 2.13163
0.104 2.13096
0.106 2.12979
0.108 2.1281
0.11 2.12587
0.112 2.12311
0.114 2.11978
0.116 2.1159
0.118 2.11145
0.12 2.10641
0.122 2.1008
0.124 2.09459
0.126 2.08779
0.128 2.08038
0.13 2.07238
0.132 2.06378
0.134 2.05457
0.136 2.04476
0.138 2.03435
0.14 2.02334
0.142 2.01174
0.144 1.99954
0.146 1.98676
0.148 1.97341
0.15 1.95947
0.152 1.94498
0.154 1.92993
0.156 1.91434
0.158 1.89821
0.16 1.88155
0.162 1.86439
0.164 1.84673
0.166 1.82858
0.168 1.80996
0.17 1.79088
0.172 1.77137
0.174 1.75142
0.176 1.73107
0.178 1.71033
0.18 1.68921
0.182 1.66774
0.184 1.64593
0.186 1.6238
0.188 1.60136
0.19 1.57865
0.192 1.55567
0.194 1.53244
0.196 1.50899
0.198 1.48534
0.2 1.4615
0.202 1.43749
0.204 1.41334
0.206 1.38906
0.208 1.36468
0.21 1.34021
0.212 1.31567
0.214 1.29108
0.216 1.26646
0.218 1.24183
0.22 1.2172
0.222 1.1926
0.224 1.16805
0.226 1.14355
0.228 1.11913
0.23 1.09481
0.232 1.07059
0.234 1.0465
0.236 1.02256
0.238 0.998765
0.24 0.975144
0.242 0.951708
0.244 0.928471
0.246 0.905444
0.248 0.882641
0.25 0.860073
0.252 0.837752
0.254 0.815688
0.256 0.793892
0.258 0.772373
0.26 0.75114
0.262 0.730202
0.264 0.709567
0.266 0.689242
0.268 0.669234
0.27 0.649549
0.272 0.630194
0.274 0.611172
0.276 0.59249
0.278 0.574151
0.28 0.556158
0.282 0.538516
0.284 0.521226
0.286 0.50429
0.288 0.487711
0.29 0.47149
0.292 0.455626
0.294 0.440122
0.296 0.424975
0.298 0.410187
0.3 0.395755
0.302 0.381679
0.304 0.367958
0.306 0.354588
0.308 0.341568
0.31 0.328895
0.312 0.316566
0.314 0.304577
0.316 0.292926
0.318 0.281608
0.32 0.270619
0.322 0.259956
0.324 0.249613
0.326 0.239586
0.328 0.22987
0.33 0.22046
0.332 0.211351
0.334 0.202537
0.336 0.194013
0.338 0.185774
0.34 0.177814
0.342 0.170127
0.344 0.162707
0.346 0.155549
0.348 0.148646
0.35 0.141993
0.352 0.135583
0.354 0.129411
0.356 0.123471
0.358 0.117756
0.36 0.112261
0.362 0.10698
0.364 0.101906
0.366 0.0970345
0.368 0.0923586
0.37 0.087873
0.372 0.0835718
0.374 0.0794493
0.376 0.0755001
0.378 0.0717185
0.38 0.068099
0.382 0.0646364
0.384 0.0613253
0.386 0.0581606
0.388 0.0551372
0.39 0.05225
0.392 0.0494942
0.394 0.046865
0.396 0.0443578
0.398 0.0419679
0.4 0.0396909
0.402 0.0375224
0.404 0.0354582
0.406 0.0334942
0.408 0.0316263
0.41 0.0298507
0.412 0.0281634
0.414 0.026561
0.416 0.0250396
0.418 0.023596
0.42 0.0222267
0.422 0.0209285
0.424 0.0196983
0.426 0.0185329
0.428 0.0174296
0.43 0.0163853
0.432 0.0153975
0.434 0.0144634
0.436 0.0135806
0.438 0.0127466
0.44 0.0119589
0.442 0.0112155
0.444 0.0105141
0.446 0.00985261
0.448 0.00922904
0.45 0.00864148
0.452 0.0080881
0.454 0.00756712
0.456 0.00707687
0.458 0.00661573
0.46 0.00618217
0.462 0.00577472
0.464 0.00539196
0.466 0.00503255
0.468 0.00469523
0.47 0.00437876
0.472 0.004082
0.474 0.00380382
0.476 0.00354318
0.478 0.00329908
0.48 0.00307057
0.482 0.00285675
0.484 0.00265675
0.486 0.00246976
0.488 0.00229502
0.49 0.00213179
0.492 0.00197938
0.494 0.00183712
0.496 0.00170441
0.498 0.00158066
0.5 0.0014653
0.502 0.00135782
0.504 0.00125772
0.506 0.00116453
0.508 0.00107782
0.51 0.000997163
0.512 0.000922174
0.514 0.000852483
0.516 0.000787744
0.518 0.00072763
0.52 0.000671835
0.522 0.00062007
0.524 0.000572065
0.526 0.000527565
0.528 0.000486332
0.53 0.000448143
0.532 0.000412787
0.534 0.000380069
0.536 0.000349803
0.538 0.00032182
0.54 0.000295956
0.542 0.000272062
0.544 0.000249997
0.546 0.00022963
0.548 0.000210838
0.55 0.000193506
0.552 0.000177528
0.554 0.000162805
0.556 0.000149242
0.558 0.000136755
0.56 0.000125262
0.562 0.00011469
0.564 0.000104967
0.566 9.60309e-05
0.568 8.782e-05
0.57 8.02791e-05
0.572 7.33564e-05
0.574 6.70038e-05
0.576 6.11769e-05
0.578 5.58343e-05
0.58 5.0938e-05
0.582 4.64524e-05
0.584 4.23449e-05
0.586 3.85852e-05
0.588 3.51452e-05
0.59 3.19991e-05
0.592 2.9123e-05
0.594 2.64948e-05
0.596 2.40941e-05
0.598 2.19022e-05
0.6 1.99018e-05
0.602 1.80768e-05
0.604 1.64126e-05
0.606 1.48956e-05
0.608 1.35135e-05
0.61 1.22547e-05
0.612 1.11087e-05
0.614 1.00658e-05
0.616 9.11725e-06
0.618 8.25474e-06
0.62 7.47084e-06
0.622 6.75868e-06
0.624 6.11196e-06
0.626 5.52491e-06
0.628 4.99225e-06
0.63 4.50914e-06
0.632 4.07116e-06
0.634 3.67424e-06
0.636 3.3147e-06
0.638 2.98914e-06
0.64 2.69448e-06
0.642 2.4279e-06
0.644 2.18682e-06
0.646 1.96888e-06
0.648 1.77196e-06
0.65 1.5941e-06
0.652 1.43351e-06
0.654 1.28859e-06
0.656 1.15785e-06
0.658 1.03996e-06
0.66 9.33706e-07
0.662 8.37969e-07
0.664 7.51748e-07
0.666 6.74129e-07
0.668 6.04282e-07
0.67 5.41456e-07
0.672 4.84967e-07
0.674 4.34198e-07
0.676 3.88588e-07
0.678 3.47631e-07
0.68 3.10866e-07
0.682 2.77878e-07
0.684 2.48291e-07
0.686 2.21765e-07
0.688 1.97995e-07
0.69 1.76701e-07
0.692 1.57635e-07
0.694 1.40569e-07
0.696 1.25301e-07
0.698 1.11647e-07
0.7 9.94405e-08
0.702 8.85334e-08
0.704 7.87911e-08
0.706 7.00928e-08
0.708 6.23298e-08
0.71 5.54044e-08
0.712 4.92288e-08
0.714 4.37241e-08
0.716 3.88194e-08
0.718 3.4451e-08
0.72 3.0562e-08
0.722 2.71012e-08
0.724 2.40227e-08
0.726 2.12853e-08
0.728 1.88524e-08
0.73 1.66908e-08
0.732 1.47712e-08
0.734 1.30671e-08
0.736 1.1555e-08
0.738 1.02138e-08
0.74 9.02463e-09
0.742 7.97074e-09
0.744 7.03711e-09
0.746 6.21035e-09
0.748 5.47853e-09
0.75 4.83102e-09
0.752 4.25833e-09
0.754 3.75203e-09
0.756 3.3046e-09
0.758 2.90937e-09
0.76 2.56038e-09
0.762 2.25235e-09
0.764 1.98059e-09
0.766 1.74092e-09
0.768 1.52964e-09
0.77 1.34347e-09
0.772 1.17948e-09
0.774 1.0351e-09
0.776 9.08023e-10
0.778 7.96231e-10
0.78 6.97924e-10
0.782 6.11509e-10
0.784 5.35579e-10
0.786 4.6889e-10
0.788 4.10341e-10
0.79 3.58959e-10
0.792 3.13886e-10
0.794 2.74362e-10
0.796 2.39719e-10
0.798 2.09367e-10
0.8 1.82784e-10
0.802 1.59513e-10
0.804 1.39149e-10
0.806 1.21336e-10
0.808 1.05762e-10
0.81 9.2149e-11
0.812 8.02564e-11
0.814 6.98707e-11
0.816 6.08046e-11
0.818 5.28938e-11
0.82 4.59938e-11
0.822 3.99778e-11
0.824 3.47349e-11
0.826 3.01675e-11
0.828 2.61902e-11
0.83 2.27282e-11
0.832 1.97159e-11
0.834 1.7096e-11
0.836 1.48183e-11
0.838 1.28389e-11
0.84 1.11195e-11
0.842 9.62653e-12
0.844 8.33066e-12
0.846 7.20635e-12
0.848 6.23128e-12
0.85 5.38599e-12
0.852 4.65351e-12
0.854 4.01903e-12
0.856 3.46968e-12
0.858 2.99421e-12
0.86 2.58287e-12
0.862 2.22714e-12
0.864 1.91964e-12
0.866 1.65394e-12
0.868 1.42444e-12
0.87 1.2263e-12
0.872 1.05529e-12
0.874 9.07772e-13
0.876 7.80561e-13
0.878 6.70909e-13
0.88 5.76429e-13
0.882 4.95057e-13
0.884 4.25001e-13
0.886 3.64713e-13
0.888 3.12852e-13
0.89 2.68259e-13
0.892 2.29929e-13
0.894 1.96997e-13
0.896 1.68715e-13
0.898 1.44435e-13
0.9 1.236e-13
0.902 1.05728e-13
0.904 9.0404e-14
0.906 7.72702e-14
0.908 6.6018e-14
0.91 5.63819e-14
0.912 4.8133e-14
0.914 4.10745e-14
0.916 3.50371e-14
0.918 2.98751e-14
0.92 2.54635e-14
0.922 2.16947e-14
0.924 1.84763e-14
0.926 1.5729e-14
0.928 1.33849e-14
0.93 1.13856e-14
0.932 9.68104e-15
0.934 8.2284e-15
0.936 6.99094e-15
0.938 5.93721e-15
0.94 5.04031e-15
0.942 4.2772e-15
0.944 3.62819e-15
0.946 3.07644e-15
0.948 2.60759e-15
0.95 2.20933e-15
0.952 1.87119e-15
0.954 1.58421e-15
0.956 1.34075e-15
0.958 1.13432e-15
0.96 9.59362e-16
0.962 8.11154e-16
0.964 6.85674e-16
0.966 5.79501e-16
0.968 4.89727e-16
0.97 4.13878e-16
0.972 3.49858e-16
0.974 2.95887e-16
0.976 2.50457e-16
0.978 2.12295e-16
0.98 1.80326e-16
0.982 1.53645e-16
0.984 1.31495e-16
0.986 1.13243e-16
0.988 9.83672e-17
0.99 8.6441e-17
0.992 7.71209e-17
0.994 7.01376e-17
0.996 6.52893e-17
0.998 6.24355e-17
