-1 0.790235
-0.99 0.790255
-0.98 0.789617
-0.97 0.789013
-0.96 0.787766
-0.95 0.786532
-0.94 0.784691
-0.93 0.782824
-0.92 0.78041
-0.91 0.777903
-0.9 0.774943
-0.89 0.771792
-0.88 0.768317
-0.87 0.76452
-0.86 0.760558
-0.85 0.756126
-0.84 0.751695
-0.83 0.74666
-0.82 0.741756
-0.81 0.736177
-0.8 0.730771
-0.79 0.724737
-0.78 0.718782
-0.77 0.712393
-0.76 0.705852
-0.75 0.699178
-0.74 0.692068
-0.73 0.685108
-0.72 0.677535
-0.71 0.670202
-0.7 0.662343
-0.69 0.654521
-0.68 0.646527
-0.67 0.63819
-0.66 0.630066
-0.65 0.621369
-0.64 0.612949
-0.63 0.604159
-0.62 0.595278
-0.61 0.586523
-0.6 0.577271
-0.59 0.568377
-0.58 0.559094
-0.57 0.549797
-0.56 0.540676
-0.55 0.531076
-0.54 0.521862
-0.53 0.512392
-0.52 0.502789
-0.51 0.493553
-0.5 0.483848
-0.49 0.474403
-0.48 0.46506
-0.47 0.45532
-0.46 0.446053
-0.45 0.436625
-0.44 0.427004
-0.43 0.417899
-0.42 0.408478
-0.41 0.399053
-0.4 0.390122
-0.39 0.380813
-0.38 0.371611
-0.37 0.362896
-0.36 0.353795
-0.35 0.344815
-0.34 0.336369
-0.33 0.327572
-0.32 0.318802
-0.31 0.310651
-0.3 0.302274
-0.29 0.293716
-0.28 0.285815
-0.27 0.277982
-0.26 0.269732
-0.25 0.261941
-0.24 0.254668
-0.23 0.247004
-0.22 0.239247
-0.21 0.232227
-0.2 0.225427
-0.19 0.21811
-0.18 0.210899
-0.17 0.20451
-0.16 0.198327
-0.15 0.191562
-0.14 0.184695
-0.13 0.178663
-0.12 0.17333
-0.11 0.167681
-0.1 0.161248
-0.09 0.154751
-0.08 0.149362
-0.07 0.145716
-0.06 0.143645
-0.05 0.142567
-0.04 0.141957
-0.03 0.141538
-0.02 0.141227
-0.01 0.141028
0 0.140959
0.01 0.141028
0.02 0.141227
0.03 0.141538
0.04 0.141957
0.05 0.142567
0.06 0.143645
0.07 0.145716
0.08 0.149362
0.09 0.154751
0.1 0.161248
0.11 0.167681
0.12 0.17333
0.13 0.178663
0.14 0.184695
0.15 0.191562
0.16 0.198327
0.17 0.20451
0.18 0.210899
0.19 0.21811
0.2 0.225427
0.21 0.232227
0.22 0.239247
0.23 0.247004
0.24 0.254668
0.25 0.261941
0.26 0.269732
0.27 0.277982
0.28 0.285815
0.29 0.293716
0.3 0.302274
0.31 0.310651
0.32 0.318802
0.33 0.327572
0.34 0.336369
0.35 0.344815
0.36 0.353795
0.37 0.362896
0.38 0.371611
0.39 0.380813
0.4 0.390122
0.41 0.399053
0.42 0.408478
0.43 0.417899
0.44 0.427004
0.45 0.436625
0.46 0.446053
0.47 0.45532
0.48 0.46506
0.49 0.474403
0.5 0.483848
0.51 0.493553
0.52 0.502789
0.53 0.512392
0.54 0.521862
0.55 0.531076
0.56 0.540676
0.57 0.549797
0.58 0.559094
0.59 0.568377
0.6 0.577271
0.61 0.586523
0.62 0.595278
0.63 0.604159
0.64 0.612949
0.65 0.621369
0.66 0.630066
0.67 0.63819
0.68 0.646527
0.69 0.654521
0.7 0.662343
0.71 0.670202
0.72 0.677535
0.73 0.685108
0.74 0.692068
0.75 0.699178
0.76 0.705852
0.77 0.712393
0.78 0.718782
0.79 0.724737
0.8 0.730771
0.81 0.736177
0.82 0.741756
0.83 0.74666
0.84 0.751695
0.85 0.756126
0.86 0.760558
0.87 0.76452
0.88 0.768317
0.89 0.771792
0.9 0.774943
0.91 0.777903
0.92 0.78041
0.93 0.782824
0.94 0.784691
0.95 0.786532
0.96 0.787766
0.97 0.789013
0.98 0.789617
0.99 0.790255
