-1 0.663353
-0.99 0.663036
-0.98 0.66302
-0.97 0.662365
-0.96 0.662021
-0.95 0.661027
-0.94 0.660354
-0.93 0.65903
-0.92 0.658017
-0.91 0.656384
-0.9 0.655009
-0.89 0.653104
-0.88 0.651331
-0.87 0.649202
-0.86 0.646991
-0.85 0.644678
-0.84 0.642015
-0.83 0.639521
-0.82 0.636445
-0.81 0.633708
-0.8 0.630332
-0.79 0.627221
-0.78 0.6237
-0.77 0.620095
-0.76 0.616516
-0.75 0.612428
-0.74 0.608695
-0.73 0.604336
-0.72 0.600194
-0.71 0.595829
-0.7 0.591133
-0.69 0.586754
-0.68 0.581734
-0.67 0.576984
-0.66 0.572038
-0.65 0.566701
-0.64 0.561767
-0.63 0.556245
-0.62 0.550797
-0.61 0.545495
-0.6 0.539569
-0.59 0.534016
-0.58 0.528305
-0.57 0.522113
-0.56 0.516401
-0.55 0.510349
-0.54 0.50394
-0.53 0.498043
-0.52 0.491758
-0.51 0.485124
-0.5 0.479038
-0.49 0.472649
-0.48 0.465783
-0.47 0.459458
-0.46 0.453112
-0.45 0.446095
-0.44 0.439384
-0.43 0.433131
-0.42 0.426277
-0.41 0.419083
-0.4 0.412561
-0.39 0.406235
-0.38 0.39914
-0.37 0.39179
-0.36 0.385224
-0.35 0.379129
-0.34 0.37235
-0.33 0.364689
-0.32 0.357252
-0.31 0.35124
-0.3 0.346961
-0.29 0.343923
-0.28 0.341466
-0.27 0.339169
-0.26 0.33689
-0.25 0.33462
-0.24 0.332384
-0.23 0.330198
-0.22 0.328069
-0.21 0.326002
-0.2 0.323999
-0.19 0.322066
-0.18 0.320206
-0.17 0.318423
-0.16 0.316722
-0.15 0.315105
-0.14 0.313575
-0.13 0.312137
-0.12 0.310793
-0.11 0.309546
-0.1 0.308399
-0.09 0.307354
-0.08 0.306412
-0.07 0.305577
-0.06 0.30485
-0.05 0.304232
-0.04 0.303724
-0.03 0.303328
-0.02 0.303045
-0.01 0.302875
0 0.302818
0.01 0.302875
0.02 0.303045
0.03 0.303328
0.04 0.303724
0.05 0.304232
0.06 0.30485
0.07 0.305577
0.08 0.306412
0.09 0.307354
0.1 0.308399
0.11 0.309546
0.12 0.310793
0.13 0.312137
0.14 0.313575
0.15 0.315105
0.16 0.316722
0.17 0.318423
0.18 0.320206
0.19 0.322066
0.2 0.323999
0.21 0.326002
0.22 0.328069
0.23 0.330198
0.24 0.332384
0.25 0.33462
0.26 0.33689
0.27 0.339169
0.28 0.341466
0.29 0.343923
0.3 0.346961
0.31 0.35124
0.32 0.357252
0.33 0.364689
0.34 0.37235
0.35 0.379129
0.36 0.385224
0.37 0.39179
0.38 0.39914
0.39 0.406235
0.4 0.412561
0.41 0.419083
0.42 0.426277
0.43 0.433131
0.44 0.439384
0.45 0.446095
0.46 0.453112
0.47 0.459458
0.48 0.465783
0.49 0.472649
0.5 0.479038
0.51 0.485124
0.52 0.491758
0.53 0.498043
0.54 0.50394
0.55 0.510349
0.56 0.516401
0.57 0.522113
0.58 0.528305
0.59 0.534016
0.6 0.539569
0.61 0.545495
0.62 0.550797
0.63 0.556245
0.64 0.561767
0.65 0.566701
0.66 0.572038
0.67 0.576984
0.68 0.581734
0.69 0.586754
0.7 0.591133
0.71 0.595829
0.72 0.600194
0.73 0.604336
0.74 0.608695
0.75 0.612428
0.76 0.616516
0.77 0.620095
0.78 0.6237
0.79 0.627221
0.8 0.630332
0.81 0.633708
0.82 0.636445
0.83 0.639521
0.84 0.642015
0.85 0.644678
0.86 0.646991
0.87 0.649202
0.88 0.651331
0.89 0.653104
0.9 0.655009
0.91 0.656384
0.92 0.658017
0.93 0.65903
0.94 0.660354
0.95 0.661027
0.96 0.662021
0.97 0.662365
0.98 0.66302
0.99 0.663036
