-1 0.393032
-0.99 0.393085
-0.98 0.393152
-0.97 0.393368
-0.96 0.39351
-0.95 0.393928
-0.94 0.394106
-0.93 0.394749
-0.92 0.394947
-0.91 0.395795
-0.9 0.396057
-0.89 0.397009
-0.88 0.397466
-0.87 0.39834
-0.86 0.399159
-0.85 0.399815
-0.84 0.401006
-0.83 0.401575
-0.82 0.402806
-0.81 0.40371
-0.8 0.404566
-0.79 0.405954
-0.78 0.406659
-0.77 0.40789
-0.76 0.40916
-0.75 0.409861
-0.74 0.411287
-0.73 0.412455
-0.72 0.413145
-0.71 0.414603
-0.7 0.415813
-0.69 0.416375
-0.68 0.41765
-0.67 0.41911
-0.66 0.419632
-0.65 0.42024
-0.64 0.421788
-0.63 0.423087
-0.62 0.423207
-0.61 0.423202
-0.6 0.424655
-0.59 0.427963
-0.58 0.432444
-0.57 0.437308
-0.56 0.442154
-0.55 0.446892
-0.54 0.451536
-0.53 0.456102
-0.52 0.460593
-0.51 0.465008
-0.5 0.469344
-0.49 0.473599
-0.48 0.477773
-0.47 0.481863
-0.46 0.485869
-0.45 0.489789
-0.44 0.493623
-0.43 0.497369
-0.42 0.501028
-0.41 0.504597
-0.4 0.508077
-0.39 0.511467
-0.38 0.514766
-0.37 0.517975
-0.36 0.521093
-0.35 0.524119
-0.34 0.527054
-0.33 0.529897
-0.32 0.53265
-0.31 0.535311
-0.3 0.53788
-0.29 0.540359
-0.28 0.542748
-0.27 0.545046
-0.26 0.547254
-0.25 0.549373
-0.24 0.551403
-0.23 0.553344
-0.22 0.555197
-0.21 0.556963
-0.2 0.558642
-0.19 0.560234
-0.18 0.561741
-0.17 0.563162
-0.16 0.564498
-0.15 0.56575
-0.14 0.566918
-0.13 0.568004
-0.12 0.569006
-0.11 0.569927
-0.1 0.570766
-0.09 0.571523
-0.08 0.5722
-0.07 0.572796
-0.06 0.573312
-0.05 0.573748
-0.04 0.574105
-0.03 0.574382
-0.02 0.57458
-0.01 0.574698
0 0.574738
0.01 0.574698
0.02 0.57458
0.03 0.574382
0.04 0.574105
0.05 0.573748
0.06 0.573312
0.07 0.572796
0.08 0.5722
0.09 0.571523
0.1 0.570766
0.11 0.569927
0.12 0.569006
0.13 0.568004
0.14 0.566918
0.15 0.56575
0.16 0.564498
0.17 0.563162
0.18 0.561741
0.19 0.560234
0.2 0.558642
0.21 0.556963
0.22 0.555197
0.23 0.553344
0.24 0.551403
0.25 0.549373
0.26 0.547254
0.27 0.545046
0.28 0.542748
0.29 0.540359
0.3 0.53788
0.31 0.535311
0.32 0.53265
0.33 0.529897
0.34 0.527054
0.35 0.524119
0.36 0.521093
0.37 0.517975
0.38 0.514766
0.39 0.511467
0.4 0.508077
0.41 0.504597
0.42 0.501028
0.43 0.497369
0.44 0.493623
0.45 0.489789
0.46 0.485869
0.47 0.481863
0.48 0.477773
0.49 0.473599
0.5 0.469344
0.51 0.465008
0.52 0.460593
0.53 0.456102
0.54 0.451536
0.55 0.446892
0.56 0.442154
0.57 0.437308
0.58 0.432444
0.59 0.427963
0.6 0.424655
0.61 0.423202
0.62 0.423207
0.63 0.423087
0.64 0.421788
0.65 0.42024
0.66 0.419632
0.67 0.41911
0.68 0.41765
0.69 0.416375
0.7 0.415813
0.71 0.414603
0.72 0.413145
0.73 0.412455
0.74 0.411287
0.75 0.409861
0.76 0.40916
0.77 0.40789
0.78 0.406659
0.79 0.405954
0.8 0.404566
0.81 0.40371
0.82 0.402806
0.83 0.401575
0.84 0.401006
0.85 0.399815
0.86 0.399159
0.87 0.39834
0.88 0.397466
0.89 0.397009
0.9 0.396057
0.91 0.395795
0.92 0.394947
0.93 0.394749
0.94 0.394106
0.95 0.393928
0.96 0.39351
0.97 0.393368
0.98 0.393152
0.99 0.393085
