-1 3.91121
-0.998 3.91046
-0.996 3.9082
-0.994 3.90445
-0.992 3.89921
-0.99 3.89247
-0.988 3.88425
-0.986 3.87457
-0.984 3.86342
-0.982 3.85083
-0.98 3.8368
-0.978 3.82135
-0.976 3.80451
-0.974 3.78628
-0.972 3.76669
-0.97 3.74577
-0.968 3.72353
-0.966 3.7
-0.964 3.67521
-0.962 3.64918
-0.96 3.62194
-0.958 3.59353
-0.956 3.56397
-0.954 3.53329
-0.952 3.50153
-0.95 3.46873
-0.948 3.43491
-0.946 3.40011
-0.944 3.36438
-0.942 3.32774
-0.94 3.29023
-0.938 3.2519
-0.936 3.21277
-0.934 3.1729
-0.932 3.13232
-0.93 3.09107
-0.928 3.04919
-0.926 3.00672
-0.924 2.9637
-0.922 2.92018
-0.92 2.87619
-0.918 2.83177
-0.916 2.78696
-0.914 2.74181
-0.912 2.69636
-0.91 2.65064
-0.908 2.60469
-0.906 2.55855
-0.904 2.51226
-0.902 2.46587
-0.9 2.41939
-0.898 2.37289
-0.896 2.32637
-0.894 2.2799
-0.892 2.23349
-0.89 2.18719
-0.888 2.14102
-0.886 2.09502
-0.884 2.04921
-0.882 2.00364
-0.88 1.95833
-0.878 1.91331
-0.876 1.8686
-0.874 1.82423
-0.872 1.78023
-0.87 1.73662
-0.868 1.69343
-0.866 1.65068
-0.864 1.60838
-0.862 1.56657
-0.86 1.52526
-0.858 1.48446
-0.856 1.4442
-0.854 1.40449
-0.852 1.36534
-0.85 1.32677
-0.848 1.2888
-0.846 1.25143
-0.844 1.21468
-0.842 1.17855
-0.84 1.14305
-0.838 1.1082
-0.836 1.07399
-0.834 1.04044
-0.832 1.00755
-0.83 0.97532
-0.828 0.943758
-0.826 0.912865
-0.824 0.882643
-0.822 0.853092
-0.82 0.824212
-0.818 0.796003
-0.816 0.768462
-0.814 0.741588
-0.812 0.715377
-0.81 0.689827
-0.808 0.664932
-0.806 0.640687
-0.804 0.617089
-0.802 0.59413
-0.8 0.571804
-0.798 0.550105
-0.796 0.529024
-0.794 0.508555
-0.792 0.488689
-0.79 0.469417
-0.788 0.450731
-0.786 0.432622
-0.784 0.41508
-0.782 0.398095
-0.78 0.381657
-0.778 0.365756
-0.776 0.350383
-0.774 0.335526
-0.772 0.321174
-0.77 0.307317
-0.768 0.293945
-0.766 0.281045
-0.764 0.268608
-0.762 0.256621
-0.76 0.245075
-0.758 0.233957
-0.756 0.223257
-0.754 0.212964
-0.752 0.203067
-0.75 0.193555
-0.748 0.184417
-0.746 0.175642
-0.744 0.16722
-0.742 0.159141
-0.74 0.151392
-0.738 0.143966
-0.736 0.13685
-0.734 0.130036
-0.732 0.123513
-0.73 0.117272
-0.728 0.111303
-0.726 0.105597
-0.724 0.100144
-0.722 0.0949362
-0.72 0.0899643
-0.718 0.0852196
-0.716 0.0806939
-0.714 0.0763788
-0.712 0.0722665
-0.71 0.0683489
-0.708 0.0646187
-0.706 0.0610683
-0.704 0.0576905
-0.702 0.0544785
-0.7 0.0514252
-0.698 0.0485242
-0.696 0.0457691
-0.694 0.0431536
-0.692 0.0406718
-0.69 0.0383178
-0.688 0.036086
-0.686 0.0339709
-0.684 0.0319674
-0.682 0.0300704
-0.68 0.0282749
-0.678 0.0265763
-0.676 0.02497
-0.674 0.0234517
-0.672 0.0220171
-0.67 0.0206622
-0.668 0.0193832
-0.666 0.0181762
-0.664 0.0170378
-0.662 0.0159645
-0.66 0.0149529
-0.658 0.014
-0.656 0.0131027
-0.654 0.0122581
-0.652 0.0114635
-0.65 0.0107162
-0.648 0.0100138
-0.646 0.00935371
-0.644 0.00873375
-0.642 0.0081517
-0.64 0.00760547
-0.638 0.00709308
-0.636 0.00661263
-0.634 0.00616231
-0.632 0.00574042
-0.63 0.00534533
-0.628 0.00497548
-0.626 0.00462942
-0.624 0.00430575
-0.622 0.00400314
-0.62 0.00372035
-0.618 0.00345618
-0.616 0.00320952
-0.614 0.0029793
-0.612 0.00276451
-0.61 0.0025642
-0.608 0.00237748
-0.606 0.00220349
-0.604 0.00204144
-0.602 0.00189056
-0.6 0.00175016
-0.598 0.00161954
-0.596 0.00149809
-0.594 0.0013852
-0.592 0.00128032
-0.59 0.00118292
-0.588 0.0010925
-0.586 0.00100859
-0.584 0.000930771
-0.582 0.000858615
-0.58 0.000791743
-0.578 0.000729794
-0.576 0.000672428
-0.574 0.000619329
-0.572 0.0005702
-0.57 0.000524762
-0.568 0.000482756
-0.566 0.000443939
-0.564 0.000408083
-0.562 0.000374975
-0.56 0.000344419
-0.558 0.000316229
-0.556 0.000290232
-0.554 0.000266268
-0.552 0.000244187
-0.55 0.000223849
-0.548 0.000205125
-0.546 0.000187893
-0.544 0.000172041
-0.542 0.000157465
-0.54 0.000144067
-0.538 0.000131758
-0.536 0.000120453
-0.534 0.000110074
-0.532 0.000100551
-0.53 9.18151e-05
-0.528 8.38054e-05
-0.526 7.64645e-05
-0.524 6.97392e-05
-0.522 6.35804e-05
-0.52 5.79428e-05
-0.518 5.27843e-05
-0.516 4.80661e-05
-0.514 4.37525e-05
-0.512 3.98104e-05
-0.51 3.62092e-05
-0.508 3.29208e-05
-0.506 2.99193e-05
-0.504 2.71808e-05
-0.502 2.46832e-05
-0.5 2.24063e-05
-0.498 2.03315e-05
-0.496 1.84415e-05
-0.494 1.67206e-05
-0.492 1.51544e-05
-0.49 1.37294e-05
-0.488 1.24336e-05
-0.486 1.12556e-05
-0.484 1.01852e-05
-0.482 9.21302e-06
-0.48 8.33033e-06
-0.478 7.52924e-06
-0.476 6.80251e-06
-0.474 6.14351e-06
-0.472 5.54616e-06
-0.47 5.00492e-06
-0.468 4.51472e-06
-0.466 4.07093e-06
-0.464 3.66932e-06
-0.462 3.30603e-06
-0.46 2.97753e-06
-0.458 2.68061e-06
-0.456 2.41236e-06
-0.454 2.17009e-06
-0.452 1.95138e-06
-0.45 1.75403e-06
-0.448 1.57601e-06
-0.446 1.4155e-06
-0.444 1.27084e-06
-0.442 1.14051e-06
-0.44 1.02314e-06
-0.438 9.17491e-07
-0.436 8.22425e-07
-0.434 7.36919e-07
-0.432 6.60042e-07
-0.43 5.90953e-07
-0.428 5.28886e-07
-0.426 4.73151e-07
-0.424 4.23123e-07
-0.422 3.78235e-07
-0.42 3.37976e-07
-0.418 3.01882e-07
-0.416 2.69537e-07
-0.414 2.40562e-07
-0.412 2.14618e-07
-0.41 1.91396e-07
-0.408 1.70619e-07
-0.406 1.52037e-07
-0.404 1.35426e-07
-0.402 1.20582e-07
-0.4 1.07322e-07
-0.398 9.54832e-08
-0.396 8.49166e-08
-0.394 7.54895e-08
-0.392 6.70824e-08
-0.39 5.9588e-08
-0.388 5.291e-08
-0.386 4.69618e-08
-0.384 4.16658e-08
-0.382 3.69525e-08
-0.38 3.27594e-08
-0.378 2.90306e-08
-0.376 2.57161e-08
-0.374 2.2771e-08
-0.372 2.01552e-08
-0.37 1.78328e-08
-0.368 1.57718e-08
-0.366 1.39435e-08
-0.364 1.23222e-08
-0.362 1.08852e-08
-0.36 9.61189e-09
-0.358 8.4842e-09
-0.356 7.48585e-09
-0.354 6.60237e-09
-0.352 5.82085e-09
-0.35 5.12981e-09
-0.348 4.51902e-09
-0.346 3.97938e-09
-0.344 3.50279e-09
-0.342 3.08206e-09
-0.34 2.71079e-09
-0.338 2.3833e-09
-0.336 2.09455e-09
-0.334 1.84005e-09
-0.332 1.61583e-09
-0.33 1.41838e-09
-0.328 1.24456e-09
-0.326 1.0916e-09
-0.324 9.5707e-10
-0.322 8.38785e-10
-0.32 7.3483e-10
-0.318 6.43501e-10
-0.316 5.63301e-10
-0.314 4.92896e-10
-0.312 4.31125e-10
-0.31 3.76944e-10
-0.308 3.29443e-10
-0.306 2.87814e-10
-0.304 2.51343e-10
-0.302 2.19408e-10
-0.3 1.91456e-10
-0.298 1.66996e-10
-0.296 1.45607e-10
-0.294 1.26901e-10
-0.292 1.10562e-10
-0.29 9.62851e-11
-0.288 8.38172e-11
-0.286 7.2937e-11
-0.284 6.34396e-11
-0.282 5.51654e-11
-0.28 4.79417e-11
-0.278 4.16551e-11
-0.276 3.61755e-11
-0.274 3.14052e-11
-0.272 2.72524e-11
-0.27 2.36376e-11
-0.268 2.04981e-11
-0.266 1.7765e-11
-0.264 1.53936e-11
-0.262 1.33304e-11
-0.26 1.154e-11
-0.258 9.98419e-12
-0.256 8.64023e-12
-0.254 7.47089e-12
-0.252 6.45948e-12
-0.25 5.57916e-12
-0.248 4.81967e-12
-0.246 4.15942e-12
-0.244 3.58728e-12
-0.242 3.09751e-12
-0.24 2.6682e-12
-0.238 2.30278e-12
-0.236 1.98502e-12
-0.234 1.70802e-12
-0.232 1.47149e-12
-0.23 1.26289e-12
-0.228 1.08877e-12
-0.226 9.38064e-13
-0.224 8.04426e-13
-0.222 6.90705e-13
-0.22 5.93624e-13
-0.218 5.10687e-13
-0.216 4.39086e-13
-0.214 3.74416e-13
-0.212 3.26341e-13
-0.21 2.774e-13
-0.208 2.38637e-13
-0.206 2.03449e-13
-0.204 1.73353e-13
-0.202 1.49045e-13
-0.2 1.26546e-13
-0.198 1.09662e-13
-0.196 9.85677e-14
-0.194 8.08714e-14
-0.192 6.86222e-14
-0.19 6.21546e-14
-0.188 4.92303e-14
-0.186 4.3578e-14
-0.184 3.77949e-14
-0.182 3.23137e-14
-0.18 2.69795e-14
-0.178 2.15692e-14
-0.176 2.11105e-14
-0.174 1.50129e-14
-0.172 1.61041e-14
-0.17 1.26946e-14
-0.168 7.00895e-15
-0.166 9.42753e-15
-0.164 8.65456e-15
-0.162 1.0558e-14
-0.16 9.61913e-15
-0.158 6.60125e-15
-0.156 3.26511e-15
-0.154 5.52415e-15
-0.152 9.26726e-16
-0.15 3.97202e-15
-0.148 2.18222e-15
-0.146 4.80269e-15
-0.144 1.78401e-15
-0.142 6.02947e-16
-0.14 2.28314e-15
-0.138 1.0018e-15
-0.136 4.23041e-15
-0.134 3.69208e-15
-0.132 2.7746e-15
-0.13 1.9925e-15
-0.128 3.98904e-15
-0.126 -5.30653e-16
-0.124 4.22684e-15
-0.122 -1.16498e-15
-0.12 4.65281e-15
-0.118 -1.98154e-15
-0.116 -4.59453e-16
-0.114 1.94035e-15
-0.112 -8.98813e-16
-0.11 2.43798e-15
-0.108 1.18338e-15
-0.106 1.8574e-15
-0.104 -7.28904e-17
-0.102 -1.13262e-15
-0.1 1.26194e-15
-0.098 -3.36277e-15
-0.096 -1.84474e-15
-0.094 -4.75989e-16
-0.092 3.78198e-15
-0.09 -1.68382e-15
-0.088 8.06835e-16
-0.086 -1.48285e-15
-0.084 4.0708e-16
-0.082 4.15733e-15
-0.08 -2.48805e-16
-0.078 4.65853e-15
-0.076 1.89405e-15
-0.074 -2.13695e-15
-0.072 4.39772e-16
-0.07 3.17104e-15
-0.068 -5.77525e-16
-0.066 2.20435e-15
-0.064 -9.9998e-16
-0.062 -8.58982e-16
-0.06 -2.11983e-16
-0.058 9.86394e-16
-0.056 -1.25752e-15
-0.054 9.9404e-16
-0.052 -4.9256e-16
-0.05 4.42993e-15
-0.048 -6.47526e-16
-0.046 3.6213e-15
-0.044 1.53709e-15
-0.042 5.51217e-16
-0.04 -1.5296e-15
-0.038 4.37756e-15
-0.036 -2.40277e-15
-0.034 2.71341e-15
-0.032 -1.63247e-15
-0.03 -2.7268e-17
-0.028 2.33279e-15
-0.026 4.12139e-15
-0.024 -2.05436e-15
-0.022 2.27158e-15
-0.02 6.62766e-16
-0.018 -9.00402e-16
-0.016 5.44921e-16
-0.014 -2.36343e-15
-0.012 5.03059e-15
-0.01 -1.66631e-15
-0.008 2.33465e-15
-0.006 -2.73314e-15
-0.004 2.02786e-15
-0.002 -2.79827e-15
0 1.91858e-15
0.002 -3.30553e-15
0.004 2.44418e-15
0.006 -6.90113e-16
0.008 1.93861e-15
0.01 1.79921e-16
0.012 1.87832e-15
0.014 -2.18914e-15
0.016 2.0916e-15
0.018 1.53754e-16
0.02 3.66124e-15
0.022 -2.11602e-15
0.024 1.28678e-15
0.026 8.5396e-16
0.028 4.13404e-16
0.03 3.09793e-15
0.032 1.75641e-15
0.034 1.97131e-15
0.036 -1.1708e-15
0.038 -6.70172e-17
0.04 1.79472e-15
0.042 5.56254e-16
0.044 2.48807e-15
0.046 1.41276e-15
0.048 9.41517e-16
0.05 1.48477e-15
0.052 1.22873e-15
0.054 -4.69207e-16
0.056 -1.81424e-15
0.058 7.085e-16
0.06 1.02311e-15
0.062 1.50702e-15
0.064 -5.14234e-16
0.066 -2.06299e-15
0.068 3.88649e-15
0.07 1.23586e-15
0.072 2.38663e-15
0.074 3.06314e-15
0.076 -6.45255e-17
0.078 -1.36335e-15
0.08 2.47103e-15
0.082 1.05199e-15
0.084 -3.75324e-16
0.086 -3.15549e-16
0.088 -2.00747e-15
0.09 1.1748e-15
0.092 -5.87393e-16
0.094 8.32093e-16
0.096 -1.62142e-15
0.098 -6.56008e-16
0.1 6.80989e-16
0.102 -1.45871e-15
0.104 6.75957e-16
0.106 5.11405e-15
0.108 3.85234e-16
0.11 2.13093e-15
0.112 -2.65736e-16
0.114 2.25328e-15
0.116 -1.29473e-15
0.118 1.36522e-15
0.12 2.50123e-15
0.122 1.1058e-15
0.124 1.32688e-15
0.126 -2.67503e-16
0.128 4.0573e-16
0.13 -1.39863e-17
0.132 1.68939e-15
0.134 -9.29762e-16
0.136 -2.142e-15
0.138 -2.34167e-16
0.14 1.34961e-15
0.142 -2.21947e-16
0.144 4.10038e-15
0.146 1.50134e-15
0.148 5.05557e-15
0.15 1.76997e-15
0.152 -1.53123e-16
0.154 2.19998e-16
0.156 3.10916e-15
0.158 5.98475e-15
0.16 5.04493e-15
0.162 3.77978e-15
0.164 4.20651e-15
0.166 9.45156e-15
0.168 9.41925e-15
0.17 8.86899e-15
0.172 1.75181e-14
0.174 1.4517e-14
0.176 2.24286e-14
0.178 2.25128e-14
0.18 2.61201e-14
0.182 3.02986e-14
0.184 3.37481e-14
0.186 4.29382e-14
0.188 4.80951e-14
0.19 5.3944e-14
0.192 6.89361e-14
0.194 7.83489e-14
0.196 9.07473e-14
0.198 1.09334e-13
0.2 1.23348e-13
0.202 1.50022e-13
0.204 1.75007e-13
0.206 2.00559e-13
0.208 2.35593e-13
0.21 2.76496e-13
0.212 3.2166e-13
0.214 3.75829e-13
0.216 4.34087e-13
0.218 5.12962e-13
0.22 5.91199e-13
0.222 6.90871e-13
0.224 8.0294e-13
0.226 9.35041e-13
0.228 1.08562e-12
0.23 1.2646e-12
0.232 1.46936e-12
0.234 1.70847e-12
0.236 1.98228e-12
0.238 2.30289e-12
0.24 2.66617e-12
0.242 3.09979e-12
0.244 3.58285e-12
0.246 4.16061e-12
0.248 4.81717e-12
0.25 5.57806e-12
0.252 6.45448e-12
0.254 7.46484e-12
0.256 8.64087e-12
0.258 9.98556e-12
0.26 1.15399e-11
0.262 1.33278e-11
0.264 1.53903e-11
0.266 1.77594e-11
0.268 2.04946e-11
0.27 2.36375e-11
0.272 2.72484e-11
0.274 3.14019e-11
0.276 3.61728e-11
0.278 4.16528e-11
0.28 4.79362e-11
0.282 5.51645e-11
0.284 6.34367e-11
0.286 7.29343e-11
0.288 8.38107e-11
0.29 9.62816e-11
0.292 1.10559e-10
0.294 1.269e-10
0.296 1.45607e-10
0.298 1.66994e-10
0.3 1.91455e-10
0.302 2.19407e-10
0.304 2.51341e-10
0.306 2.87808e-10
0.308 3.29438e-10
0.31 3.76942e-10
0.312 4.31124e-10
0.314 4.92897e-10
0.316 5.63297e-10
0.318 6.435e-10
0.32 7.34824e-10
0.322 8.38785e-10
0.324 9.57064e-10
0.326 1.0916e-09
0.328 1.24455e-09
0.33 1.41837e-09
0.332 1.61583e-09
0.334 1.84005e-09
0.336 2.09454e-09
0.338 2.3833e-09
0.34 2.71079e-09
0.342 3.08206e-09
0.344 3.50279e-09
0.346 3.97937e-09
0.348 4.51902e-09
0.35 5.1298e-09
0.352 5.82085e-09
0.354 6.60237e-09
0.356 7.48585e-09
0.358 8.4842e-09
0.36 9.61189e-09
0.362 1.08851e-08
0.364 1.23222e-08
0.366 1.39435e-08
0.368 1.57718e-08
0.37 1.78328e-08
0.372 2.01552e-08
0.374 2.2771e-08
0.376 2.57161e-08
0.378 2.90306e-08
0.38 3.27594e-08
0.382 3.69525e-08
0.384 4.16658e-08
0.386 4.69618e-08
0.388 5.291e-08
0.39 5.9588e-08
0.392 6.70824e-08
0.394 7.54894e-08
0.396 8.49166e-08
0.398 9.54832e-08
0.4 1.07322e-07
0.402 1.20582e-07
0.404 1.35426e-07
0.406 1.52037e-07
0.408 1.70619e-07
0.41 1.91396e-07
0.412 2.14618e-07
0.414 2.40562e-07
0.416 2.69537e-07
0.418 3.01882e-07
0.42 3.37976e-07
0.422 3.78235e-07
0.424 4.23123e-07
0.426 4.73151e-07
0.428 5.28886e-07
0.43 5.90953e-07
0.432 6.60042e-07
0.434 7.36919e-07
0.436 8.22425e-07
0.438 9.1749e-07
0.44 1.02314e-06
0.442 1.14051e-06
0.444 1.27084e-06
0.446 1.4155e-06
0.448 1.57601e-06
0.45 1.75403e-06
0.452 1.95138e-06
0.454 2.17009e-06
0.456 2.41236e-06
0.458 2.68061e-06
0.46 2.97753e-06
0.462 3.30603e-06
0.464 3.66932e-06
0.466 4.07093e-06
0.468 4.51472e-06
0.47 5.00492e-06
0.472 5.54616e-06
0.474 6.14351e-06
0.476 6.80251e-06
0.478 7.52924e-06
0.48 8.33033e-06
0.482 9.21302e-06
0.484 1.01852e-05
0.486 1.12556e-05
0.488 1.24336e-05
0.49 1.37294e-05
0.492 1.51544e-05
0.494 1.67206e-05
0.496 1.84415e-05
0.498 2.03315e-05
0.5 2.24063e-05
0.502 2.46832e-05
0.504 2.71808e-05
0.506 2.99193e-05
0.508 3.29208e-05
0.51 3.62092e-05
0.512 3.98104e-05
0.514 4.37525e-05
0.516 4.80661e-05
0.518 5.27843e-05
0.52 5.79428e-05
0.522 6.35804e-05
0.524 6.97392e-05
0.526 7.64645e-05
0.528 8.38054e-05
0.53 9.18151e-05
0.532 0.000100551
0.534 0.000110074
0.536 0.000120453
0.538 0.000131758
0.54 0.000144067
0.542 0.000157465
0.544 0.000172041
0.546 0.000187893
0.548 0.000205125
0.55 0.000223849
0.552 0.000244187
0.554 0.000266268
0.556 0.000290232
0.558 0.000316229
0.56 0.000344419
0.562 0.000374975
0.564 0.000408083
0.566 0.000443939
0.568 0.000482756
0.57 0.000524762
0.572 0.0005702
0.574 0.000619329
0.576 0.000672428
0.578 0.000729794
0.58 0.000791743
0.582 0.000858615
0.584 0.000930771
0.586 0.00100859
0.588 0.0010925
0.59 0.00118292
0.592 0.00128032
0.594 0.0013852
0.596 0.00149809
0.598 0.00161954
0.6 0.00175016
0.602 0.00189056
0.604 0.00204144
0.606 0.00220349
0.608 0.00237748
0.61 0.0025642
0.612 0.00276451
0.614 0.0029793
0.616 0.00320952
0.618 0.00345618
0.62 0.00372035
0.622 0.00400314
0.624 0.00430575
0.626 0.00462942
0.628 0.00497548
0.63 0.00534533
0.632 0.00574042
0.634 0.00616231
0.636 0.00661263
0.638 0.00709308
0.64 0.00760547
0.642 0.0081517
0.644 0.00873375
0.646 0.00935371
0.648 0.0100138
0.65 0.0107162
0.652 0.0114635
0.654 0.0122581
0.656 0.0131027
0.658 0.014
0.66 0.0149529
0.662 0.0159645
0.664 0.0170378
0.666 0.0181762
0.668 0.0193832
0.67 0.0206622
0.672 0.0220171
0.674 0.0234517
0.676 0.02497
0.678 0.0265763
0.68 0.0282749
0.682 0.0300704
0.684 0.0319674
0.686 0.0339709
0.688 0.036086
0.69 0.0383178
0.692 0.0406718
0.694 0.0431536
0.696 0.0457691
0.698 0.0485242
0.7 0.0514252
0.702 0.0544785
0.704 0.0576905
0.706 0.0610683
0.708 0.0646187
0.71 0.0683489
0.712 0.0722665
0.714 0.0763788
0.716 0.0806939
0.718 0.0852196
0.72 0.0899643
0.722 0.0949362
0.724 0.100144
0.726 0.105597
0.728 0.111303
0.73 0.117272
0.732 0.123513
0.734 0.130036
0.736 0.13685
0.738 0.143966
0.74 0.151392
0.742 0.159141
0.744 0.16722
0.746 0.175642
0.748 0.184417
0.75 0.193555
0.752 0.203067
0.754 0.212964
0.756 0.223257
0.758 0.233957
0.76 0.245075
0.762 0.256621
0.764 0.268608
0.766 0.281045
0.768 0.293945
0.77 0.307317
0.772 0.321174
0.774 0.335526
0.776 0.350383
0.778 0.365756
0.78 0.381657
0.782 0.398095
0.784 0.41508
0.786 0.432622
0.788 0.450731
0.79 0.469417
0.792 0.488689
0.794 0.508555
0.796 0.529024
0.798 0.550105
0.8 0.571804
0.802 0.59413
0.804 0.617089
0.806 0.640687
0.808 0.664932
0.81 0.689827
0.812 0.715377
0.814 0.741588
0.816 0.768462
0.818 0.796003
0.82 0.824212
0.822 0.853092
0.824 0.882643
0.826 0.912865
0.828 0.943758
0.83 0.97532
0.832 1.00755
0.834 1.04044
0.836 1.07399
0.838 1.1082
0.84 1.14305
0.842 1.17855
0.844 1.21468
0.846 1.25143
0.848 1.2888
0.85 1.32677
0.852 1.36534
0.854 1.40449
0.856 1.4442
0.858 1.48446
0.86 1.52526
0.862 1.56657
0.864 1.60838
0.866 1.65068
0.868 1.69343
0.87 1.73662
0.872 1.78023
0.874 1.82423
0.876 1.8686
0.878 1.91331
0.88 1.95833
0.882 2.00364
0.884 2.04921
0.886 2.09502
0.888 2.14102
0.89 2.18719
0.892 2.23349
0.894 2.2799
0.896 2.32637
0.898 2.37289
0.9 2.41939
0.902 2.46587
0.904 2.51226
0.906 2.55855
0.908 2.60469
0.91 2.65064
0.912 2.69636
0.914 2.74181
0.916 2.78696
0.918 2.83177
0.92 2.87619
0.922 2.92018
0.924 2.9637
0.926 3.00672
0.928 3.04919
0.93 3.09107
0.932 3.13232
0.934 3.1729
0.936 3.21277
0.938 3.2519
0.94 3.29023
0.942 3.32774
0.944 3.36438
0.946 3.40011
0.948 3.43491
0.95 3.46873
0.952 3.50153
0.954 3.53329
0.956 3.56397
0.958 3.59353
0.96 3.62194
0.962 3.64918
0.964 3.67521
0.966 3.7
0.968 3.72353
0.97 3.74577
0.972 3.76669
0.974 3.78628
0.976 3.80451
0.978 3.82135
0.98 3.8368
0.982 3.85083
0.984 3.86342
0.986 3.87457
0.988 3.88425
0.99 3.89247
0.992 3.89921
0.994 3.90445
0.996 3.9082
0.998 3.91046
