-1 0.759435
-0.99 0.759437
-0.98 0.758885
-0.97 0.758348
-0.96 0.757236
-0.95 0.756174
-0.94 0.754499
-0.93 0.752922
-0.92 0.750687
-0.91 0.748602
-0.9 0.745822
-0.89 0.743226
-0.88 0.739932
-0.87 0.736809
-0.86 0.733048
-0.85 0.729373
-0.84 0.725203
-0.83 0.720947
-0.82 0.716426
-0.81 0.71158
-0.8 0.706735
-0.79 0.701333
-0.78 0.696138
-0.77 0.690283
-0.76 0.684651
-0.75 0.678489
-0.74 0.672321
-0.73 0.665975
-0.72 0.659249
-0.71 0.652717
-0.7 0.645567
-0.69 0.638695
-0.68 0.631366
-0.67 0.62398
-0.66 0.616621
-0.65 0.608757
-0.64 0.601238
-0.63 0.593204
-0.62 0.585238
-0.61 0.577292
-0.6 0.56887
-0.59 0.56084
-0.58 0.552374
-0.57 0.543887
-0.56 0.535621
-0.55 0.526815
-0.54 0.518361
-0.53 0.509783
-0.52 0.50086
-0.51 0.492406
-0.5 0.483576
-0.49 0.474669
-0.48 0.466188
-0.47 0.457224
-0.46 0.448383
-0.45 0.439903
-0.44 0.430916
-0.43 0.422147
-0.42 0.413735
-0.41 0.404819
-0.4 0.396108
-0.39 0.387842
-0.38 0.379102
-0.37 0.370422
-0.36 0.362334
-0.35 0.353921
-0.34 0.345275
-0.33 0.337283
-0.32 0.329362
-0.31 0.320915
-0.3 0.31281
-0.29 0.305334
-0.28 0.297524
-0.27 0.289327
-0.26 0.281739
-0.25 0.274734
-0.24 0.267302
-0.23 0.259394
-0.22 0.252032
-0.21 0.245556
-0.2 0.239061
-0.19 0.231748
-0.18 0.224052
-0.17 0.217188
-0.16 0.212012
-0.15 0.208512
-0.14 0.206125
-0.13 0.204272
-0.12 0.202624
-0.11 0.201078
-0.1 0.199634
-0.09 0.198311
-0.08 0.197122
-0.07 0.196069
-0.06 0.195155
-0.05 0.194379
-0.04 0.193743
-0.03 0.193248
-0.02 0.192894
-0.01 0.192681
0 0.19261
0.01 0.192681
0.02 0.192894
0.03 0.193248
0.04 0.193743
0.05 0.194379
0.06 0.195155
0.07 0.196069
0.08 0.197122
0.09 0.198311
0.1 0.199634
0.11 0.201078
0.12 0.202624
0.13 0.204272
0.14 0.206125
0.15 0.208512
0.16 0.212012
0.17 0.217188
0.18 0.224052
0.19 0.231748
0.2 0.239061
0.21 0.245556
0.22 0.252032
0.23 0.259394
0.24 0.267302
0.25 0.274734
0.26 0.281739
0.27 0.289327
0.28 0.297524
0.29 0.305334
0.3 0.31281
0.31 0.320915
0.32 0.329362
0.33 0.337283
0.34 0.345275
0.35 0.353921
0.36 0.362334
0.37 0.370422
0.38 0.379102
0.39 0.387842
0.4 0.396108
0.41 0.404819
0.42 0.413735
0.43 0.422147
0.44 0.430916
0.45 0.439903
0.46 0.448383
0.47 0.457224
0.48 0.466188
0.49 0.474669
0.5 0.483576
0.51 0.492406
0.52 0.50086
0.53 0.509783
0.54 0.518361
0.55 0.526815
0.56 0.535621
0.57 0.543887
0.58 0.552374
0.59 0.56084
0.6 0.56887
0.61 0.577292
0.62 0.585238
0.63 0.593204
0.64 0.601238
0.65 0.608757
0.66 0.616621
0.67 0.62398
0.68 0.631366
0.69 0.638695
0.7 0.645567
0.71 0.652717
0.72 0.659249
0.73 0.665975
0.74 0.672321
0.75 0.678489
0.76 0.684651
0.77 0.690283
0.78 0.696138
0.79 0.701333
0.8 0.706735
0.81 0.71158
0.82 0.716426
0.83 0.720947
0.84 0.725203
0.85 0.729373
0.86 0.733048
0.87 0.736809
0.88 0.739932
0.89 0.743226
0.9 0.745822
0.91 0.748602
0.92 0.750687
0.93 0.752922
0.94 0.754499
0.95 0.756174
0.96 0.757236
0.97 0.758348
0.98 0.758885
0.99 0.759437
