-1 0.490858
-0.99 0.490571
-0.98 0.490847
-0.97 0.490551
-0.96 0.490809
-0.95 0.490512
-0.94 0.490733
-0.93 0.490459
-0.92 0.490604
-0.91 0.490397
-0.9 0.490404
-0.89 0.490317
-0.88 0.490131
-0.87 0.49019
-0.86 0.489809
-0.85 0.48995
-0.84 0.489484
-0.83 0.489525
-0.82 0.489178
-0.81 0.488903
-0.8 0.488806
-0.79 0.488203
-0.78 0.488169
-0.77 0.487573
-0.76 0.487175
-0.75 0.486904
-0.74 0.48607
-0.73 0.485809
-0.72 0.485119
-0.71 0.484272
-0.7 0.483917
-0.69 0.482881
-0.68 0.482012
-0.67 0.481459
-0.66 0.480162
-0.65 0.479144
-0.64 0.478418
-0.63 0.476907
-0.62 0.475566
-0.61 0.47471
-0.6 0.473116
-0.59 0.471252
-0.58 0.470111
-0.57 0.468754
-0.56 0.46648
-0.55 0.464411
-0.54 0.463155
-0.53 0.46158
-0.52 0.458841
-0.51 0.45582
-0.5 0.454004
-0.49 0.453949
-0.48 0.455159
-0.47 0.456871
-0.46 0.458614
-0.45 0.460239
-0.44 0.461746
-0.43 0.463156
-0.42 0.464482
-0.41 0.465726
-0.4 0.466889
-0.39 0.467974
-0.38 0.468983
-0.37 0.469919
-0.36 0.470784
-0.35 0.47158
-0.34 0.472311
-0.33 0.472978
-0.32 0.473586
-0.31 0.474136
-0.3 0.474631
-0.29 0.475074
-0.28 0.475469
-0.27 0.475818
-0.26 0.476123
-0.25 0.476389
-0.24 0.476617
-0.23 0.476811
-0.22 0.476972
-0.21 0.477105
-0.2 0.477212
-0.19 0.477295
-0.18 0.477357
-0.17 0.4774
-0.16 0.477427
-0.15 0.47744
-0.14 0.477441
-0.13 0.477433
-0.12 0.477417
-0.11 0.477395
-0.1 0.477369
-0.09 0.477341
-0.08 0.477312
-0.07 0.477283
-0.06 0.477255
-0.05 0.47723
-0.04 0.477208
-0.03 0.47719
-0.02 0.477177
-0.01 0.477169
0 0.477167
0.01 0.477169
0.02 0.477177
0.03 0.47719
0.04 0.477208
0.05 0.47723
0.06 0.477255
0.07 0.477283
0.08 0.477312
0.09 0.477341
0.1 0.477369
0.11 0.477395
0.12 0.477417
0.13 0.477433
0.14 0.477441
0.15 0.47744
0.16 0.477427
0.17 0.4774
0.18 0.477357
0.19 0.477295
0.2 0.477212
0.21 0.477105
0.22 0.476972
0.23 0.476811
0.24 0.476617
0.25 0.476389
0.26 0.476123
0.27 0.475818
0.28 0.475469
0.29 0.475074
0.3 0.474631
0.31 0.474136
0.32 0.473586
0.33 0.472978
0.34 0.472311
0.35 0.47158
0.36 0.470784
0.37 0.469919
0.38 0.468983
0.39 0.467974
0.4 0.466889
0.41 0.465726
0.42 0.464482
0.43 0.463156
0.44 0.461746
0.45 0.460239
0.46 0.458614
0.47 0.456871
0.48 0.455159
0.49 0.453949
0.5 0.454004
0.51 0.45582
0.52 0.458841
0.53 0.46158
0.54 0.463155
0.55 0.464411
0.56 0.46648
0.57 0.468754
0.58 0.470111
0.59 0.471252
0.6 0.473116
0.61 0.47471
0.62 0.475566
0.63 0.476907
0.64 0.478418
0.65 0.479144
0.66 0.480162
0.67 0.481459
0.68 0.482012
0.69 0.482881
0.7 0.483917
0.71 0.484272
0.72 0.485119
0.73 0.485809
0.74 0.48607
0.75 0.486904
0.76 0.487175
0.77 0.487573
0.78 0.488169
0.79 0.488203
0.8 0.488806
0.81 0.488903
0.82 0.489178
0.83 0.489525
0.84 0.489484
0.85 0.48995
0.86 0.489809
0.87 0.49019
0.88 0.490131
0.89 0.490317
0.9 0.490404
0.91 0.490397
0.92 0.490604
0.93 0.490459
0.94 0.490733
0.95 0.490512
0.96 0.490809
0.97 0.490551
0.98 0.490847
0.99 0.490571
