-1 0.376181
-0.99 0.376485
-0.98 0.376339
-0.97 0.376772
-0.96 0.376816
-0.95 0.377337
-0.94 0.377614
-0.93 0.378161
-0.92 0.378731
-0.91 0.379239
-0.9 0.380136
-0.89 0.380596
-0.88 0.38175
-0.87 0.382293
-0.86 0.383474
-0.85 0.384362
-0.84 0.385301
-0.83 0.386666
-0.82 0.387426
-0.81 0.388905
-0.8 0.390024
-0.79 0.391071
-0.78 0.392733
-0.77 0.393695
-0.76 0.395042
-0.75 0.396716
-0.74 0.39764
-0.73 0.399099
-0.72 0.400838
-0.71 0.401752
-0.7 0.403051
-0.69 0.404954
-0.68 0.40605
-0.67 0.406824
-0.66 0.408549
-0.65 0.410437
-0.64 0.411194
-0.63 0.411466
-0.62 0.412946
-0.61 0.416347
-0.6 0.421119
-0.59 0.426413
-0.58 0.431745
-0.57 0.436982
-0.56 0.442132
-0.55 0.447213
-0.54 0.452228
-0.53 0.457176
-0.52 0.462053
-0.51 0.466858
-0.5 0.471588
-0.49 0.476241
-0.48 0.480817
-0.47 0.485311
-0.46 0.489725
-0.45 0.494054
-0.44 0.498299
-0.43 0.502457
-0.42 0.506528
-0.41 0.510509
-0.4 0.514401
-0.39 0.518201
-0.38 0.52191
-0.37 0.525525
-0.36 0.529047
-0.35 0.532475
-0.34 0.535807
-0.33 0.539043
-0.32 0.542184
-0.31 0.545227
-0.3 0.548174
-0.29 0.551023
-0.28 0.553775
-0.27 0.55643
-0.26 0.558986
-0.25 0.561444
-0.24 0.563805
-0.23 0.566067
-0.22 0.568232
-0.21 0.570298
-0.2 0.572267
-0.19 0.574138
-0.18 0.575911
-0.17 0.577588
-0.16 0.579167
-0.15 0.580648
-0.14 0.582034
-0.13 0.583322
-0.12 0.584514
-0.11 0.58561
-0.1 0.58661
-0.09 0.587514
-0.08 0.588322
-0.07 0.589035
-0.06 0.589652
-0.05 0.590175
-0.04 0.590602
-0.03 0.590934
-0.02 0.591171
-0.01 0.591313
0 0.591361
0.01 0.591313
0.02 0.591171
0.03 0.590934
0.04 0.590602
0.05 0.590175
0.06 0.589652
0.07 0.589035
0.08 0.588322
0.09 0.587514
0.1 0.58661
0.11 0.58561
0.12 0.584514
0.13 0.583322
0.14 0.582034
0.15 0.580648
0.16 0.579167
0.17 0.577588
0.18 0.575911
0.19 0.574138
0.2 0.572267
0.21 0.570298
0.22 0.568232
0.23 0.566067
0.24 0.563805
0.25 0.561444
0.26 0.558986
0.27 0.55643
0.28 0.553775
0.29 0.551023
0.3 0.548174
0.31 0.545227
0.32 0.542184
0.33 0.539043
0.34 0.535807
0.35 0.532475
0.36 0.529047
0.37 0.525525
0.38 0.52191
0.39 0.518201
0.4 0.514401
0.41 0.510509
0.42 0.506528
0.43 0.502457
0.44 0.498299
0.45 0.494054
0.46 0.489725
0.47 0.485311
0.48 0.480817
0.49 0.476241
0.5 0.471588
0.51 0.466858
0.52 0.462053
0.53 0.457176
0.54 0.452228
0.55 0.447213
0.56 0.442132
0.57 0.436982
0.58 0.431745
0.59 0.426413
0.6 0.421119
0.61 0.416347
0.62 0.412946
0.63 0.411466
0.64 0.411194
0.65 0.410437
0.66 0.408549
0.67 0.406824
0.68 0.40605
0.69 0.404954
0.7 0.403051
0.71 0.401752
0.72 0.400838
0.73 0.399099
0.74 0.39764
0.75 0.396716
0.76 0.395042
0.77 0.393695
0.78 0.392733
0.79 0.391071
0.8 0.390024
0.81 0.388905
0.82 0.387426
0.83 0.386666
0.84 0.385301
0.85 0.384362
0.86 0.383474
0.87 0.382293
0.88 0.38175
0.89 0.380596
0.9 0.380136
0.91 0.379239
0.92 0.378731
0.93 0.378161
0.94 0.377614
0.95 0.377337
0.96 0.376816
0.97 0.376772
0.98 0.376339
0.99 0.376485
