0 2.17372e-16
0.01 0.0579351
0.02 0.115642
0.03 0.172892
0.04 0.229459
0.05 0.285122
0.06 0.339658
0.07 0.392855
0.08 0.444501
0.09 0.494393
0.1 0.542333
0.11 0.588134
0.12 0.631613
0.13 0.672599
0.14 0.710932
0.15 0.746458
0.16 0.779038
0.17 0.808544
0.18 0.834859
0.19 0.857879
0.2 0.877514
0.21 0.893685
0.22 0.90633
0.23 0.915397
0.24 0.920852
0.25 0.922673
0.26 0.920852
0.27 0.915397
0.28 0.90633
0.29 0.893685
0.3 0.877514
0.31 0.857879
0.32 0.834859
0.33 0.808544
0.34 0.779038
0.35 0.746458
0.36 0.710932
0.37 0.672599
0.38 0.631613
0.39 0.588134
0.4 0.542333
0.41 0.494393
0.42 0.444501
0.43 0.392855
0.44 0.339658
0.45 0.285122
0.46 0.229459
0.47 0.172892
0.48 0.115642
0.49 0.0579351
0.5 4.86695e-17
0.51 -0.0579351
0.52 -0.115642
0.53 -0.172892
0.54 -0.229459
0.55 -0.285122
0.56 -0.339658
0.57 -0.392855
0.58 -0.444501
0.59 -0.494393
0.6 -0.542333
0.61 -0.588134
0.62 -0.631613
0.63 -0.672599
0.64 -0.710932
0.65 -0.746458
0.66 -0.779038
0.67 -0.808544
0.68 -0.834859
0.69 -0.857879
0.7 -0.877514
0.71 -0.893685
0.72 -0.90633
0.73 -0.915397
0.74 -0.920852
0.75 -0.922673
0.76 -0.920852
0.77 -0.915397
0.78 -0.90633
0.79 -0.893685
0.8 -0.877514
0.81 -0.857879
0.82 -0.834859
0.83 -0.808544
0.84 -0.779038
0.85 -0.746458
0.86 -0.710932
0.87 -0.672599
0.88 -0.631613
0.89 -0.588134
0.9 -0.542333
0.91 -0.494393
0.92 -0.444501
0.93 -0.392855
0.94 -0.339658
0.95 -0.285122
0.96 -0.229459
0.97 -0.172892
0.98 -0.115642
0.99 -0.0579351
