-1 1.07112e-06
-0.998 1.07739e-06
-0.996 1.09628e-06
-0.994 1.12796e-06
-0.992 1.17277e-06
-0.99 1.23114e-06
-0.988 1.30367e-06
-0.986 1.39108e-06
-0.984 1.49424e-06
-0.982 1.61417e-06
-0.98 1.75206e-06
-0.978 1.90927e-06
-0.976 2.08733e-06
-0.974 2.28798e-06
-0.972 2.51315e-06
-0.97 2.76501e-06
-0.968 3.04596e-06
-0.966 3.35866e-06
-0.964 3.70607e-06
-0.962 4.09142e-06
-0.96 4.51829e-06
-0.958 4.9906e-06
-0.956 5.51266e-06
-0.954 6.08921e-06
-0.952 6.7254e-06
-0.95 7.42692e-06
-0.948 8.19994e-06
-0.946 9.05123e-06
-0.944 9.98818e-06
-0.942 1.10188e-05
-0.94 1.2152e-05
-0.938 1.33972e-05
-0.936 1.47648e-05
-0.934 1.62663e-05
-0.932 1.79139e-05
-0.93 1.9721e-05
-0.928 2.17022e-05
-0.926 2.38733e-05
-0.924 2.62515e-05
-0.922 2.88554e-05
-0.92 3.17051e-05
-0.918 3.48226e-05
-0.916 3.82316e-05
-0.914 4.19578e-05
-0.912 4.60288e-05
-0.91 5.04749e-05
-0.908 5.53283e-05
-0.906 6.06244e-05
-0.904 6.64009e-05
-0.902 7.26988e-05
-0.9 7.95623e-05
-0.898 8.7039e-05
-0.896 9.51803e-05
-0.894 0.000104042
-0.892 0.000113682
-0.89 0.000124167
-0.888 0.000135564
-0.886 0.000147948
-0.884 0.0001614
-0.882 0.000176003
-0.88 0.000191851
-0.878 0.000209043
-0.876 0.000227684
-0.874 0.000247889
-0.872 0.000269778
-0.87 0.000293483
-0.868 0.000319143
-0.866 0.000346907
-0.864 0.000376937
-0.862 0.000409402
-0.86 0.000444485
-0.858 0.000482382
-0.856 0.000523301
-0.854 0.000567463
-0.852 0.000615107
-0.85 0.000666484
-0.848 0.000721863
-0.846 0.000781531
-0.844 0.000845793
-0.842 0.000914973
-0.84 0.000989416
-0.838 0.00106949
-0.836 0.00115558
-0.834 0.0012481
-0.832 0.00134748
-0.83 0.0014542
-0.828 0.00156875
-0.826 0.00169164
-0.824 0.00182343
-0.822 0.0019647
-0.82 0.00211606
-0.818 0.00227818
-0.816 0.00245174
-0.814 0.00263746
-0.812 0.00283612
-0.81 0.00304852
-0.808 0.00327552
-0.806 0.00351801
-0.804 0.00377695
-0.802 0.00405332
-0.8 0.00434817
-0.798 0.00466261
-0.796 0.00499779
-0.794 0.00535492
-0.792 0.00573528
-0.79 0.00614019
-0.788 0.00657106
-0.786 0.00702936
-0.784 0.00751661
-0.782 0.00803442
-0.78 0.00858447
-0.778 0.00916851
-0.776 0.00978837
-0.774 0.010446
-0.772 0.0111433
-0.77 0.0118824
-0.768 0.0126654
-0.766 0.0134947
-0.764 0.0143725
-0.762 0.0153013
-0.76 0.0162835
-0.758 0.017322
-0.756 0.0184192
-0.754 0.0195782
-0.752 0.0208017
-0.75 0.0220929
-0.748 0.0234548
-0.746 0.0248907
-0.744 0.026404
-0.742 0.027998
-0.74 0.0296765
-0.738 0.0314429
-0.736 0.0333012
-0.734 0.0352552
-0.732 0.037309
-0.73 0.0394666
-0.728 0.0417322
-0.726 0.0441103
-0.724 0.0466053
-0.722 0.0492217
-0.72 0.0519641
-0.718 0.0548375
-0.716 0.0578466
-0.714 0.0609963
-0.712 0.0642919
-0.71 0.0677384
-0.708 0.0713412
-0.706 0.0751055
-0.704 0.0790368
-0.702 0.0831407
-0.7 0.0874226
-0.698 0.0918883
-0.696 0.0965435
-0.694 0.101394
-0.692 0.106446
-0.69 0.111704
-0.688 0.117176
-0.686 0.122866
-0.684 0.128781
-0.682 0.134927
-0.68 0.14131
-0.678 0.147935
-0.676 0.154809
-0.674 0.161938
-0.672 0.169327
-0.67 0.176983
-0.668 0.184911
-0.666 0.193117
-0.664 0.201606
-0.662 0.210384
-0.66 0.219456
-0.658 0.228829
-0.656 0.238506
-0.654 0.248493
-0.652 0.258794
-0.65 0.269415
-0.648 0.28036
-0.646 0.291632
-0.644 0.303237
-0.642 0.315177
-0.64 0.327456
-0.638 0.340078
-0.636 0.353044
-0.634 0.366359
-0.632 0.380024
-0.63 0.394041
-0.628 0.408411
-0.626 0.423136
-0.624 0.438217
-0.622 0.453654
-0.62 0.469446
-0.618 0.485595
-0.616 0.502097
-0.614 0.518953
-0.612 0.536161
-0.61 0.553717
-0.608 0.57162
-0.606 0.589865
-0.604 0.60845
-0.602 0.627369
-0.6 0.646617
-0.598 0.666189
-0.596 0.68608
-0.594 0.706282
-0.592 0.726787
-0.59 0.74759
-0.588 0.76868
-0.586 0.790048
-0.584 0.811686
-0.582 0.833584
-0.58 0.855729
-0.578 0.878112
-0.576 0.90072
-0.574 0.92354
-0.572 0.94656
-0.57 0.969765
-0.568 0.993143
-0.566 1.01668
-0.564 1.04035
-0.562 1.06415
-0.56 1.08806
-0.558 1.11207
-0.556 1.13614
-0.554 1.16028
-0.552 1.18445
-0.55 1.20864
-0.548 1.23284
-0.546 1.25701
-0.544 1.28115
-0.542 1.30523
-0.54 1.32923
-0.538 1.35313
-0.536 1.37691
-0.534 1.40054
-0.532 1.42401
-0.53 1.4473
-0.528 1.47038
-0.526 1.49323
-0.524 1.51582
-0.522 1.53815
-0.52 1.56018
-0.518 1.58189
-0.516 1.60326
-0.514 1.62427
-0.512 1.6449
-0.51 1.66512
-0.508 1.68492
-0.506 1.70427
-0.504 1.72316
-0.502 1.74156
-0.5 1.75945
-0.498 1.77681
-0.496 1.79363
-0.494 1.80988
-0.492 1.82555
-0.49 1.84061
-0.488 1.85506
-0.486 1.86888
-0.484 1.88204
-0.482 1.89455
-0.48 1.90637
-0.478 1.91749
-0.476 1.92791
-0.474 1.93762
-0.472 1.94659
-0.47 1.95482
-0.468 1.9623
-0.466 1.96903
-0.464 1.97498
-0.462 1.98016
-0.46 1.98456
-0.458 1.98818
-0.456 1.991
-0.454 1.99304
-0.452 1.99427
-0.45 1.99471
-0.448 1.99435
-0.446 1.99319
-0.444 1.99124
-0.442 1.9885
-0.44 1.98496
-0.438 1.98064
-0.436 1.97553
-0.434 1.96966
-0.432 1.96301
-0.43 1.9556
-0.428 1.94745
-0.426 1.93855
-0.424 1.92892
-0.422 1.91857
-0.42 1.90751
-0.418 1.89576
-0.416 1.88332
-0.414 1.87023
-0.412 1.85647
-0.41 1.84209
-0.408 1.82708
-0.406 1.81147
-0.404 1.79528
-0.402 1.77852
-0.4 1.76121
-0.398 1.74337
-0.396 1.72502
-0.394 1.70618
-0.392 1.68688
-0.39 1.66712
-0.388 1.64694
-0.386 1.62635
-0.384 1.60538
-0.382 1.58404
-0.38 1.56236
-0.378 1.54036
-0.376 1.51807
-0.374 1.4955
-0.372 1.47267
-0.37 1.44962
-0.368 1.42635
-0.366 1.4029
-0.364 1.37928
-0.362 1.35551
-0.36 1.33162
-0.358 1.30763
-0.356 1.28356
-0.354 1.25943
-0.352 1.23526
-0.35 1.21106
-0.348 1.18687
-0.346 1.16269
-0.344 1.13855
-0.342 1.11447
-0.34 1.09046
-0.338 1.06654
-0.336 1.04273
-0.334 1.01904
-0.332 0.995489
-0.33 0.972096
-0.328 0.948872
-0.326 0.925833
-0.324 0.902992
-0.322 0.880363
-0.32 0.857957
-0.318 0.835787
-0.316 0.813865
-0.314 0.7922
-0.312 0.770804
-0.31 0.749686
-0.308 0.728855
-0.306 0.708319
-0.304 0.688086
-0.302 0.668164
-0.3 0.64856
-0.298 0.629279
-0.296 0.610327
-0.294 0.591709
-0.292 0.573429
-0.29 0.555492
-0.288 0.537901
-0.286 0.520658
-0.284 0.503767
-0.282 0.487229
-0.28 0.471045
-0.278 0.455217
-0.276 0.439745
-0.274 0.424628
-0.272 0.409868
-0.27 0.395462
-0.268 0.38141
-0.266 0.36771
-0.264 0.35436
-0.262 0.341359
-0.26 0.328703
-0.258 0.31639
-0.256 0.304416
-0.254 0.292778
-0.252 0.281472
-0.25 0.270495
-0.248 0.259842
-0.246 0.249509
-0.244 0.239491
-0.242 0.229783
-0.24 0.22038
-0.238 0.211278
-0.236 0.202471
-0.234 0.193953
-0.232 0.185719
-0.23 0.177764
-0.228 0.170081
-0.226 0.162665
-0.224 0.155511
-0.222 0.148611
-0.22 0.141961
-0.218 0.135555
-0.216 0.129385
-0.214 0.123447
-0.212 0.117735
-0.21 0.112242
-0.208 0.106962
-0.206 0.10189
-0.204 0.0970197
-0.202 0.0923453
-0.2 0.0878609
-0.198 0.0835608
-0.196 0.0794394
-0.194 0.0754911
-0.192 0.0717103
-0.19 0.0680916
-0.188 0.0646297
-0.186 0.0613193
-0.184 0.0581551
-0.182 0.0551322
-0.18 0.0522455
-0.178 0.0494902
-0.176 0.0468614
-0.174 0.0443545
-0.172 0.0419649
-0.17 0.0396882
-0.168 0.03752
-0.166 0.0354561
-0.164 0.0334923
-0.162 0.0316246
-0.16 0.0298491
-0.158 0.028162
-0.156 0.0265597
-0.154 0.0250385
-0.152 0.023595
-0.15 0.0222258
-0.148 0.0209277
-0.146 0.0196976
-0.144 0.0185323
-0.142 0.017429
-0.14 0.0163848
-0.138 0.0153971
-0.136 0.0144631
-0.134 0.0135803
-0.132 0.0127463
-0.13 0.0119587
-0.128 0.0112153
-0.126 0.010514
-0.124 0.00985252
-0.122 0.009229
-0.12 0.00864148
-0.118 0.00808813
-0.116 0.00756719
-0.114 0.00707698
-0.112 0.00661589
-0.11 0.00618238
-0.108 0.00577497
-0.106 0.00539226
-0.104 0.00503291
-0.102 0.00469565
-0.1 0.00437924
-0.098 0.00408254
-0.096 0.00380444
-0.094 0.00354389
-0.092 0.00329988
-0.09 0.00307147
-0.088 0.00285775
-0.086 0.00265788
-0.084 0.00247102
-0.082 0.00229643
-0.08 0.00213336
-0.078 0.00198113
-0.076 0.00183907
-0.074 0.00170658
-0.072 0.00158307
-0.07 0.00146798
-0.068 0.00136079
-0.066 0.00126102
-0.064 0.00116819
-0.062 0.00108188
-0.06 0.00100166
-0.058 0.000927157
-0.056 0.000858
-0.054 0.000793848
-0.052 0.000734382
-0.05 0.000679299
-0.048 0.000628319
-0.046 0.000581176
-0.044 0.000537626
-0.042 0.000497436
-0.04 0.000460393
-0.038 0.000426296
-0.036 0.00039496
-0.034 0.000366212
-0.032 0.000339893
-0.03 0.000315854
-0.028 0.000293961
-0.026 0.000274089
-0.024 0.000256122
-0.022 0.000239958
-0.02 0.000225503
-0.018 0.000212671
-0.016 0.000201387
-0.014 0.000191585
-0.012 0.000183205
-0.01 0.000176198
-0.008 0.000170522
-0.006 0.000166142
-0.004 0.000163032
-0.002 0.000161174
0 0.000160556
0.002 0.000161174
0.004 0.000163032
0.006 0.000166142
0.008 0.000170522
0.01 0.000176198
0.012 0.000183205
0.014 0.000191585
0.016 0.000201387
0.018 0.000212671
0.02 0.000225503
0.022 0.000239958
0.024 0.000256122
0.026 0.000274089
0.028 0.000293961
0.03 0.000315854
0.032 0.000339893
0.034 0.000366212
0.036 0.00039496
0.038 0.000426296
0.04 0.000460393
0.042 0.000497436
0.044 0.000537626
0.046 0.000581176
0.048 0.000628319
0.05 0.000679299
0.052 0.000734382
0.054 0.000793848
0.056 0.000858
0.058 0.000927157
0.06 0.00100166
0.062 0.00108188
0.064 0.00116819
0.066 0.00126102
0.068 0.00136079
0.07 0.00146798
0.072 0.00158307
0.074 0.00170658
0.076 0.00183907
0.078 0.00198113
0.08 0.00213336
0.082 0.00229643
0.084 0.00247102
0.086 0.00265788
0.088 0.00285775
0.09 0.00307147
0.092 0.00329988
0.094 0.00354389
0.096 0.00380444
0.098 0.00408254
0.1 0.00437924
0.102 0.00469565
0.104 0.00503291
0.106 0.00539226
0.108 0.00577497
0.11 0.00618238
0.112 0.00661589
0.114 0.00707698
0.116 0.00756719
0.118 0.00808813
0.12 0.00864148
0.122 0.009229
0.124 0.00985252
0.126 0.010514
0.128 0.0112153
0.13 0.0119587
0.132 0.0127463
0.134 0.0135803
0.136 0.0144631
0.138 0.0153971
0.14 0.0163848
0.142 0.017429
0.144 0.0185323
0.146 0.0196976
0.148 0.0209277
0.15 0.0222258
0.152 0.023595
0.154 0.0250385
0.156 0.0265597
0.158 0.028162
0.16 0.0298491
0.162 0.0316246
0.164 0.0334923
0.166 0.0354561
0.168 0.03752
0.17 0.0396882
0.172 0.0419649
0.174 0.0443545
0.176 0.0468614
0.178 0.0494902
0.18 0.0522455
0.182 0.0551322
0.184 0.0581551
0.186 0.0613193
0.188 0.0646297
0.19 0.0680916
0.192 0.0717103
0.194 0.0754911
0.196 0.0794394
0.198 0.0835608
0.2 0.0878609
0.202 0.0923453
0.204 0.0970197
0.206 0.10189
0.208 0.106962
0.21 0.112242
0.212 0.117735
0.214 0.123447
0.216 0.129385
0.218 0.135555
0.22 0.141961
0.222 0.148611
0.224 0.155511
0.226 0.162665
0.228 0.170081
0.23 0.177764
0.232 0.185719
0.234 0.193953
0.236 0.202471
0.238 0.211278
0.24 0.22038
0.242 0.229783
0.244 0.239491
0.246 0.249509
0.248 0.259842
0.25 0.270495
0.252 0.281472
0.254 0.292778
0.256 0.304416
0.258 0.31639
0.26 0.328703
0.262 0.341359
0.264 0.35436
0.266 0.36771
0.268 0.38141
0.27 0.395462
0.272 0.409868
0.274 0.424628
0.276 0.439745
0.278 0.455217
0.28 0.471045
0.282 0.487229
0.284 0.503767
0.286 0.520658
0.288 0.537901
0.29 0.555492
0.292 0.573429
0.294 0.591709
0.296 0.610327
0.298 0.629279
0.3 0.64856
0.302 0.668164
0.304 0.688086
0.306 0.708319
0.308 0.728855
0.31 0.749686
0.312 0.770804
0.314 0.7922
0.316 0.813865
0.318 0.835787
0.32 0.857957
0.322 0.880363
0.324 0.902992
0.326 0.925833
0.328 0.948872
0.33 0.972096
0.332 0.995489
0.334 1.01904
0.336 1.04273
0.338 1.06654
0.34 1.09046
0.342 1.11447
0.344 1.13855
0.346 1.16269
0.348 1.18687
0.35 1.21106
0.352 1.23526
0.354 1.25943
0.356 1.28356
0.358 1.30763
0.36 1.33162
0.362 1.35551
0.364 1.37928
0.366 1.4029
0.368 1.42635
0.37 1.44962
0.372 1.47267
0.374 1.4955
0.376 1.51807
0.378 1.54036
0.38 1.56236
0.382 1.58404
0.384 1.60538
0.386 1.62635
0.388 1.64694
0.39 1.66712
0.392 1.68688
0.394 1.70618
0.396 1.72502
0.398 1.74337
0.4 1.76121
0.402 1.77852
0.404 1.79528
0.406 1.81147
0.408 1.82708
0.41 1.84209
0.412 1.85647
0.414 1.87023
0.416 1.88332
0.418 1.89576
0.42 1.90751
0.422 1.91857
0.424 1.92892
0.426 1.93855
0.428 1.94745
0.43 1.9556
0.432 1.96301
0.434 1.96966
0.436 1.97553
0.438 1.98064
0.44 1.98496
0.442 1.9885
0.444 1.99124
0.446 1.99319
0.448 1.99435
0.45 1.99471
0.452 1.99427
0.454 1.99304
0.456 1.991
0.458 1.98818
0.46 1.98456
0.462 1.98016
0.464 1.97498
0.466 1.96903
0.468 1.9623
0.47 1.95482
0.472 1.94659
0.474 1.93762
0.476 1.92791
0.478 1.91749
0.48 1.90637
0.482 1.89455
0.484 1.88204
0.486 1.86888
0.488 1.85506
0.49 1.84061
0.492 1.82555
0.494 1.80988
0.496 1.79363
0.498 1.77681
0.5 1.75945
0.502 1.74156
0.504 1.72316
0.506 1.70427
0.508 1.68492
0.51 1.66512
0.512 1.6449
0.514 1.62427
0.516 1.60326
0.518 1.58189
0.52 1.56018
0.522 1.53815
0.524 1.51582
0.526 1.49323
0.528 1.47038
0.53 1.4473
0.532 1.42401
0.534 1.40054
0.536 1.37691
0.538 1.35313
0.54 1.32923
0.542 1.30523
0.544 1.28115
0.546 1.25701
0.548 1.23284
0.55 1.20864
0.552 1.18445
0.554 1.16028
0.556 1.13614
0.558 1.11207
0.56 1.08806
0.562 1.06415
0.564 1.04035
0.566 1.01668
0.568 0.993143
0.57 0.969765
0.572 0.94656
0.574 0.92354
0.576 0.90072
0.578 0.878112
0.58 0.855729
0.582 0.833584
0.584 0.811686
0.586 0.790048
0.588 0.76868
0.59 0.74759
0.592 0.726787
0.594 0.706282
0.596 0.68608
0.598 0.666189
0.6 0.646617
0.602 0.627369
0.604 0.60845
0.606 0.589865
0.608 0.57162
0.61 0.553717
0.612 0.536161
0.614 0.518953
0.616 0.502097
0.618 0.485595
0.62 0.469446
0.622 0.453654
0.624 0.438217
0.626 0.423136
0.628 0.408411
0.63 0.394041
0.632 0.380024
0.634 0.366359
0.636 0.353044
0.638 0.340078
0.64 0.327456
0.642 0.315177
0.644 0.303237
0.646 0.291632
0.648 0.28036
0.65 0.269415
0.652 0.258794
0.654 0.248493
0.656 0.238506
0.658 0.228829
0.66 0.219456
0.662 0.210384
0.664 0.201606
0.666 0.193117
0.668 0.184911
0.67 0.176983
0.672 0.169327
0.674 0.161938
0.676 0.154809
0.678 0.147935
0.68 0.14131
0.682 0.134927
0.684 0.128781
0.686 0.122866
0.688 0.117176
0.69 0.111704
0.692 0.106446
0.694 0.101394
0.696 0.0965435
0.698 0.0918883
0.7 0.0874226
0.702 0.0831407
0.704 0.0790368
0.706 0.0751055
0.708 0.0713412
0.71 0.0677384
0.712 0.0642919
0.714 0.0609963
0.716 0.0578466
0.718 0.0548375
0.72 0.0519641
0.722 0.0492217
0.724 0.0466053
0.726 0.0441103
0.728 0.0417322
0.73 0.0394666
0.732 0.037309
0.734 0.0352552
0.736 0.0333012
0.738 0.0314429
0.74 0.0296765
0.742 0.027998
0.744 0.026404
0.746 0.0248907
0.748 0.0234548
0.75 0.0220929
0.752 0.0208017
0.754 0.0195782
0.756 0.0184192
0.758 0.017322
0.76 0.0162835
0.762 0.0153013
0.764 0.0143725
0.766 0.0134947
0.768 0.0126654
0.77 0.0118824
0.772 0.0111433
0.774 0.010446
0.776 0.00978837
0.778 0.00916851
0.78 0.00858447
0.782 0.00803442
0.784 0.00751661
0.786 0.00702936
0.788 0.00657106
0.79 0.00614019
0.792 0.00573528
0.794 0.00535492
0.796 0.00499779
0.798 0.00466261
0.8 0.00434817
0.802 0.00405332
0.804 0.00377695
0.806 0.00351801
0.808 0.00327552
0.81 0.00304852
0.812 0.00283612
0.814 0.00263746
0.816 0.00245174
0.818 0.00227818
0.82 0.00211606
0.822 0.0019647
0.824 0.00182343
0.826 0.00169164
0.828 0.00156875
0.83 0.0014542
0.832 0.00134748
0.834 0.0012481
0.836 0.00115558
0.838 0.00106949
0.84 0.000989416
0.842 0.000914973
0.844 0.000845793
0.846 0.000781531
0.848 0.000721863
0.85 0.000666484
0.852 0.000615107
0.854 0.000567463
0.856 0.000523301
0.858 0.000482382
0.86 0.000444485
0.862 0.000409402
0.864 0.000376937
0.866 0.000346907
0.868 0.000319143
0.87 0.000293483
0.872 0.000269778
0.874 0.000247889
0.876 0.000227684
0.878 0.000209043
0.88 0.000191851
0.882 0.000176003
0.884 0.0001614
0.886 0.000147948
0.888 0.000135564
0.89 0.000124167
0.892 0.000113682
0.894 0.000104042
0.896 9.51803e-05
0.898 8.7039e-05
0.9 7.95623e-05
0.902 7.26988e-05
0.904 6.64009e-05
0.906 6.06244e-05
0.908 5.53283e-05
0.91 5.04749e-05
0.912 4.60288e-05
0.914 4.19578e-05
0.916 3.82316e-05
0.918 3.48226e-05
0.92 3.17051e-05
0.922 2.88554e-05
0.924 2.62515e-05
0.926 2.38733e-05
0.928 2.17022e-05
0.93 1.9721e-05
0.932 1.79139e-05
0.934 1.62663e-05
0.936 1.47648e-05
0.938 1.33972e-05
0.94 1.2152e-05
0.942 1.10188e-05
0.944 9.98818e-06
0.946 9.05123e-06
0.948 8.19994e-06
0.95 7.42692e-06
0.952 6.7254e-06
0.954 6.08921e-06
0.956 5.51266e-06
0.958 4.9906e-06
0.96 4.51829e-06
0.962 4.09142e-06
0.964 3.70607e-06
0.966 3.35866e-06
0.968 3.04596e-06
0.97 2.76501e-06
0.972 2.51315e-06
0.974 2.28798e-06
0.976 2.08733e-06
0.978 1.90927e-06
0.98 1.75206e-06
0.982 1.61417e-06
0.984 1.49424e-06
0.986 1.39108e-06
0.988 1.30367e-06
0.99 1.23114e-06
0.992 1.17277e-06
0.994 1.12796e-06
0.996 1.09628e-06
0.998 1.07739e-06
