-1 0.388515
-0.99 0.388265
-0.98 0.388646
-0.97 0.388549
-0.96 0.389035
-0.95 0.38912
-0.94 0.389665
-0.93 0.389984
-0.92 0.39052
-0.91 0.391131
-0.9 0.391597
-0.89 0.392518
-0.88 0.392934
-0.87 0.394056
-0.86 0.394593
-0.85 0.395654
-0.84 0.396577
-0.83 0.397354
-0.82 0.398692
-0.81 0.399378
-0.8 0.400665
-0.79 0.401808
-0.78 0.402629
-0.77 0.404163
-0.76 0.405103
-0.75 0.406133
-0.74 0.407723
-0.73 0.408573
-0.72 0.409655
-0.71 0.41129
-0.7 0.412145
-0.69 0.41302
-0.68 0.414684
-0.67 0.415803
-0.66 0.416256
-0.65 0.417461
-0.64 0.419207
-0.63 0.42003
-0.62 0.419984
-0.61 0.420678
-0.6 0.423219
-0.59 0.427355
-0.58 0.432237
-0.57 0.43725
-0.56 0.442179
-0.55 0.447006
-0.54 0.451751
-0.53 0.456424
-0.52 0.461023
-0.51 0.465547
-0.5 0.469993
-0.49 0.474359
-0.48 0.478645
-0.47 0.482848
-0.46 0.486967
-0.45 0.491002
-0.44 0.49495
-0.43 0.498811
-0.42 0.502584
-0.41 0.506269
-0.4 0.509863
-0.39 0.513367
-0.38 0.516781
-0.37 0.520102
-0.36 0.523332
-0.35 0.52647
-0.34 0.529516
-0.33 0.532468
-0.32 0.535328
-0.31 0.538096
-0.3 0.54077
-0.29 0.543352
-0.28 0.545841
-0.27 0.548238
-0.26 0.550543
-0.25 0.552756
-0.24 0.554878
-0.23 0.556908
-0.22 0.558848
-0.21 0.560697
-0.2 0.562456
-0.19 0.564126
-0.18 0.565706
-0.17 0.567198
-0.16 0.568602
-0.15 0.569918
-0.14 0.571146
-0.13 0.572288
-0.12 0.573343
-0.11 0.574312
-0.1 0.575195
-0.09 0.575993
-0.08 0.576707
-0.07 0.577335
-0.06 0.577879
-0.05 0.578339
-0.04 0.578715
-0.03 0.579008
-0.02 0.579216
-0.01 0.579341
0 0.579383
0.01 0.579341
0.02 0.579216
0.03 0.579008
0.04 0.578715
0.05 0.578339
0.06 0.577879
0.07 0.577335
0.08 0.576707
0.09 0.575993
0.1 0.575195
0.11 0.574312
0.12 0.573343
0.13 0.572288
0.14 0.571146
0.15 0.569918
0.16 0.568602
0.17 0.567198
0.18 0.565706
0.19 0.564126
0.2 0.562456
0.21 0.560697
0.22 0.558848
0.23 0.556908
0.24 0.554878
0.25 0.552756
0.26 0.550543
0.27 0.548238
0.28 0.545841
0.29 0.543352
0.3 0.54077
0.31 0.538096
0.32 0.535328
0.33 0.532468
0.34 0.529516
0.35 0.52647
0.36 0.523332
0.37 0.520102
0.38 0.516781
0.39 0.513367
0.4 0.509863
0.41 0.506269
0.42 0.502584
0.43 0.498811
0.44 0.49495
0.45 0.491002
0.46 0.486967
0.47 0.482848
0.48 0.478645
0.49 0.474359
0.5 0.469993
0.51 0.465547
0.52 0.461023
0.53 0.456424
0.54 0.451751
0.55 0.447006
0.56 0.442179
0.57 0.43725
0.58 0.432237
0.59 0.427355
0.6 0.423219
0.61 0.420678
0.62 0.419984
0.63 0.42003
0.64 0.419207
0.65 0.417461
0.66 0.416256
0.67 0.415803
0.68 0.414684
0.69 0.41302
0.7 0.412145
0.71 0.41129
0.72 0.409655
0.73 0.408573
0.74 0.407723
0.75 0.406133
0.76 0.405103
0.77 0.404163
0.78 0.402629
0.79 0.401808
0.8 0.400665
0.81 0.399378
0.82 0.398692
0.83 0.397354
0.84 0.396577
0.85 0.395654
0.86 0.394593
0.87 0.394056
0.88 0.392934
0.89 0.392518
0.9 0.391597
0.91 0.391131
0.92 0.39052
0.93 0.389984
0.94 0.389665
0.95 0.38912
0.96 0.389035
0.97 0.388549
0.98 0.388646
0.99 0.388265
