-1 0.233984
-0.99 0.234307
-0.98 0.234233
-0.97 0.234893
-0.96 0.234993
-0.95 0.236027
-0.94 0.236318
-0.93 0.237613
-0.92 0.238315
-0.91 0.239535
-0.9 0.240994
-0.89 0.241935
-0.88 0.243952
-0.87 0.245325
-0.86 0.246847
-0.85 0.249307
-0.84 0.250887
-0.83 0.25263
-0.82 0.25558
-0.81 0.257927
-0.8 0.25932
-0.79 0.261841
-0.78 0.266685
-0.77 0.273177
-0.76 0.280274
-0.75 0.287486
-0.74 0.294736
-0.73 0.302049
-0.72 0.309434
-0.71 0.316891
-0.7 0.324415
-0.69 0.332002
-0.68 0.339649
-0.67 0.347352
-0.66 0.355108
-0.65 0.362911
-0.64 0.370758
-0.63 0.378644
-0.62 0.386565
-0.61 0.394517
-0.6 0.402495
-0.59 0.410493
-0.58 0.418507
-0.57 0.426533
-0.56 0.434564
-0.55 0.442597
-0.54 0.450624
-0.53 0.458642
-0.52 0.466644
-0.51 0.474626
-0.5 0.482581
-0.49 0.490503
-0.48 0.498388
-0.47 0.50623
-0.46 0.514022
-0.45 0.521759
-0.44 0.529435
-0.43 0.537044
-0.42 0.544581
-0.41 0.552039
-0.4 0.559412
-0.39 0.566695
-0.38 0.573882
-0.37 0.580968
-0.36 0.587945
-0.35 0.594809
-0.34 0.601554
-0.33 0.608174
-0.32 0.614664
-0.31 0.621018
-0.3 0.62723
-0.29 0.633296
-0.28 0.639211
-0.27 0.644968
-0.26 0.650563
-0.25 0.655992
-0.24 0.661248
-0.23 0.666329
-0.22 0.671228
-0.21 0.675942
-0.2 0.680467
-0.19 0.684798
-0.18 0.688932
-0.17 0.692864
-0.16 0.696591
-0.15 0.70011
-0.14 0.703418
-0.13 0.706511
-0.12 0.709387
-0.11 0.712042
-0.1 0.714475
-0.09 0.716683
-0.08 0.718665
-0.07 0.720417
-0.06 0.72194
-0.05 0.72323
-0.04 0.724288
-0.03 0.725111
-0.02 0.7257
-0.01 0.726053
0 0.726171
0.01 0.726053
0.02 0.7257
0.03 0.725111
0.04 0.724288
0.05 0.72323
0.06 0.72194
0.07 0.720417
0.08 0.718665
0.09 0.716683
0.1 0.714475
0.11 0.712042
0.12 0.709387
0.13 0.706511
0.14 0.703418
0.15 0.70011
0.16 0.696591
0.17 0.692864
0.18 0.688932
0.19 0.684798
0.2 0.680467
0.21 0.675942
0.22 0.671228
0.23 0.666329
0.24 0.661248
0.25 0.655992
0.26 0.650563
0.27 0.644968
0.28 0.639211
0.29 0.633296
0.3 0.62723
0.31 0.621018
0.32 0.614664
0.33 0.608174
0.34 0.601554
0.35 0.594809
0.36 0.587945
0.37 0.580968
0.38 0.573882
0.39 0.566695
0.4 0.559412
0.41 0.552039
0.42 0.544581
0.43 0.537044
0.44 0.529435
0.45 0.521759
0.46 0.514022
0.47 0.50623
0.48 0.498388
0.49 0.490503
0.5 0.482581
0.51 0.474626
0.52 0.466644
0.53 0.458642
0.54 0.450624
0.55 0.442597
0.56 0.434564
0.57 0.426533
0.58 0.418507
0.59 0.410493
0.6 0.402495
0.61 0.394517
0.62 0.386565
0.63 0.378644
0.64 0.370758
0.65 0.362911
0.66 0.355108
0.67 0.347352
0.68 0.339649
0.69 0.332002
0.7 0.324415
0.71 0.316891
0.72 0.309434
0.73 0.302049
0.74 0.294736
0.75 0.287486
0.76 0.280274
0.77 0.273177
0.78 0.266685
0.79 0.261841
0.8 0.25932
0.81 0.257927
0.82 0.25558
0.83 0.25263
0.84 0.250887
0.85 0.249307
0.86 0.246847
0.87 0.245325
0.88 0.243952
0.89 0.241935
0.9 0.240994
0.91 0.239535
0.92 0.238315
0.93 0.237613
0.94 0.236318
0.95 0.236027
0.96 0.234993
0.97 0.234893
0.98 0.234233
0.99 0.234307
