-1 0.000101875
-0.998 0.000102286
-0.996 0.000103521
-0.994 0.000105588
-0.992 0.000108501
-0.99 0.000112278
-0.988 0.000116942
-0.986 0.000122525
-0.984 0.000129061
-0.982 0.000136591
-0.98 0.000145163
-0.978 0.000154831
-0.976 0.000165654
-0.974 0.000177699
-0.972 0.000191041
-0.97 0.00020576
-0.968 0.000221946
-0.966 0.000239695
-0.964 0.000259114
-0.962 0.000280316
-0.96 0.000303425
-0.958 0.000328577
-0.956 0.000355914
-0.954 0.000385592
-0.952 0.000417777
-0.95 0.00045265
-0.948 0.000490401
-0.946 0.000531237
-0.944 0.000575377
-0.942 0.000623056
-0.94 0.000674526
-0.938 0.000730054
-0.936 0.000789926
-0.934 0.000854447
-0.932 0.00092394
-0.93 0.000998751
-0.928 0.00107924
-0.926 0.00116581
-0.924 0.00125887
-0.922 0.00135885
-0.92 0.00146622
-0.918 0.00158148
-0.916 0.00170515
-0.914 0.00183778
-0.912 0.00197996
-0.91 0.00213231
-0.908 0.00229549
-0.906 0.00247017
-0.904 0.00265711
-0.902 0.00285706
-0.9 0.00307085
-0.898 0.00329932
-0.896 0.00354339
-0.894 0.00380399
-0.892 0.00408214
-0.89 0.00437888
-0.888 0.00469532
-0.886 0.00503262
-0.884 0.005392
-0.882 0.00577474
-0.88 0.00618217
-0.878 0.00661571
-0.876 0.00707682
-0.874 0.00756705
-0.872 0.008088
-0.87 0.00864136
-0.868 0.00922889
-0.866 0.00985243
-0.864 0.0105139
-0.862 0.0112153
-0.86 0.0119587
-0.858 0.0127462
-0.856 0.0135802
-0.854 0.014463
-0.852 0.015397
-0.85 0.0163848
-0.848 0.017429
-0.846 0.0185323
-0.844 0.0196976
-0.842 0.0209277
-0.84 0.0222258
-0.838 0.023595
-0.836 0.0250385
-0.834 0.0265597
-0.832 0.028162
-0.83 0.0298491
-0.828 0.0316246
-0.826 0.0334923
-0.824 0.0354561
-0.822 0.03752
-0.82 0.0396882
-0.818 0.0419649
-0.816 0.0443545
-0.814 0.0468614
-0.812 0.0494902
-0.81 0.0522455
-0.808 0.0551322
-0.806 0.0581551
-0.804 0.0613193
-0.802 0.0646297
-0.8 0.0680916
-0.798 0.0717103
-0.796 0.0754911
-0.794 0.0794394
-0.792 0.0835608
-0.79 0.0878608
-0.788 0.0923452
-0.786 0.0970197
-0.784 0.10189
-0.782 0.106962
-0.78 0.112242
-0.778 0.117735
-0.776 0.123447
-0.774 0.129385
-0.772 0.135555
-0.77 0.141961
-0.768 0.148611
-0.766 0.155511
-0.764 0.162665
-0.762 0.170081
-0.76 0.177764
-0.758 0.185719
-0.756 0.193953
-0.754 0.202471
-0.752 0.211278
-0.75 0.22038
-0.748 0.229783
-0.746 0.239491
-0.744 0.249509
-0.742 0.259842
-0.74 0.270495
-0.738 0.281472
-0.736 0.292778
-0.734 0.304416
-0.732 0.31639
-0.73 0.328703
-0.728 0.341359
-0.726 0.35436
-0.724 0.36771
-0.722 0.38141
-0.72 0.395462
-0.718 0.409868
-0.716 0.424628
-0.714 0.439745
-0.712 0.455217
-0.71 0.471045
-0.708 0.487229
-0.706 0.503767
-0.704 0.520658
-0.702 0.537901
-0.7 0.555492
-0.698 0.573429
-0.696 0.591709
-0.694 0.610327
-0.692 0.629279
-0.69 0.64856
-0.688 0.668164
-0.686 0.688086
-0.684 0.708319
-0.682 0.728855
-0.68 0.749686
-0.678 0.770804
-0.676 0.7922
-0.674 0.813865
-0.672 0.835787
-0.67 0.857957
-0.668 0.880363
-0.666 0.902992
-0.664 0.925833
-0.662 0.948872
-0.66 0.972096
-0.658 0.995489
-0.656 1.01904
-0.654 1.04273
-0.652 1.06654
-0.65 1.09046
-0.648 1.11447
-0.646 1.13855
-0.644 1.16269
-0.642 1.18687
-0.64 1.21106
-0.638 1.23526
-0.636 1.25943
-0.634 1.28356
-0.632 1.30763
-0.63 1.33162
-0.628 1.35551
-0.626 1.37928
-0.624 1.4029
-0.622 1.42635
-0.62 1.44962
-0.618 1.47267
-0.616 1.4955
-0.614 1.51807
-0.612 1.54036
-0.61 1.56236
-0.608 1.58404
-0.606 1.60538
-0.604 1.62635
-0.602 1.64694
-0.6 1.66712
-0.598 1.68688
-0.596 1.70618
-0.594 1.72502
-0.592 1.74337
-0.59 1.76121
-0.588 1.77852
-0.586 1.79528
-0.584 1.81147
-0.582 1.82708
-0.58 1.84209
-0.578 1.85647
-0.576 1.87023
-0.574 1.88333
-0.572 1.89576
-0.57 1.90751
-0.568 1.91857
-0.566 1.92892
-0.564 1.93855
-0.562 1.94745
-0.56 1.9556
-0.558 1.96301
-0.556 1.96966
-0.554 1.97553
-0.552 1.98064
-0.55 1.98496
-0.548 1.9885
-0.546 1.99124
-0.544 1.99319
-0.542 1.99435
-0.54 1.99471
-0.538 1.99427
-0.536 1.99304
-0.534 1.991
-0.532 1.98818
-0.53 1.98456
-0.528 1.98016
-0.526 1.97498
-0.524 1.96903
-0.522 1.9623
-0.52 1.95482
-0.518 1.94659
-0.516 1.93762
-0.514 1.92791
-0.512 1.91749
-0.51 1.90637
-0.508 1.89455
-0.506 1.88204
-0.504 1.86888
-0.502 1.85506
-0.5 1.84061
-0.498 1.82555
-0.496 1.80988
-0.494 1.79363
-0.492 1.77681
-0.49 1.75945
-0.488 1.74156
-0.486 1.72316
-0.484 1.70427
-0.482 1.68492
-0.48 1.66512
-0.478 1.6449
-0.476 1.62427
-0.474 1.60326
-0.472 1.58189
-0.47 1.56018
-0.468 1.53815
-0.466 1.51582
-0.464 1.49323
-0.462 1.47038
-0.46 1.4473
-0.458 1.42401
-0.456 1.40054
-0.454 1.37691
-0.452 1.35313
-0.45 1.32923
-0.448 1.30523
-0.446 1.28115
-0.444 1.25701
-0.442 1.23284
-0.44 1.20864
-0.438 1.18445
-0.436 1.16028
-0.434 1.13614
-0.432 1.11207
-0.43 1.08806
-0.428 1.06415
-0.426 1.04035
-0.424 1.01668
-0.422 0.993143
-0.42 0.969765
-0.418 0.94656
-0.416 0.92354
-0.414 0.90072
-0.412 0.878112
-0.41 0.855729
-0.408 0.833584
-0.406 0.811686
-0.404 0.790048
-0.402 0.76868
-0.4 0.74759
-0.398 0.726788
-0.396 0.706282
-0.394 0.68608
-0.392 0.666189
-0.39 0.646617
-0.388 0.627369
-0.386 0.60845
-0.384 0.589865
-0.382 0.57162
-0.38 0.553717
-0.378 0.536161
-0.376 0.518953
-0.374 0.502097
-0.372 0.485595
-0.37 0.469446
-0.368 0.453654
-0.366 0.438217
-0.364 0.423136
-0.362 0.408411
-0.36 0.394041
-0.358 0.380024
-0.356 0.366359
-0.354 0.353044
-0.352 0.340078
-0.35 0.327456
-0.348 0.315177
-0.346 0.303237
-0.344 0.291632
-0.342 0.28036
-0.34 0.269415
-0.338 0.258794
-0.336 0.248493
-0.334 0.238506
-0.332 0.228829
-0.33 0.219457
-0.328 0.210384
-0.326 0.201606
-0.324 0.193117
-0.322 0.184911
-0.32 0.176983
-0.318 0.169327
-0.316 0.161938
-0.314 0.154809
-0.312 0.147935
-0.31 0.14131
-0.308 0.134927
-0.306 0.128781
-0.304 0.122866
-0.302 0.117176
-0.3 0.111704
-0.298 0.106446
-0.296 0.101394
-0.294 0.0965435
-0.292 0.0918883
-0.29 0.0874226
-0.288 0.0831407
-0.286 0.0790368
-0.284 0.0751055
-0.282 0.0713412
-0.28 0.0677385
-0.278 0.0642919
-0.276 0.0609964
-0.274 0.0578466
-0.272 0.0548375
-0.27 0.0519642
-0.268 0.0492217
-0.266 0.0466053
-0.264 0.0441103
-0.262 0.0417322
-0.26 0.0394666
-0.258 0.037309
-0.256 0.0352552
-0.254 0.0333012
-0.252 0.0314429
-0.25 0.0296765
-0.248 0.027998
-0.246 0.026404
-0.244 0.0248907
-0.242 0.0234548
-0.24 0.0220929
-0.238 0.0208017
-0.236 0.0195782
-0.234 0.0184192
-0.232 0.0173219
-0.23 0.0162835
-0.228 0.0153012
-0.226 0.0143725
-0.224 0.0134947
-0.222 0.0126654
-0.22 0.0118824
-0.218 0.0111433
-0.216 0.010446
-0.214 0.00978837
-0.212 0.00916851
-0.21 0.00858447
-0.208 0.00803442
-0.206 0.00751661
-0.204 0.00702935
-0.202 0.00657106
-0.2 0.00614018
-0.198 0.00573527
-0.196 0.00535491
-0.194 0.00499778
-0.192 0.00466261
-0.19 0.00434817
-0.188 0.00405331
-0.186 0.00377694
-0.184 0.00351801
-0.182 0.00327551
-0.18 0.00304852
-0.178 0.00283611
-0.176 0.00263746
-0.174 0.00245173
-0.172 0.00227818
-0.17 0.00211606
-0.168 0.00196469
-0.166 0.00182342
-0.164 0.00169163
-0.162 0.00156874
-0.16 0.0014542
-0.158 0.00134748
-0.156 0.00124809
-0.154 0.00115557
-0.152 0.00106948
-0.15 0.000989412
-0.148 0.00091497
-0.146 0.00084579
-0.144 0.000781528
-0.142 0.00072186
-0.14 0.000666481
-0.138 0.000615104
-0.136 0.000567461
-0.134 0.000523299
-0.132 0.00048238
-0.13 0.000444483
-0.128 0.0004094
-0.126 0.000376935
-0.124 0.000346906
-0.122 0.000319141
-0.12 0.000293482
-0.118 0.000269777
-0.116 0.000247888
-0.114 0.000227684
-0.112 0.000209043
-0.11 0.000191851
-0.108 0.000176003
-0.106 0.0001614
-0.104 0.000147949
-0.102 0.000135565
-0.1 0.000124168
-0.098 0.000113684
-0.096 0.000104043
-0.094 9.51822e-05
-0.092 8.70413e-05
-0.09 7.9565e-05
-0.088 7.2702e-05
-0.086 6.64046e-05
-0.084 6.06288e-05
-0.082 5.53334e-05
-0.08 5.04807e-05
-0.078 4.60356e-05
-0.076 4.19655e-05
-0.074 3.82404e-05
-0.072 3.48326e-05
-0.07 3.17165e-05
-0.068 2.88682e-05
-0.066 2.6266e-05
-0.064 2.38898e-05
-0.062 2.17208e-05
-0.06 1.9742e-05
-0.058 1.79376e-05
-0.056 1.6293e-05
-0.054 1.47949e-05
-0.052 1.3431e-05
-0.05 1.219e-05
-0.048 1.10616e-05
-0.046 1.00363e-05
-0.044 9.10522e-06
-0.042 8.26053e-06
-0.04 7.49488e-06
-0.038 6.80161e-06
-0.036 6.1746e-06
-0.034 5.60832e-06
-0.032 5.0977e-06
-0.03 4.63814e-06
-0.028 4.2255e-06
-0.026 3.85599e-06
-0.024 3.52622e-06
-0.022 3.23316e-06
-0.02 2.97406e-06
-0.018 2.7465e-06
-0.016 2.54835e-06
-0.014 2.37773e-06
-0.012 2.23303e-06
-0.01 2.11286e-06
-0.008 2.01607e-06
-0.006 1.94174e-06
-0.004 1.88915e-06
-0.002 1.8578e-06
0 1.84739e-06
0.002 1.8578e-06
0.004 1.88915e-06
0.006 1.94174e-06
0.008 2.01607e-06
0.01 2.11286e-06
0.012 2.23303e-06
0.014 2.37773e-06
0.016 2.54835e-06
0.018 2.7465e-06
0.02 2.97406e-06
0.022 3.23316e-06
0.024 3.52622e-06
0.026 3.85599e-06
0.028 4.2255e-06
0.03 4.63814e-06
0.032 5.0977e-06
0.034 5.60832e-06
0.036 6.1746e-06
0.038 6.80161e-06
0.04 7.49488e-06
0.042 8.26053e-06
0.044 9.10522e-06
0.046 1.00363e-05
0.048 1.10616e-05
0.05 1.219e-05
0.052 1.3431e-05
0.054 1.47949e-05
0.056 1.6293e-05
0.058 1.79376e-05
0.06 1.9742e-05
0.062 2.17208e-05
0.064 2.38898e-05
0.066 2.6266e-05
0.068 2.88682e-05
0.07 3.17165e-05
0.072 3.48326e-05
0.074 3.82404e-05
0.076 4.19655e-05
0.078 4.60356e-05
0.08 5.04807e-05
0.082 5.53334e-05
0.084 6.06288e-05
0.086 6.64046e-05
0.088 7.2702e-05
0.09 7.9565e-05
0.092 8.70413e-05
0.094 9.51822e-05
0.096 0.000104043
0.098 0.000113684
0.1 0.000124168
0.102 0.000135565
0.104 0.000147949
0.106 0.0001614
0.108 0.000176003
0.11 0.000191851
0.112 0.000209043
0.114 0.000227684
0.116 0.000247888
0.118 0.000269777
0.12 0.000293482
0.122 0.000319141
0.124 0.000346906
0.126 0.000376935
0.128 0.0004094
0.13 0.000444483
0.132 0.00048238
0.134 0.000523299
0.136 0.000567461
0.138 0.000615104
0.14 0.000666481
0.142 0.00072186
0.144 0.000781528
0.146 0.00084579
0.148 0.00091497
0.15 0.000989412
0.152 0.00106948
0.154 0.00115557
0.156 0.00124809
0.158 0.00134748
0.16 0.0014542
0.162 0.00156874
0.164 0.00169163
0.166 0.00182342
0.168 0.00196469
0.17 0.00211606
0.172 0.00227818
0.174 0.00245173
0.176 0.00263746
0.178 0.00283611
0.18 0.00304852
0.182 0.00327551
0.184 0.00351801
0.186 0.00377694
0.188 0.00405331
0.19 0.00434817
0.192 0.00466261
0.194 0.00499778
0.196 0.00535491
0.198 0.00573527
0.2 0.00614018
0.202 0.00657106
0.204 0.00702935
0.206 0.00751661
0.208 0.00803442
0.21 0.00858447
0.212 0.00916851
0.214 0.00978837
0.216 0.010446
0.218 0.0111433
0.22 0.0118824
0.222 0.0126654
0.224 0.0134947
0.226 0.0143725
0.228 0.0153012
0.23 0.0162835
0.232 0.0173219
0.234 0.0184192
0.236 0.0195782
0.238 0.0208017
0.24 0.0220929
0.242 0.0234548
0.244 0.0248907
0.246 0.026404
0.248 0.027998
0.25 0.0296765
0.252 0.0314429
0.254 0.0333012
0.256 0.0352552
0.258 0.037309
0.26 0.0394666
0.262 0.0417322
0.264 0.0441103
0.266 0.0466053
0.268 0.0492217
0.27 0.0519642
0.272 0.0548375
0.274 0.0578466
0.276 0.0609964
0.278 0.0642919
0.28 0.0677385
0.282 0.0713412
0.284 0.0751055
0.286 0.0790368
0.288 0.0831407
0.29 0.0874226
0.292 0.0918883
0.294 0.0965435
0.296 0.101394
0.298 0.106446
0.3 0.111704
0.302 0.117176
0.304 0.122866
0.306 0.128781
0.308 0.134927
0.31 0.14131
0.312 0.147935
0.314 0.154809
0.316 0.161938
0.318 0.169327
0.32 0.176983
0.322 0.184911
0.324 0.193117
0.326 0.201606
0.328 0.210384
0.33 0.219457
0.332 0.228829
0.334 0.238506
0.336 0.248493
0.338 0.258794
0.34 0.269415
0.342 0.28036
0.344 0.291632
0.346 0.303237
0.348 0.315177
0.35 0.327456
0.352 0.340078
0.354 0.353044
0.356 0.366359
0.358 0.380024
0.36 0.394041
0.362 0.408411
0.364 0.423136
0.366 0.438217
0.368 0.453654
0.37 0.469446
0.372 0.485595
0.374 0.502097
0.376 0.518953
0.378 0.536161
0.38 0.553717
0.382 0.57162
0.384 0.589865
0.386 0.60845
0.388 0.627369
0.39 0.646617
0.392 0.666189
0.394 0.68608
0.396 0.706282
0.398 0.726788
0.4 0.74759
0.402 0.76868
0.404 0.790048
0.406 0.811686
0.408 0.833584
0.41 0.855729
0.412 0.878112
0.414 0.90072
0.416 0.92354
0.418 0.94656
0.42 0.969765
0.422 0.993143
0.424 1.01668
0.426 1.04035
0.428 1.06415
0.43 1.08806
0.432 1.11207
0.434 1.13614
0.436 1.16028
0.438 1.18445
0.44 1.20864
0.442 1.23284
0.444 1.25701
0.446 1.28115
0.448 1.30523
0.45 1.32923
0.452 1.35313
0.454 1.37691
0.456 1.40054
0.458 1.42401
0.46 1.4473
0.462 1.47038
0.464 1.49323
0.466 1.51582
0.468 1.53815
0.47 1.56018
0.472 1.58189
0.474 1.60326
0.476 1.62427
0.478 1.6449
0.48 1.66512
0.482 1.68492
0.484 1.70427
0.486 1.72316
0.488 1.74156
0.49 1.75945
0.492 1.77681
0.494 1.79363
0.496 1.80988
0.498 1.82555
0.5 1.84061
0.502 1.85506
0.504 1.86888
0.506 1.88204
0.508 1.89455
0.51 1.90637
0.512 1.91749
0.514 1.92791
0.516 1.93762
0.518 1.94659
0.52 1.95482
0.522 1.9623
0.524 1.96903
0.526 1.97498
0.528 1.98016
0.53 1.98456
0.532 1.98818
0.534 1.991
0.536 1.99304
0.538 1.99427
0.54 1.99471
0.542 1.99435
0.544 1.99319
0.546 1.99124
0.548 1.9885
0.55 1.98496
0.552 1.98064
0.554 1.97553
0.556 1.96966
0.558 1.96301
0.56 1.9556
0.562 1.94745
0.564 1.93855
0.566 1.92892
0.568 1.91857
0.57 1.90751
0.572 1.89576
0.574 1.88333
0.576 1.87023
0.578 1.85647
0.58 1.84209
0.582 1.82708
0.584 1.81147
0.586 1.79528
0.588 1.77852
0.59 1.76121
0.592 1.74337
0.594 1.72502
0.596 1.70618
0.598 1.68688
0.6 1.66712
0.602 1.64694
0.604 1.62635
0.606 1.60538
0.608 1.58404
0.61 1.56236
0.612 1.54036
0.614 1.51807
0.616 1.4955
0.618 1.47267
0.62 1.44962
0.622 1.42635
0.624 1.4029
0.626 1.37928
0.628 1.35551
0.63 1.33162
0.632 1.30763
0.634 1.28356
0.636 1.25943
0.638 1.23526
0.64 1.21106
0.642 1.18687
0.644 1.16269
0.646 1.13855
0.648 1.11447
0.65 1.09046
0.652 1.06654
0.654 1.04273
0.656 1.01904
0.658 0.995489
0.66 0.972096
0.662 0.948872
0.664 0.925833
0.666 0.902992
0.668 0.880363
0.67 0.857957
0.672 0.835787
0.674 0.813865
0.676 0.7922
0.678 0.770804
0.68 0.749686
0.682 0.728855
0.684 0.708319
0.686 0.688086
0.688 0.668164
0.69 0.64856
0.692 0.629279
0.694 0.610327
0.696 0.591709
0.698 0.573429
0.7 0.555492
0.702 0.537901
0.704 0.520658
0.706 0.503767
0.708 0.487229
0.71 0.471045
0.712 0.455217
0.714 0.439745
0.716 0.424628
0.718 0.409868
0.72 0.395462
0.722 0.38141
0.724 0.36771
0.726 0.35436
0.728 0.341359
0.73 0.328703
0.732 0.31639
0.734 0.304416
0.736 0.292778
0.738 0.281472
0.74 0.270495
0.742 0.259842
0.744 0.249509
0.746 0.239491
0.748 0.229783
0.75 0.22038
0.752 0.211278
0.754 0.202471
0.756 0.193953
0.758 0.185719
0.76 0.177764
0.762 0.170081
0.764 0.162665
0.766 0.155511
0.768 0.148611
0.77 0.141961
0.772 0.135555
0.774 0.129385
0.776 0.123447
0.778 0.117735
0.78 0.112242
0.782 0.106962
0.784 0.10189
0.786 0.0970197
0.788 0.0923452
0.79 0.0878608
0.792 0.0835608
0.794 0.0794394
0.796 0.0754911
0.798 0.0717103
0.8 0.0680916
0.802 0.0646297
0.804 0.0613193
0.806 0.0581551
0.808 0.0551322
0.81 0.0522455
0.812 0.0494902
0.814 0.0468614
0.816 0.0443545
0.818 0.0419649
0.82 0.0396882
0.822 0.03752
0.824 0.0354561
0.826 0.0334923
0.828 0.0316246
0.83 0.0298491
0.832 0.028162
0.834 0.0265597
0.836 0.0250385
0.838 0.023595
0.84 0.0222258
0.842 0.0209277
0.844 0.0196976
0.846 0.0185323
0.848 0.017429
0.85 0.0163848
0.852 0.015397
0.854 0.014463
0.856 0.0135802
0.858 0.0127462
0.86 0.0119587
0.862 0.0112153
0.864 0.0105139
0.866 0.00985243
0.868 0.00922889
0.87 0.00864136
0.872 0.008088
0.874 0.00756705
0.876 0.00707682
0.878 0.00661571
0.88 0.00618217
0.882 0.00577474
0.884 0.005392
0.886 0.00503262
0.888 0.00469532
0.89 0.00437888
0.892 0.00408214
0.894 0.00380399
0.896 0.00354339
0.898 0.00329932
0.9 0.00307085
0.902 0.00285706
0.904 0.00265711
0.906 0.00247017
0.908 0.00229549
0.91 0.00213231
0.912 0.00197996
0.914 0.00183778
0.916 0.00170515
0.918 0.00158148
0.92 0.00146622
0.922 0.00135885
0.924 0.00125887
0.926 0.00116581
0.928 0.00107924
0.93 0.000998751
0.932 0.00092394
0.934 0.000854447
0.936 0.000789926
0.938 0.000730054
0.94 0.000674526
0.942 0.000623056
0.944 0.000575377
0.946 0.000531237
0.948 0.000490401
0.95 0.00045265
0.952 0.000417777
0.954 0.000385592
0.956 0.000355914
0.958 0.000328577
0.96 0.000303425
0.962 0.000280316
0.964 0.000259114
0.966 0.000239695
0.968 0.000221946
0.97 0.00020576
0.972 0.000191041
0.974 0.000177699
0.976 0.000165654
0.978 0.000154831
0.98 0.000145163
0.982 0.000136591
0.984 0.000129061
0.986 0.000122525
0.988 0.000116942
0.99 0.000112278
0.992 0.000108501
0.994 0.000105588
0.996 0.000103521
0.998 0.000102286
