-1 0.787306
-0.99 0.786994
-0.98 0.786691
-0.97 0.785774
-0.96 0.784849
-0.95 0.78334
-0.94 0.781788
-0.93 0.779706
-0.92 0.77752
-0.91 0.774889
-0.9 0.772063
-0.89 0.768911
-0.88 0.765445
-0.87 0.761799
-0.86 0.757699
-0.85 0.753579
-0.84 0.748869
-0.83 0.744276
-0.82 0.739009
-0.81 0.733919
-0.8 0.728176
-0.79 0.722544
-0.78 0.716422
-0.77 0.710206
-0.76 0.703784
-0.75 0.696984
-0.74 0.69028
-0.73 0.68298
-0.72 0.675925
-0.71 0.668288
-0.7 0.660763
-0.69 0.652959
-0.68 0.644901
-0.67 0.636978
-0.66 0.628499
-0.65 0.620323
-0.64 0.611679
-0.63 0.603058
-0.62 0.594438
-0.61 0.585383
-0.6 0.576681
-0.59 0.567497
-0.58 0.558429
-0.57 0.549391
-0.56 0.539937
-0.55 0.530891
-0.54 0.521455
-0.53 0.512038
-0.52 0.502867
-0.51 0.493214
-0.5 0.483937
-0.49 0.474577
-0.48 0.464928
-0.47 0.455766
-0.46 0.44628
-0.45 0.436773
-0.44 0.427704
-0.43 0.418208
-0.42 0.408899
-0.41 0.399946
-0.4 0.390548
-0.39 0.381451
-0.38 0.372678
-0.37 0.363463
-0.36 0.354573
-0.35 0.346057
-0.34 0.337104
-0.33 0.328399
-0.32 0.320201
-0.31 0.311616
-0.3 0.30307
-0.29 0.295179
-0.28 0.287115
-0.27 0.278763
-0.26 0.271037
-0.25 0.263604
-0.24 0.255689
-0.23 0.247936
-0.22 0.240928
-0.21 0.233867
-0.2 0.226316
-0.19 0.219143
-0.18 0.212754
-0.17 0.206282
-0.16 0.199219
-0.15 0.192344
-0.14 0.186407
-0.13 0.180915
-0.12 0.174855
-0.11 0.168107
-0.1 0.16164
-0.09 0.156556
-0.08 0.153245
-0.07 0.151354
-0.06 0.150278
-0.05 0.149559
-0.04 0.14899
-0.03 0.148526
-0.02 0.14818
-0.01 0.147969
0 0.147898
0.01 0.147969
0.02 0.14818
0.03 0.148526
0.04 0.14899
0.05 0.149559
0.06 0.150278
0.07 0.151354
0.08 0.153245
0.09 0.156556
0.1 0.16164
0.11 0.168107
0.12 0.174855
0.13 0.180915
0.14 0.186407
0.15 0.192344
0.16 0.199219
0.17 0.206282
0.18 0.212754
0.19 0.219143
0.2 0.226316
0.21 0.233867
0.22 0.240928
0.23 0.247936
0.24 0.255689
0.25 0.263604
0.26 0.271037
0.27 0.278763
0.28 0.287115
0.29 0.295179
0.3 0.30307
0.31 0.311616
0.32 0.320201
0.33 0.328399
0.34 0.337104
0.35 0.346057
0.36 0.354573
0.37 0.363463
0.38 0.372678
0.39 0.381451
0.4 0.390548
0.41 0.399946
0.42 0.408899
0.43 0.418208
0.44 0.427704
0.45 0.436773
0.46 0.44628
0.47 0.455766
0.48 0.464928
0.49 0.474577
0.5 0.483937
0.51 0.493214
0.52 0.502867
0.53 0.512038
0.54 0.521455
0.55 0.530891
0.56 0.539937
0.57 0.549391
0.58 0.558429
0.59 0.567497
0.6 0.576681
0.61 0.585383
0.62 0.594438
0.63 0.603058
0.64 0.611679
0.65 0.620323
0.66 0.628499
0.67 0.636978
0.68 0.644901
0.69 0.652959
0.7 0.660763
0.71 0.668288
0.72 0.675925
0.73 0.68298
0.74 0.69028
0.75 0.696984
0.76 0.703784
0.77 0.710206
0.78 0.716422
0.79 0.722544
0.8 0.728176
0.81 0.733919
0.82 0.739009
0.83 0.744276
0.84 0.748869
0.85 0.753579
0.86 0.757699
0.87 0.761799
0.88 0.765445
0.89 0.768911
0.9 0.772063
0.91 0.774889
0.92 0.77752
0.93 0.779706
0.94 0.781788
0.95 0.78334
0.96 0.784849
0.97 0.785774
0.98 0.786691
0.99 0.786994
