-1 0.2969
-0.99 0.297052
-0.98 0.297115
-0.97 0.297548
-0.96 0.297761
-0.95 0.298529
-0.94 0.298851
-0.93 0.299955
-0.92 0.300423
-0.91 0.301748
-0.9 0.302543
-0.89 0.30383
-0.88 0.305202
-0.87 0.306274
-0.86 0.308166
-0.85 0.309365
-0.84 0.311135
-0.83 0.313112
-0.82 0.314473
-0.81 0.31674
-0.8 0.318799
-0.79 0.320355
-0.78 0.322889
-0.77 0.325289
-0.76 0.326889
-0.75 0.329292
-0.74 0.332389
-0.73 0.334525
-0.72 0.335978
-0.71 0.338638
-0.7 0.343412
-0.69 0.349696
-0.68 0.356554
-0.67 0.363493
-0.66 0.370406
-0.65 0.377308
-0.64 0.384214
-0.63 0.391123
-0.62 0.398031
-0.61 0.404934
-0.6 0.411827
-0.59 0.418707
-0.58 0.42557
-0.57 0.432412
-0.56 0.439229
-0.55 0.446016
-0.54 0.45277
-0.53 0.459486
-0.52 0.466161
-0.51 0.47279
-0.5 0.47937
-0.49 0.485895
-0.48 0.492363
-0.47 0.49877
-0.46 0.50511
-0.45 0.511381
-0.44 0.517579
-0.43 0.523698
-0.42 0.529737
-0.41 0.53569
-0.4 0.541554
-0.39 0.547326
-0.38 0.553002
-0.37 0.558577
-0.36 0.564049
-0.35 0.569415
-0.34 0.57467
-0.33 0.579811
-0.32 0.584835
-0.31 0.58974
-0.3 0.594521
-0.29 0.599176
-0.28 0.603701
-0.27 0.608095
-0.26 0.612353
-0.25 0.616474
-0.24 0.620455
-0.23 0.624293
-0.22 0.627986
-0.21 0.631532
-0.2 0.634928
-0.19 0.638172
-0.18 0.641262
-0.17 0.644196
-0.16 0.646972
-0.15 0.649589
-0.14 0.652045
-0.13 0.654338
-0.12 0.656468
-0.11 0.658431
-0.1 0.660229
-0.09 0.661858
-0.08 0.663319
-0.07 0.66461
-0.06 0.66573
-0.05 0.666679
-0.04 0.667457
-0.03 0.668062
-0.02 0.668495
-0.01 0.668754
0 0.668841
0.01 0.668754
0.02 0.668495
0.03 0.668062
0.04 0.667457
0.05 0.666679
0.06 0.66573
0.07 0.66461
0.08 0.663319
0.09 0.661858
0.1 0.660229
0.11 0.658431
0.12 0.656468
0.13 0.654338
0.14 0.652045
0.15 0.649589
0.16 0.646972
0.17 0.644196
0.18 0.641262
0.19 0.638172
0.2 0.634928
0.21 0.631532
0.22 0.627986
0.23 0.624293
0.24 0.620455
0.25 0.616474
0.26 0.612353
0.27 0.608095
0.28 0.603701
0.29 0.599176
0.3 0.594521
0.31 0.58974
0.32 0.584835
0.33 0.579811
0.34 0.57467
0.35 0.569415
0.36 0.564049
0.37 0.558577
0.38 0.553002
0.39 0.547326
0.4 0.541554
0.41 0.53569
0.42 0.529737
0.43 0.523698
0.44 0.517579
0.45 0.511381
0.46 0.50511
0.47 0.49877
0.48 0.492363
0.49 0.485895
0.5 0.47937
0.51 0.47279
0.52 0.466161
0.53 0.459486
0.54 0.45277
0.55 0.446016
0.56 0.439229
0.57 0.432412
0.58 0.42557
0.59 0.418707
0.6 0.411827
0.61 0.404934
0.62 0.398031
0.63 0.391123
0.64 0.384214
0.65 0.377308
0.66 0.370406
0.67 0.363493
0.68 0.356554
0.69 0.349696
0.7 0.343412
0.71 0.338638
0.72 0.335978
0.73 0.334525
0.74 0.332389
0.75 0.329292
0.76 0.326889
0.77 0.325289
0.78 0.322889
0.79 0.320355
0.8 0.318799
0.81 0.31674
0.82 0.314473
0.83 0.313112
0.84 0.311135
0.85 0.309365
0.86 0.308166
0.87 0.306274
0.88 0.305202
0.89 0.30383
0.9 0.302543
0.91 0.301748
0.92 0.300423
0.93 0.299955
0.94 0.298851
0.95 0.298529
0.96 0.297761
0.97 0.297548
0.98 0.297115
0.99 0.297052
