-1 3.33424
-0.998 3.33382
-0.996 3.33253
-0.994 3.3304
-0.992 3.32741
-0.99 3.32357
-0.988 3.31888
-0.986 3.31334
-0.984 3.30697
-0.982 3.29975
-0.98 3.2917
-0.978 3.28282
-0.976 3.27312
-0.974 3.2626
-0.972 3.25127
-0.97 3.23913
-0.968 3.2262
-0.966 3.21248
-0.964 3.19798
-0.962 3.1827
-0.96 3.16667
-0.958 3.14988
-0.956 3.13235
-0.954 3.11409
-0.952 3.09511
-0.95 3.07542
-0.948 3.05504
-0.946 3.03397
-0.944 3.01223
-0.942 2.98984
-0.94 2.96681
-0.938 2.94314
-0.936 2.91887
-0.934 2.894
-0.932 2.86854
-0.93 2.84252
-0.928 2.81595
-0.926 2.78885
-0.924 2.76123
-0.922 2.73311
-0.92 2.70451
-0.918 2.67544
-0.916 2.64594
-0.914 2.616
-0.912 2.58566
-0.91 2.55493
-0.908 2.52382
-0.906 2.49237
-0.904 2.46059
-0.902 2.42849
-0.9 2.39611
-0.898 2.36345
-0.896 2.33054
-0.894 2.29739
-0.892 2.26404
-0.89 2.23049
-0.888 2.19677
-0.886 2.1629
-0.884 2.1289
-0.882 2.09479
-0.88 2.06058
-0.878 2.02631
-0.876 1.99198
-0.874 1.95762
-0.872 1.92325
-0.87 1.88888
-0.868 1.85454
-0.866 1.82024
-0.864 1.786
-0.862 1.75185
-0.86 1.71779
-0.858 1.68386
-0.856 1.65005
-0.854 1.6164
-0.852 1.58291
-0.85 1.54961
-0.848 1.51651
-0.846 1.48362
-0.844 1.45097
-0.842 1.41856
-0.84 1.38641
-0.838 1.35453
-0.836 1.32294
-0.834 1.29165
-0.832 1.26068
-0.83 1.23002
-0.828 1.19971
-0.826 1.16974
-0.824 1.14012
-0.822 1.11088
-0.82 1.08201
-0.818 1.05352
-0.816 1.02543
-0.814 0.997739
-0.812 0.970457
-0.81 0.94359
-0.808 0.917145
-0.806 0.891126
-0.804 0.865539
-0.802 0.84039
-0.8 0.815681
-0.798 0.791417
-0.796 0.767601
-0.794 0.744235
-0.792 0.721322
-0.79 0.698863
-0.788 0.676859
-0.786 0.655311
-0.784 0.63422
-0.782 0.613585
-0.78 0.593405
-0.778 0.573681
-0.776 0.554409
-0.774 0.53559
-0.772 0.517219
-0.77 0.499295
-0.768 0.481816
-0.766 0.464777
-0.764 0.448175
-0.762 0.432006
-0.76 0.416266
-0.758 0.400952
-0.756 0.386057
-0.754 0.371577
-0.752 0.357507
-0.75 0.343841
-0.748 0.330574
-0.746 0.3177
-0.744 0.305213
-0.742 0.293106
-0.74 0.281374
-0.738 0.27001
-0.736 0.259007
-0.734 0.248358
-0.732 0.238058
-0.73 0.228098
-0.728 0.218472
-0.726 0.209173
-0.724 0.200193
-0.722 0.191526
-0.72 0.183165
-0.718 0.175102
-0.716 0.16733
-0.714 0.159842
-0.712 0.15263
-0.71 0.145688
-0.708 0.139009
-0.706 0.132585
-0.704 0.126409
-0.702 0.120475
-0.7 0.114775
-0.698 0.109302
-0.696 0.104051
-0.694 0.0990133
-0.692 0.0941833
-0.69 0.0895544
-0.688 0.08512
-0.686 0.0808739
-0.684 0.0768099
-0.682 0.0729218
-0.68 0.0692037
-0.678 0.0656497
-0.676 0.0622541
-0.674 0.0590111
-0.672 0.0559153
-0.67 0.0529613
-0.668 0.0501438
-0.666 0.0474578
-0.664 0.0448981
-0.662 0.0424599
-0.66 0.0401384
-0.658 0.037929
-0.656 0.0358273
-0.654 0.0338288
-0.652 0.0319293
-0.65 0.0301246
-0.648 0.0284108
-0.646 0.026784
-0.644 0.0252405
-0.642 0.0237766
-0.64 0.0223888
-0.638 0.0210738
-0.636 0.0198281
-0.634 0.0186488
-0.632 0.0175328
-0.63 0.016477
-0.628 0.0154788
-0.626 0.0145353
-0.624 0.0136439
-0.622 0.0128022
-0.62 0.0120076
-0.618 0.0112579
-0.616 0.0105509
-0.614 0.0098844
-0.612 0.00925633
-0.61 0.00866475
-0.608 0.00810778
-0.606 0.00758361
-0.604 0.00709053
-0.602 0.00662689
-0.6 0.00619112
-0.598 0.00578172
-0.596 0.00539726
-0.594 0.00503637
-0.592 0.00469775
-0.59 0.00438017
-0.588 0.00408244
-0.586 0.00380344
-0.584 0.0035421
-0.582 0.00329742
-0.58 0.00306842
-0.578 0.00285419
-0.576 0.00265387
-0.574 0.00246663
-0.572 0.00229169
-0.57 0.00212832
-0.568 0.0019758
-0.566 0.00183349
-0.564 0.00170075
-0.562 0.001577
-0.56 0.00146167
-0.558 0.00135424
-0.556 0.0012542
-0.554 0.0011611
-0.552 0.00107448
-0.55 0.000993923
-0.548 0.000919042
-0.546 0.000849466
-0.544 0.000784844
-0.542 0.00072485
-0.54 0.000669176
-0.538 0.000617533
-0.536 0.000569649
-0.534 0.000525268
-0.532 0.000484153
-0.53 0.000446078
-0.528 0.000410834
-0.526 0.000378224
-0.524 0.000348064
-0.522 0.000320181
-0.52 0.000294415
-0.518 0.000270615
-0.516 0.000248639
-0.514 0.000228357
-0.512 0.000209646
-0.51 0.000192392
-0.508 0.000176487
-0.506 0.000161833
-0.504 0.000148336
-0.502 0.000135911
-0.5 0.000124477
-0.498 0.000113959
-0.496 0.000104288
-0.494 9.54006e-05
-0.492 8.72354e-05
-0.49 7.97372e-05
-0.488 7.28545e-05
-0.486 6.65393e-05
-0.484 6.07473e-05
-0.482 5.54374e-05
-0.48 5.05715e-05
-0.478 4.61142e-05
-0.476 4.2033e-05
-0.474 3.82978e-05
-0.472 3.48805e-05
-0.47 3.17555e-05
-0.468 2.8899e-05
-0.466 2.62889e-05
-0.464 2.3905e-05
-0.462 2.17286e-05
-0.46 1.97425e-05
-0.458 1.79307e-05
-0.456 1.62787e-05
-0.454 1.47731e-05
-0.452 1.34013e-05
-0.45 1.21521e-05
-0.448 1.10149e-05
-0.446 9.98012e-06
-0.444 9.03896e-06
-0.442 8.18329e-06
-0.44 7.40566e-06
-0.438 6.69926e-06
-0.436 6.05781e-06
-0.434 5.4756e-06
-0.432 4.94737e-06
-0.43 4.46831e-06
-0.428 4.03402e-06
-0.426 3.6405e-06
-0.424 3.28405e-06
-0.422 2.96131e-06
-0.42 2.66923e-06
-0.418 2.40499e-06
-0.416 2.16605e-06
-0.414 1.95007e-06
-0.412 1.75492e-06
-0.41 1.57867e-06
-0.408 1.41956e-06
-0.406 1.27597e-06
-0.404 1.14645e-06
-0.402 1.02966e-06
-0.4 9.24401e-07
-0.398 8.29571e-07
-0.396 7.44172e-07
-0.394 6.67297e-07
-0.392 5.98125e-07
-0.39 5.35909e-07
-0.388 4.79972e-07
-0.386 4.29703e-07
-0.384 3.84544e-07
-0.382 3.43994e-07
-0.38 3.07597e-07
-0.378 2.74941e-07
-0.376 2.45654e-07
-0.374 2.19399e-07
-0.372 1.95872e-07
-0.37 1.74797e-07
-0.368 1.55928e-07
-0.366 1.3904e-07
-0.364 1.23932e-07
-0.362 1.10421e-07
-0.36 9.8344e-08
-0.358 8.75528e-08
-0.356 7.79145e-08
-0.354 6.93095e-08
-0.352 6.16302e-08
-0.35 5.47799e-08
-0.348 4.86715e-08
-0.346 4.3227e-08
-0.344 3.83762e-08
-0.342 3.40561e-08
-0.34 3.02102e-08
-0.338 2.6788e-08
-0.336 2.37439e-08
-0.334 2.10373e-08
-0.332 1.86318e-08
-0.33 1.64948e-08
-0.328 1.4597e-08
-0.326 1.29124e-08
-0.324 1.14177e-08
-0.322 1.0092e-08
-0.32 8.91658e-09
-0.318 7.87495e-09
-0.316 6.95222e-09
-0.314 6.13516e-09
-0.312 5.41195e-09
-0.31 4.77209e-09
-0.308 4.2062e-09
-0.306 3.70593e-09
-0.304 3.26386e-09
-0.302 2.87337e-09
-0.3 2.52859e-09
-0.298 2.22429e-09
-0.296 1.95583e-09
-0.294 1.71908e-09
-0.292 1.51039e-09
-0.29 1.3265e-09
-0.288 1.16453e-09
-0.286 1.02193e-09
-0.284 8.96434e-10
-0.282 7.8604e-10
-0.28 6.8896e-10
-0.278 6.0363e-10
-0.276 5.28658e-10
-0.274 4.62808e-10
-0.272 4.05005e-10
-0.27 3.54269e-10
-0.268 3.09779e-10
-0.266 2.70758e-10
-0.264 2.36563e-10
-0.262 2.06599e-10
-0.26 1.80359e-10
-0.258 1.57391e-10
-0.256 1.37294e-10
-0.254 1.19713e-10
-0.252 1.04343e-10
-0.25 9.09124e-11
-0.248 7.91735e-11
-0.246 6.89233e-11
-0.244 5.99791e-11
-0.242 5.21738e-11
-0.24 4.53663e-11
-0.238 3.943e-11
-0.236 3.42616e-11
-0.234 2.97538e-11
-0.232 2.58315e-11
-0.23 2.24123e-11
-0.228 1.94438e-11
-0.226 1.68603e-11
-0.224 1.46135e-11
-0.222 1.26611e-11
-0.22 1.09642e-11
-0.218 9.49062e-12
-0.216 8.21546e-12
-0.214 7.10648e-12
-0.212 6.14552e-12
-0.21 5.3111e-12
-0.208 4.59091e-12
-0.206 3.95911e-12
-0.204 3.42103e-12
-0.202 2.95407e-12
-0.2 2.54666e-12
-0.198 2.1968e-12
-0.196 1.8946e-12
-0.194 1.6322e-12
-0.192 1.40337e-12
-0.19 1.21032e-12
-0.188 1.03965e-12
-0.186 8.97882e-13
-0.184 7.68047e-13
-0.182 6.63143e-13
-0.18 5.66495e-13
-0.178 4.89188e-13
-0.176 4.20103e-13
-0.174 3.60222e-13
-0.172 3.0887e-13
-0.17 2.67569e-13
-0.168 2.28487e-13
-0.166 1.96283e-13
-0.164 1.64673e-13
-0.162 1.39508e-13
-0.16 1.24208e-13
-0.158 1.0405e-13
-0.156 9.11152e-14
-0.154 7.66813e-14
-0.152 6.60225e-14
-0.15 5.72415e-14
-0.148 4.75652e-14
-0.146 4.00193e-14
-0.144 3.63283e-14
-0.142 2.76992e-14
-0.14 2.78046e-14
-0.138 1.94104e-14
-0.136 1.7748e-14
-0.134 1.54376e-14
-0.132 1.43108e-14
-0.13 1.15892e-14
-0.128 6.85375e-15
-0.126 5.85837e-15
-0.124 9.62096e-15
-0.122 8.4454e-15
-0.12 6.94809e-15
-0.118 5.18375e-15
-0.116 2.09765e-16
-0.114 3.91593e-15
-0.112 -1.19285e-15
-0.11 4.01743e-15
-0.108 2.59246e-15
-0.106 1.52314e-15
-0.104 4.08373e-16
-0.102 -6.18498e-17
-0.1 2.865e-16
-0.098 -1.16132e-17
-0.096 4.89876e-15
-0.094 9.03317e-16
-0.092 1.62294e-15
-0.09 2.95353e-15
-0.088 1.09422e-16
-0.086 3.66785e-15
-0.084 2.48431e-15
-0.082 4.35263e-15
-0.08 -3.35434e-16
-0.078 2.76388e-16
-0.076 -6.16805e-16
-0.074 1.68353e-16
-0.072 -5.45072e-16
-0.07 3.72823e-16
-0.068 4.68137e-15
-0.066 -2.40963e-15
-0.064 1.54788e-15
-0.062 -1.80609e-15
-0.06 -1.07803e-15
-0.058 -2.79502e-15
-0.056 -2.75564e-15
-0.054 -2.28139e-15
-0.052 4.01948e-15
-0.05 -6.3843e-16
-0.048 -2.20182e-15
-0.046 6.26217e-16
-0.044 -6.56815e-17
-0.042 -6.40797e-16
-0.04 3.2309e-15
-0.038 4.10865e-16
-0.036 3.44949e-15
-0.034 -3.41113e-16
-0.032 2.89049e-15
-0.03 -2.86485e-16
-0.028 3.92277e-16
-0.026 7.45381e-16
-0.024 9.75791e-16
-0.022 -1.45179e-15
-0.02 1.74492e-15
-0.018 -4.7491e-16
-0.016 -3.38298e-15
-0.014 1.42312e-15
-0.012 1.7952e-15
-0.01 -4.75736e-16
-0.008 3.23526e-15
-0.006 2.80823e-15
-0.004 -8.49532e-16
-0.002 1.56855e-16
0 -1.95667e-15
0.002 5.36214e-15
0.004 3.12719e-16
0.006 7.49074e-16
0.008 -3.15817e-15
0.01 2.23663e-15
0.012 5.91464e-16
0.014 2.52701e-15
0.016 -3.37771e-16
0.018 1.00246e-16
0.02 1.78248e-15
0.022 1.41866e-15
0.024 -1.04977e-15
0.026 -3.32915e-16
0.028 1.52774e-15
0.03 2.17163e-15
0.032 2.53437e-16
0.034 2.17096e-15
0.036 -1.63733e-16
0.038 5.39115e-16
0.04 7.49107e-16
0.042 3.93336e-16
0.044 6.3146e-16
0.046 -2.88416e-16
0.048 -1.73107e-15
0.05 3.71725e-15
0.052 -2.55161e-15
0.054 3.85518e-15
0.056 -8.26129e-16
0.058 1.17933e-15
0.06 -4.08573e-16
0.062 1.40106e-15
0.064 1.27961e-15
0.066 2.83949e-15
0.068 5.18227e-15
0.07 1.87497e-15
0.072 1.05915e-15
0.074 9.93234e-16
0.076 1.68341e-15
0.078 -3.19077e-15
0.08 5.88614e-16
0.082 3.54216e-15
0.084 1.11758e-15
0.086 9.31441e-16
0.088 2.5838e-15
0.09 2.75521e-15
0.092 2.50572e-15
0.094 -2.02993e-15
0.096 1.28959e-15
0.098 -1.53831e-15
0.1 4.70126e-15
0.102 -1.25929e-15
0.104 3.2104e-15
0.106 3.25147e-15
0.108 4.84919e-15
0.11 5.92129e-15
0.112 1.83817e-15
0.114 4.54675e-15
0.116 2.56284e-15
0.118 7.67683e-15
0.12 6.6643e-15
0.122 4.71965e-15
0.124 4.74088e-15
0.126 7.89242e-15
0.128 8.79481e-15
0.13 1.22207e-14
0.132 1.19194e-14
0.134 1.39509e-14
0.136 2.01051e-14
0.138 2.23611e-14
0.14 2.43325e-14
0.142 2.8432e-14
0.144 3.39224e-14
0.146 4.05363e-14
0.148 4.89751e-14
0.15 5.44071e-14
0.152 6.45966e-14
0.154 7.43624e-14
0.156 9.03944e-14
0.158 1.04283e-13
0.16 1.19074e-13
0.162 1.47986e-13
0.164 1.66009e-13
0.166 1.93942e-13
0.168 2.2677e-13
0.17 2.65703e-13
0.172 3.08412e-13
0.174 3.59487e-13
0.176 4.16884e-13
0.178 4.87057e-13
0.18 5.68098e-13
0.182 6.60694e-13
0.184 7.69422e-13
0.186 8.93354e-13
0.188 1.04051e-12
0.19 1.2058e-12
0.192 1.40391e-12
0.194 1.62765e-12
0.196 1.89442e-12
0.198 2.19356e-12
0.2 2.546e-12
0.202 2.95234e-12
0.204 3.42163e-12
0.206 3.96115e-12
0.208 4.58552e-12
0.21 5.30934e-12
0.212 6.1454e-12
0.214 7.10031e-12
0.216 8.21484e-12
0.218 9.49428e-12
0.22 1.09617e-11
0.222 1.26613e-11
0.224 1.46108e-11
0.226 1.68528e-11
0.228 1.94437e-11
0.23 2.24071e-11
0.232 2.58326e-11
0.234 2.97483e-11
0.236 3.42599e-11
0.238 3.94273e-11
0.24 4.53634e-11
0.242 5.21727e-11
0.244 5.99763e-11
0.246 6.89242e-11
0.248 7.91689e-11
0.25 9.09075e-11
0.252 1.04341e-10
0.254 1.19712e-10
0.256 1.37292e-10
0.258 1.57393e-10
0.26 1.80359e-10
0.262 2.06598e-10
0.264 2.36558e-10
0.266 2.70757e-10
0.268 3.09775e-10
0.27 3.5427e-10
0.272 4.05004e-10
0.274 4.62804e-10
0.276 5.28654e-10
0.278 6.03629e-10
0.28 6.88955e-10
0.282 7.86036e-10
0.284 8.96433e-10
0.286 1.02193e-09
0.288 1.16453e-09
0.29 1.32649e-09
0.292 1.51039e-09
0.294 1.71908e-09
0.296 1.95583e-09
0.298 2.22429e-09
0.3 2.52859e-09
0.302 2.87337e-09
0.304 3.26386e-09
0.306 3.70593e-09
0.308 4.2062e-09
0.31 4.77209e-09
0.312 5.41195e-09
0.314 6.13515e-09
0.316 6.95221e-09
0.318 7.87494e-09
0.32 8.91658e-09
0.322 1.00919e-08
0.324 1.14177e-08
0.326 1.29124e-08
0.328 1.4597e-08
0.33 1.64948e-08
0.332 1.86318e-08
0.334 2.10373e-08
0.336 2.37439e-08
0.338 2.6788e-08
0.34 3.02102e-08
0.342 3.40561e-08
0.344 3.83762e-08
0.346 4.3227e-08
0.348 4.86715e-08
0.35 5.47799e-08
0.352 6.16302e-08
0.354 6.93095e-08
0.356 7.79145e-08
0.358 8.75528e-08
0.36 9.8344e-08
0.362 1.10421e-07
0.364 1.23932e-07
0.366 1.3904e-07
0.368 1.55928e-07
0.37 1.74797e-07
0.372 1.95872e-07
0.374 2.19399e-07
0.376 2.45654e-07
0.378 2.74941e-07
0.38 3.07597e-07
0.382 3.43994e-07
0.384 3.84544e-07
0.386 4.29703e-07
0.388 4.79972e-07
0.39 5.35909e-07
0.392 5.98125e-07
0.394 6.67297e-07
0.396 7.44172e-07
0.398 8.29571e-07
0.4 9.24401e-07
0.402 1.02966e-06
0.404 1.14645e-06
0.406 1.27597e-06
0.408 1.41956e-06
0.41 1.57867e-06
0.412 1.75492e-06
0.414 1.95007e-06
0.416 2.16605e-06
0.418 2.40499e-06
0.42 2.66923e-06
0.422 2.96131e-06
0.424 3.28405e-06
0.426 3.6405e-06
0.428 4.03402e-06
0.43 4.46831e-06
0.432 4.94737e-06
0.434 5.4756e-06
0.436 6.05781e-06
0.438 6.69926e-06
0.44 7.40566e-06
0.442 8.18329e-06
0.444 9.03896e-06
0.446 9.98012e-06
0.448 1.10149e-05
0.45 1.21521e-05
0.452 1.34013e-05
0.454 1.47731e-05
0.456 1.62787e-05
0.458 1.79307e-05
0.46 1.97425e-05
0.462 2.17286e-05
0.464 2.3905e-05
0.466 2.62889e-05
0.468 2.8899e-05
0.47 3.17555e-05
0.472 3.48805e-05
0.474 3.82978e-05
0.476 4.2033e-05
0.478 4.61142e-05
0.48 5.05715e-05
0.482 5.54374e-05
0.484 6.07473e-05
0.486 6.65393e-05
0.488 7.28545e-05
0.49 7.97372e-05
0.492 8.72354e-05
0.494 9.54006e-05
0.496 0.000104288
0.498 0.000113959
0.5 0.000124477
0.502 0.000135911
0.504 0.000148336
0.506 0.000161833
0.508 0.000176487
0.51 0.000192392
0.512 0.000209646
0.514 0.000228357
0.516 0.000248639
0.518 0.000270615
0.52 0.000294415
0.522 0.000320181
0.524 0.000348064
0.526 0.000378224
0.528 0.000410834
0.53 0.000446078
0.532 0.000484153
0.534 0.000525268
0.536 0.000569649
0.538 0.000617533
0.54 0.000669176
0.542 0.00072485
0.544 0.000784844
0.546 0.000849466
0.548 0.000919042
0.55 0.000993923
0.552 0.00107448
0.554 0.0011611
0.556 0.0012542
0.558 0.00135424
0.56 0.00146167
0.562 0.001577
0.564 0.00170075
0.566 0.00183349
0.568 0.0019758
0.57 0.00212832
0.572 0.00229169
0.574 0.00246663
0.576 0.00265387
0.578 0.00285419
0.58 0.00306842
0.582 0.00329742
0.584 0.0035421
0.586 0.00380344
0.588 0.00408244
0.59 0.00438017
0.592 0.00469775
0.594 0.00503637
0.596 0.00539726
0.598 0.00578172
0.6 0.00619112
0.602 0.00662689
0.604 0.00709053
0.606 0.00758361
0.608 0.00810778
0.61 0.00866475
0.612 0.00925633
0.614 0.0098844
0.616 0.0105509
0.618 0.0112579
0.62 0.0120076
0.622 0.0128022
0.624 0.0136439
0.626 0.0145353
0.628 0.0154788
0.63 0.016477
0.632 0.0175328
0.634 0.0186488
0.636 0.0198281
0.638 0.0210738
0.64 0.0223888
0.642 0.0237766
0.644 0.0252405
0.646 0.026784
0.648 0.0284108
0.65 0.0301246
0.652 0.0319293
0.654 0.0338288
0.656 0.0358273
0.658 0.037929
0.66 0.0401384
0.662 0.0424599
0.664 0.0448981
0.666 0.0474578
0.668 0.0501438
0.67 0.0529613
0.672 0.0559153
0.674 0.0590111
0.676 0.0622541
0.678 0.0656497
0.68 0.0692037
0.682 0.0729218
0.684 0.0768099
0.686 0.0808739
0.688 0.08512
0.69 0.0895544
0.692 0.0941833
0.694 0.0990133
0.696 0.104051
0.698 0.109302
0.7 0.114775
0.702 0.120475
0.704 0.126409
0.706 0.132585
0.708 0.139009
0.71 0.145688
0.712 0.15263
0.714 0.159842
0.716 0.16733
0.718 0.175102
0.72 0.183165
0.722 0.191526
0.724 0.200193
0.726 0.209173
0.728 0.218472
0.73 0.228098
0.732 0.238058
0.734 0.248358
0.736 0.259007
0.738 0.27001
0.74 0.281374
0.742 0.293106
0.744 0.305213
0.746 0.3177
0.748 0.330574
0.75 0.343841
0.752 0.357507
0.754 0.371577
0.756 0.386057
0.758 0.400952
0.76 0.416266
0.762 0.432006
0.764 0.448175
0.766 0.464777
0.768 0.481816
0.77 0.499295
0.772 0.517219
0.774 0.53559
0.776 0.554409
0.778 0.573681
0.78 0.593405
0.782 0.613585
0.784 0.63422
0.786 0.655311
0.788 0.676859
0.79 0.698863
0.792 0.721322
0.794 0.744235
0.796 0.767601
0.798 0.791417
0.8 0.815681
0.802 0.84039
0.804 0.865539
0.806 0.891126
0.808 0.917145
0.81 0.94359
0.812 0.970457
0.814 0.997739
0.816 1.02543
0.818 1.05352
0.82 1.08201
0.822 1.11088
0.824 1.14012
0.826 1.16974
0.828 1.19971
0.83 1.23002
0.832 1.26068
0.834 1.29165
0.836 1.32294
0.838 1.35453
0.84 1.38641
0.842 1.41856
0.844 1.45097
0.846 1.48362
0.848 1.51651
0.85 1.54961
0.852 1.58291
0.854 1.6164
0.856 1.65005
0.858 1.68386
0.86 1.71779
0.862 1.75185
0.864 1.786
0.866 1.82024
0.868 1.85454
0.87 1.88888
0.872 1.92325
0.874 1.95762
0.876 1.99198
0.878 2.02631
0.88 2.06058
0.882 2.09479
0.884 2.1289
0.886 2.1629
0.888 2.19677
0.89 2.23049
0.892 2.26404
0.894 2.29739
0.896 2.33054
0.898 2.36345
0.9 2.39611
0.902 2.42849
0.904 2.46059
0.906 2.49237
0.908 2.52382
0.91 2.55493
0.912 2.58566
0.914 2.616
0.916 2.64594
0.918 2.67544
0.92 2.70451
0.922 2.73311
0.924 2.76123
0.926 2.78885
0.928 2.81595
0.93 2.84252
0.932 2.86854
0.934 2.894
0.936 2.91887
0.938 2.94314
0.94 2.96681
0.942 2.98984
0.944 3.01223
0.946 3.03397
0.948 3.05504
0.95 3.07542
0.952 3.09511
0.954 3.11409
0.956 3.13235
0.958 3.14988
0.96 3.16667
0.962 3.1827
0.964 3.19798
0.966 3.21248
0.968 3.2262
0.97 3.23913
0.972 3.25127
0.974 3.2626
0.976 3.27312
0.978 3.28282
0.98 3.2917
0.982 3.29975
0.984 3.30697
0.986 3.31334
0.988 3.31888
0.99 3.32357
0.992 3.32741
0.994 3.3304
0.996 3.33253
0.998 3.33382
