-1 2.45092e-05
-0.998 2.4622e-05
-0.996 2.49613e-05
-0.994 2.55297e-05
-0.992 2.63314e-05
-0.99 2.73724e-05
-0.988 2.86607e-05
-0.986 3.02059e-05
-0.984 3.20195e-05
-0.982 3.41151e-05
-0.98 3.65081e-05
-0.978 3.92162e-05
-0.976 4.22592e-05
-0.974 4.56594e-05
-0.972 4.94413e-05
-0.97 5.36322e-05
-0.968 5.8262e-05
-0.966 6.33634e-05
-0.964 6.89724e-05
-0.962 7.5128e-05
-0.96 8.18728e-05
-0.958 8.92531e-05
-0.956 9.7319e-05
-0.954 0.000106125
-0.952 0.000115729
-0.95 0.000126195
-0.948 0.000137592
-0.946 0.000149993
-0.944 0.000163478
-0.942 0.000178132
-0.94 0.000194047
-0.938 0.000211322
-0.936 0.000230063
-0.934 0.000250385
-0.932 0.000272409
-0.93 0.000296266
-0.928 0.000322096
-0.926 0.00035005
-0.924 0.000380288
-0.922 0.000412983
-0.92 0.000448317
-0.918 0.000486487
-0.916 0.000527703
-0.914 0.000572187
-0.912 0.000620179
-0.91 0.000671931
-0.908 0.000727715
-0.906 0.000787818
-0.904 0.000852548
-0.902 0.000922231
-0.9 0.000997212
-0.898 0.00107786
-0.896 0.00116457
-0.894 0.00125775
-0.892 0.00135784
-0.89 0.00146532
-0.888 0.00158067
-0.886 0.00170442
-0.884 0.00183713
-0.882 0.00197938
-0.88 0.00213179
-0.878 0.00229502
-0.876 0.00246975
-0.874 0.00265673
-0.872 0.00285673
-0.87 0.00307055
-0.868 0.00329905
-0.866 0.00354315
-0.864 0.00380378
-0.862 0.00408195
-0.86 0.00437871
-0.858 0.00469517
-0.856 0.00503249
-0.854 0.00539188
-0.852 0.00577463
-0.85 0.00618208
-0.848 0.00661562
-0.846 0.00707674
-0.844 0.00756698
-0.842 0.00808794
-0.84 0.00864131
-0.838 0.00922885
-0.836 0.00985239
-0.834 0.0105139
-0.832 0.0112152
-0.83 0.0119586
-0.828 0.0127462
-0.826 0.0135802
-0.824 0.014463
-0.822 0.015397
-0.82 0.0163848
-0.818 0.017429
-0.816 0.0185323
-0.814 0.0196975
-0.812 0.0209277
-0.81 0.0222258
-0.808 0.023595
-0.806 0.0250385
-0.804 0.0265597
-0.802 0.028162
-0.8 0.0298491
-0.798 0.0316246
-0.796 0.0334923
-0.794 0.0354561
-0.792 0.03752
-0.79 0.0396882
-0.788 0.0419649
-0.786 0.0443545
-0.784 0.0468614
-0.782 0.0494902
-0.78 0.0522455
-0.778 0.0551322
-0.776 0.0581551
-0.774 0.0613193
-0.772 0.0646297
-0.77 0.0680916
-0.768 0.0717103
-0.766 0.0754911
-0.764 0.0794394
-0.762 0.0835608
-0.76 0.0878608
-0.758 0.0923452
-0.756 0.0970197
-0.754 0.10189
-0.752 0.106962
-0.75 0.112242
-0.748 0.117735
-0.746 0.123447
-0.744 0.129385
-0.742 0.135555
-0.74 0.141961
-0.738 0.148611
-0.736 0.155511
-0.734 0.162665
-0.732 0.170081
-0.73 0.177764
-0.728 0.185719
-0.726 0.193953
-0.724 0.202471
-0.722 0.211278
-0.72 0.22038
-0.718 0.229783
-0.716 0.239491
-0.714 0.249509
-0.712 0.259842
-0.71 0.270495
-0.708 0.281472
-0.706 0.292778
-0.704 0.304416
-0.702 0.31639
-0.7 0.328703
-0.698 0.341359
-0.696 0.35436
-0.694 0.36771
-0.692 0.38141
-0.69 0.395462
-0.688 0.409868
-0.686 0.424628
-0.684 0.439745
-0.682 0.455217
-0.68 0.471045
-0.678 0.487229
-0.676 0.503767
-0.674 0.520658
-0.672 0.537901
-0.67 0.555492
-0.668 0.573429
-0.666 0.591709
-0.664 0.610327
-0.662 0.629279
-0.66 0.64856
-0.658 0.668164
-0.656 0.688086
-0.654 0.708319
-0.652 0.728855
-0.65 0.749686
-0.648 0.770804
-0.646 0.7922
-0.644 0.813865
-0.642 0.835787
-0.64 0.857957
-0.638 0.880363
-0.636 0.902992
-0.634 0.925833
-0.632 0.948872
-0.63 0.972096
-0.628 0.995489
-0.626 1.01904
-0.624 1.04273
-0.622 1.06654
-0.62 1.09046
-0.618 1.11447
-0.616 1.13855
-0.614 1.16269
-0.612 1.18687
-0.61 1.21106
-0.608 1.23526
-0.606 1.25943
-0.604 1.28356
-0.602 1.30763
-0.6 1.33162
-0.598 1.35551
-0.596 1.37928
-0.594 1.4029
-0.592 1.42635
-0.59 1.44962
-0.588 1.47267
-0.586 1.4955
-0.584 1.51807
-0.582 1.54036
-0.58 1.56236
-0.578 1.58404
-0.576 1.60538
-0.574 1.62635
-0.572 1.64694
-0.57 1.66712
-0.568 1.68688
-0.566 1.70618
-0.564 1.72502
-0.562 1.74337
-0.56 1.76121
-0.558 1.77852
-0.556 1.79528
-0.554 1.81147
-0.552 1.82708
-0.55 1.84209
-0.548 1.85647
-0.546 1.87023
-0.544 1.88333
-0.542 1.89576
-0.54 1.90751
-0.538 1.91857
-0.536 1.92892
-0.534 1.93855
-0.532 1.94745
-0.53 1.9556
-0.528 1.96301
-0.526 1.96966
-0.524 1.97553
-0.522 1.98064
-0.52 1.98496
-0.518 1.9885
-0.516 1.99124
-0.514 1.99319
-0.512 1.99435
-0.51 1.99471
-0.508 1.99427
-0.506 1.99304
-0.504 1.991
-0.502 1.98818
-0.5 1.98456
-0.498 1.98016
-0.496 1.97498
-0.494 1.96903
-0.492 1.9623
-0.49 1.95482
-0.488 1.94659
-0.486 1.93762
-0.484 1.92791
-0.482 1.91749
-0.48 1.90637
-0.478 1.89455
-0.476 1.88204
-0.474 1.86888
-0.472 1.85506
-0.47 1.84061
-0.468 1.82555
-0.466 1.80988
-0.464 1.79363
-0.462 1.77681
-0.46 1.75945
-0.458 1.74156
-0.456 1.72316
-0.454 1.70427
-0.452 1.68492
-0.45 1.66512
-0.448 1.6449
-0.446 1.62427
-0.444 1.60326
-0.442 1.58189
-0.44 1.56018
-0.438 1.53815
-0.436 1.51582
-0.434 1.49323
-0.432 1.47038
-0.43 1.4473
-0.428 1.42401
-0.426 1.40054
-0.424 1.37691
-0.422 1.35313
-0.42 1.32923
-0.418 1.30523
-0.416 1.28115
-0.414 1.25701
-0.412 1.23284
-0.41 1.20864
-0.408 1.18445
-0.406 1.16028
-0.404 1.13614
-0.402 1.11207
-0.4 1.08806
-0.398 1.06415
-0.396 1.04035
-0.394 1.01668
-0.392 0.993143
-0.39 0.969765
-0.388 0.94656
-0.386 0.92354
-0.384 0.90072
-0.382 0.878112
-0.38 0.855729
-0.378 0.833584
-0.376 0.811686
-0.374 0.790048
-0.372 0.76868
-0.37 0.74759
-0.368 0.726788
-0.366 0.706282
-0.364 0.68608
-0.362 0.666189
-0.36 0.646617
-0.358 0.627369
-0.356 0.60845
-0.354 0.589865
-0.352 0.57162
-0.35 0.553717
-0.348 0.536161
-0.346 0.518953
-0.344 0.502097
-0.342 0.485595
-0.34 0.469446
-0.338 0.453654
-0.336 0.438217
-0.334 0.423136
-0.332 0.408411
-0.33 0.394041
-0.328 0.380024
-0.326 0.366359
-0.324 0.353044
-0.322 0.340078
-0.32 0.327456
-0.318 0.315177
-0.316 0.303237
-0.314 0.291632
-0.312 0.28036
-0.31 0.269415
-0.308 0.258794
-0.306 0.248493
-0.304 0.238506
-0.302 0.228829
-0.3 0.219457
-0.298 0.210384
-0.296 0.201606
-0.294 0.193117
-0.292 0.184911
-0.29 0.176983
-0.288 0.169327
-0.286 0.161938
-0.284 0.154809
-0.282 0.147935
-0.28 0.14131
-0.278 0.134927
-0.276 0.128781
-0.274 0.122866
-0.272 0.117176
-0.27 0.111704
-0.268 0.106446
-0.266 0.101394
-0.264 0.0965435
-0.262 0.0918883
-0.26 0.0874226
-0.258 0.0831407
-0.256 0.0790368
-0.254 0.0751055
-0.252 0.0713412
-0.25 0.0677385
-0.248 0.0642919
-0.246 0.0609964
-0.244 0.0578466
-0.242 0.0548375
-0.24 0.0519642
-0.238 0.0492217
-0.236 0.0466053
-0.234 0.0441103
-0.232 0.0417322
-0.23 0.0394666
-0.228 0.037309
-0.226 0.0352552
-0.224 0.0333012
-0.222 0.0314429
-0.22 0.0296765
-0.218 0.027998
-0.216 0.026404
-0.214 0.0248907
-0.212 0.0234548
-0.21 0.0220929
-0.208 0.0208017
-0.206 0.0195782
-0.204 0.0184192
-0.202 0.0173219
-0.2 0.0162835
-0.198 0.0153012
-0.196 0.0143725
-0.194 0.0134947
-0.192 0.0126654
-0.19 0.0118824
-0.188 0.0111433
-0.186 0.010446
-0.184 0.00978837
-0.182 0.00916851
-0.18 0.00858447
-0.178 0.00803442
-0.176 0.00751661
-0.174 0.00702935
-0.172 0.00657106
-0.17 0.00614018
-0.168 0.00573527
-0.166 0.00535491
-0.164 0.00499779
-0.162 0.00466261
-0.16 0.00434817
-0.158 0.00405331
-0.156 0.00377694
-0.154 0.00351801
-0.152 0.00327552
-0.15 0.00304852
-0.148 0.00283612
-0.146 0.00263746
-0.144 0.00245173
-0.142 0.00227818
-0.14 0.00211606
-0.138 0.00196469
-0.136 0.00182342
-0.134 0.00169164
-0.132 0.00156875
-0.13 0.0014542
-0.128 0.00134748
-0.126 0.00124809
-0.124 0.00115558
-0.122 0.00106949
-0.12 0.000989417
-0.118 0.000914975
-0.116 0.000845796
-0.114 0.000781535
-0.112 0.000721868
-0.11 0.00066649
-0.108 0.000615114
-0.106 0.000567472
-0.104 0.000523311
-0.102 0.000482394
-0.1 0.0004445
-0.098 0.000409418
-0.096 0.000376956
-0.094 0.000346929
-0.092 0.000319168
-0.09 0.000293511
-0.088 0.00026981
-0.086 0.000247925
-0.084 0.000227726
-0.082 0.00020909
-0.08 0.000191905
-0.078 0.000176063
-0.076 0.000161467
-0.074 0.000148025
-0.072 0.00013565
-0.07 0.000124264
-0.068 0.000113791
-0.066 0.000104164
-0.064 9.53174e-05
-0.062 8.71929e-05
-0.06 7.97349e-05
-0.058 7.28923e-05
-0.056 6.66178e-05
-0.054 6.08673e-05
-0.052 5.56003e-05
-0.05 5.07792e-05
-0.048 4.63692e-05
-0.046 4.23383e-05
-0.044 3.86569e-05
-0.042 3.52977e-05
-0.04 3.22355e-05
-0.038 2.94473e-05
-0.036 2.69118e-05
-0.034 2.46097e-05
-0.032 2.2523e-05
-0.03 2.06355e-05
-0.028 1.89324e-05
-0.026 1.74001e-05
-0.024 1.60266e-05
-0.022 1.48007e-05
-0.02 1.37126e-05
-0.018 1.27534e-05
-0.016 1.19153e-05
-0.014 1.11914e-05
-0.012 1.05757e-05
-0.01 1.00632e-05
-0.008 9.64961e-06
-0.006 9.33144e-06
-0.004 9.10606e-06
-0.002 8.97158e-06
0 8.92688e-06
0.002 8.97158e-06
0.004 9.10606e-06
0.006 9.33144e-06
0.008 9.64961e-06
0.01 1.00632e-05
0.012 1.05757e-05
0.014 1.11914e-05
0.016 1.19153e-05
0.018 1.27534e-05
0.02 1.37126e-05
0.022 1.48007e-05
0.024 1.60266e-05
0.026 1.74001e-05
0.028 1.89324e-05
0.03 2.06355e-05
0.032 2.2523e-05
0.034 2.46097e-05
0.036 2.69118e-05
0.038 2.94473e-05
0.04 3.22355e-05
0.042 3.52977e-05
0.044 3.86569e-05
0.046 4.23383e-05
0.048 4.63692e-05
0.05 5.07792e-05
0.052 5.56003e-05
0.054 6.08673e-05
0.056 6.66178e-05
0.058 7.28923e-05
0.06 7.97349e-05
0.062 8.71929e-05
0.064 9.53174e-05
0.066 0.000104164
0.068 0.000113791
0.07 0.000124264
0.072 0.00013565
0.074 0.000148025
0.076 0.000161467
0.078 0.000176063
0.08 0.000191905
0.082 0.00020909
0.084 0.000227726
0.086 0.000247925
0.088 0.00026981
0.09 0.000293511
0.092 0.000319168
0.094 0.000346929
0.096 0.000376956
0.098 0.000409418
0.1 0.0004445
0.102 0.000482394
0.104 0.000523311
0.106 0.000567472
0.108 0.000615114
0.11 0.00066649
0.112 0.000721868
0.114 0.000781535
0.116 0.000845796
0.118 0.000914975
0.12 0.000989417
0.122 0.00106949
0.124 0.00115558
0.126 0.00124809
0.128 0.00134748
0.13 0.0014542
0.132 0.00156875
0.134 0.00169164
0.136 0.00182342
0.138 0.00196469
0.14 0.00211606
0.142 0.00227818
0.144 0.00245173
0.146 0.00263746
0.148 0.00283612
0.15 0.00304852
0.152 0.00327552
0.154 0.00351801
0.156 0.00377694
0.158 0.00405331
0.16 0.00434817
0.162 0.00466261
0.164 0.00499779
0.166 0.00535491
0.168 0.00573527
0.17 0.00614018
0.172 0.00657106
0.174 0.00702935
0.176 0.00751661
0.178 0.00803442
0.18 0.00858447
0.182 0.00916851
0.184 0.00978837
0.186 0.010446
0.188 0.0111433
0.19 0.0118824
0.192 0.0126654
0.194 0.0134947
0.196 0.0143725
0.198 0.0153012
0.2 0.0162835
0.202 0.0173219
0.204 0.0184192
0.206 0.0195782
0.208 0.0208017
0.21 0.0220929
0.212 0.0234548
0.214 0.0248907
0.216 0.026404
0.218 0.027998
0.22 0.0296765
0.222 0.0314429
0.224 0.0333012
0.226 0.0352552
0.228 0.037309
0.23 0.0394666
0.232 0.0417322
0.234 0.0441103
0.236 0.0466053
0.238 0.0492217
0.24 0.0519642
0.242 0.0548375
0.244 0.0578466
0.246 0.0609964
0.248 0.0642919
0.25 0.0677385
0.252 0.0713412
0.254 0.0751055
0.256 0.0790368
0.258 0.0831407
0.26 0.0874226
0.262 0.0918883
0.264 0.0965435
0.266 0.101394
0.268 0.106446
0.27 0.111704
0.272 0.117176
0.274 0.122866
0.276 0.128781
0.278 0.134927
0.28 0.14131
0.282 0.147935
0.284 0.154809
0.286 0.161938
0.288 0.169327
0.29 0.176983
0.292 0.184911
0.294 0.193117
0.296 0.201606
0.298 0.210384
0.3 0.219457
0.302 0.228829
0.304 0.238506
0.306 0.248493
0.308 0.258794
0.31 0.269415
0.312 0.28036
0.314 0.291632
0.316 0.303237
0.318 0.315177
0.32 0.327456
0.322 0.340078
0.324 0.353044
0.326 0.366359
0.328 0.380024
0.33 0.394041
0.332 0.408411
0.334 0.423136
0.336 0.438217
0.338 0.453654
0.34 0.469446
0.342 0.485595
0.344 0.502097
0.346 0.518953
0.348 0.536161
0.35 0.553717
0.352 0.57162
0.354 0.589865
0.356 0.60845
0.358 0.627369
0.36 0.646617
0.362 0.666189
0.364 0.68608
0.366 0.706282
0.368 0.726788
0.37 0.74759
0.372 0.76868
0.374 0.790048
0.376 0.811686
0.378 0.833584
0.38 0.855729
0.382 0.878112
0.384 0.90072
0.386 0.92354
0.388 0.94656
0.39 0.969765
0.392 0.993143
0.394 1.01668
0.396 1.04035
0.398 1.06415
0.4 1.08806
0.402 1.11207
0.404 1.13614
0.406 1.16028
0.408 1.18445
0.41 1.20864
0.412 1.23284
0.414 1.25701
0.416 1.28115
0.418 1.30523
0.42 1.32923
0.422 1.35313
0.424 1.37691
0.426 1.40054
0.428 1.42401
0.43 1.4473
0.432 1.47038
0.434 1.49323
0.436 1.51582
0.438 1.53815
0.44 1.56018
0.442 1.58189
0.444 1.60326
0.446 1.62427
0.448 1.6449
0.45 1.66512
0.452 1.68492
0.454 1.70427
0.456 1.72316
0.458 1.74156
0.46 1.75945
0.462 1.77681
0.464 1.79363
0.466 1.80988
0.468 1.82555
0.47 1.84061
0.472 1.85506
0.474 1.86888
0.476 1.88204
0.478 1.89455
0.48 1.90637
0.482 1.91749
0.484 1.92791
0.486 1.93762
0.488 1.94659
0.49 1.95482
0.492 1.9623
0.494 1.96903
0.496 1.97498
0.498 1.98016
0.5 1.98456
0.502 1.98818
0.504 1.991
0.506 1.99304
0.508 1.99427
0.51 1.99471
0.512 1.99435
0.514 1.99319
0.516 1.99124
0.518 1.9885
0.52 1.98496
0.522 1.98064
0.524 1.97553
0.526 1.96966
0.528 1.96301
0.53 1.9556
0.532 1.94745
0.534 1.93855
0.536 1.92892
0.538 1.91857
0.54 1.90751
0.542 1.89576
0.544 1.88333
0.546 1.87023
0.548 1.85647
0.55 1.84209
0.552 1.82708
0.554 1.81147
0.556 1.79528
0.558 1.77852
0.56 1.76121
0.562 1.74337
0.564 1.72502
0.566 1.70618
0.568 1.68688
0.57 1.66712
0.572 1.64694
0.574 1.62635
0.576 1.60538
0.578 1.58404
0.58 1.56236
0.582 1.54036
0.584 1.51807
0.586 1.4955
0.588 1.47267
0.59 1.44962
0.592 1.42635
0.594 1.4029
0.596 1.37928
0.598 1.35551
0.6 1.33162
0.602 1.30763
0.604 1.28356
0.606 1.25943
0.608 1.23526
0.61 1.21106
0.612 1.18687
0.614 1.16269
0.616 1.13855
0.618 1.11447
0.62 1.09046
0.622 1.06654
0.624 1.04273
0.626 1.01904
0.628 0.995489
0.63 0.972096
0.632 0.948872
0.634 0.925833
0.636 0.902992
0.638 0.880363
0.64 0.857957
0.642 0.835787
0.644 0.813865
0.646 0.7922
0.648 0.770804
0.65 0.749686
0.652 0.728855
0.654 0.708319
0.656 0.688086
0.658 0.668164
0.66 0.64856
0.662 0.629279
0.664 0.610327
0.666 0.591709
0.668 0.573429
0.67 0.555492
0.672 0.537901
0.674 0.520658
0.676 0.503767
0.678 0.487229
0.68 0.471045
0.682 0.455217
0.684 0.439745
0.686 0.424628
0.688 0.409868
0.69 0.395462
0.692 0.38141
0.694 0.36771
0.696 0.35436
0.698 0.341359
0.7 0.328703
0.702 0.31639
0.704 0.304416
0.706 0.292778
0.708 0.281472
0.71 0.270495
0.712 0.259842
0.714 0.249509
0.716 0.239491
0.718 0.229783
0.72 0.22038
0.722 0.211278
0.724 0.202471
0.726 0.193953
0.728 0.185719
0.73 0.177764
0.732 0.170081
0.734 0.162665
0.736 0.155511
0.738 0.148611
0.74 0.141961
0.742 0.135555
0.744 0.129385
0.746 0.123447
0.748 0.117735
0.75 0.112242
0.752 0.106962
0.754 0.10189
0.756 0.0970197
0.758 0.0923452
0.76 0.0878608
0.762 0.0835608
0.764 0.0794394
0.766 0.0754911
0.768 0.0717103
0.77 0.0680916
0.772 0.0646297
0.774 0.0613193
0.776 0.0581551
0.778 0.0551322
0.78 0.0522455
0.782 0.0494902
0.784 0.0468614
0.786 0.0443545
0.788 0.0419649
0.79 0.0396882
0.792 0.03752
0.794 0.0354561
0.796 0.0334923
0.798 0.0316246
0.8 0.0298491
0.802 0.028162
0.804 0.0265597
0.806 0.0250385
0.808 0.023595
0.81 0.0222258
0.812 0.0209277
0.814 0.0196975
0.816 0.0185323
0.818 0.017429
0.82 0.0163848
0.822 0.015397
0.824 0.014463
0.826 0.0135802
0.828 0.0127462
0.83 0.0119586
0.832 0.0112152
0.834 0.0105139
0.836 0.00985239
0.838 0.00922885
0.84 0.00864131
0.842 0.00808794
0.844 0.00756698
0.846 0.00707674
0.848 0.00661562
0.85 0.00618208
0.852 0.00577463
0.854 0.00539188
0.856 0.00503249
0.858 0.00469517
0.86 0.00437871
0.862 0.00408195
0.864 0.00380378
0.866 0.00354315
0.868 0.00329905
0.87 0.00307055
0.872 0.00285673
0.874 0.00265673
0.876 0.00246975
0.878 0.00229502
0.88 0.00213179
0.882 0.00197938
0.884 0.00183713
0.886 0.00170442
0.888 0.00158067
0.89 0.00146532
0.892 0.00135784
0.894 0.00125775
0.896 0.00116457
0.898 0.00107786
0.9 0.000997212
0.902 0.000922231
0.904 0.000852548
0.906 0.000787818
0.908 0.000727715
0.91 0.000671931
0.912 0.000620179
0.914 0.000572187
0.916 0.000527703
0.918 0.000486487
0.92 0.000448317
0.922 0.000412983
0.924 0.000380288
0.926 0.00035005
0.928 0.000322096
0.93 0.000296266
0.932 0.000272409
0.934 0.000250385
0.936 0.000230063
0.938 0.000211322
0.94 0.000194047
0.942 0.000178132
0.944 0.000163478
0.946 0.000149993
0.948 0.000137592
0.95 0.000126195
0.952 0.000115729
0.954 0.000106125
0.956 9.7319e-05
0.958 8.92531e-05
0.96 8.18728e-05
0.962 7.5128e-05
0.964 6.89724e-05
0.966 6.33634e-05
0.968 5.8262e-05
0.97 5.36322e-05
0.972 4.94413e-05
0.974 4.56594e-05
0.976 4.22592e-05
0.978 3.92162e-05
0.98 3.65081e-05
0.982 3.41151e-05
0.984 3.20195e-05
0.986 3.02059e-05
0.988 2.86607e-05
0.99 2.73724e-05
0.992 2.63314e-05
0.994 2.55297e-05
0.996 2.49613e-05
0.998 2.4622e-05
