-1 0.711024
-0.99 0.710998
-0.98 0.710582
-0.97 0.710131
-0.96 0.709259
-0.95 0.708399
-0.94 0.707061
-0.93 0.705806
-0.92 0.703998
-0.91 0.702356
-0.9 0.700086
-0.89 0.698055
-0.88 0.69535
-0.87 0.692905
-0.86 0.689815
-0.85 0.686916
-0.84 0.683509
-0.83 0.680104
-0.82 0.676447
-0.81 0.672509
-0.8 0.668627
-0.79 0.664192
-0.78 0.660034
-0.77 0.655225
-0.76 0.65066
-0.75 0.645652
-0.74 0.640554
-0.73 0.635451
-0.72 0.629838
-0.71 0.624548
-0.7 0.618646
-0.69 0.612923
-0.68 0.606997
-0.67 0.600719
-0.66 0.594752
-0.65 0.588169
-0.64 0.581816
-0.63 0.575309
-0.62 0.568401
-0.61 0.561889
-0.6 0.554834
-0.59 0.547833
-0.58 0.540998
-0.57 0.533576
-0.56 0.526517
-0.55 0.519323
-0.54 0.511695
-0.53 0.504545
-0.52 0.49706
-0.51 0.489306
-0.5 0.482053
-0.49 0.474387
-0.48 0.466523
-0.47 0.459188
-0.46 0.451461
-0.45 0.443478
-0.44 0.436073
-0.43 0.428428
-0.42 0.420342
-0.41 0.412808
-0.4 0.405386
-0.39 0.39734
-0.38 0.389525
-0.37 0.382303
-0.36 0.374668
-0.35 0.366588
-0.34 0.359106
-0.33 0.352092
-0.32 0.344505
-0.31 0.336463
-0.3 0.329052
-0.29 0.322402
-0.28 0.315457
-0.27 0.307599
-0.26 0.299556
-0.25 0.29261
-0.24 0.287421
-0.23 0.283754
-0.22 0.280965
-0.21 0.278528
-0.2 0.276197
-0.19 0.273922
-0.18 0.271718
-0.17 0.269605
-0.16 0.267593
-0.15 0.265686
-0.14 0.263887
-0.13 0.262199
-0.12 0.260624
-0.11 0.259165
-0.1 0.257824
-0.09 0.256604
-0.08 0.255507
-0.07 0.254535
-0.06 0.253689
-0.05 0.25297
-0.04 0.252381
-0.03 0.251921
-0.02 0.251593
-0.01 0.251395
0 0.251329
0.01 0.251395
0.02 0.251593
0.03 0.251921
0.04 0.252381
0.05 0.25297
0.06 0.253689
0.07 0.254535
0.08 0.255507
0.09 0.256604
0.1 0.257824
0.11 0.259165
0.12 0.260624
0.13 0.262199
0.14 0.263887
0.15 0.265686
0.16 0.267593
0.17 0.269605
0.18 0.271718
0.19 0.273922
0.2 0.276197
0.21 0.278528
0.22 0.280965
0.23 0.283754
0.24 0.287421
0.25 0.29261
0.26 0.299556
0.27 0.307599
0.28 0.315457
0.29 0.322402
0.3 0.329052
0.31 0.336463
0.32 0.344505
0.33 0.352092
0.34 0.359106
0.35 0.366588
0.36 0.374668
0.37 0.382303
0.38 0.389525
0.39 0.39734
0.4 0.405386
0.41 0.412808
0.42 0.420342
0.43 0.428428
0.44 0.436073
0.45 0.443478
0.46 0.451461
0.47 0.459188
0.48 0.466523
0.49 0.474387
0.5 0.482053
0.51 0.489306
0.52 0.49706
0.53 0.504545
0.54 0.511695
0.55 0.519323
0.56 0.526517
0.57 0.533576
0.58 0.540998
0.59 0.547833
0.6 0.554834
0.61 0.561889
0.62 0.568401
0.63 0.575309
0.64 0.581816
0.65 0.588169
0.66 0.594752
0.67 0.600719
0.68 0.606997
0.69 0.612923
0.7 0.618646
0.71 0.624548
0.72 0.629838
0.73 0.635451
0.74 0.640554
0.75 0.645652
0.76 0.65066
0.77 0.655225
0.78 0.660034
0.79 0.664192
0.8 0.668627
0.81 0.672509
0.82 0.676447
0.83 0.680104
0.84 0.683509
0.85 0.686916
0.86 0.689815
0.87 0.692905
0.88 0.69535
0.89 0.698055
0.9 0.700086
0.91 0.702356
0.92 0.703998
0.93 0.705806
0.94 0.707061
0.95 0.708399
0.96 0.709259
0.97 0.710131
0.98 0.710582
0.99 0.710998
