-1 0.184147
-0.99 0.184486
-0.98 0.184476
-0.97 0.184959
-0.96 0.185485
-0.95 0.185881
-0.94 0.187127
-0.93 0.187439
-0.92 0.188995
-0.91 0.190129
-0.9 0.190904
-0.89 0.193119
-0.88 0.194729
-0.87 0.195416
-0.86 0.197752
-0.85 0.20261
-0.84 0.208844
-0.83 0.21545
-0.82 0.222141
-0.81 0.228927
-0.8 0.235828
-0.79 0.242848
-0.78 0.249984
-0.77 0.257233
-0.76 0.264594
-0.75 0.272064
-0.74 0.279641
-0.73 0.287322
-0.72 0.295105
-0.71 0.302985
-0.7 0.31096
-0.69 0.319027
-0.68 0.327181
-0.67 0.335419
-0.66 0.343737
-0.65 0.35213
-0.64 0.360595
-0.63 0.369125
-0.62 0.377718
-0.61 0.386368
-0.6 0.395069
-0.59 0.403816
-0.58 0.412604
-0.57 0.421427
-0.56 0.43028
-0.55 0.439156
-0.54 0.44805
-0.53 0.456954
-0.52 0.465864
-0.51 0.474771
-0.5 0.48367
-0.49 0.492554
-0.48 0.501416
-0.47 0.510248
-0.46 0.519045
-0.45 0.527799
-0.44 0.536502
-0.43 0.545147
-0.42 0.553728
-0.41 0.562236
-0.4 0.570665
-0.39 0.579007
-0.38 0.587254
-0.37 0.595399
-0.36 0.603435
-0.35 0.611355
-0.34 0.61915
-0.33 0.626814
-0.32 0.634339
-0.31 0.641719
-0.3 0.648945
-0.29 0.656012
-0.28 0.662912
-0.27 0.669638
-0.26 0.676183
-0.25 0.682542
-0.24 0.688708
-0.23 0.694673
-0.22 0.700434
-0.21 0.705982
-0.2 0.711313
-0.19 0.716421
-0.18 0.721301
-0.17 0.725948
-0.16 0.730356
-0.15 0.734522
-0.14 0.73844
-0.13 0.742107
-0.12 0.745518
-0.11 0.74867
-0.1 0.751559
-0.09 0.754183
-0.08 0.756538
-0.07 0.758623
-0.06 0.760434
-0.05 0.76197
-0.04 0.763228
-0.03 0.764209
-0.02 0.76491
-0.01 0.765331
0 0.765471
0.01 0.765331
0.02 0.76491
0.03 0.764209
0.04 0.763228
0.05 0.76197
0.06 0.760434
0.07 0.758623
0.08 0.756538
0.09 0.754183
0.1 0.751559
0.11 0.74867
0.12 0.745518
0.13 0.742107
0.14 0.73844
0.15 0.734522
0.16 0.730356
0.17 0.725948
0.18 0.721301
0.19 0.716421
0.2 0.711313
0.21 0.705982
0.22 0.700434
0.23 0.694673
0.24 0.688708
0.25 0.682542
0.26 0.676183
0.27 0.669638
0.28 0.662912
0.29 0.656012
0.3 0.648945
0.31 0.641719
0.32 0.634339
0.33 0.626814
0.34 0.61915
0.35 0.611355
0.36 0.603435
0.37 0.595399
0.38 0.587254
0.39 0.579007
0.4 0.570665
0.41 0.562236
0.42 0.553728
0.43 0.545147
0.44 0.536502
0.45 0.527799
0.46 0.519045
0.47 0.510248
0.48 0.501416
0.49 0.492554
0.5 0.48367
0.51 0.474771
0.52 0.465864
0.53 0.456954
0.54 0.44805
0.55 0.439156
0.56 0.43028
0.57 0.421427
0.58 0.412604
0.59 0.403816
0.6 0.395069
0.61 0.386368
0.62 0.377718
0.63 0.369125
0.64 0.360595
0.65 0.35213
0.66 0.343737
0.67 0.335419
0.68 0.327181
0.69 0.319027
0.7 0.31096
0.71 0.302985
0.72 0.295105
0.73 0.287322
0.74 0.279641
0.75 0.272064
0.76 0.264594
0.77 0.257233
0.78 0.249984
0.79 0.242848
0.8 0.235828
0.81 0.228927
0.82 0.222141
0.83 0.21545
0.84 0.208844
0.85 0.20261
0.86 0.197752
0.87 0.195416
0.88 0.194729
0.89 0.193119
0.9 0.190904
0.91 0.190129
0.92 0.188995
0.93 0.187439
0.94 0.187127
0.95 0.185881
0.96 0.185485
0.97 0.184959
0.98 0.184476
0.99 0.184486
