-1 0.444351
-0.99 0.444357
-0.98 0.444403
-0.97 0.444496
-0.96 0.444556
-0.95 0.44477
-0.94 0.444808
-0.93 0.445168
-0.92 0.445162
-0.91 0.445666
-0.9 0.44563
-0.89 0.44622
-0.88 0.446237
-0.87 0.44678
-0.86 0.446991
-0.85 0.447329
-0.84 0.447837
-0.83 0.447932
-0.82 0.448627
-0.81 0.44871
-0.8 0.449231
-0.79 0.449653
-0.78 0.449759
-0.77 0.450457
-0.76 0.45052
-0.75 0.450875
-0.74 0.451413
-0.73 0.451311
-0.72 0.451804
-0.71 0.452109
-0.7 0.451914
-0.69 0.45239
-0.68 0.452544
-0.67 0.452184
-0.66 0.452511
-0.65 0.452662
-0.64 0.452064
-0.63 0.451994
-0.62 0.452286
-0.61 0.451693
-0.6 0.45082
-0.59 0.450813
-0.58 0.450949
-0.57 0.449984
-0.56 0.448369
-0.55 0.44768
-0.54 0.448787
-0.53 0.451341
-0.52 0.454538
-0.51 0.457821
-0.5 0.460994
-0.49 0.464044
-0.48 0.466992
-0.47 0.46985
-0.46 0.472619
-0.45 0.475298
-0.44 0.477889
-0.43 0.480391
-0.42 0.482806
-0.41 0.485133
-0.4 0.487374
-0.39 0.489531
-0.38 0.491603
-0.37 0.493593
-0.36 0.495501
-0.35 0.497329
-0.34 0.499078
-0.33 0.50075
-0.32 0.502347
-0.31 0.503869
-0.3 0.505319
-0.29 0.506699
-0.28 0.50801
-0.27 0.509253
-0.26 0.510432
-0.25 0.511547
-0.24 0.5126
-0.23 0.513593
-0.22 0.514529
-0.21 0.515408
-0.2 0.516232
-0.19 0.517004
-0.18 0.517725
-0.17 0.518397
-0.16 0.51902
-0.15 0.519598
-0.14 0.52013
-0.13 0.52062
-0.12 0.521067
-0.11 0.521474
-0.1 0.521841
-0.09 0.52217
-0.08 0.522461
-0.07 0.522716
-0.06 0.522935
-0.05 0.523119
-0.04 0.523269
-0.03 0.523385
-0.02 0.523468
-0.01 0.523518
0 0.523534
0.01 0.523518
0.02 0.523468
0.03 0.523385
0.04 0.523269
0.05 0.523119
0.06 0.522935
0.07 0.522716
0.08 0.522461
0.09 0.52217
0.1 0.521841
0.11 0.521474
0.12 0.521067
0.13 0.52062
0.14 0.52013
0.15 0.519598
0.16 0.51902
0.17 0.518397
0.18 0.517725
0.19 0.517004
0.2 0.516232
0.21 0.515408
0.22 0.514529
0.23 0.513593
0.24 0.5126
0.25 0.511547
0.26 0.510432
0.27 0.509253
0.28 0.50801
0.29 0.506699
0.3 0.505319
0.31 0.503869
0.32 0.502347
0.33 0.50075
0.34 0.499078
0.35 0.497329
0.36 0.495501
0.37 0.493593
0.38 0.491603
0.39 0.489531
0.4 0.487374
0.41 0.485133
0.42 0.482806
0.43 0.480391
0.44 0.477889
0.45 0.475298
0.46 0.472619
0.47 0.46985
0.48 0.466992
0.49 0.464044
0.5 0.460994
0.51 0.457821
0.52 0.454538
0.53 0.451341
0.54 0.448787
0.55 0.44768
0.56 0.448369
0.57 0.449984
0.58 0.450949
0.59 0.450813
0.6 0.45082
0.61 0.451693
0.62 0.452286
0.63 0.451994
0.64 0.452064
0.65 0.452662
0.66 0.452511
0.67 0.452184
0.68 0.452544
0.69 0.45239
0.7 0.451914
0.71 0.452109
0.72 0.451804
0.73 0.451311
0.74 0.451413
0.75 0.450875
0.76 0.45052
0.77 0.450457
0.78 0.449759
0.79 0.449653
0.8 0.449231
0.81 0.44871
0.82 0.448627
0.83 0.447932
0.84 0.447837
0.85 0.447329
0.86 0.446991
0.87 0.44678
0.88 0.446237
0.89 0.44622
0.9 0.44563
0.91 0.445666
0.92 0.445162
0.93 0.445168
0.94 0.444808
0.95 0.44477
0.96 0.444556
0.97 0.444496
0.98 0.444403
0.99 0.444357
