-1 0.742377
-0.99 0.742113
-0.98 0.741866
-0.97 0.741103
-0.96 0.740334
-0.95 0.73909
-0.94 0.737788
-0.93 0.736082
-0.92 0.734234
-0.91 0.732092
-0.9 0.729689
-0.89 0.727135
-0.88 0.724173
-0.87 0.721224
-0.86 0.717718
-0.85 0.714371
-0.84 0.710363
-0.83 0.706587
-0.82 0.702152
-0.81 0.69789
-0.8 0.693126
-0.79 0.688315
-0.78 0.683305
-0.77 0.677928
-0.76 0.672682
-0.75 0.666822
-0.74 0.661246
-0.73 0.655082
-0.72 0.649021
-0.71 0.64273
-0.7 0.636116
-0.69 0.629713
-0.68 0.622696
-0.67 0.615977
-0.66 0.608857
-0.65 0.601608
-0.64 0.594517
-0.63 0.586851
-0.62 0.579535
-0.61 0.571859
-0.6 0.564021
-0.59 0.556464
-0.58 0.548329
-0.57 0.540475
-0.56 0.53254
-0.55 0.524189
-0.54 0.516288
-0.53 0.508005
-0.52 0.499599
-0.51 0.491601
-0.5 0.483087
-0.49 0.474684
-0.48 0.4666
-0.47 0.45797
-0.46 0.449578
-0.45 0.441472
-0.44 0.43282
-0.43 0.424423
-0.42 0.41638
-0.41 0.407801
-0.4 0.399368
-0.39 0.391448
-0.38 0.383083
-0.37 0.374588
-0.36 0.366748
-0.35 0.358789
-0.34 0.350335
-0.33 0.34236
-0.32 0.334868
-0.31 0.326875
-0.3 0.318641
-0.29 0.311128
-0.28 0.303982
-0.27 0.296237
-0.26 0.288186
-0.25 0.280871
-0.24 0.274289
-0.23 0.26738
-0.22 0.259613
-0.21 0.251749
-0.2 0.245029
-0.19 0.24008
-0.18 0.236665
-0.17 0.234158
-0.16 0.23204
-0.15 0.230063
-0.14 0.228168
-0.13 0.226371
-0.12 0.22469
-0.11 0.223135
-0.1 0.221707
-0.09 0.22041
-0.08 0.219244
-0.07 0.218212
-0.06 0.217314
-0.05 0.216552
-0.04 0.215927
-0.03 0.21544
-0.02 0.215091
-0.01 0.214882
0 0.214812
0.01 0.214882
0.02 0.215091
0.03 0.21544
0.04 0.215927
0.05 0.216552
0.06 0.217314
0.07 0.218212
0.08 0.219244
0.09 0.22041
0.1 0.221707
0.11 0.223135
0.12 0.22469
0.13 0.226371
0.14 0.228168
0.15 0.230063
0.16 0.23204
0.17 0.234158
0.18 0.236665
0.19 0.24008
0.2 0.245029
0.21 0.251749
0.22 0.259613
0.23 0.26738
0.24 0.274289
0.25 0.280871
0.26 0.288186
0.27 0.296237
0.28 0.303982
0.29 0.311128
0.3 0.318641
0.31 0.326875
0.32 0.334868
0.33 0.34236
0.34 0.350335
0.35 0.358789
0.36 0.366748
0.37 0.374588
0.38 0.383083
0.39 0.391448
0.4 0.399368
0.41 0.407801
0.42 0.41638
0.43 0.424423
0.44 0.43282
0.45 0.441472
0.46 0.449578
0.47 0.45797
0.48 0.4666
0.49 0.474684
0.5 0.483087
0.51 0.491601
0.52 0.499599
0.53 0.508005
0.54 0.516288
0.55 0.524189
0.56 0.53254
0.57 0.540475
0.58 0.548329
0.59 0.556464
0.6 0.564021
0.61 0.571859
0.62 0.579535
0.63 0.586851
0.64 0.594517
0.65 0.601608
0.66 0.608857
0.67 0.615977
0.68 0.622696
0.69 0.629713
0.7 0.636116
0.71 0.64273
0.72 0.649021
0.73 0.655082
0.74 0.661246
0.75 0.666822
0.76 0.672682
0.77 0.677928
0.78 0.683305
0.79 0.688315
0.8 0.693126
0.81 0.69789
0.82 0.702152
0.83 0.706587
0.84 0.710363
0.85 0.714371
0.86 0.717718
0.87 0.721224
0.88 0.724173
0.89 0.727135
0.9 0.729689
0.91 0.732092
0.92 0.734234
0.93 0.736082
0.94 0.737788
0.95 0.73909
0.96 0.740334
0.97 0.741103
0.98 0.741866
0.99 0.742113
