-1 2.46897e-13
-0.998 2.49956e-13
-0.996 2.55533e-13
-0.994 2.77223e-13
-0.992 2.97939e-13
-0.99 3.22128e-13
-0.988 3.62816e-13
-0.986 4.01134e-13
-0.984 4.58576e-13
-0.982 5.18494e-13
-0.98 5.93871e-13
-0.978 6.88773e-13
-0.976 7.90304e-13
-0.974 9.10637e-13
-0.972 1.0557e-12
-0.97 1.22395e-12
-0.968 1.41695e-12
-0.966 1.64429e-12
-0.964 1.90046e-12
-0.962 2.20651e-12
-0.96 2.55172e-12
-0.958 2.96456e-12
-0.956 3.42547e-12
-0.954 3.97014e-12
-0.952 4.58617e-12
-0.95 5.31109e-12
-0.948 6.14928e-12
-0.946 7.10892e-12
-0.944 8.22204e-12
-0.942 9.49719e-12
-0.94 1.09688e-11
-0.938 1.26613e-11
-0.936 1.46126e-11
-0.934 1.6865e-11
-0.932 1.94436e-11
-0.93 2.24223e-11
-0.928 2.5835e-11
-0.926 2.97524e-11
-0.924 3.42612e-11
-0.922 3.94318e-11
-0.92 4.53718e-11
-0.918 5.21757e-11
-0.916 5.99819e-11
-0.914 6.89236e-11
-0.912 7.91768e-11
-0.91 9.09055e-11
-0.908 1.04343e-10
-0.906 1.19716e-10
-0.904 1.37291e-10
-0.902 1.57387e-10
-0.9 1.80353e-10
-0.898 2.06589e-10
-0.896 2.36545e-10
-0.894 2.70741e-10
-0.892 3.09755e-10
-0.89 3.54248e-10
-0.888 4.04976e-10
-0.886 4.62771e-10
-0.884 5.28614e-10
-0.882 6.0357e-10
-0.88 6.88895e-10
-0.878 7.85952e-10
-0.876 8.96342e-10
-0.874 1.02181e-09
-0.872 1.16438e-09
-0.87 1.32632e-09
-0.868 1.51018e-09
-0.866 1.71883e-09
-0.864 1.95552e-09
-0.862 2.22394e-09
-0.86 2.52817e-09
-0.858 2.87288e-09
-0.856 3.26328e-09
-0.854 3.70524e-09
-0.852 4.20539e-09
-0.85 4.77114e-09
-0.848 5.41083e-09
-0.846 6.13384e-09
-0.844 6.95067e-09
-0.842 7.87313e-09
-0.84 8.91445e-09
-0.838 1.00895e-08
-0.836 1.14148e-08
-0.834 1.2909e-08
-0.832 1.45931e-08
-0.83 1.64902e-08
-0.828 1.86265e-08
-0.826 2.10311e-08
-0.824 2.37366e-08
-0.822 2.67795e-08
-0.82 3.02004e-08
-0.818 3.40447e-08
-0.816 3.83629e-08
-0.814 4.32117e-08
-0.812 4.86537e-08
-0.81 5.47593e-08
-0.808 6.16064e-08
-0.806 6.92819e-08
-0.804 7.78826e-08
-0.802 8.75159e-08
-0.8 9.83015e-08
-0.798 1.10372e-07
-0.796 1.23875e-07
-0.794 1.38975e-07
-0.792 1.55853e-07
-0.79 1.74711e-07
-0.788 1.95772e-07
-0.786 2.19284e-07
-0.784 2.45522e-07
-0.782 2.7479e-07
-0.78 3.07423e-07
-0.778 3.43795e-07
-0.776 3.84315e-07
-0.774 4.2944e-07
-0.772 4.79671e-07
-0.77 5.35563e-07
-0.768 5.97729e-07
-0.766 6.66845e-07
-0.764 7.43654e-07
-0.762 8.28979e-07
-0.76 9.23724e-07
-0.758 1.02889e-06
-0.756 1.14556e-06
-0.754 1.27496e-06
-0.752 1.41841e-06
-0.75 1.57736e-06
-0.748 1.75343e-06
-0.746 1.94837e-06
-0.744 2.16411e-06
-0.742 2.40279e-06
-0.74 2.66672e-06
-0.738 2.95846e-06
-0.736 3.2808e-06
-0.734 3.63681e-06
-0.732 4.02983e-06
-0.73 4.46355e-06
-0.728 4.94197e-06
-0.726 5.46948e-06
-0.724 6.05087e-06
-0.722 6.69139e-06
-0.72 7.39675e-06
-0.718 8.17319e-06
-0.716 9.02753e-06
-0.714 9.96718e-06
-0.712 1.10002e-05
-0.71 1.21355e-05
-0.708 1.33826e-05
-0.706 1.4752e-05
-0.704 1.62549e-05
-0.702 1.79038e-05
-0.7 1.97121e-05
-0.698 2.16944e-05
-0.696 2.38664e-05
-0.694 2.62454e-05
-0.692 2.885e-05
-0.69 3.17004e-05
-0.688 3.48185e-05
-0.686 3.8228e-05
-0.684 4.19546e-05
-0.682 4.60261e-05
-0.68 5.04725e-05
-0.678 5.53262e-05
-0.676 6.06225e-05
-0.674 6.63993e-05
-0.672 7.26974e-05
-0.67 7.95611e-05
-0.668 8.7038e-05
-0.666 9.51795e-05
-0.664 0.000104041
-0.662 0.000113682
-0.66 0.000124166
-0.658 0.000135564
-0.656 0.000147948
-0.654 0.000161399
-0.652 0.000176003
-0.65 0.000191851
-0.648 0.000209043
-0.646 0.000227684
-0.644 0.000247889
-0.642 0.000269778
-0.64 0.000293483
-0.638 0.000319143
-0.636 0.000346908
-0.634 0.000376937
-0.632 0.000409402
-0.63 0.000444486
-0.628 0.000482383
-0.626 0.000523301
-0.624 0.000567464
-0.622 0.000615107
-0.62 0.000666484
-0.618 0.000721864
-0.616 0.000781532
-0.614 0.000845794
-0.612 0.000914974
-0.61 0.000989416
-0.608 0.00106949
-0.606 0.00115558
-0.604 0.0012481
-0.602 0.00134748
-0.6 0.0014542
-0.598 0.00156875
-0.596 0.00169164
-0.594 0.00182343
-0.592 0.0019647
-0.59 0.00211606
-0.588 0.00227818
-0.586 0.00245174
-0.584 0.00263746
-0.582 0.00283612
-0.58 0.00304852
-0.578 0.00327552
-0.576 0.00351802
-0.574 0.00377695
-0.572 0.00405332
-0.57 0.00434818
-0.568 0.00466261
-0.566 0.00499779
-0.564 0.00535492
-0.562 0.00573528
-0.56 0.00614019
-0.558 0.00657106
-0.556 0.00702936
-0.554 0.00751661
-0.552 0.00803443
-0.55 0.00858448
-0.548 0.00916852
-0.546 0.00978837
-0.544 0.010446
-0.542 0.0111433
-0.54 0.0118824
-0.538 0.0126654
-0.536 0.0134947
-0.534 0.0143725
-0.532 0.0153013
-0.53 0.0162835
-0.528 0.017322
-0.526 0.0184192
-0.524 0.0195782
-0.522 0.0208017
-0.52 0.0220929
-0.518 0.0234548
-0.516 0.0248907
-0.514 0.026404
-0.512 0.027998
-0.51 0.0296765
-0.508 0.0314429
-0.506 0.0333012
-0.504 0.0352552
-0.502 0.037309
-0.5 0.0394666
-0.498 0.0417322
-0.496 0.0441103
-0.494 0.0466053
-0.492 0.0492217
-0.49 0.0519641
-0.488 0.0548375
-0.486 0.0578466
-0.484 0.0609963
-0.482 0.0642919
-0.48 0.0677384
-0.478 0.0713412
-0.476 0.0751055
-0.474 0.0790368
-0.472 0.0831407
-0.47 0.0874226
-0.468 0.0918883
-0.466 0.0965435
-0.464 0.101394
-0.462 0.106446
-0.46 0.111704
-0.458 0.117176
-0.456 0.122866
-0.454 0.128781
-0.452 0.134927
-0.45 0.14131
-0.448 0.147935
-0.446 0.154809
-0.444 0.161938
-0.442 0.169327
-0.44 0.176983
-0.438 0.184911
-0.436 0.193117
-0.434 0.201606
-0.432 0.210384
-0.43 0.219456
-0.428 0.228829
-0.426 0.238506
-0.424 0.248493
-0.422 0.258794
-0.42 0.269415
-0.418 0.28036
-0.416 0.291632
-0.414 0.303237
-0.412 0.315177
-0.41 0.327456
-0.408 0.340078
-0.406 0.353044
-0.404 0.366359
-0.402 0.380024
-0.4 0.394041
-0.398 0.408411
-0.396 0.423136
-0.394 0.438217
-0.392 0.453654
-0.39 0.469446
-0.388 0.485595
-0.386 0.502097
-0.384 0.518953
-0.382 0.536161
-0.38 0.553717
-0.378 0.57162
-0.376 0.589865
-0.374 0.60845
-0.372 0.627369
-0.37 0.646617
-0.368 0.66619
-0.366 0.68608
-0.364 0.706282
-0.362 0.726788
-0.36 0.74759
-0.358 0.76868
-0.356 0.790048
-0.354 0.811687
-0.352 0.833584
-0.35 0.85573
-0.348 0.878112
-0.346 0.90072
-0.344 0.92354
-0.342 0.94656
-0.34 0.969766
-0.338 0.993143
-0.336 1.01668
-0.334 1.04035
-0.332 1.06415
-0.33 1.08806
-0.328 1.11207
-0.326 1.13614
-0.324 1.16028
-0.322 1.18445
-0.32 1.20864
-0.318 1.23284
-0.316 1.25702
-0.314 1.28115
-0.312 1.30523
-0.31 1.32923
-0.308 1.35313
-0.306 1.37691
-0.304 1.40054
-0.302 1.42402
-0.3 1.4473
-0.298 1.47038
-0.296 1.49323
-0.294 1.51583
-0.292 1.53815
-0.29 1.56018
-0.288 1.58189
-0.286 1.60327
-0.284 1.62428
-0.282 1.64491
-0.28 1.66513
-0.278 1.68493
-0.276 1.70428
-0.274 1.72317
-0.272 1.74157
-0.27 1.75946
-0.268 1.77682
-0.266 1.79364
-0.264 1.80989
-0.262 1.82556
-0.26 1.84063
-0.258 1.85509
-0.256 1.8689
-0.254 1.88207
-0.252 1.89457
-0.25 1.9064
-0.248 1.91753
-0.246 1.92795
-0.244 1.93766
-0.242 1.94664
-0.24 1.95487
-0.238 1.96236
-0.236 1.96909
-0.234 1.97505
-0.232 1.98024
-0.23 1.98464
-0.228 1.98827
-0.226 1.9911
-0.224 1.99314
-0.222 1.99439
-0.22 1.99484
-0.218 1.99449
-0.216 1.99334
-0.214 1.99141
-0.212 1.98867
-0.21 1.98515
-0.208 1.98085
-0.206 1.97576
-0.204 1.96991
-0.202 1.96328
-0.2 1.9559
-0.198 1.94777
-0.196 1.9389
-0.194 1.9293
-0.192 1.91898
-0.19 1.90796
-0.188 1.89624
-0.186 1.88385
-0.184 1.8708
-0.182 1.85709
-0.18 1.84276
-0.178 1.82781
-0.176 1.81226
-0.174 1.79613
-0.172 1.77944
-0.17 1.7622
-0.168 1.74445
-0.166 1.72618
-0.164 1.70744
-0.162 1.68823
-0.16 1.66859
-0.158 1.64852
-0.156 1.62806
-0.154 1.60721
-0.152 1.58602
-0.15 1.56449
-0.148 1.54266
-0.146 1.52054
-0.144 1.49815
-0.142 1.47553
-0.14 1.45269
-0.138 1.42965
-0.136 1.40644
-0.134 1.38308
-0.132 1.35959
-0.13 1.336
-0.128 1.31233
-0.126 1.28859
-0.124 1.26482
-0.122 1.24103
-0.12 1.21725
-0.118 1.19348
-0.116 1.16977
-0.114 1.14612
-0.112 1.12256
-0.11 1.0991
-0.108 1.07577
-0.106 1.05258
-0.104 1.02955
-0.102 1.0067
-0.1 0.984054
-0.098 0.961618
-0.096 0.939413
-0.094 0.917455
-0.092 0.89576
-0.09 0.874342
-0.088 0.853216
-0.086 0.832397
-0.084 0.811898
-0.082 0.791732
-0.08 0.771912
-0.078 0.75245
-0.076 0.733357
-0.074 0.714646
-0.072 0.696326
-0.07 0.678409
-0.068 0.660903
-0.066 0.643819
-0.064 0.627165
-0.062 0.610949
-0.06 0.59518
-0.058 0.579866
-0.056 0.565013
-0.054 0.550629
-0.052 0.536719
-0.05 0.523291
-0.048 0.510349
-0.046 0.4979
-0.044 0.485948
-0.042 0.474497
-0.04 0.463554
-0.038 0.45312
-0.036 0.443201
-0.034 0.4338
-0.032 0.42492
-0.03 0.416564
-0.028 0.408735
-0.026 0.401436
-0.024 0.394668
-0.022 0.388435
-0.02 0.382737
-0.018 0.377577
-0.016 0.372956
-0.014 0.368876
-0.012 0.365337
-0.01 0.362342
-0.008 0.359889
-0.006 0.357981
-0.004 0.356618
-0.002 0.3558
0 0.355527
0.002 0.3558
0.004 0.356618
0.006 0.357981
0.008 0.359889
0.01 0.362342
0.012 0.365337
0.014 0.368876
0.016 0.372956
0.018 0.377577
0.02 0.382737
0.022 0.388435
0.024 0.394668
0.026 0.401436
0.028 0.408735
0.03 0.416564
0.032 0.42492
0.034 0.4338
0.036 0.443201
0.038 0.45312
0.04 0.463554
0.042 0.474497
0.044 0.485948
0.046 0.4979
0.048 0.510349
0.05 0.523291
0.052 0.536719
0.054 0.550629
0.056 0.565013
0.058 0.579866
0.06 0.59518
0.062 0.610949
0.064 0.627165
0.066 0.643819
0.068 0.660903
0.07 0.678409
0.072 0.696326
0.074 0.714646
0.076 0.733357
0.078 0.75245
0.08 0.771912
0.082 0.791732
0.084 0.811898
0.086 0.832397
0.088 0.853216
0.09 0.874342
0.092 0.89576
0.094 0.917455
0.096 0.939413
0.098 0.961618
0.1 0.984054
0.102 1.0067
0.104 1.02955
0.106 1.05258
0.108 1.07577
0.11 1.0991
0.112 1.12256
0.114 1.14612
0.116 1.16977
0.118 1.19348
0.12 1.21725
0.122 1.24103
0.124 1.26482
0.126 1.28859
0.128 1.31233
0.13 1.336
0.132 1.35959
0.134 1.38308
0.136 1.40644
0.138 1.42965
0.14 1.45269
0.142 1.47553
0.144 1.49815
0.146 1.52054
0.148 1.54266
0.15 1.56449
0.152 1.58602
0.154 1.60721
0.156 1.62806
0.158 1.64852
0.16 1.66859
0.162 1.68823
0.164 1.70744
0.166 1.72618
0.168 1.74445
0.17 1.7622
0.172 1.77944
0.174 1.79613
0.176 1.81226
0.178 1.82781
0.18 1.84276
0.182 1.85709
0.184 1.8708
0.186 1.88385
0.188 1.89624
0.19 1.90796
0.192 1.91898
0.194 1.9293
0.196 1.9389
0.198 1.94777
0.2 1.9559
0.202 1.96328
0.204 1.96991
0.206 1.97576
0.208 1.98085
0.21 1.98515
0.212 1.98867
0.214 1.99141
0.216 1.99334
0.218 1.99449
0.22 1.99484
0.222 1.99439
0.224 1.99314
0.226 1.9911
0.228 1.98827
0.23 1.98464
0.232 1.98024
0.234 1.97505
0.236 1.96909
0.238 1.96236
0.24 1.95487
0.242 1.94664
0.244 1.93766
0.246 1.92795
0.248 1.91753
0.25 1.9064
0.252 1.89457
0.254 1.88207
0.256 1.8689
0.258 1.85509
0.26 1.84063
0.262 1.82556
0.264 1.80989
0.266 1.79364
0.268 1.77682
0.27 1.75946
0.272 1.74157
0.274 1.72317
0.276 1.70428
0.278 1.68493
0.28 1.66513
0.282 1.64491
0.284 1.62428
0.286 1.60327
0.288 1.58189
0.29 1.56018
0.292 1.53815
0.294 1.51583
0.296 1.49323
0.298 1.47038
0.3 1.4473
0.302 1.42402
0.304 1.40054
0.306 1.37691
0.308 1.35313
0.31 1.32923
0.312 1.30523
0.314 1.28115
0.316 1.25702
0.318 1.23284
0.32 1.20864
0.322 1.18445
0.324 1.16028
0.326 1.13614
0.328 1.11207
0.33 1.08806
0.332 1.06415
0.334 1.04035
0.336 1.01668
0.338 0.993143
0.34 0.969766
0.342 0.94656
0.344 0.92354
0.346 0.90072
0.348 0.878112
0.35 0.85573
0.352 0.833584
0.354 0.811687
0.356 0.790048
0.358 0.76868
0.36 0.74759
0.362 0.726788
0.364 0.706282
0.366 0.68608
0.368 0.66619
0.37 0.646617
0.372 0.627369
0.374 0.60845
0.376 0.589865
0.378 0.57162
0.38 0.553717
0.382 0.536161
0.384 0.518953
0.386 0.502097
0.388 0.485595
0.39 0.469446
0.392 0.453654
0.394 0.438217
0.396 0.423136
0.398 0.408411
0.4 0.394041
0.402 0.380024
0.404 0.366359
0.406 0.353044
0.408 0.340078
0.41 0.327456
0.412 0.315177
0.414 0.303237
0.416 0.291632
0.418 0.28036
0.42 0.269415
0.422 0.258794
0.424 0.248493
0.426 0.238506
0.428 0.228829
0.43 0.219456
0.432 0.210384
0.434 0.201606
0.436 0.193117
0.438 0.184911
0.44 0.176983
0.442 0.169327
0.444 0.161938
0.446 0.154809
0.448 0.147935
0.45 0.14131
0.452 0.134927
0.454 0.128781
0.456 0.122866
0.458 0.117176
0.46 0.111704
0.462 0.106446
0.464 0.101394
0.466 0.0965435
0.468 0.0918883
0.47 0.0874226
0.472 0.0831407
0.474 0.0790368
0.476 0.0751055
0.478 0.0713412
0.48 0.0677384
0.482 0.0642919
0.484 0.0609963
0.486 0.0578466
0.488 0.0548375
0.49 0.0519641
0.492 0.0492217
0.494 0.0466053
0.496 0.0441103
0.498 0.0417322
0.5 0.0394666
0.502 0.037309
0.504 0.0352552
0.506 0.0333012
0.508 0.0314429
0.51 0.0296765
0.512 0.027998
0.514 0.026404
0.516 0.0248907
0.518 0.0234548
0.52 0.0220929
0.522 0.0208017
0.524 0.0195782
0.526 0.0184192
0.528 0.017322
0.53 0.0162835
0.532 0.0153013
0.534 0.0143725
0.536 0.0134947
0.538 0.0126654
0.54 0.0118824
0.542 0.0111433
0.544 0.010446
0.546 0.00978837
0.548 0.00916852
0.55 0.00858448
0.552 0.00803443
0.554 0.00751661
0.556 0.00702936
0.558 0.00657106
0.56 0.00614019
0.562 0.00573528
0.564 0.00535492
0.566 0.00499779
0.568 0.00466261
0.57 0.00434818
0.572 0.00405332
0.574 0.00377695
0.576 0.00351802
0.578 0.00327552
0.58 0.00304852
0.582 0.00283612
0.584 0.00263746
0.586 0.00245174
0.588 0.00227818
0.59 0.00211606
0.592 0.0019647
0.594 0.00182343
0.596 0.00169164
0.598 0.00156875
0.6 0.0014542
0.602 0.00134748
0.604 0.0012481
0.606 0.00115558
0.608 0.00106949
0.61 0.000989416
0.612 0.000914974
0.614 0.000845794
0.616 0.000781532
0.618 0.000721864
0.62 0.000666484
0.622 0.000615107
0.624 0.000567464
0.626 0.000523301
0.628 0.000482383
0.63 0.000444486
0.632 0.000409402
0.634 0.000376937
0.636 0.000346908
0.638 0.000319143
0.64 0.000293483
0.642 0.000269778
0.644 0.000247889
0.646 0.000227684
0.648 0.000209043
0.65 0.000191851
0.652 0.000176003
0.654 0.000161399
0.656 0.000147948
0.658 0.000135564
0.66 0.000124166
0.662 0.000113682
0.664 0.000104041
0.666 9.51795e-05
0.668 8.7038e-05
0.67 7.95611e-05
0.672 7.26974e-05
0.674 6.63993e-05
0.676 6.06225e-05
0.678 5.53262e-05
0.68 5.04725e-05
0.682 4.60261e-05
0.684 4.19546e-05
0.686 3.8228e-05
0.688 3.48185e-05
0.69 3.17004e-05
0.692 2.885e-05
0.694 2.62454e-05
0.696 2.38664e-05
0.698 2.16944e-05
0.7 1.97121e-05
0.702 1.79038e-05
0.704 1.62549e-05
0.706 1.4752e-05
0.708 1.33826e-05
0.71 1.21355e-05
0.712 1.10002e-05
0.714 9.96718e-06
0.716 9.02753e-06
0.718 8.17319e-06
0.72 7.39675e-06
0.722 6.69139e-06
0.724 6.05087e-06
0.726 5.46948e-06
0.728 4.94197e-06
0.73 4.46355e-06
0.732 4.02983e-06
0.734 3.63681e-06
0.736 3.2808e-06
0.738 2.95846e-06
0.74 2.66672e-06
0.742 2.40279e-06
0.744 2.16411e-06
0.746 1.94837e-06
0.748 1.75343e-06
0.75 1.57736e-06
0.752 1.41841e-06
0.754 1.27496e-06
0.756 1.14556e-06
0.758 1.02889e-06
0.76 9.23724e-07
0.762 8.28979e-07
0.764 7.43654e-07
0.766 6.66845e-07
0.768 5.97729e-07
0.77 5.35563e-07
0.772 4.79671e-07
0.774 4.2944e-07
0.776 3.84315e-07
0.778 3.43795e-07
0.78 3.07423e-07
0.782 2.7479e-07
0.784 2.45522e-07
0.786 2.19284e-07
0.788 1.95772e-07
0.79 1.74711e-07
0.792 1.55853e-07
0.794 1.38975e-07
0.796 1.23875e-07
0.798 1.10372e-07
0.8 9.83015e-08
0.802 8.75159e-08
0.804 7.78826e-08
0.806 6.92819e-08
0.808 6.16064e-08
0.81 5.47593e-08
0.812 4.86537e-08
0.814 4.32117e-08
0.816 3.83629e-08
0.818 3.40447e-08
0.82 3.02004e-08
0.822 2.67795e-08
0.824 2.37366e-08
0.826 2.10311e-08
0.828 1.86264e-08
0.83 1.64902e-08
0.832 1.45931e-08
0.834 1.2909e-08
0.836 1.14148e-08
0.838 1.00895e-08
0.84 8.91446e-09
0.842 7.87313e-09
0.844 6.95067e-09
0.846 6.13383e-09
0.848 5.41083e-09
0.85 4.77113e-09
0.852 4.20538e-09
0.854 3.70524e-09
0.856 3.26327e-09
0.858 2.87288e-09
0.86 2.52816e-09
0.862 2.22394e-09
0.864 1.95553e-09
0.866 1.71883e-09
0.868 1.51017e-09
0.87 1.32631e-09
0.872 1.16438e-09
0.874 1.02181e-09
0.876 8.96337e-10
0.878 7.85946e-10
0.88 6.88893e-10
0.882 6.03565e-10
0.884 5.28606e-10
0.886 4.62771e-10
0.888 4.04969e-10
0.89 3.54251e-10
0.892 3.09748e-10
0.894 2.70739e-10
0.896 2.36547e-10
0.898 2.06585e-10
0.9 1.8035e-10
0.902 1.57385e-10
0.904 1.37288e-10
0.906 1.19715e-10
0.908 1.04343e-10
0.91 9.09108e-11
0.912 7.91688e-11
0.914 6.89238e-11
0.916 5.99855e-11
0.918 5.21699e-11
0.92 4.53687e-11
0.922 3.94291e-11
0.924 3.42639e-11
0.926 2.97543e-11
0.928 2.58343e-11
0.93 2.24208e-11
0.932 1.94446e-11
0.934 1.68628e-11
0.936 1.4612e-11
0.938 1.26672e-11
0.94 1.09657e-11
0.942 9.49929e-12
0.944 8.21645e-12
0.946 7.11051e-12
0.948 6.14564e-12
0.95 5.31931e-12
0.952 4.59239e-12
0.954 3.97053e-12
0.956 3.42739e-12
0.958 2.95829e-12
0.96 2.5549e-12
0.962 2.20029e-12
0.964 1.9007e-12
0.966 1.63618e-12
0.968 1.41592e-12
0.97 1.22292e-12
0.972 1.05881e-12
0.974 9.12502e-13
0.976 7.89865e-13
0.978 6.80988e-13
0.98 5.97664e-13
0.982 5.18205e-13
0.984 4.54959e-13
0.986 3.99517e-13
0.988 3.59556e-13
0.99 3.22111e-13
0.992 2.91467e-13
0.994 2.73374e-13
0.996 2.54463e-13
0.998 2.51785e-13
