-1 1.12761e-13
-0.998 1.14149e-13
-0.996 1.18342e-13
-0.994 1.25439e-13
-0.992 1.356e-13
-0.99 1.4906e-13
-0.988 1.66126e-13
-0.986 1.87187e-13
-0.984 2.12722e-13
-0.982 2.43309e-13
-0.98 2.79639e-13
-0.978 3.22528e-13
-0.976 3.72935e-13
-0.974 4.31985e-13
-0.972 5.00985e-13
-0.97 5.8146e-13
-0.968 6.75174e-13
-0.966 7.84176e-13
-0.964 9.10834e-13
-0.962 1.05788e-12
-0.96 1.22849e-12
-0.958 1.42629e-12
-0.956 1.6555e-12
-0.954 1.92096e-12
-0.952 2.22824e-12
-0.95 2.58379e-12
-0.948 2.99498e-12
-0.946 3.47031e-12
-0.944 4.01955e-12
-0.942 4.65393e-12
-0.94 5.38633e-12
-0.938 6.23155e-12
-0.936 7.20655e-12
-0.934 8.3308e-12
-0.932 9.62662e-12
-0.93 1.11196e-11
-0.928 1.28389e-11
-0.926 1.48183e-11
-0.924 1.70959e-11
-0.922 1.97157e-11
-0.92 2.2728e-11
-0.918 2.61899e-11
-0.916 3.01672e-11
-0.914 3.47346e-11
-0.912 3.99774e-11
-0.91 4.59933e-11
-0.908 5.28932e-11
-0.906 6.0804e-11
-0.904 6.987e-11
-0.902 8.02556e-11
-0.9 9.21481e-11
-0.898 1.05761e-10
-0.896 1.21335e-10
-0.894 1.39148e-10
-0.892 1.59512e-10
-0.89 1.82783e-10
-0.888 2.09365e-10
-0.886 2.39717e-10
-0.884 2.7436e-10
-0.882 3.13883e-10
-0.88 3.58956e-10
-0.878 4.10338e-10
-0.876 4.68887e-10
-0.874 5.35575e-10
-0.872 6.11504e-10
-0.87 6.97918e-10
-0.868 7.96225e-10
-0.866 9.08016e-10
-0.864 1.03509e-09
-0.862 1.17947e-09
-0.86 1.34346e-09
-0.858 1.52963e-09
-0.856 1.74091e-09
-0.854 1.98058e-09
-0.852 2.25234e-09
-0.85 2.56036e-09
-0.848 2.90935e-09
-0.846 3.30458e-09
-0.844 3.752e-09
-0.842 4.2583e-09
-0.84 4.83099e-09
-0.838 5.4785e-09
-0.836 6.21031e-09
-0.834 7.03707e-09
-0.832 7.97069e-09
-0.83 9.02458e-09
-0.828 1.02137e-08
-0.826 1.15549e-08
-0.824 1.3067e-08
-0.822 1.47711e-08
-0.82 1.66907e-08
-0.818 1.88523e-08
-0.816 2.12852e-08
-0.814 2.40226e-08
-0.812 2.71011e-08
-0.81 3.05619e-08
-0.808 3.44509e-08
-0.806 3.88192e-08
-0.804 4.37239e-08
-0.802 4.92286e-08
-0.8 5.54042e-08
-0.798 6.23295e-08
-0.796 7.00925e-08
-0.794 7.87907e-08
-0.792 8.8533e-08
-0.79 9.94401e-08
-0.788 1.11646e-07
-0.786 1.25301e-07
-0.784 1.40569e-07
-0.782 1.57634e-07
-0.78 1.76701e-07
-0.778 1.97994e-07
-0.776 2.21765e-07
-0.774 2.4829e-07
-0.772 2.77877e-07
-0.77 3.10865e-07
-0.768 3.4763e-07
-0.766 3.88587e-07
-0.764 4.34197e-07
-0.762 4.84966e-07
-0.76 5.41454e-07
-0.758 6.0428e-07
-0.756 6.74127e-07
-0.754 7.51746e-07
-0.752 8.37967e-07
-0.75 9.33703e-07
-0.748 1.03996e-06
-0.746 1.15785e-06
-0.744 1.28858e-06
-0.742 1.43351e-06
-0.74 1.59409e-06
-0.738 1.77196e-06
-0.736 1.96888e-06
-0.734 2.18681e-06
-0.732 2.4279e-06
-0.73 2.69448e-06
-0.728 2.98914e-06
-0.726 3.31469e-06
-0.724 3.67424e-06
-0.722 4.07115e-06
-0.72 4.50913e-06
-0.718 4.99224e-06
-0.716 5.5249e-06
-0.714 6.11195e-06
-0.712 6.75867e-06
-0.71 7.47083e-06
-0.708 8.25473e-06
-0.706 9.11723e-06
-0.704 1.00658e-05
-0.702 1.11087e-05
-0.7 1.22547e-05
-0.698 1.35135e-05
-0.696 1.48956e-05
-0.694 1.64126e-05
-0.692 1.80767e-05
-0.69 1.99017e-05
-0.688 2.19022e-05
-0.686 2.40941e-05
-0.684 2.64948e-05
-0.682 2.9123e-05
-0.68 3.19991e-05
-0.678 3.51452e-05
-0.676 3.85851e-05
-0.674 4.23449e-05
-0.672 4.64524e-05
-0.67 5.09379e-05
-0.668 5.58342e-05
-0.666 6.11768e-05
-0.664 6.70037e-05
-0.662 7.33562e-05
-0.66 8.0279e-05
-0.658 8.78199e-05
-0.656 9.60307e-05
-0.654 0.000104967
-0.652 0.000114689
-0.65 0.000125262
-0.648 0.000136755
-0.646 0.000149242
-0.644 0.000162804
-0.642 0.000177528
-0.64 0.000193506
-0.638 0.000210838
-0.636 0.00022963
-0.634 0.000249997
-0.632 0.000272062
-0.63 0.000295955
-0.628 0.000321819
-0.626 0.000349802
-0.624 0.000380067
-0.622 0.000412786
-0.62 0.000448141
-0.618 0.000486331
-0.616 0.000527563
-0.614 0.000572063
-0.612 0.000620068
-0.61 0.000671832
-0.608 0.000727627
-0.606 0.00078774
-0.604 0.000852479
-0.602 0.000922169
-0.6 0.000997158
-0.598 0.00107781
-0.596 0.00116453
-0.594 0.00125771
-0.592 0.00135781
-0.59 0.00146529
-0.588 0.00158065
-0.586 0.0017044
-0.584 0.00183711
-0.582 0.00197936
-0.58 0.00213177
-0.578 0.002295
-0.576 0.00246974
-0.574 0.00265672
-0.572 0.00285672
-0.57 0.00307054
-0.568 0.00329905
-0.566 0.00354314
-0.564 0.00380377
-0.562 0.00408195
-0.56 0.00437871
-0.558 0.00469517
-0.556 0.00503249
-0.554 0.00539188
-0.552 0.00577463
-0.55 0.00618207
-0.548 0.00661562
-0.546 0.00707674
-0.544 0.00756698
-0.542 0.00808794
-0.54 0.00864131
-0.538 0.00922885
-0.536 0.00985239
-0.534 0.0105139
-0.532 0.0112152
-0.53 0.0119586
-0.528 0.0127462
-0.526 0.0135802
-0.524 0.014463
-0.522 0.015397
-0.52 0.0163848
-0.518 0.017429
-0.516 0.0185323
-0.514 0.0196975
-0.512 0.0209277
-0.51 0.0222258
-0.508 0.023595
-0.506 0.0250385
-0.504 0.0265597
-0.502 0.028162
-0.5 0.0298491
-0.498 0.0316246
-0.496 0.0334923
-0.494 0.0354561
-0.492 0.03752
-0.49 0.0396882
-0.488 0.0419649
-0.486 0.0443545
-0.484 0.0468614
-0.482 0.0494902
-0.48 0.0522455
-0.478 0.0551322
-0.476 0.0581551
-0.474 0.0613193
-0.472 0.0646297
-0.47 0.0680916
-0.468 0.0717103
-0.466 0.0754911
-0.464 0.0794394
-0.462 0.0835608
-0.46 0.0878608
-0.458 0.0923452
-0.456 0.0970197
-0.454 0.10189
-0.452 0.106962
-0.45 0.112242
-0.448 0.117735
-0.446 0.123447
-0.444 0.129385
-0.442 0.135555
-0.44 0.141961
-0.438 0.148611
-0.436 0.155511
-0.434 0.162665
-0.432 0.170081
-0.43 0.177764
-0.428 0.185719
-0.426 0.193953
-0.424 0.202471
-0.422 0.211278
-0.42 0.22038
-0.418 0.229783
-0.416 0.239491
-0.414 0.249509
-0.412 0.259842
-0.41 0.270495
-0.408 0.281472
-0.406 0.292778
-0.404 0.304416
-0.402 0.31639
-0.4 0.328703
-0.398 0.341359
-0.396 0.35436
-0.394 0.36771
-0.392 0.38141
-0.39 0.395462
-0.388 0.409868
-0.386 0.424628
-0.384 0.439745
-0.382 0.455217
-0.38 0.471045
-0.378 0.487229
-0.376 0.503767
-0.374 0.520658
-0.372 0.537901
-0.37 0.555492
-0.368 0.573429
-0.366 0.591709
-0.364 0.610327
-0.362 0.629279
-0.36 0.64856
-0.358 0.668165
-0.356 0.688086
-0.354 0.708319
-0.352 0.728855
-0.35 0.749686
-0.348 0.770804
-0.346 0.792201
-0.344 0.813865
-0.342 0.835788
-0.34 0.857958
-0.338 0.880363
-0.336 0.902993
-0.334 0.925834
-0.332 0.948873
-0.33 0.972097
-0.328 0.99549
-0.326 1.01904
-0.324 1.04273
-0.322 1.06654
-0.32 1.09046
-0.318 1.11447
-0.316 1.13856
-0.314 1.1627
-0.312 1.18687
-0.31 1.21107
-0.308 1.23526
-0.306 1.25943
-0.304 1.28357
-0.302 1.30764
-0.3 1.33163
-0.298 1.35552
-0.296 1.37928
-0.294 1.4029
-0.292 1.42636
-0.29 1.44962
-0.288 1.47268
-0.286 1.49551
-0.284 1.51808
-0.282 1.54038
-0.28 1.56237
-0.278 1.58405
-0.276 1.60539
-0.274 1.62637
-0.272 1.64696
-0.27 1.66714
-0.268 1.6869
-0.266 1.70621
-0.264 1.72505
-0.262 1.7434
-0.26 1.76124
-0.258 1.77855
-0.256 1.79531
-0.254 1.81151
-0.252 1.82713
-0.25 1.84214
-0.248 1.85653
-0.246 1.87029
-0.244 1.88339
-0.242 1.89583
-0.24 1.90759
-0.238 1.91865
-0.236 1.92901
-0.234 1.93865
-0.232 1.94756
-0.23 1.95573
-0.228 1.96315
-0.226 1.9698
-0.224 1.9757
-0.222 1.98081
-0.22 1.98515
-0.218 1.98871
-0.216 1.99147
-0.214 1.99344
-0.212 1.99462
-0.21 1.995
-0.208 1.99459
-0.206 1.99338
-0.204 1.99138
-0.202 1.98859
-0.2 1.98501
-0.198 1.98064
-0.196 1.9755
-0.194 1.96959
-0.192 1.96292
-0.19 1.95549
-0.188 1.94731
-0.186 1.9384
-0.184 1.92876
-0.182 1.91841
-0.18 1.90736
-0.178 1.89561
-0.176 1.8832
-0.174 1.87013
-0.172 1.85641
-0.17 1.84207
-0.168 1.82711
-0.166 1.81157
-0.164 1.79545
-0.162 1.77877
-0.16 1.76156
-0.158 1.74383
-0.156 1.72561
-0.154 1.70691
-0.152 1.68776
-0.15 1.66817
-0.148 1.64817
-0.146 1.62779
-0.144 1.60704
-0.142 1.58594
-0.14 1.56452
-0.138 1.54281
-0.136 1.52082
-0.134 1.49858
-0.132 1.47611
-0.13 1.45344
-0.128 1.43058
-0.126 1.40757
-0.124 1.38442
-0.122 1.36116
-0.12 1.33781
-0.118 1.3144
-0.116 1.29094
-0.114 1.26746
-0.112 1.24398
-0.11 1.22053
-0.108 1.19712
-0.106 1.17377
-0.104 1.15052
-0.102 1.12737
-0.1 1.10435
-0.098 1.08147
-0.096 1.05877
-0.094 1.03625
-0.092 1.01394
-0.09 0.991858
-0.088 0.970015
-0.086 0.948431
-0.084 0.927124
-0.082 0.90611
-0.08 0.885406
-0.078 0.865027
-0.076 0.844988
-0.074 0.825304
-0.072 0.805989
-0.07 0.787056
-0.068 0.76852
-0.066 0.750392
-0.064 0.732685
-0.062 0.715411
-0.06 0.698581
-0.058 0.682206
-0.056 0.666296
-0.054 0.650862
-0.052 0.635912
-0.05 0.621456
-0.048 0.607502
-0.046 0.594059
-0.044 0.581134
-0.042 0.568735
-0.04 0.556869
-0.038 0.545542
-0.036 0.534761
-0.034 0.52453
-0.032 0.514857
-0.03 0.505745
-0.028 0.4972
-0.026 0.489225
-0.024 0.481826
-0.022 0.475005
-0.02 0.468766
-0.018 0.463112
-0.016 0.458046
-0.014 0.45357
-0.012 0.449687
-0.01 0.446398
-0.008 0.443705
-0.006 0.441609
-0.004 0.440112
-0.002 0.439213
0 0.438913
0.002 0.439213
0.004 0.440112
0.006 0.441609
0.008 0.443705
0.01 0.446398
0.012 0.449687
0.014 0.45357
0.016 0.458046
0.018 0.463112
0.02 0.468766
0.022 0.475005
0.024 0.481826
0.026 0.489225
0.028 0.4972
0.03 0.505745
0.032 0.514857
0.034 0.52453
0.036 0.534761
0.038 0.545542
0.04 0.556869
0.042 0.568735
0.044 0.581134
0.046 0.594059
0.048 0.607502
0.05 0.621456
0.052 0.635912
0.054 0.650862
0.056 0.666296
0.058 0.682206
0.06 0.698581
0.062 0.715411
0.064 0.732685
0.066 0.750392
0.068 0.76852
0.07 0.787056
0.072 0.805989
0.074 0.825304
0.076 0.844988
0.078 0.865027
0.08 0.885406
0.082 0.90611
0.084 0.927124
0.086 0.948431
0.088 0.970015
0.09 0.991858
0.092 1.01394
0.094 1.03625
0.096 1.05877
0.098 1.08147
0.1 1.10435
0.102 1.12737
0.104 1.15052
0.106 1.17377
0.108 1.19712
0.11 1.22053
0.112 1.24398
0.114 1.26746
0.116 1.29094
0.118 1.3144
0.12 1.33781
0.122 1.36116
0.124 1.38442
0.126 1.40757
0.128 1.43058
0.13 1.45344
0.132 1.47611
0.134 1.49858
0.136 1.52082
0.138 1.54281
0.14 1.56452
0.142 1.58594
0.144 1.60704
0.146 1.62779
0.148 1.64817
0.15 1.66817
0.152 1.68776
0.154 1.70691
0.156 1.72561
0.158 1.74383
0.16 1.76156
0.162 1.77877
0.164 1.79545
0.166 1.81157
0.168 1.82711
0.17 1.84207
0.172 1.85641
0.174 1.87013
0.176 1.8832
0.178 1.89561
0.18 1.90736
0.182 1.91841
0.184 1.92876
0.186 1.9384
0.188 1.94731
0.19 1.95549
0.192 1.96292
0.194 1.96959
0.196 1.9755
0.198 1.98064
0.2 1.98501
0.202 1.98859
0.204 1.99138
0.206 1.99338
0.208 1.99459
0.21 1.995
0.212 1.99462
0.214 1.99344
0.216 1.99147
0.218 1.98871
0.22 1.98515
0.222 1.98081
0.224 1.9757
0.226 1.9698
0.228 1.96315
0.23 1.95573
0.232 1.94756
0.234 1.93865
0.236 1.92901
0.238 1.91865
0.24 1.90759
0.242 1.89583
0.244 1.88339
0.246 1.87029
0.248 1.85653
0.25 1.84214
0.252 1.82713
0.254 1.81151
0.256 1.79531
0.258 1.77855
0.26 1.76124
0.262 1.7434
0.264 1.72505
0.266 1.70621
0.268 1.6869
0.27 1.66714
0.272 1.64696
0.274 1.62637
0.276 1.60539
0.278 1.58405
0.28 1.56237
0.282 1.54038
0.284 1.51808
0.286 1.49551
0.288 1.47268
0.29 1.44962
0.292 1.42636
0.294 1.4029
0.296 1.37928
0.298 1.35552
0.3 1.33163
0.302 1.30764
0.304 1.28357
0.306 1.25943
0.308 1.23526
0.31 1.21107
0.312 1.18687
0.314 1.1627
0.316 1.13856
0.318 1.11447
0.32 1.09046
0.322 1.06654
0.324 1.04273
0.326 1.01904
0.328 0.99549
0.33 0.972097
0.332 0.948873
0.334 0.925834
0.336 0.902993
0.338 0.880363
0.34 0.857958
0.342 0.835788
0.344 0.813865
0.346 0.792201
0.348 0.770804
0.35 0.749686
0.352 0.728855
0.354 0.708319
0.356 0.688086
0.358 0.668165
0.36 0.64856
0.362 0.629279
0.364 0.610327
0.366 0.591709
0.368 0.573429
0.37 0.555492
0.372 0.537901
0.374 0.520658
0.376 0.503767
0.378 0.487229
0.38 0.471045
0.382 0.455217
0.384 0.439745
0.386 0.424628
0.388 0.409868
0.39 0.395462
0.392 0.38141
0.394 0.36771
0.396 0.35436
0.398 0.341359
0.4 0.328703
0.402 0.31639
0.404 0.304416
0.406 0.292778
0.408 0.281472
0.41 0.270495
0.412 0.259842
0.414 0.249509
0.416 0.239491
0.418 0.229783
0.42 0.22038
0.422 0.211278
0.424 0.202471
0.426 0.193953
0.428 0.185719
0.43 0.177764
0.432 0.170081
0.434 0.162665
0.436 0.155511
0.438 0.148611
0.44 0.141961
0.442 0.135555
0.444 0.129385
0.446 0.123447
0.448 0.117735
0.45 0.112242
0.452 0.106962
0.454 0.10189
0.456 0.0970197
0.458 0.0923452
0.46 0.0878608
0.462 0.0835608
0.464 0.0794394
0.466 0.0754911
0.468 0.0717103
0.47 0.0680916
0.472 0.0646297
0.474 0.0613193
0.476 0.0581551
0.478 0.0551322
0.48 0.0522455
0.482 0.0494902
0.484 0.0468614
0.486 0.0443545
0.488 0.0419649
0.49 0.0396882
0.492 0.03752
0.494 0.0354561
0.496 0.0334923
0.498 0.0316246
0.5 0.0298491
0.502 0.028162
0.504 0.0265597
0.506 0.0250385
0.508 0.023595
0.51 0.0222258
0.512 0.0209277
0.514 0.0196975
0.516 0.0185323
0.518 0.017429
0.52 0.0163848
0.522 0.015397
0.524 0.014463
0.526 0.0135802
0.528 0.0127462
0.53 0.0119586
0.532 0.0112152
0.534 0.0105139
0.536 0.00985239
0.538 0.00922885
0.54 0.00864131
0.542 0.00808794
0.544 0.00756698
0.546 0.00707674
0.548 0.00661562
0.55 0.00618207
0.552 0.00577463
0.554 0.00539188
0.556 0.00503249
0.558 0.00469517
0.56 0.00437871
0.562 0.00408195
0.564 0.00380377
0.566 0.00354314
0.568 0.00329905
0.57 0.00307054
0.572 0.00285672
0.574 0.00265672
0.576 0.00246974
0.578 0.002295
0.58 0.00213177
0.582 0.00197936
0.584 0.00183711
0.586 0.0017044
0.588 0.00158065
0.59 0.00146529
0.592 0.00135781
0.594 0.00125771
0.596 0.00116453
0.598 0.00107781
0.6 0.000997158
0.602 0.000922169
0.604 0.000852479
0.606 0.00078774
0.608 0.000727627
0.61 0.000671832
0.612 0.000620068
0.614 0.000572063
0.616 0.000527563
0.618 0.000486331
0.62 0.000448141
0.622 0.000412786
0.624 0.000380067
0.626 0.000349802
0.628 0.000321819
0.63 0.000295955
0.632 0.000272062
0.634 0.000249997
0.636 0.00022963
0.638 0.000210838
0.64 0.000193506
0.642 0.000177528
0.644 0.000162804
0.646 0.000149242
0.648 0.000136755
0.65 0.000125262
0.652 0.000114689
0.654 0.000104967
0.656 9.60307e-05
0.658 8.78199e-05
0.66 8.0279e-05
0.662 7.33562e-05
0.664 6.70037e-05
0.666 6.11768e-05
0.668 5.58342e-05
0.67 5.09379e-05
0.672 4.64524e-05
0.674 4.23449e-05
0.676 3.85851e-05
0.678 3.51452e-05
0.68 3.19991e-05
0.682 2.9123e-05
0.684 2.64948e-05
0.686 2.40941e-05
0.688 2.19022e-05
0.69 1.99017e-05
0.692 1.80767e-05
0.694 1.64126e-05
0.696 1.48956e-05
0.698 1.35135e-05
0.7 1.22547e-05
0.702 1.11087e-05
0.704 1.00658e-05
0.706 9.11723e-06
0.708 8.25473e-06
0.71 7.47083e-06
0.712 6.75867e-06
0.714 6.11195e-06
0.716 5.5249e-06
0.718 4.99224e-06
0.72 4.50913e-06
0.722 4.07115e-06
0.724 3.67424e-06
0.726 3.31469e-06
0.728 2.98914e-06
0.73 2.69448e-06
0.732 2.4279e-06
0.734 2.18681e-06
0.736 1.96888e-06
0.738 1.77196e-06
0.74 1.59409e-06
0.742 1.43351e-06
0.744 1.28858e-06
0.746 1.15785e-06
0.748 1.03996e-06
0.75 9.33703e-07
0.752 8.37967e-07
0.754 7.51746e-07
0.756 6.74127e-07
0.758 6.0428e-07
0.76 5.41454e-07
0.762 4.84966e-07
0.764 4.34197e-07
0.766 3.88587e-07
0.768 3.4763e-07
0.77 3.10865e-07
0.772 2.77877e-07
0.774 2.4829e-07
0.776 2.21765e-07
0.778 1.97994e-07
0.78 1.76701e-07
0.782 1.57634e-07
0.784 1.40569e-07
0.786 1.25301e-07
0.788 1.11646e-07
0.79 9.94401e-08
0.792 8.8533e-08
0.794 7.87907e-08
0.796 7.00925e-08
0.798 6.23295e-08
0.8 5.54042e-08
0.802 4.92286e-08
0.804 4.37239e-08
0.806 3.88192e-08
0.808 3.44509e-08
0.81 3.05619e-08
0.812 2.71011e-08
0.814 2.40226e-08
0.816 2.12852e-08
0.818 1.88523e-08
0.82 1.66907e-08
0.822 1.47711e-08
0.824 1.3067e-08
0.826 1.15549e-08
0.828 1.02137e-08
0.83 9.02458e-09
0.832 7.97069e-09
0.834 7.03707e-09
0.836 6.21031e-09
0.838 5.4785e-09
0.84 4.83099e-09
0.842 4.2583e-09
0.844 3.752e-09
0.846 3.30458e-09
0.848 2.90935e-09
0.85 2.56036e-09
0.852 2.25234e-09
0.854 1.98058e-09
0.856 1.74091e-09
0.858 1.52963e-09
0.86 1.34346e-09
0.862 1.17947e-09
0.864 1.03509e-09
0.866 9.08016e-10
0.868 7.96225e-10
0.87 6.97918e-10
0.872 6.11504e-10
0.874 5.35575e-10
0.876 4.68887e-10
0.878 4.10338e-10
0.88 3.58956e-10
0.882 3.13883e-10
0.884 2.7436e-10
0.886 2.39717e-10
0.888 2.09365e-10
0.89 1.82783e-10
0.892 1.59512e-10
0.894 1.39148e-10
0.896 1.21335e-10
0.898 1.05761e-10
0.9 9.21481e-11
0.902 8.02556e-11
0.904 6.987e-11
0.906 6.0804e-11
0.908 5.28932e-11
0.91 4.59933e-11
0.912 3.99774e-11
0.914 3.47346e-11
0.916 3.01672e-11
0.918 2.61899e-11
0.92 2.2728e-11
0.922 1.97157e-11
0.924 1.70959e-11
0.926 1.48183e-11
0.928 1.28389e-11
0.93 1.11196e-11
0.932 9.62662e-12
0.934 8.3308e-12
0.936 7.20655e-12
0.938 6.23155e-12
0.94 5.38633e-12
0.942 4.65393e-12
0.944 4.01955e-12
0.946 3.47031e-12
0.948 2.99498e-12
0.95 2.58379e-12
0.952 2.22824e-12
0.954 1.92096e-12
0.956 1.6555e-12
0.958 1.42629e-12
0.96 1.22849e-12
0.962 1.05788e-12
0.964 9.10834e-13
0.966 7.84176e-13
0.968 6.75174e-13
0.97 5.8146e-13
0.972 5.00985e-13
0.974 4.31985e-13
0.976 3.72935e-13
0.978 3.22528e-13
0.98 2.79639e-13
0.982 2.43309e-13
0.984 2.12722e-13
0.986 1.87187e-13
0.988 1.66126e-13
0.99 1.4906e-13
0.992 1.356e-13
0.994 1.25439e-13
0.996 1.18342e-13
0.998 1.14149e-13
