-1 0.650855
-0.99 0.65098
-0.98 0.650543
-0.97 0.650369
-0.96 0.64961
-0.95 0.649144
-0.94 0.648061
-0.93 0.647304
-0.92 0.645904
-0.91 0.644845
-0.9 0.643153
-0.89 0.641762
-0.88 0.639823
-0.87 0.638055
-0.86 0.635924
-0.85 0.63373
-0.84 0.631455
-0.83 0.628818
-0.82 0.626394
-0.81 0.623368
-0.8 0.620706
-0.79 0.617432
-0.78 0.614377
-0.77 0.611021
-0.76 0.607461
-0.75 0.604069
-0.74 0.60008
-0.73 0.596475
-0.72 0.592336
-0.71 0.588239
-0.7 0.584164
-0.69 0.579556
-0.68 0.575359
-0.67 0.570626
-0.66 0.565895
-0.65 0.561316
-0.64 0.556114
-0.63 0.551299
-0.62 0.546209
-0.61 0.540754
-0.6 0.535748
-0.59 0.530201
-0.58 0.524576
-0.57 0.519316
-0.56 0.513418
-0.55 0.507611
-0.54 0.502115
-0.53 0.495957
-0.52 0.489916
-0.51 0.484244
-0.5 0.477924
-0.49 0.471578
-0.48 0.465761
-0.47 0.459443
-0.46 0.452749
-0.45 0.446668
-0.44 0.440563
-0.43 0.433718
-0.42 0.427055
-0.41 0.421053
-0.4 0.41469
-0.39 0.407578
-0.38 0.400767
-0.37 0.394787
-0.36 0.388701
-0.35 0.381626
-0.34 0.374084
-0.33 0.36742
-0.32 0.362459
-0.31 0.35904
-0.3 0.356505
-0.29 0.354286
-0.28 0.352114
-0.27 0.349934
-0.26 0.347763
-0.25 0.345623
-0.24 0.343524
-0.23 0.341473
-0.22 0.339472
-0.21 0.337526
-0.2 0.335639
-0.19 0.333817
-0.18 0.332061
-0.17 0.330378
-0.16 0.32877
-0.15 0.32724
-0.14 0.325793
-0.13 0.324431
-0.12 0.323158
-0.11 0.321976
-0.1 0.320888
-0.09 0.319896
-0.08 0.319003
-0.07 0.31821
-0.06 0.317519
-0.05 0.316932
-0.04 0.31645
-0.03 0.316074
-0.02 0.315805
-0.01 0.315643
0 0.315589
0.01 0.315643
0.02 0.315805
0.03 0.316074
0.04 0.31645
0.05 0.316932
0.06 0.317519
0.07 0.31821
0.08 0.319003
0.09 0.319896
0.1 0.320888
0.11 0.321976
0.12 0.323158
0.13 0.324431
0.14 0.325793
0.15 0.32724
0.16 0.32877
0.17 0.330378
0.18 0.332061
0.19 0.333817
0.2 0.335639
0.21 0.337526
0.22 0.339472
0.23 0.341473
0.24 0.343524
0.25 0.345623
0.26 0.347763
0.27 0.349934
0.28 0.352114
0.29 0.354286
0.3 0.356505
0.31 0.35904
0.32 0.362459
0.33 0.36742
0.34 0.374084
0.35 0.381626
0.36 0.388701
0.37 0.394787
0.38 0.400767
0.39 0.407578
0.4 0.41469
0.41 0.421053
0.42 0.427055
0.43 0.433718
0.44 0.440563
0.45 0.446668
0.46 0.452749
0.47 0.459443
0.48 0.465761
0.49 0.471578
0.5 0.477924
0.51 0.484244
0.52 0.489916
0.53 0.495957
0.54 0.502115
0.55 0.507611
0.56 0.513418
0.57 0.519316
0.58 0.524576
0.59 0.530201
0.6 0.535748
0.61 0.540754
0.62 0.546209
0.63 0.551299
0.64 0.556114
0.65 0.561316
0.66 0.565895
0.67 0.570626
0.68 0.575359
0.69 0.579556
0.7 0.584164
0.71 0.588239
0.72 0.592336
0.73 0.596475
0.74 0.60008
0.75 0.604069
0.76 0.607461
0.77 0.611021
0.78 0.614377
0.79 0.617432
0.8 0.620706
0.81 0.623368
0.82 0.626394
0.83 0.628818
0.84 0.631455
0.85 0.63373
0.86 0.635924
0.87 0.638055
0.88 0.639823
0.89 0.641762
0.9 0.643153
0.91 0.644845
0.92 0.645904
0.93 0.647304
0.94 0.648061
0.95 0.649144
0.96 0.64961
0.97 0.650369
0.98 0.650543
0.99 0.65098
