-1 0.733469
-0.99 0.733535
-0.98 0.732983
-0.97 0.732555
-0.96 0.731528
-0.95 0.730597
-0.94 0.729112
-0.93 0.727667
-0.92 0.725745
-0.91 0.723773
-0.9 0.721444
-0.89 0.71893
-0.88 0.716223
-0.87 0.713161
-0.86 0.710095
-0.85 0.706499
-0.84 0.703069
-0.83 0.698986
-0.82 0.695152
-0.81 0.690669
-0.8 0.68636
-0.79 0.681587
-0.78 0.676732
-0.77 0.67175
-0.76 0.666344
-0.75 0.661139
-0.74 0.655296
-0.73 0.649737
-0.72 0.643665
-0.71 0.637588
-0.7 0.63144
-0.69 0.624833
-0.68 0.618538
-0.67 0.611639
-0.66 0.60493
-0.65 0.598038
-0.64 0.590787
-0.63 0.583871
-0.62 0.576371
-0.61 0.569059
-0.6 0.561691
-0.59 0.553872
-0.58 0.54647
-0.57 0.538627
-0.56 0.530719
-0.55 0.523114
-0.54 0.514936
-0.53 0.507015
-0.52 0.499172
-0.51 0.490808
-0.5 0.482874
-0.49 0.474849
-0.48 0.466392
-0.47 0.458439
-0.46 0.450337
-0.45 0.441831
-0.44 0.433859
-0.43 0.425801
-0.42 0.41728
-0.41 0.409267
-0.4 0.401378
-0.39 0.392925
-0.38 0.384797
-0.37 0.377134
-0.36 0.368965
-0.35 0.36066
-0.34 0.353055
-0.33 0.345457
-0.32 0.337246
-0.31 0.329283
-0.3 0.32207
-0.29 0.314702
-0.28 0.306661
-0.27 0.298823
-0.26 0.291905
-0.25 0.285246
-0.24 0.277836
-0.23 0.269787
-0.22 0.262262
-0.21 0.256305
-0.2 0.252085
-0.19 0.249092
-0.18 0.246706
-0.17 0.244544
-0.16 0.242469
-0.15 0.240475
-0.14 0.238582
-0.13 0.236805
-0.12 0.23515
-0.11 0.233618
-0.1 0.232211
-0.09 0.230932
-0.08 0.229782
-0.07 0.228763
-0.06 0.227877
-0.05 0.227125
-0.04 0.226508
-0.03 0.226028
-0.02 0.225684
-0.01 0.225477
0 0.225408
0.01 0.225477
0.02 0.225684
0.03 0.226028
0.04 0.226508
0.05 0.227125
0.06 0.227877
0.07 0.228763
0.08 0.229782
0.09 0.230932
0.1 0.232211
0.11 0.233618
0.12 0.23515
0.13 0.236805
0.14 0.238582
0.15 0.240475
0.16 0.242469
0.17 0.244544
0.18 0.246706
0.19 0.249092
0.2 0.252085
0.21 0.256305
0.22 0.262262
0.23 0.269787
0.24 0.277836
0.25 0.285246
0.26 0.291905
0.27 0.298823
0.28 0.306661
0.29 0.314702
0.3 0.32207
0.31 0.329283
0.32 0.337246
0.33 0.345457
0.34 0.353055
0.35 0.36066
0.36 0.368965
0.37 0.377134
0.38 0.384797
0.39 0.392925
0.4 0.401378
0.41 0.409267
0.42 0.41728
0.43 0.425801
0.44 0.433859
0.45 0.441831
0.46 0.450337
0.47 0.458439
0.48 0.466392
0.49 0.474849
0.5 0.482874
0.51 0.490808
0.52 0.499172
0.53 0.507015
0.54 0.514936
0.55 0.523114
0.56 0.530719
0.57 0.538627
0.58 0.54647
0.59 0.553872
0.6 0.561691
0.61 0.569059
0.62 0.576371
0.63 0.583871
0.64 0.590787
0.65 0.598038
0.66 0.60493
0.67 0.611639
0.68 0.618538
0.69 0.624833
0.7 0.63144
0.71 0.637588
0.72 0.643665
0.73 0.649737
0.74 0.655296
0.75 0.661139
0.76 0.666344
0.77 0.67175
0.78 0.676732
0.79 0.681587
0.8 0.68636
0.81 0.690669
0.82 0.695152
0.83 0.698986
0.84 0.703069
0.85 0.706499
0.86 0.710095
0.87 0.713161
0.88 0.716223
0.89 0.71893
0.9 0.721444
0.91 0.723773
0.92 0.725745
0.93 0.727667
0.94 0.729112
0.95 0.730597
0.96 0.731528
0.97 0.732555
0.98 0.732983
0.99 0.733535
