-1 0.277872
-0.99 0.278298
-0.98 0.278111
-0.97 0.278801
-0.96 0.27884
-0.95 0.279779
-0.94 0.280088
-0.93 0.281179
-0.92 0.281897
-0.91 0.282953
-0.9 0.284248
-0.89 0.285165
-0.88 0.286954
-0.87 0.288043
-0.86 0.289762
-0.85 0.291622
-0.84 0.292939
-0.83 0.295232
-0.82 0.297141
-0.81 0.29875
-0.8 0.301396
-0.79 0.303624
-0.78 0.305273
-0.77 0.307984
-0.76 0.311045
-0.75 0.312956
-0.74 0.314642
-0.73 0.318008
-0.72 0.323481
-0.71 0.33019
-0.7 0.33728
-0.69 0.344407
-0.68 0.351529
-0.67 0.358668
-0.66 0.365831
-0.65 0.373017
-0.64 0.380221
-0.63 0.387439
-0.62 0.394666
-0.61 0.401898
-0.6 0.409132
-0.59 0.416362
-0.58 0.423586
-0.57 0.430798
-0.56 0.437993
-0.55 0.445169
-0.54 0.452319
-0.53 0.459441
-0.52 0.466528
-0.51 0.473577
-0.5 0.480583
-0.49 0.487542
-0.48 0.494449
-0.47 0.501299
-0.46 0.508088
-0.45 0.514812
-0.44 0.521466
-0.43 0.528045
-0.42 0.534545
-0.41 0.540962
-0.4 0.547291
-0.39 0.553527
-0.38 0.559667
-0.37 0.565707
-0.36 0.571641
-0.35 0.577466
-0.34 0.583178
-0.33 0.588773
-0.32 0.594246
-0.31 0.599594
-0.3 0.604813
-0.29 0.6099
-0.28 0.61485
-0.27 0.619661
-0.26 0.624328
-0.25 0.628848
-0.24 0.633218
-0.23 0.637436
-0.22 0.641497
-0.21 0.645399
-0.2 0.649139
-0.19 0.652714
-0.18 0.656122
-0.17 0.65936
-0.16 0.662426
-0.15 0.665318
-0.14 0.668033
-0.13 0.67057
-0.12 0.672926
-0.11 0.675101
-0.1 0.677091
-0.09 0.678897
-0.08 0.680516
-0.07 0.681947
-0.06 0.68319
-0.05 0.684243
-0.04 0.685105
-0.03 0.685777
-0.02 0.686257
-0.01 0.686545
0 0.686641
0.01 0.686545
0.02 0.686257
0.03 0.685777
0.04 0.685105
0.05 0.684243
0.06 0.68319
0.07 0.681947
0.08 0.680516
0.09 0.678897
0.1 0.677091
0.11 0.675101
0.12 0.672926
0.13 0.67057
0.14 0.668033
0.15 0.665318
0.16 0.662426
0.17 0.65936
0.18 0.656122
0.19 0.652714
0.2 0.649139
0.21 0.645399
0.22 0.641497
0.23 0.637436
0.24 0.633218
0.25 0.628848
0.26 0.624328
0.27 0.619661
0.28 0.61485
0.29 0.6099
0.3 0.604813
0.31 0.599594
0.32 0.594246
0.33 0.588773
0.34 0.583178
0.35 0.577466
0.36 0.571641
0.37 0.565707
0.38 0.559667
0.39 0.553527
0.4 0.547291
0.41 0.540962
0.42 0.534545
0.43 0.528045
0.44 0.521466
0.45 0.514812
0.46 0.508088
0.47 0.501299
0.48 0.494449
0.49 0.487542
0.5 0.480583
0.51 0.473577
0.52 0.466528
0.53 0.459441
0.54 0.452319
0.55 0.445169
0.56 0.437993
0.57 0.430798
0.58 0.423586
0.59 0.416362
0.6 0.409132
0.61 0.401898
0.62 0.394666
0.63 0.387439
0.64 0.380221
0.65 0.373017
0.66 0.365831
0.67 0.358668
0.68 0.351529
0.69 0.344407
0.7 0.33728
0.71 0.33019
0.72 0.323481
0.73 0.318008
0.74 0.314642
0.75 0.312956
0.76 0.311045
0.77 0.307984
0.78 0.305273
0.79 0.303624
0.8 0.301396
0.81 0.29875
0.82 0.297141
0.83 0.295232
0.84 0.292939
0.85 0.291622
0.86 0.289762
0.87 0.288043
0.88 0.286954
0.89 0.285165
0.9 0.284248
0.91 0.282953
0.92 0.281897
0.93 0.281179
0.94 0.280088
0.95 0.279779
0.96 0.27884
0.97 0.278801
0.98 0.278111
0.99 0.278298
