-1 0.000383702
-0.998 0.000385045
-0.996 0.000389083
-0.994 0.000395836
-0.992 0.000405341
-0.99 0.000417648
-0.988 0.000432824
-0.986 0.000450948
-0.984 0.000472116
-0.982 0.000496439
-0.98 0.000524046
-0.978 0.000555079
-0.976 0.000589699
-0.974 0.000628085
-0.972 0.000670432
-0.97 0.000716956
-0.968 0.000767889
-0.966 0.000823485
-0.964 0.000884021
-0.962 0.000949791
-0.96 0.00102112
-0.958 0.00109834
-0.956 0.00118182
-0.954 0.00127196
-0.952 0.00136918
-0.95 0.00147392
-0.948 0.00158665
-0.946 0.00170789
-0.944 0.00183818
-0.942 0.00197808
-0.94 0.0021282
-0.938 0.00228918
-0.936 0.0024617
-0.934 0.00264649
-0.932 0.00284429
-0.93 0.00305592
-0.928 0.00328221
-0.926 0.00352406
-0.924 0.00378242
-0.922 0.00405826
-0.92 0.00435264
-0.918 0.00466664
-0.916 0.00500143
-0.914 0.0053582
-0.912 0.00573823
-0.91 0.00614286
-0.908 0.00657347
-0.906 0.00703152
-0.904 0.00751856
-0.902 0.00803618
-0.9 0.00858605
-0.898 0.00916993
-0.896 0.00978965
-0.894 0.0104471
-0.892 0.0111443
-0.89 0.0118833
-0.888 0.0126662
-0.886 0.0134954
-0.884 0.0143731
-0.882 0.0153018
-0.88 0.0162841
-0.878 0.0173224
-0.876 0.0184196
-0.874 0.0195785
-0.872 0.020802
-0.87 0.0220932
-0.868 0.0234551
-0.866 0.0248909
-0.864 0.0264042
-0.862 0.0279982
-0.86 0.0296766
-0.858 0.0314431
-0.856 0.0333014
-0.854 0.0352554
-0.852 0.0373091
-0.85 0.0394667
-0.848 0.0417323
-0.846 0.0441104
-0.844 0.0466054
-0.842 0.0492217
-0.84 0.0519642
-0.838 0.0548375
-0.836 0.0578466
-0.834 0.0609964
-0.832 0.064292
-0.83 0.0677385
-0.828 0.0713412
-0.826 0.0751055
-0.824 0.0790368
-0.822 0.0831407
-0.82 0.0874226
-0.818 0.0918883
-0.816 0.0965435
-0.814 0.101394
-0.812 0.106446
-0.81 0.111704
-0.808 0.117176
-0.806 0.122866
-0.804 0.128781
-0.802 0.134927
-0.8 0.14131
-0.798 0.147935
-0.796 0.154809
-0.794 0.161938
-0.792 0.169327
-0.79 0.176983
-0.788 0.184911
-0.786 0.193117
-0.784 0.201606
-0.782 0.210384
-0.78 0.219456
-0.778 0.228829
-0.776 0.238506
-0.774 0.248493
-0.772 0.258794
-0.77 0.269415
-0.768 0.28036
-0.766 0.291632
-0.764 0.303237
-0.762 0.315177
-0.76 0.327456
-0.758 0.340078
-0.756 0.353044
-0.754 0.366359
-0.752 0.380024
-0.75 0.394041
-0.748 0.408411
-0.746 0.423136
-0.744 0.438217
-0.742 0.453654
-0.74 0.469446
-0.738 0.485595
-0.736 0.502097
-0.734 0.518953
-0.732 0.536161
-0.73 0.553717
-0.728 0.57162
-0.726 0.589865
-0.724 0.60845
-0.722 0.627369
-0.72 0.646617
-0.718 0.666189
-0.716 0.68608
-0.714 0.706282
-0.712 0.726788
-0.71 0.74759
-0.708 0.76868
-0.706 0.790048
-0.704 0.811686
-0.702 0.833584
-0.7 0.855729
-0.698 0.878112
-0.696 0.90072
-0.694 0.92354
-0.692 0.94656
-0.69 0.969765
-0.688 0.993143
-0.686 1.01668
-0.684 1.04035
-0.682 1.06415
-0.68 1.08806
-0.678 1.11207
-0.676 1.13614
-0.674 1.16028
-0.672 1.18445
-0.67 1.20864
-0.668 1.23284
-0.666 1.25701
-0.664 1.28115
-0.662 1.30523
-0.66 1.32923
-0.658 1.35313
-0.656 1.37691
-0.654 1.40054
-0.652 1.42401
-0.65 1.4473
-0.648 1.47038
-0.646 1.49323
-0.644 1.51582
-0.642 1.53815
-0.64 1.56018
-0.638 1.58189
-0.636 1.60326
-0.634 1.62427
-0.632 1.6449
-0.63 1.66512
-0.628 1.68492
-0.626 1.70427
-0.624 1.72316
-0.622 1.74156
-0.62 1.75945
-0.618 1.77681
-0.616 1.79363
-0.614 1.80988
-0.612 1.82555
-0.61 1.84061
-0.608 1.85506
-0.606 1.86888
-0.604 1.88204
-0.602 1.89455
-0.6 1.90637
-0.598 1.91749
-0.596 1.92791
-0.594 1.93762
-0.592 1.94659
-0.59 1.95482
-0.588 1.9623
-0.586 1.96903
-0.584 1.97498
-0.582 1.98016
-0.58 1.98456
-0.578 1.98818
-0.576 1.991
-0.574 1.99304
-0.572 1.99427
-0.57 1.99471
-0.568 1.99435
-0.566 1.99319
-0.564 1.99124
-0.562 1.9885
-0.56 1.98496
-0.558 1.98064
-0.556 1.97553
-0.554 1.96966
-0.552 1.96301
-0.55 1.9556
-0.548 1.94745
-0.546 1.93855
-0.544 1.92892
-0.542 1.91857
-0.54 1.90751
-0.538 1.89576
-0.536 1.88332
-0.534 1.87023
-0.532 1.85647
-0.53 1.84209
-0.528 1.82708
-0.526 1.81147
-0.524 1.79528
-0.522 1.77852
-0.52 1.76121
-0.518 1.74337
-0.516 1.72502
-0.514 1.70618
-0.512 1.68688
-0.51 1.66712
-0.508 1.64694
-0.506 1.62635
-0.504 1.60538
-0.502 1.58404
-0.5 1.56236
-0.498 1.54036
-0.496 1.51807
-0.494 1.4955
-0.492 1.47267
-0.49 1.44962
-0.488 1.42635
-0.486 1.4029
-0.484 1.37928
-0.482 1.35551
-0.48 1.33162
-0.478 1.30763
-0.476 1.28356
-0.474 1.25943
-0.472 1.23526
-0.47 1.21106
-0.468 1.18687
-0.466 1.16269
-0.464 1.13855
-0.462 1.11447
-0.46 1.09046
-0.458 1.06654
-0.456 1.04273
-0.454 1.01904
-0.452 0.995489
-0.45 0.972096
-0.448 0.948872
-0.446 0.925833
-0.444 0.902992
-0.442 0.880363
-0.44 0.857957
-0.438 0.835787
-0.436 0.813865
-0.434 0.7922
-0.432 0.770804
-0.43 0.749686
-0.428 0.728855
-0.426 0.708319
-0.424 0.688086
-0.422 0.668164
-0.42 0.64856
-0.418 0.629279
-0.416 0.610327
-0.414 0.591709
-0.412 0.573429
-0.41 0.555492
-0.408 0.537901
-0.406 0.520658
-0.404 0.503767
-0.402 0.487229
-0.4 0.471045
-0.398 0.455217
-0.396 0.439745
-0.394 0.424628
-0.392 0.409868
-0.39 0.395462
-0.388 0.38141
-0.386 0.36771
-0.384 0.35436
-0.382 0.341359
-0.38 0.328703
-0.378 0.31639
-0.376 0.304416
-0.374 0.292778
-0.372 0.281472
-0.37 0.270495
-0.368 0.259842
-0.366 0.249509
-0.364 0.239491
-0.362 0.229783
-0.36 0.22038
-0.358 0.211278
-0.356 0.202471
-0.354 0.193953
-0.352 0.185719
-0.35 0.177764
-0.348 0.170081
-0.346 0.162665
-0.344 0.155511
-0.342 0.148611
-0.34 0.141961
-0.338 0.135555
-0.336 0.129385
-0.334 0.123447
-0.332 0.117735
-0.33 0.112242
-0.328 0.106962
-0.326 0.10189
-0.324 0.0970197
-0.322 0.0923453
-0.32 0.0878609
-0.318 0.0835608
-0.316 0.0794394
-0.314 0.0754911
-0.312 0.0717103
-0.31 0.0680916
-0.308 0.0646297
-0.306 0.0613193
-0.304 0.0581551
-0.302 0.0551322
-0.3 0.0522455
-0.298 0.0494902
-0.296 0.0468614
-0.294 0.0443545
-0.292 0.0419649
-0.29 0.0396882
-0.288 0.03752
-0.286 0.0354561
-0.284 0.0334923
-0.282 0.0316246
-0.28 0.0298491
-0.278 0.028162
-0.276 0.0265597
-0.274 0.0250385
-0.272 0.023595
-0.27 0.0222258
-0.268 0.0209277
-0.266 0.0196975
-0.264 0.0185323
-0.262 0.017429
-0.26 0.0163848
-0.258 0.015397
-0.256 0.014463
-0.254 0.0135802
-0.252 0.0127462
-0.25 0.0119586
-0.248 0.0112152
-0.246 0.0105138
-0.244 0.00985238
-0.242 0.00922884
-0.24 0.0086413
-0.238 0.00808793
-0.236 0.00756697
-0.234 0.00707674
-0.232 0.00661562
-0.23 0.00618207
-0.228 0.00577462
-0.226 0.00539187
-0.224 0.00503248
-0.222 0.00469516
-0.22 0.0043787
-0.218 0.00408194
-0.216 0.00380377
-0.214 0.00354314
-0.212 0.00329904
-0.21 0.00307053
-0.208 0.00285671
-0.206 0.00265672
-0.204 0.00246974
-0.202 0.002295
-0.2 0.00213177
-0.198 0.00197935
-0.196 0.0018371
-0.194 0.0017044
-0.192 0.00158064
-0.19 0.00146529
-0.188 0.00135781
-0.186 0.00125771
-0.184 0.00116452
-0.182 0.00107781
-0.18 0.000997154
-0.178 0.000922165
-0.176 0.000852475
-0.174 0.000787737
-0.172 0.000727624
-0.17 0.000671829
-0.168 0.000620065
-0.166 0.00057206
-0.164 0.00052756
-0.162 0.000486328
-0.16 0.000448139
-0.158 0.000412783
-0.156 0.000380065
-0.154 0.0003498
-0.152 0.000321817
-0.15 0.000295953
-0.148 0.00027206
-0.146 0.000249995
-0.144 0.000229628
-0.142 0.000210836
-0.14 0.000193504
-0.138 0.000177527
-0.136 0.000162803
-0.134 0.000149241
-0.132 0.000136753
-0.13 0.000125261
-0.128 0.000114688
-0.126 0.000104966
-0.124 9.60298e-05
-0.122 8.7819e-05
-0.12 8.02782e-05
-0.118 7.33555e-05
-0.116 6.7003e-05
-0.114 6.11762e-05
-0.112 5.58337e-05
-0.11 5.09374e-05
-0.108 4.6452e-05
-0.106 4.23445e-05
-0.104 3.85849e-05
-0.102 3.5145e-05
-0.1 3.1999e-05
-0.098 2.91229e-05
-0.096 2.64948e-05
-0.094 2.40943e-05
-0.092 2.19025e-05
-0.09 1.99021e-05
-0.088 1.80772e-05
-0.086 1.64132e-05
-0.084 1.48964e-05
-0.082 1.35144e-05
-0.08 1.22558e-05
-0.078 1.111e-05
-0.076 1.00674e-05
-0.074 9.11903e-06
-0.072 8.25681e-06
-0.07 7.47323e-06
-0.068 6.76143e-06
-0.066 6.11512e-06
-0.064 5.52853e-06
-0.062 4.99639e-06
-0.06 4.51386e-06
-0.058 4.07653e-06
-0.056 3.68035e-06
-0.054 3.32164e-06
-0.052 2.99703e-06
-0.05 2.70343e-06
-0.048 2.43804e-06
-0.046 2.1983e-06
-0.044 1.98189e-06
-0.042 1.78667e-06
-0.04 1.61073e-06
-0.038 1.45231e-06
-0.036 1.30983e-06
-0.034 1.18183e-06
-0.032 1.06703e-06
-0.03 9.64232e-07
-0.028 8.72387e-07
-0.026 7.90537e-07
-0.024 7.17824e-07
-0.022 6.53484e-07
-0.02 5.96835e-07
-0.018 5.47273e-07
-0.016 5.04269e-07
-0.014 4.67358e-07
-0.012 4.36144e-07
-0.01 4.10287e-07
-0.008 3.89506e-07
-0.006 3.73574e-07
-0.004 3.62317e-07
-0.002 3.55612e-07
0 3.53385e-07
0.002 3.55612e-07
0.004 3.62317e-07
0.006 3.73574e-07
0.008 3.89506e-07
0.01 4.10287e-07
0.012 4.36144e-07
0.014 4.67358e-07
0.016 5.04269e-07
0.018 5.47273e-07
0.02 5.96835e-07
0.022 6.53484e-07
0.024 7.17824e-07
0.026 7.90537e-07
0.028 8.72387e-07
0.03 9.64232e-07
0.032 1.06703e-06
0.034 1.18183e-06
0.036 1.30983e-06
0.038 1.45231e-06
0.04 1.61073e-06
0.042 1.78667e-06
0.044 1.98189e-06
0.046 2.1983e-06
0.048 2.43804e-06
0.05 2.70343e-06
0.052 2.99703e-06
0.054 3.32164e-06
0.056 3.68035e-06
0.058 4.07653e-06
0.06 4.51386e-06
0.062 4.99639e-06
0.064 5.52853e-06
0.066 6.11512e-06
0.068 6.76143e-06
0.07 7.47323e-06
0.072 8.25681e-06
0.074 9.11903e-06
0.076 1.00674e-05
0.078 1.111e-05
0.08 1.22558e-05
0.082 1.35144e-05
0.084 1.48964e-05
0.086 1.64132e-05
0.088 1.80772e-05
0.09 1.99021e-05
0.092 2.19025e-05
0.094 2.40943e-05
0.096 2.64948e-05
0.098 2.91229e-05
0.1 3.1999e-05
0.102 3.5145e-05
0.104 3.85849e-05
0.106 4.23445e-05
0.108 4.6452e-05
0.11 5.09374e-05
0.112 5.58337e-05
0.114 6.11762e-05
0.116 6.7003e-05
0.118 7.33555e-05
0.12 8.02782e-05
0.122 8.7819e-05
0.124 9.60298e-05
0.126 0.000104966
0.128 0.000114688
0.13 0.000125261
0.132 0.000136753
0.134 0.000149241
0.136 0.000162803
0.138 0.000177527
0.14 0.000193504
0.142 0.000210836
0.144 0.000229628
0.146 0.000249995
0.148 0.00027206
0.15 0.000295953
0.152 0.000321817
0.154 0.0003498
0.156 0.000380065
0.158 0.000412783
0.16 0.000448139
0.162 0.000486328
0.164 0.00052756
0.166 0.00057206
0.168 0.000620065
0.17 0.000671829
0.172 0.000727624
0.174 0.000787737
0.176 0.000852475
0.178 0.000922165
0.18 0.000997154
0.182 0.00107781
0.184 0.00116452
0.186 0.00125771
0.188 0.00135781
0.19 0.00146529
0.192 0.00158064
0.194 0.0017044
0.196 0.0018371
0.198 0.00197935
0.2 0.00213177
0.202 0.002295
0.204 0.00246974
0.206 0.00265672
0.208 0.00285671
0.21 0.00307053
0.212 0.00329904
0.214 0.00354314
0.216 0.00380377
0.218 0.00408194
0.22 0.0043787
0.222 0.00469516
0.224 0.00503248
0.226 0.00539187
0.228 0.00577462
0.23 0.00618207
0.232 0.00661562
0.234 0.00707674
0.236 0.00756697
0.238 0.00808793
0.24 0.0086413
0.242 0.00922884
0.244 0.00985238
0.246 0.0105138
0.248 0.0112152
0.25 0.0119586
0.252 0.0127462
0.254 0.0135802
0.256 0.014463
0.258 0.015397
0.26 0.0163848
0.262 0.017429
0.264 0.0185323
0.266 0.0196975
0.268 0.0209277
0.27 0.0222258
0.272 0.023595
0.274 0.0250385
0.276 0.0265597
0.278 0.028162
0.28 0.0298491
0.282 0.0316246
0.284 0.0334923
0.286 0.0354561
0.288 0.03752
0.29 0.0396882
0.292 0.0419649
0.294 0.0443545
0.296 0.0468614
0.298 0.0494902
0.3 0.0522455
0.302 0.0551322
0.304 0.0581551
0.306 0.0613193
0.308 0.0646297
0.31 0.0680916
0.312 0.0717103
0.314 0.0754911
0.316 0.0794394
0.318 0.0835608
0.32 0.0878609
0.322 0.0923453
0.324 0.0970197
0.326 0.10189
0.328 0.106962
0.33 0.112242
0.332 0.117735
0.334 0.123447
0.336 0.129385
0.338 0.135555
0.34 0.141961
0.342 0.148611
0.344 0.155511
0.346 0.162665
0.348 0.170081
0.35 0.177764
0.352 0.185719
0.354 0.193953
0.356 0.202471
0.358 0.211278
0.36 0.22038
0.362 0.229783
0.364 0.239491
0.366 0.249509
0.368 0.259842
0.37 0.270495
0.372 0.281472
0.374 0.292778
0.376 0.304416
0.378 0.31639
0.38 0.328703
0.382 0.341359
0.384 0.35436
0.386 0.36771
0.388 0.38141
0.39 0.395462
0.392 0.409868
0.394 0.424628
0.396 0.439745
0.398 0.455217
0.4 0.471045
0.402 0.487229
0.404 0.503767
0.406 0.520658
0.408 0.537901
0.41 0.555492
0.412 0.573429
0.414 0.591709
0.416 0.610327
0.418 0.629279
0.42 0.64856
0.422 0.668164
0.424 0.688086
0.426 0.708319
0.428 0.728855
0.43 0.749686
0.432 0.770804
0.434 0.7922
0.436 0.813865
0.438 0.835787
0.44 0.857957
0.442 0.880363
0.444 0.902992
0.446 0.925833
0.448 0.948872
0.45 0.972096
0.452 0.995489
0.454 1.01904
0.456 1.04273
0.458 1.06654
0.46 1.09046
0.462 1.11447
0.464 1.13855
0.466 1.16269
0.468 1.18687
0.47 1.21106
0.472 1.23526
0.474 1.25943
0.476 1.28356
0.478 1.30763
0.48 1.33162
0.482 1.35551
0.484 1.37928
0.486 1.4029
0.488 1.42635
0.49 1.44962
0.492 1.47267
0.494 1.4955
0.496 1.51807
0.498 1.54036
0.5 1.56236
0.502 1.58404
0.504 1.60538
0.506 1.62635
0.508 1.64694
0.51 1.66712
0.512 1.68688
0.514 1.70618
0.516 1.72502
0.518 1.74337
0.52 1.76121
0.522 1.77852
0.524 1.79528
0.526 1.81147
0.528 1.82708
0.53 1.84209
0.532 1.85647
0.534 1.87023
0.536 1.88332
0.538 1.89576
0.54 1.90751
0.542 1.91857
0.544 1.92892
0.546 1.93855
0.548 1.94745
0.55 1.9556
0.552 1.96301
0.554 1.96966
0.556 1.97553
0.558 1.98064
0.56 1.98496
0.562 1.9885
0.564 1.99124
0.566 1.99319
0.568 1.99435
0.57 1.99471
0.572 1.99427
0.574 1.99304
0.576 1.991
0.578 1.98818
0.58 1.98456
0.582 1.98016
0.584 1.97498
0.586 1.96903
0.588 1.9623
0.59 1.95482
0.592 1.94659
0.594 1.93762
0.596 1.92791
0.598 1.91749
0.6 1.90637
0.602 1.89455
0.604 1.88204
0.606 1.86888
0.608 1.85506
0.61 1.84061
0.612 1.82555
0.614 1.80988
0.616 1.79363
0.618 1.77681
0.62 1.75945
0.622 1.74156
0.624 1.72316
0.626 1.70427
0.628 1.68492
0.63 1.66512
0.632 1.6449
0.634 1.62427
0.636 1.60326
0.638 1.58189
0.64 1.56018
0.642 1.53815
0.644 1.51582
0.646 1.49323
0.648 1.47038
0.65 1.4473
0.652 1.42401
0.654 1.40054
0.656 1.37691
0.658 1.35313
0.66 1.32923
0.662 1.30523
0.664 1.28115
0.666 1.25701
0.668 1.23284
0.67 1.20864
0.672 1.18445
0.674 1.16028
0.676 1.13614
0.678 1.11207
0.68 1.08806
0.682 1.06415
0.684 1.04035
0.686 1.01668
0.688 0.993143
0.69 0.969765
0.692 0.94656
0.694 0.92354
0.696 0.90072
0.698 0.878112
0.7 0.855729
0.702 0.833584
0.704 0.811686
0.706 0.790048
0.708 0.76868
0.71 0.74759
0.712 0.726788
0.714 0.706282
0.716 0.68608
0.718 0.666189
0.72 0.646617
0.722 0.627369
0.724 0.60845
0.726 0.589865
0.728 0.57162
0.73 0.553717
0.732 0.536161
0.734 0.518953
0.736 0.502097
0.738 0.485595
0.74 0.469446
0.742 0.453654
0.744 0.438217
0.746 0.423136
0.748 0.408411
0.75 0.394041
0.752 0.380024
0.754 0.366359
0.756 0.353044
0.758 0.340078
0.76 0.327456
0.762 0.315177
0.764 0.303237
0.766 0.291632
0.768 0.28036
0.77 0.269415
0.772 0.258794
0.774 0.248493
0.776 0.238506
0.778 0.228829
0.78 0.219456
0.782 0.210384
0.784 0.201606
0.786 0.193117
0.788 0.184911
0.79 0.176983
0.792 0.169327
0.794 0.161938
0.796 0.154809
0.798 0.147935
0.8 0.14131
0.802 0.134927
0.804 0.128781
0.806 0.122866
0.808 0.117176
0.81 0.111704
0.812 0.106446
0.814 0.101394
0.816 0.0965435
0.818 0.0918883
0.82 0.0874226
0.822 0.0831407
0.824 0.0790368
0.826 0.0751055
0.828 0.0713412
0.83 0.0677385
0.832 0.064292
0.834 0.0609964
0.836 0.0578466
0.838 0.0548375
0.84 0.0519642
0.842 0.0492217
0.844 0.0466054
0.846 0.0441104
0.848 0.0417323
0.85 0.0394667
0.852 0.0373091
0.854 0.0352554
0.856 0.0333014
0.858 0.0314431
0.86 0.0296766
0.862 0.0279982
0.864 0.0264042
0.866 0.0248909
0.868 0.0234551
0.87 0.0220932
0.872 0.020802
0.874 0.0195785
0.876 0.0184196
0.878 0.0173224
0.88 0.0162841
0.882 0.0153018
0.884 0.0143731
0.886 0.0134954
0.888 0.0126662
0.89 0.0118833
0.892 0.0111443
0.894 0.0104471
0.896 0.00978965
0.898 0.00916993
0.9 0.00858605
0.902 0.00803618
0.904 0.00751856
0.906 0.00703152
0.908 0.00657347
0.91 0.00614286
0.912 0.00573823
0.914 0.0053582
0.916 0.00500143
0.918 0.00466664
0.92 0.00435264
0.922 0.00405826
0.924 0.00378242
0.926 0.00352406
0.928 0.00328221
0.93 0.00305592
0.932 0.00284429
0.934 0.00264649
0.936 0.0024617
0.938 0.00228918
0.94 0.0021282
0.942 0.00197808
0.944 0.00183818
0.946 0.00170789
0.948 0.00158665
0.95 0.00147392
0.952 0.00136918
0.954 0.00127196
0.956 0.00118182
0.958 0.00109834
0.96 0.00102112
0.962 0.000949791
0.964 0.000884021
0.966 0.000823485
0.968 0.000767889
0.97 0.000716956
0.972 0.000670432
0.974 0.000628085
0.976 0.000589699
0.978 0.000555079
0.98 0.000524046
0.982 0.000496439
0.984 0.000472116
0.986 0.000450948
0.988 0.000432824
0.99 0.000417648
0.992 0.000405341
0.994 0.000395836
0.996 0.000389083
0.998 0.000385045
